frame_path,source_dataset,source_label,standing,sitting,lying_down,crouching,arms_raised,walking,running,jumping,cycling,driving,dancing,playing,working,eating,drinking,exercising,still,moving,fast_motion,falling
data/external/actions/human_action_recognition/train/000000_sitting.jpg,Bingsu/Human_Action_Recognition,sitting,0,1,0,0,0,0,0,0,0,0,0,0,0,0,0,0,1,0,0,0
data/external/actions/human_action_recognition/train/000001_using_laptop.jpg,Bingsu/Human_Action_Recognition,using_laptop,0,1,0,0,0,0,0,0,0,0,0,0,1,0,0,0,1,0,0,0
data/external/actions/human_action_recognition/train/000002_hugging.jpg,Bingsu/Human_Action_Recognition,hugging,1,0,0,0,0,0,0,0,0,0,0,0,0,0,0,0,1,0,0,0
data/external/actions/human_action_recognition/train/000003_sleeping.jpg,Bingsu/Human_Action_Recognition,sleeping,0,0,1,0,0,0,0,0,0,0,0,0,0,0,0,0,1,0,0,0
data/external/actions/human_action_recognition/train/000004_using_laptop.jpg,Bingsu/Human_Action_Recognition,using_laptop,0,1,0,0,0,0,0,0,0,0,0,0,1,0,0,0,1,0,0,0
data/external/actions/human_action_recognition/train/000005_sleeping.jpg,Bingsu/Human_Action_Recognition,sleeping,0,0,1,0,0,0,0,0,0,0,0,0,0,0,0,0,1,0,0,0
data/external/actions/human_action_recognition/train/000006_drinking.jpg,Bingsu/Human_Action_Recognition,drinking,0,0,0,0,0,0,0,0,0,0,0,0,0,0,1,0,0,0,0,0
data/external/actions/human_action_recognition/train/000007_hugging.jpg,Bingsu/Human_Action_Recognition,hugging,1,0,0,0,0,0,0,0,0,0,0,0,0,0,0,0,1,0,0,0
data/external/actions/human_action_recognition/train/000008_clapping.jpg,Bingsu/Human_Action_Recognition,clapping,0,0,0,0,1,0,0,0,0,0,0,0,0,0,0,0,0,1,0,0
data/external/actions/human_action_recognition/train/000009_dancing.jpg,Bingsu/Human_Action_Recognition,dancing,0,0,0,0,0,0,0,0,0,0,1,0,0,0,0,0,0,1,0,0
data/external/actions/human_action_recognition/train/000010_cycling.jpg,Bingsu/Human_Action_Recognition,cycling,0,0,0,0,0,0,0,0,1,0,0,0,0,0,0,0,0,1,0,0
data/external/actions/human_action_recognition/train/000011_drinking.jpg,Bingsu/Human_Action_Recognition,drinking,0,0,0,0,0,0,0,0,0,0,0,0,0,0,1,0,0,0,0,0
data/external/actions/human_action_recognition/train/000012_clapping.jpg,Bingsu/Human_Action_Recognition,clapping,0,0,0,0,1,0,0,0,0,0,0,0,0,0,0,0,0,1,0,0
data/external/actions/human_action_recognition/train/000013_calling.jpg,Bingsu/Human_Action_Recognition,calling,1,0,0,0,0,0,0,0,0,0,0,0,0,0,0,0,1,0,0,0
data/external/actions/human_action_recognition/train/000014_sleeping.jpg,Bingsu/Human_Action_Recognition,sleeping,0,0,1,0,0,0,0,0,0,0,0,0,0,0,0,0,1,0,0,0
data/external/actions/human_action_recognition/train/000015_drinking.jpg,Bingsu/Human_Action_Recognition,drinking,0,0,0,0,0,0,0,0,0,0,0,0,0,0,1,0,0,0,0,0
data/external/actions/human_action_recognition/train/000016_calling.jpg,Bingsu/Human_Action_Recognition,calling,1,0,0,0,0,0,0,0,0,0,0,0,0,0,0,0,1,0,0,0
data/external/actions/human_action_recognition/train/000017_laughing.jpg,Bingsu/Human_Action_Recognition,laughing,1,0,0,0,0,0,0,0,0,0,0,0,0,0,0,0,1,0,0,0
data/external/actions/human_action_recognition/train/000018_using_laptop.jpg,Bingsu/Human_Action_Recognition,using_laptop,0,1,0,0,0,0,0,0,0,0,0,0,1,0,0,0,1,0,0,0
data/external/actions/human_action_recognition/train/000019_using_laptop.jpg,Bingsu/Human_Action_Recognition,using_laptop,0,1,0,0,0,0,0,0,0,0,0,0,1,0,0,0,1,0,0,0
data/external/actions/human_action_recognition/train/000020_clapping.jpg,Bingsu/Human_Action_Recognition,clapping,0,0,0,0,1,0,0,0,0,0,0,0,0,0,0,0,0,1,0,0
data/external/actions/human_action_recognition/train/000021_eating.jpg,Bingsu/Human_Action_Recognition,eating,0,0,0,0,0,0,0,0,0,0,0,0,0,1,0,0,0,0,0,0
data/external/actions/human_action_recognition/train/000022_fighting.jpg,Bingsu/Human_Action_Recognition,fighting,0,0,0,0,0,0,0,0,0,0,0,0,0,0,0,0,0,1,1,0
data/external/actions/human_action_recognition/train/000023_listening_to_music.jpg,Bingsu/Human_Action_Recognition,listening_to_music,0,1,0,0,0,0,0,0,0,0,0,0,0,0,0,0,1,0,0,0
data/external/actions/human_action_recognition/train/000024_dancing.jpg,Bingsu/Human_Action_Recognition,dancing,0,0,0,0,0,0,0,0,0,0,1,0,0,0,0,0,0,1,0,0
data/external/actions/human_action_recognition/train/000025_drinking.jpg,Bingsu/Human_Action_Recognition,drinking,0,0,0,0,0,0,0,0,0,0,0,0,0,0,1,0,0,0,0,0
data/external/actions/human_action_recognition/train/000026_cycling.jpg,Bingsu/Human_Action_Recognition,cycling,0,0,0,0,0,0,0,0,1,0,0,0,0,0,0,0,0,1,0,0
data/external/actions/human_action_recognition/train/000027_laughing.jpg,Bingsu/Human_Action_Recognition,laughing,1,0,0,0,0,0,0,0,0,0,0,0,0,0,0,0,1,0,0,0
data/external/actions/human_action_recognition/train/000028_drinking.jpg,Bingsu/Human_Action_Recognition,drinking,0,0,0,0,0,0,0,0,0,0,0,0,0,0,1,0,0,0,0,0
data/external/actions/human_action_recognition/train/000029_dancing.jpg,Bingsu/Human_Action_Recognition,dancing,0,0,0,0,0,0,0,0,0,0,1,0,0,0,0,0,0,1,0,0
data/external/actions/human_action_recognition/train/000030_listening_to_music.jpg,Bingsu/Human_Action_Recognition,listening_to_music,0,1,0,0,0,0,0,0,0,0,0,0,0,0,0,0,1,0,0,0
data/external/actions/human_action_recognition/train/000031_cycling.jpg,Bingsu/Human_Action_Recognition,cycling,0,0,0,0,0,0,0,0,1,0,0,0,0,0,0,0,0,1,0,0
data/external/actions/human_action_recognition/train/000032_sitting.jpg,Bingsu/Human_Action_Recognition,sitting,0,1,0,0,0,0,0,0,0,0,0,0,0,0,0,0,1,0,0,0
data/external/actions/human_action_recognition/train/000033_sitting.jpg,Bingsu/Human_Action_Recognition,sitting,0,1,0,0,0,0,0,0,0,0,0,0,0,0,0,0,1,0,0,0
data/external/actions/human_action_recognition/train/000034_sleeping.jpg,Bingsu/Human_Action_Recognition,sleeping,0,0,1,0,0,0,0,0,0,0,0,0,0,0,0,0,1,0,0,0
data/external/actions/human_action_recognition/train/000035_eating.jpg,Bingsu/Human_Action_Recognition,eating,0,0,0,0,0,0,0,0,0,0,0,0,0,1,0,0,0,0,0,0
data/external/actions/human_action_recognition/train/000036_running.jpg,Bingsu/Human_Action_Recognition,running,0,0,0,0,0,0,1,0,0,0,0,0,0,0,0,0,0,1,1,0
data/external/actions/human_action_recognition/train/000037_running.jpg,Bingsu/Human_Action_Recognition,running,0,0,0,0,0,0,1,0,0,0,0,0,0,0,0,0,0,1,1,0
data/external/actions/human_action_recognition/train/000038_hugging.jpg,Bingsu/Human_Action_Recognition,hugging,1,0,0,0,0,0,0,0,0,0,0,0,0,0,0,0,1,0,0,0
data/external/actions/human_action_recognition/train/000039_hugging.jpg,Bingsu/Human_Action_Recognition,hugging,1,0,0,0,0,0,0,0,0,0,0,0,0,0,0,0,1,0,0,0
data/external/actions/human_action_recognition/train/000040_calling.jpg,Bingsu/Human_Action_Recognition,calling,1,0,0,0,0,0,0,0,0,0,0,0,0,0,0,0,1,0,0,0
data/external/actions/human_action_recognition/train/000041_using_laptop.jpg,Bingsu/Human_Action_Recognition,using_laptop,0,1,0,0,0,0,0,0,0,0,0,0,1,0,0,0,1,0,0,0
data/external/actions/human_action_recognition/train/000042_listening_to_music.jpg,Bingsu/Human_Action_Recognition,listening_to_music,0,1,0,0,0,0,0,0,0,0,0,0,0,0,0,0,1,0,0,0
data/external/actions/human_action_recognition/train/000043_cycling.jpg,Bingsu/Human_Action_Recognition,cycling,0,0,0,0,0,0,0,0,1,0,0,0,0,0,0,0,0,1,0,0
data/external/actions/human_action_recognition/train/000044_sleeping.jpg,Bingsu/Human_Action_Recognition,sleeping,0,0,1,0,0,0,0,0,0,0,0,0,0,0,0,0,1,0,0,0
data/external/actions/human_action_recognition/train/000045_hugging.jpg,Bingsu/Human_Action_Recognition,hugging,1,0,0,0,0,0,0,0,0,0,0,0,0,0,0,0,1,0,0,0
data/external/actions/human_action_recognition/train/000046_texting.jpg,Bingsu/Human_Action_Recognition,texting,0,1,0,0,0,0,0,0,0,0,0,0,0,0,0,0,1,0,0,0
data/external/actions/human_action_recognition/train/000047_sleeping.jpg,Bingsu/Human_Action_Recognition,sleeping,0,0,1,0,0,0,0,0,0,0,0,0,0,0,0,0,1,0,0,0
data/external/actions/human_action_recognition/train/000048_using_laptop.jpg,Bingsu/Human_Action_Recognition,using_laptop,0,1,0,0,0,0,0,0,0,0,0,0,1,0,0,0,1,0,0,0
data/external/actions/human_action_recognition/train/000049_running.jpg,Bingsu/Human_Action_Recognition,running,0,0,0,0,0,0,1,0,0,0,0,0,0,0,0,0,0,1,1,0
data/external/actions/human_action_recognition/train/000050_hugging.jpg,Bingsu/Human_Action_Recognition,hugging,1,0,0,0,0,0,0,0,0,0,0,0,0,0,0,0,1,0,0,0
data/external/actions/human_action_recognition/train/000051_calling.jpg,Bingsu/Human_Action_Recognition,calling,1,0,0,0,0,0,0,0,0,0,0,0,0,0,0,0,1,0,0,0
data/external/actions/human_action_recognition/train/000052_using_laptop.jpg,Bingsu/Human_Action_Recognition,using_laptop,0,1,0,0,0,0,0,0,0,0,0,0,1,0,0,0,1,0,0,0
data/external/actions/human_action_recognition/train/000053_drinking.jpg,Bingsu/Human_Action_Recognition,drinking,0,0,0,0,0,0,0,0,0,0,0,0,0,0,1,0,0,0,0,0
data/external/actions/human_action_recognition/train/000054_hugging.jpg,Bingsu/Human_Action_Recognition,hugging,1,0,0,0,0,0,0,0,0,0,0,0,0,0,0,0,1,0,0,0
data/external/actions/human_action_recognition/train/000055_cycling.jpg,Bingsu/Human_Action_Recognition,cycling,0,0,0,0,0,0,0,0,1,0,0,0,0,0,0,0,0,1,0,0
data/external/actions/human_action_recognition/train/000056_laughing.jpg,Bingsu/Human_Action_Recognition,laughing,1,0,0,0,0,0,0,0,0,0,0,0,0,0,0,0,1,0,0,0
data/external/actions/human_action_recognition/train/000057_calling.jpg,Bingsu/Human_Action_Recognition,calling,1,0,0,0,0,0,0,0,0,0,0,0,0,0,0,0,1,0,0,0
data/external/actions/human_action_recognition/train/000058_clapping.jpg,Bingsu/Human_Action_Recognition,clapping,0,0,0,0,1,0,0,0,0,0,0,0,0,0,0,0,0,1,0,0
data/external/actions/human_action_recognition/train/000059_laughing.jpg,Bingsu/Human_Action_Recognition,laughing,1,0,0,0,0,0,0,0,0,0,0,0,0,0,0,0,1,0,0,0
data/external/actions/human_action_recognition/train/000060_texting.jpg,Bingsu/Human_Action_Recognition,texting,0,1,0,0,0,0,0,0,0,0,0,0,0,0,0,0,1,0,0,0
data/external/actions/human_action_recognition/train/000061_sitting.jpg,Bingsu/Human_Action_Recognition,sitting,0,1,0,0,0,0,0,0,0,0,0,0,0,0,0,0,1,0,0,0
data/external/actions/human_action_recognition/train/000062_laughing.jpg,Bingsu/Human_Action_Recognition,laughing,1,0,0,0,0,0,0,0,0,0,0,0,0,0,0,0,1,0,0,0
data/external/actions/human_action_recognition/train/000063_using_laptop.jpg,Bingsu/Human_Action_Recognition,using_laptop,0,1,0,0,0,0,0,0,0,0,0,0,1,0,0,0,1,0,0,0
data/external/actions/human_action_recognition/train/000064_sleeping.jpg,Bingsu/Human_Action_Recognition,sleeping,0,0,1,0,0,0,0,0,0,0,0,0,0,0,0,0,1,0,0,0
data/external/actions/human_action_recognition/train/000065_listening_to_music.jpg,Bingsu/Human_Action_Recognition,listening_to_music,0,1,0,0,0,0,0,0,0,0,0,0,0,0,0,0,1,0,0,0
data/external/actions/human_action_recognition/train/000066_cycling.jpg,Bingsu/Human_Action_Recognition,cycling,0,0,0,0,0,0,0,0,1,0,0,0,0,0,0,0,0,1,0,0
data/external/actions/human_action_recognition/train/000067_clapping.jpg,Bingsu/Human_Action_Recognition,clapping,0,0,0,0,1,0,0,0,0,0,0,0,0,0,0,0,0,1,0,0
data/external/actions/human_action_recognition/train/000068_texting.jpg,Bingsu/Human_Action_Recognition,texting,0,1,0,0,0,0,0,0,0,0,0,0,0,0,0,0,1,0,0,0
data/external/actions/human_action_recognition/train/000069_texting.jpg,Bingsu/Human_Action_Recognition,texting,0,1,0,0,0,0,0,0,0,0,0,0,0,0,0,0,1,0,0,0
data/external/actions/human_action_recognition/train/000070_eating.jpg,Bingsu/Human_Action_Recognition,eating,0,0,0,0,0,0,0,0,0,0,0,0,0,1,0,0,0,0,0,0
data/external/actions/human_action_recognition/train/000071_cycling.jpg,Bingsu/Human_Action_Recognition,cycling,0,0,0,0,0,0,0,0,1,0,0,0,0,0,0,0,0,1,0,0
data/external/actions/human_action_recognition/train/000072_drinking.jpg,Bingsu/Human_Action_Recognition,drinking,0,0,0,0,0,0,0,0,0,0,0,0,0,0,1,0,0,0,0,0
data/external/actions/human_action_recognition/train/000073_calling.jpg,Bingsu/Human_Action_Recognition,calling,1,0,0,0,0,0,0,0,0,0,0,0,0,0,0,0,1,0,0,0
data/external/actions/human_action_recognition/train/000074_running.jpg,Bingsu/Human_Action_Recognition,running,0,0,0,0,0,0,1,0,0,0,0,0,0,0,0,0,0,1,1,0
data/external/actions/human_action_recognition/train/000075_drinking.jpg,Bingsu/Human_Action_Recognition,drinking,0,0,0,0,0,0,0,0,0,0,0,0,0,0,1,0,0,0,0,0
data/external/actions/human_action_recognition/train/000076_texting.jpg,Bingsu/Human_Action_Recognition,texting,0,1,0,0,0,0,0,0,0,0,0,0,0,0,0,0,1,0,0,0
data/external/actions/human_action_recognition/train/000077_sitting.jpg,Bingsu/Human_Action_Recognition,sitting,0,1,0,0,0,0,0,0,0,0,0,0,0,0,0,0,1,0,0,0
data/external/actions/human_action_recognition/train/000078_calling.jpg,Bingsu/Human_Action_Recognition,calling,1,0,0,0,0,0,0,0,0,0,0,0,0,0,0,0,1,0,0,0
data/external/actions/human_action_recognition/train/000079_hugging.jpg,Bingsu/Human_Action_Recognition,hugging,1,0,0,0,0,0,0,0,0,0,0,0,0,0,0,0,1,0,0,0
data/external/actions/human_action_recognition/train/000080_eating.jpg,Bingsu/Human_Action_Recognition,eating,0,0,0,0,0,0,0,0,0,0,0,0,0,1,0,0,0,0,0,0
data/external/actions/human_action_recognition/train/000081_sleeping.jpg,Bingsu/Human_Action_Recognition,sleeping,0,0,1,0,0,0,0,0,0,0,0,0,0,0,0,0,1,0,0,0
data/external/actions/human_action_recognition/train/000082_using_laptop.jpg,Bingsu/Human_Action_Recognition,using_laptop,0,1,0,0,0,0,0,0,0,0,0,0,1,0,0,0,1,0,0,0
data/external/actions/human_action_recognition/train/000083_using_laptop.jpg,Bingsu/Human_Action_Recognition,using_laptop,0,1,0,0,0,0,0,0,0,0,0,0,1,0,0,0,1,0,0,0
data/external/actions/human_action_recognition/train/000084_running.jpg,Bingsu/Human_Action_Recognition,running,0,0,0,0,0,0,1,0,0,0,0,0,0,0,0,0,0,1,1,0
data/external/actions/human_action_recognition/train/000085_calling.jpg,Bingsu/Human_Action_Recognition,calling,1,0,0,0,0,0,0,0,0,0,0,0,0,0,0,0,1,0,0,0
data/external/actions/human_action_recognition/train/000086_using_laptop.jpg,Bingsu/Human_Action_Recognition,using_laptop,0,1,0,0,0,0,0,0,0,0,0,0,1,0,0,0,1,0,0,0
data/external/actions/human_action_recognition/train/000087_using_laptop.jpg,Bingsu/Human_Action_Recognition,using_laptop,0,1,0,0,0,0,0,0,0,0,0,0,1,0,0,0,1,0,0,0
data/external/actions/human_action_recognition/train/000088_listening_to_music.jpg,Bingsu/Human_Action_Recognition,listening_to_music,0,1,0,0,0,0,0,0,0,0,0,0,0,0,0,0,1,0,0,0
data/external/actions/human_action_recognition/train/000089_calling.jpg,Bingsu/Human_Action_Recognition,calling,1,0,0,0,0,0,0,0,0,0,0,0,0,0,0,0,1,0,0,0
data/external/actions/human_action_recognition/train/000090_dancing.jpg,Bingsu/Human_Action_Recognition,dancing,0,0,0,0,0,0,0,0,0,0,1,0,0,0,0,0,0,1,0,0
data/external/actions/human_action_recognition/train/000091_laughing.jpg,Bingsu/Human_Action_Recognition,laughing,1,0,0,0,0,0,0,0,0,0,0,0,0,0,0,0,1,0,0,0
data/external/actions/human_action_recognition/train/000092_cycling.jpg,Bingsu/Human_Action_Recognition,cycling,0,0,0,0,0,0,0,0,1,0,0,0,0,0,0,0,0,1,0,0
data/external/actions/human_action_recognition/train/000093_clapping.jpg,Bingsu/Human_Action_Recognition,clapping,0,0,0,0,1,0,0,0,0,0,0,0,0,0,0,0,0,1,0,0
data/external/actions/human_action_recognition/train/000094_using_laptop.jpg,Bingsu/Human_Action_Recognition,using_laptop,0,1,0,0,0,0,0,0,0,0,0,0,1,0,0,0,1,0,0,0
data/external/actions/human_action_recognition/train/000095_calling.jpg,Bingsu/Human_Action_Recognition,calling,1,0,0,0,0,0,0,0,0,0,0,0,0,0,0,0,1,0,0,0
data/external/actions/human_action_recognition/train/000096_dancing.jpg,Bingsu/Human_Action_Recognition,dancing,0,0,0,0,0,0,0,0,0,0,1,0,0,0,0,0,0,1,0,0
data/external/actions/human_action_recognition/train/000097_drinking.jpg,Bingsu/Human_Action_Recognition,drinking,0,0,0,0,0,0,0,0,0,0,0,0,0,0,1,0,0,0,0,0
data/external/actions/human_action_recognition/train/000098_texting.jpg,Bingsu/Human_Action_Recognition,texting,0,1,0,0,0,0,0,0,0,0,0,0,0,0,0,0,1,0,0,0
data/external/actions/human_action_recognition/train/000099_fighting.jpg,Bingsu/Human_Action_Recognition,fighting,0,0,0,0,0,0,0,0,0,0,0,0,0,0,0,0,0,1,1,0
data/external/actions/human_action_recognition/train/000100_hugging.jpg,Bingsu/Human_Action_Recognition,hugging,1,0,0,0,0,0,0,0,0,0,0,0,0,0,0,0,1,0,0,0
data/external/actions/human_action_recognition/train/000101_texting.jpg,Bingsu/Human_Action_Recognition,texting,0,1,0,0,0,0,0,0,0,0,0,0,0,0,0,0,1,0,0,0
data/external/actions/human_action_recognition/train/000102_texting.jpg,Bingsu/Human_Action_Recognition,texting,0,1,0,0,0,0,0,0,0,0,0,0,0,0,0,0,1,0,0,0
data/external/actions/human_action_recognition/train/000103_texting.jpg,Bingsu/Human_Action_Recognition,texting,0,1,0,0,0,0,0,0,0,0,0,0,0,0,0,0,1,0,0,0
data/external/actions/human_action_recognition/train/000104_using_laptop.jpg,Bingsu/Human_Action_Recognition,using_laptop,0,1,0,0,0,0,0,0,0,0,0,0,1,0,0,0,1,0,0,0
data/external/actions/human_action_recognition/train/000105_drinking.jpg,Bingsu/Human_Action_Recognition,drinking,0,0,0,0,0,0,0,0,0,0,0,0,0,0,1,0,0,0,0,0
data/external/actions/human_action_recognition/train/000106_running.jpg,Bingsu/Human_Action_Recognition,running,0,0,0,0,0,0,1,0,0,0,0,0,0,0,0,0,0,1,1,0
data/external/actions/human_action_recognition/train/000107_eating.jpg,Bingsu/Human_Action_Recognition,eating,0,0,0,0,0,0,0,0,0,0,0,0,0,1,0,0,0,0,0,0
data/external/actions/human_action_recognition/train/000108_sleeping.jpg,Bingsu/Human_Action_Recognition,sleeping,0,0,1,0,0,0,0,0,0,0,0,0,0,0,0,0,1,0,0,0
data/external/actions/human_action_recognition/train/000109_calling.jpg,Bingsu/Human_Action_Recognition,calling,1,0,0,0,0,0,0,0,0,0,0,0,0,0,0,0,1,0,0,0
data/external/actions/human_action_recognition/train/000110_fighting.jpg,Bingsu/Human_Action_Recognition,fighting,0,0,0,0,0,0,0,0,0,0,0,0,0,0,0,0,0,1,1,0
data/external/actions/human_action_recognition/train/000111_listening_to_music.jpg,Bingsu/Human_Action_Recognition,listening_to_music,0,1,0,0,0,0,0,0,0,0,0,0,0,0,0,0,1,0,0,0
data/external/actions/human_action_recognition/train/000112_cycling.jpg,Bingsu/Human_Action_Recognition,cycling,0,0,0,0,0,0,0,0,1,0,0,0,0,0,0,0,0,1,0,0
data/external/actions/human_action_recognition/train/000113_running.jpg,Bingsu/Human_Action_Recognition,running,0,0,0,0,0,0,1,0,0,0,0,0,0,0,0,0,0,1,1,0
data/external/actions/human_action_recognition/train/000114_hugging.jpg,Bingsu/Human_Action_Recognition,hugging,1,0,0,0,0,0,0,0,0,0,0,0,0,0,0,0,1,0,0,0
data/external/actions/human_action_recognition/train/000115_sleeping.jpg,Bingsu/Human_Action_Recognition,sleeping,0,0,1,0,0,0,0,0,0,0,0,0,0,0,0,0,1,0,0,0
data/external/actions/human_action_recognition/train/000116_calling.jpg,Bingsu/Human_Action_Recognition,calling,1,0,0,0,0,0,0,0,0,0,0,0,0,0,0,0,1,0,0,0
data/external/actions/human_action_recognition/train/000117_laughing.jpg,Bingsu/Human_Action_Recognition,laughing,1,0,0,0,0,0,0,0,0,0,0,0,0,0,0,0,1,0,0,0
data/external/actions/human_action_recognition/train/000118_listening_to_music.jpg,Bingsu/Human_Action_Recognition,listening_to_music,0,1,0,0,0,0,0,0,0,0,0,0,0,0,0,0,1,0,0,0
data/external/actions/human_action_recognition/train/000119_listening_to_music.jpg,Bingsu/Human_Action_Recognition,listening_to_music,0,1,0,0,0,0,0,0,0,0,0,0,0,0,0,0,1,0,0,0
data/external/actions/human_action_recognition/train/000120_texting.jpg,Bingsu/Human_Action_Recognition,texting,0,1,0,0,0,0,0,0,0,0,0,0,0,0,0,0,1,0,0,0
data/external/actions/human_action_recognition/train/000121_sleeping.jpg,Bingsu/Human_Action_Recognition,sleeping,0,0,1,0,0,0,0,0,0,0,0,0,0,0,0,0,1,0,0,0
data/external/actions/human_action_recognition/train/000122_hugging.jpg,Bingsu/Human_Action_Recognition,hugging,1,0,0,0,0,0,0,0,0,0,0,0,0,0,0,0,1,0,0,0
data/external/actions/human_action_recognition/train/000123_sleeping.jpg,Bingsu/Human_Action_Recognition,sleeping,0,0,1,0,0,0,0,0,0,0,0,0,0,0,0,0,1,0,0,0
data/external/actions/human_action_recognition/train/000124_dancing.jpg,Bingsu/Human_Action_Recognition,dancing,0,0,0,0,0,0,0,0,0,0,1,0,0,0,0,0,0,1,0,0
data/external/actions/human_action_recognition/train/000125_texting.jpg,Bingsu/Human_Action_Recognition,texting,0,1,0,0,0,0,0,0,0,0,0,0,0,0,0,0,1,0,0,0
data/external/actions/human_action_recognition/train/000126_dancing.jpg,Bingsu/Human_Action_Recognition,dancing,0,0,0,0,0,0,0,0,0,0,1,0,0,0,0,0,0,1,0,0
data/external/actions/human_action_recognition/train/000127_eating.jpg,Bingsu/Human_Action_Recognition,eating,0,0,0,0,0,0,0,0,0,0,0,0,0,1,0,0,0,0,0,0
data/external/actions/human_action_recognition/train/000128_eating.jpg,Bingsu/Human_Action_Recognition,eating,0,0,0,0,0,0,0,0,0,0,0,0,0,1,0,0,0,0,0,0
data/external/actions/human_action_recognition/train/000129_sitting.jpg,Bingsu/Human_Action_Recognition,sitting,0,1,0,0,0,0,0,0,0,0,0,0,0,0,0,0,1,0,0,0
data/external/actions/human_action_recognition/train/000130_cycling.jpg,Bingsu/Human_Action_Recognition,cycling,0,0,0,0,0,0,0,0,1,0,0,0,0,0,0,0,0,1,0,0
data/external/actions/human_action_recognition/train/000131_dancing.jpg,Bingsu/Human_Action_Recognition,dancing,0,0,0,0,0,0,0,0,0,0,1,0,0,0,0,0,0,1,0,0
data/external/actions/human_action_recognition/train/000132_eating.jpg,Bingsu/Human_Action_Recognition,eating,0,0,0,0,0,0,0,0,0,0,0,0,0,1,0,0,0,0,0,0
data/external/actions/human_action_recognition/train/000133_fighting.jpg,Bingsu/Human_Action_Recognition,fighting,0,0,0,0,0,0,0,0,0,0,0,0,0,0,0,0,0,1,1,0
data/external/actions/human_action_recognition/train/000134_laughing.jpg,Bingsu/Human_Action_Recognition,laughing,1,0,0,0,0,0,0,0,0,0,0,0,0,0,0,0,1,0,0,0
data/external/actions/human_action_recognition/train/000135_clapping.jpg,Bingsu/Human_Action_Recognition,clapping,0,0,0,0,1,0,0,0,0,0,0,0,0,0,0,0,0,1,0,0
data/external/actions/human_action_recognition/train/000136_cycling.jpg,Bingsu/Human_Action_Recognition,cycling,0,0,0,0,0,0,0,0,1,0,0,0,0,0,0,0,0,1,0,0
data/external/actions/human_action_recognition/train/000137_texting.jpg,Bingsu/Human_Action_Recognition,texting,0,1,0,0,0,0,0,0,0,0,0,0,0,0,0,0,1,0,0,0
data/external/actions/human_action_recognition/train/000138_drinking.jpg,Bingsu/Human_Action_Recognition,drinking,0,0,0,0,0,0,0,0,0,0,0,0,0,0,1,0,0,0,0,0
data/external/actions/human_action_recognition/train/000139_dancing.jpg,Bingsu/Human_Action_Recognition,dancing,0,0,0,0,0,0,0,0,0,0,1,0,0,0,0,0,0,1,0,0
data/external/actions/human_action_recognition/train/000140_laughing.jpg,Bingsu/Human_Action_Recognition,laughing,1,0,0,0,0,0,0,0,0,0,0,0,0,0,0,0,1,0,0,0
data/external/actions/human_action_recognition/train/000141_drinking.jpg,Bingsu/Human_Action_Recognition,drinking,0,0,0,0,0,0,0,0,0,0,0,0,0,0,1,0,0,0,0,0
data/external/actions/human_action_recognition/train/000142_fighting.jpg,Bingsu/Human_Action_Recognition,fighting,0,0,0,0,0,0,0,0,0,0,0,0,0,0,0,0,0,1,1,0
data/external/actions/human_action_recognition/train/000143_clapping.jpg,Bingsu/Human_Action_Recognition,clapping,0,0,0,0,1,0,0,0,0,0,0,0,0,0,0,0,0,1,0,0
data/external/actions/human_action_recognition/train/000144_fighting.jpg,Bingsu/Human_Action_Recognition,fighting,0,0,0,0,0,0,0,0,0,0,0,0,0,0,0,0,0,1,1,0
data/external/actions/human_action_recognition/train/000145_sitting.jpg,Bingsu/Human_Action_Recognition,sitting,0,1,0,0,0,0,0,0,0,0,0,0,0,0,0,0,1,0,0,0
data/external/actions/human_action_recognition/train/000146_listening_to_music.jpg,Bingsu/Human_Action_Recognition,listening_to_music,0,1,0,0,0,0,0,0,0,0,0,0,0,0,0,0,1,0,0,0
data/external/actions/human_action_recognition/train/000147_laughing.jpg,Bingsu/Human_Action_Recognition,laughing,1,0,0,0,0,0,0,0,0,0,0,0,0,0,0,0,1,0,0,0
data/external/actions/human_action_recognition/train/000148_clapping.jpg,Bingsu/Human_Action_Recognition,clapping,0,0,0,0,1,0,0,0,0,0,0,0,0,0,0,0,0,1,0,0
data/external/actions/human_action_recognition/train/000149_calling.jpg,Bingsu/Human_Action_Recognition,calling,1,0,0,0,0,0,0,0,0,0,0,0,0,0,0,0,1,0,0,0
data/external/actions/human_action_recognition/train/000150_laughing.jpg,Bingsu/Human_Action_Recognition,laughing,1,0,0,0,0,0,0,0,0,0,0,0,0,0,0,0,1,0,0,0
data/external/actions/human_action_recognition/train/000151_calling.jpg,Bingsu/Human_Action_Recognition,calling,1,0,0,0,0,0,0,0,0,0,0,0,0,0,0,0,1,0,0,0
data/external/actions/human_action_recognition/train/000152_drinking.jpg,Bingsu/Human_Action_Recognition,drinking,0,0,0,0,0,0,0,0,0,0,0,0,0,0,1,0,0,0,0,0
data/external/actions/human_action_recognition/train/000153_hugging.jpg,Bingsu/Human_Action_Recognition,hugging,1,0,0,0,0,0,0,0,0,0,0,0,0,0,0,0,1,0,0,0
data/external/actions/human_action_recognition/train/000154_fighting.jpg,Bingsu/Human_Action_Recognition,fighting,0,0,0,0,0,0,0,0,0,0,0,0,0,0,0,0,0,1,1,0
data/external/actions/human_action_recognition/train/000155_calling.jpg,Bingsu/Human_Action_Recognition,calling,1,0,0,0,0,0,0,0,0,0,0,0,0,0,0,0,1,0,0,0
data/external/actions/human_action_recognition/train/000156_sleeping.jpg,Bingsu/Human_Action_Recognition,sleeping,0,0,1,0,0,0,0,0,0,0,0,0,0,0,0,0,1,0,0,0
data/external/actions/human_action_recognition/train/000157_laughing.jpg,Bingsu/Human_Action_Recognition,laughing,1,0,0,0,0,0,0,0,0,0,0,0,0,0,0,0,1,0,0,0
data/external/actions/human_action_recognition/train/000158_sleeping.jpg,Bingsu/Human_Action_Recognition,sleeping,0,0,1,0,0,0,0,0,0,0,0,0,0,0,0,0,1,0,0,0
data/external/actions/human_action_recognition/train/000159_drinking.jpg,Bingsu/Human_Action_Recognition,drinking,0,0,0,0,0,0,0,0,0,0,0,0,0,0,1,0,0,0,0,0
data/external/actions/human_action_recognition/train/000160_hugging.jpg,Bingsu/Human_Action_Recognition,hugging,1,0,0,0,0,0,0,0,0,0,0,0,0,0,0,0,1,0,0,0
data/external/actions/human_action_recognition/train/000161_sitting.jpg,Bingsu/Human_Action_Recognition,sitting,0,1,0,0,0,0,0,0,0,0,0,0,0,0,0,0,1,0,0,0
data/external/actions/human_action_recognition/train/000162_texting.jpg,Bingsu/Human_Action_Recognition,texting,0,1,0,0,0,0,0,0,0,0,0,0,0,0,0,0,1,0,0,0
data/external/actions/human_action_recognition/train/000163_drinking.jpg,Bingsu/Human_Action_Recognition,drinking,0,0,0,0,0,0,0,0,0,0,0,0,0,0,1,0,0,0,0,0
data/external/actions/human_action_recognition/train/000164_eating.jpg,Bingsu/Human_Action_Recognition,eating,0,0,0,0,0,0,0,0,0,0,0,0,0,1,0,0,0,0,0,0
data/external/actions/human_action_recognition/train/000165_clapping.jpg,Bingsu/Human_Action_Recognition,clapping,0,0,0,0,1,0,0,0,0,0,0,0,0,0,0,0,0,1,0,0
data/external/actions/human_action_recognition/train/000166_calling.jpg,Bingsu/Human_Action_Recognition,calling,1,0,0,0,0,0,0,0,0,0,0,0,0,0,0,0,1,0,0,0
data/external/actions/human_action_recognition/train/000167_listening_to_music.jpg,Bingsu/Human_Action_Recognition,listening_to_music,0,1,0,0,0,0,0,0,0,0,0,0,0,0,0,0,1,0,0,0
data/external/actions/human_action_recognition/train/000168_texting.jpg,Bingsu/Human_Action_Recognition,texting,0,1,0,0,0,0,0,0,0,0,0,0,0,0,0,0,1,0,0,0
data/external/actions/human_action_recognition/train/000169_running.jpg,Bingsu/Human_Action_Recognition,running,0,0,0,0,0,0,1,0,0,0,0,0,0,0,0,0,0,1,1,0
data/external/actions/human_action_recognition/train/000170_clapping.jpg,Bingsu/Human_Action_Recognition,clapping,0,0,0,0,1,0,0,0,0,0,0,0,0,0,0,0,0,1,0,0
data/external/actions/human_action_recognition/train/000171_cycling.jpg,Bingsu/Human_Action_Recognition,cycling,0,0,0,0,0,0,0,0,1,0,0,0,0,0,0,0,0,1,0,0
data/external/actions/human_action_recognition/train/000172_laughing.jpg,Bingsu/Human_Action_Recognition,laughing,1,0,0,0,0,0,0,0,0,0,0,0,0,0,0,0,1,0,0,0
data/external/actions/human_action_recognition/train/000173_sleeping.jpg,Bingsu/Human_Action_Recognition,sleeping,0,0,1,0,0,0,0,0,0,0,0,0,0,0,0,0,1,0,0,0
data/external/actions/human_action_recognition/train/000174_fighting.jpg,Bingsu/Human_Action_Recognition,fighting,0,0,0,0,0,0,0,0,0,0,0,0,0,0,0,0,0,1,1,0
data/external/actions/human_action_recognition/train/000175_eating.jpg,Bingsu/Human_Action_Recognition,eating,0,0,0,0,0,0,0,0,0,0,0,0,0,1,0,0,0,0,0,0
data/external/actions/human_action_recognition/train/000176_sleeping.jpg,Bingsu/Human_Action_Recognition,sleeping,0,0,1,0,0,0,0,0,0,0,0,0,0,0,0,0,1,0,0,0
data/external/actions/human_action_recognition/train/000177_cycling.jpg,Bingsu/Human_Action_Recognition,cycling,0,0,0,0,0,0,0,0,1,0,0,0,0,0,0,0,0,1,0,0
data/external/actions/human_action_recognition/train/000178_sleeping.jpg,Bingsu/Human_Action_Recognition,sleeping,0,0,1,0,0,0,0,0,0,0,0,0,0,0,0,0,1,0,0,0
data/external/actions/human_action_recognition/train/000179_listening_to_music.jpg,Bingsu/Human_Action_Recognition,listening_to_music,0,1,0,0,0,0,0,0,0,0,0,0,0,0,0,0,1,0,0,0
data/external/actions/human_action_recognition/train/000180_texting.jpg,Bingsu/Human_Action_Recognition,texting,0,1,0,0,0,0,0,0,0,0,0,0,0,0,0,0,1,0,0,0
data/external/actions/human_action_recognition/train/000181_sleeping.jpg,Bingsu/Human_Action_Recognition,sleeping,0,0,1,0,0,0,0,0,0,0,0,0,0,0,0,0,1,0,0,0
data/external/actions/human_action_recognition/train/000182_running.jpg,Bingsu/Human_Action_Recognition,running,0,0,0,0,0,0,1,0,0,0,0,0,0,0,0,0,0,1,1,0
data/external/actions/human_action_recognition/train/000183_dancing.jpg,Bingsu/Human_Action_Recognition,dancing,0,0,0,0,0,0,0,0,0,0,1,0,0,0,0,0,0,1,0,0
data/external/actions/human_action_recognition/train/000184_listening_to_music.jpg,Bingsu/Human_Action_Recognition,listening_to_music,0,1,0,0,0,0,0,0,0,0,0,0,0,0,0,0,1,0,0,0
data/external/actions/human_action_recognition/train/000185_running.jpg,Bingsu/Human_Action_Recognition,running,0,0,0,0,0,0,1,0,0,0,0,0,0,0,0,0,0,1,1,0
data/external/actions/human_action_recognition/train/000186_hugging.jpg,Bingsu/Human_Action_Recognition,hugging,1,0,0,0,0,0,0,0,0,0,0,0,0,0,0,0,1,0,0,0
data/external/actions/human_action_recognition/train/000187_sitting.jpg,Bingsu/Human_Action_Recognition,sitting,0,1,0,0,0,0,0,0,0,0,0,0,0,0,0,0,1,0,0,0
data/external/actions/human_action_recognition/train/000188_hugging.jpg,Bingsu/Human_Action_Recognition,hugging,1,0,0,0,0,0,0,0,0,0,0,0,0,0,0,0,1,0,0,0
data/external/actions/human_action_recognition/train/000189_texting.jpg,Bingsu/Human_Action_Recognition,texting,0,1,0,0,0,0,0,0,0,0,0,0,0,0,0,0,1,0,0,0
data/external/actions/human_action_recognition/train/000190_listening_to_music.jpg,Bingsu/Human_Action_Recognition,listening_to_music,0,1,0,0,0,0,0,0,0,0,0,0,0,0,0,0,1,0,0,0
data/external/actions/human_action_recognition/train/000191_fighting.jpg,Bingsu/Human_Action_Recognition,fighting,0,0,0,0,0,0,0,0,0,0,0,0,0,0,0,0,0,1,1,0
data/external/actions/human_action_recognition/train/000192_using_laptop.jpg,Bingsu/Human_Action_Recognition,using_laptop,0,1,0,0,0,0,0,0,0,0,0,0,1,0,0,0,1,0,0,0
data/external/actions/human_action_recognition/train/000193_dancing.jpg,Bingsu/Human_Action_Recognition,dancing,0,0,0,0,0,0,0,0,0,0,1,0,0,0,0,0,0,1,0,0
data/external/actions/human_action_recognition/train/000194_sitting.jpg,Bingsu/Human_Action_Recognition,sitting,0,1,0,0,0,0,0,0,0,0,0,0,0,0,0,0,1,0,0,0
data/external/actions/human_action_recognition/train/000195_eating.jpg,Bingsu/Human_Action_Recognition,eating,0,0,0,0,0,0,0,0,0,0,0,0,0,1,0,0,0,0,0,0
data/external/actions/human_action_recognition/train/000196_sitting.jpg,Bingsu/Human_Action_Recognition,sitting,0,1,0,0,0,0,0,0,0,0,0,0,0,0,0,0,1,0,0,0
data/external/actions/human_action_recognition/train/000197_drinking.jpg,Bingsu/Human_Action_Recognition,drinking,0,0,0,0,0,0,0,0,0,0,0,0,0,0,1,0,0,0,0,0
data/external/actions/human_action_recognition/train/000198_drinking.jpg,Bingsu/Human_Action_Recognition,drinking,0,0,0,0,0,0,0,0,0,0,0,0,0,0,1,0,0,0,0,0
data/external/actions/human_action_recognition/train/000199_laughing.jpg,Bingsu/Human_Action_Recognition,laughing,1,0,0,0,0,0,0,0,0,0,0,0,0,0,0,0,1,0,0,0
data/external/actions/human_action_recognition/train/000200_sitting.jpg,Bingsu/Human_Action_Recognition,sitting,0,1,0,0,0,0,0,0,0,0,0,0,0,0,0,0,1,0,0,0
data/external/actions/human_action_recognition/train/000201_eating.jpg,Bingsu/Human_Action_Recognition,eating,0,0,0,0,0,0,0,0,0,0,0,0,0,1,0,0,0,0,0,0
data/external/actions/human_action_recognition/train/000202_texting.jpg,Bingsu/Human_Action_Recognition,texting,0,1,0,0,0,0,0,0,0,0,0,0,0,0,0,0,1,0,0,0
data/external/actions/human_action_recognition/train/000203_hugging.jpg,Bingsu/Human_Action_Recognition,hugging,1,0,0,0,0,0,0,0,0,0,0,0,0,0,0,0,1,0,0,0
data/external/actions/human_action_recognition/train/000204_texting.jpg,Bingsu/Human_Action_Recognition,texting,0,1,0,0,0,0,0,0,0,0,0,0,0,0,0,0,1,0,0,0
data/external/actions/human_action_recognition/train/000205_clapping.jpg,Bingsu/Human_Action_Recognition,clapping,0,0,0,0,1,0,0,0,0,0,0,0,0,0,0,0,0,1,0,0
data/external/actions/human_action_recognition/train/000206_drinking.jpg,Bingsu/Human_Action_Recognition,drinking,0,0,0,0,0,0,0,0,0,0,0,0,0,0,1,0,0,0,0,0
data/external/actions/human_action_recognition/train/000207_eating.jpg,Bingsu/Human_Action_Recognition,eating,0,0,0,0,0,0,0,0,0,0,0,0,0,1,0,0,0,0,0,0
data/external/actions/human_action_recognition/train/000208_eating.jpg,Bingsu/Human_Action_Recognition,eating,0,0,0,0,0,0,0,0,0,0,0,0,0,1,0,0,0,0,0,0
data/external/actions/human_action_recognition/train/000209_fighting.jpg,Bingsu/Human_Action_Recognition,fighting,0,0,0,0,0,0,0,0,0,0,0,0,0,0,0,0,0,1,1,0
data/external/actions/human_action_recognition/train/000210_sleeping.jpg,Bingsu/Human_Action_Recognition,sleeping,0,0,1,0,0,0,0,0,0,0,0,0,0,0,0,0,1,0,0,0
data/external/actions/human_action_recognition/train/000211_listening_to_music.jpg,Bingsu/Human_Action_Recognition,listening_to_music,0,1,0,0,0,0,0,0,0,0,0,0,0,0,0,0,1,0,0,0
data/external/actions/human_action_recognition/train/000212_dancing.jpg,Bingsu/Human_Action_Recognition,dancing,0,0,0,0,0,0,0,0,0,0,1,0,0,0,0,0,0,1,0,0
data/external/actions/human_action_recognition/train/000213_running.jpg,Bingsu/Human_Action_Recognition,running,0,0,0,0,0,0,1,0,0,0,0,0,0,0,0,0,0,1,1,0
data/external/actions/human_action_recognition/train/000214_laughing.jpg,Bingsu/Human_Action_Recognition,laughing,1,0,0,0,0,0,0,0,0,0,0,0,0,0,0,0,1,0,0,0
data/external/actions/human_action_recognition/train/000215_listening_to_music.jpg,Bingsu/Human_Action_Recognition,listening_to_music,0,1,0,0,0,0,0,0,0,0,0,0,0,0,0,0,1,0,0,0
data/external/actions/human_action_recognition/train/000216_using_laptop.jpg,Bingsu/Human_Action_Recognition,using_laptop,0,1,0,0,0,0,0,0,0,0,0,0,1,0,0,0,1,0,0,0
data/external/actions/human_action_recognition/train/000217_running.jpg,Bingsu/Human_Action_Recognition,running,0,0,0,0,0,0,1,0,0,0,0,0,0,0,0,0,0,1,1,0
data/external/actions/human_action_recognition/train/000218_drinking.jpg,Bingsu/Human_Action_Recognition,drinking,0,0,0,0,0,0,0,0,0,0,0,0,0,0,1,0,0,0,0,0
data/external/actions/human_action_recognition/train/000219_listening_to_music.jpg,Bingsu/Human_Action_Recognition,listening_to_music,0,1,0,0,0,0,0,0,0,0,0,0,0,0,0,0,1,0,0,0
data/external/actions/human_action_recognition/train/000220_cycling.jpg,Bingsu/Human_Action_Recognition,cycling,0,0,0,0,0,0,0,0,1,0,0,0,0,0,0,0,0,1,0,0
data/external/actions/human_action_recognition/train/000221_sitting.jpg,Bingsu/Human_Action_Recognition,sitting,0,1,0,0,0,0,0,0,0,0,0,0,0,0,0,0,1,0,0,0
data/external/actions/human_action_recognition/train/000222_eating.jpg,Bingsu/Human_Action_Recognition,eating,0,0,0,0,0,0,0,0,0,0,0,0,0,1,0,0,0,0,0,0
data/external/actions/human_action_recognition/train/000223_running.jpg,Bingsu/Human_Action_Recognition,running,0,0,0,0,0,0,1,0,0,0,0,0,0,0,0,0,0,1,1,0
data/external/actions/human_action_recognition/train/000224_listening_to_music.jpg,Bingsu/Human_Action_Recognition,listening_to_music,0,1,0,0,0,0,0,0,0,0,0,0,0,0,0,0,1,0,0,0
data/external/actions/human_action_recognition/train/000225_clapping.jpg,Bingsu/Human_Action_Recognition,clapping,0,0,0,0,1,0,0,0,0,0,0,0,0,0,0,0,0,1,0,0
data/external/actions/human_action_recognition/train/000226_clapping.jpg,Bingsu/Human_Action_Recognition,clapping,0,0,0,0,1,0,0,0,0,0,0,0,0,0,0,0,0,1,0,0
data/external/actions/human_action_recognition/train/000227_running.jpg,Bingsu/Human_Action_Recognition,running,0,0,0,0,0,0,1,0,0,0,0,0,0,0,0,0,0,1,1,0
data/external/actions/human_action_recognition/train/000228_laughing.jpg,Bingsu/Human_Action_Recognition,laughing,1,0,0,0,0,0,0,0,0,0,0,0,0,0,0,0,1,0,0,0
data/external/actions/human_action_recognition/train/000229_hugging.jpg,Bingsu/Human_Action_Recognition,hugging,1,0,0,0,0,0,0,0,0,0,0,0,0,0,0,0,1,0,0,0
data/external/actions/human_action_recognition/train/000230_calling.jpg,Bingsu/Human_Action_Recognition,calling,1,0,0,0,0,0,0,0,0,0,0,0,0,0,0,0,1,0,0,0
data/external/actions/human_action_recognition/train/000231_fighting.jpg,Bingsu/Human_Action_Recognition,fighting,0,0,0,0,0,0,0,0,0,0,0,0,0,0,0,0,0,1,1,0
data/external/actions/human_action_recognition/train/000232_running.jpg,Bingsu/Human_Action_Recognition,running,0,0,0,0,0,0,1,0,0,0,0,0,0,0,0,0,0,1,1,0
data/external/actions/human_action_recognition/train/000233_calling.jpg,Bingsu/Human_Action_Recognition,calling,1,0,0,0,0,0,0,0,0,0,0,0,0,0,0,0,1,0,0,0
data/external/actions/human_action_recognition/train/000234_sitting.jpg,Bingsu/Human_Action_Recognition,sitting,0,1,0,0,0,0,0,0,0,0,0,0,0,0,0,0,1,0,0,0
data/external/actions/human_action_recognition/train/000235_using_laptop.jpg,Bingsu/Human_Action_Recognition,using_laptop,0,1,0,0,0,0,0,0,0,0,0,0,1,0,0,0,1,0,0,0
data/external/actions/human_action_recognition/train/000236_sitting.jpg,Bingsu/Human_Action_Recognition,sitting,0,1,0,0,0,0,0,0,0,0,0,0,0,0,0,0,1,0,0,0
data/external/actions/human_action_recognition/train/000237_running.jpg,Bingsu/Human_Action_Recognition,running,0,0,0,0,0,0,1,0,0,0,0,0,0,0,0,0,0,1,1,0
data/external/actions/human_action_recognition/train/000238_sleeping.jpg,Bingsu/Human_Action_Recognition,sleeping,0,0,1,0,0,0,0,0,0,0,0,0,0,0,0,0,1,0,0,0
data/external/actions/human_action_recognition/train/000239_laughing.jpg,Bingsu/Human_Action_Recognition,laughing,1,0,0,0,0,0,0,0,0,0,0,0,0,0,0,0,1,0,0,0
data/external/actions/human_action_recognition/train/000240_laughing.jpg,Bingsu/Human_Action_Recognition,laughing,1,0,0,0,0,0,0,0,0,0,0,0,0,0,0,0,1,0,0,0
data/external/actions/human_action_recognition/train/000241_sitting.jpg,Bingsu/Human_Action_Recognition,sitting,0,1,0,0,0,0,0,0,0,0,0,0,0,0,0,0,1,0,0,0
data/external/actions/human_action_recognition/train/000242_using_laptop.jpg,Bingsu/Human_Action_Recognition,using_laptop,0,1,0,0,0,0,0,0,0,0,0,0,1,0,0,0,1,0,0,0
data/external/actions/human_action_recognition/train/000243_drinking.jpg,Bingsu/Human_Action_Recognition,drinking,0,0,0,0,0,0,0,0,0,0,0,0,0,0,1,0,0,0,0,0
data/external/actions/human_action_recognition/train/000244_running.jpg,Bingsu/Human_Action_Recognition,running,0,0,0,0,0,0,1,0,0,0,0,0,0,0,0,0,0,1,1,0
data/external/actions/human_action_recognition/train/000245_dancing.jpg,Bingsu/Human_Action_Recognition,dancing,0,0,0,0,0,0,0,0,0,0,1,0,0,0,0,0,0,1,0,0
data/external/actions/human_action_recognition/train/000246_sitting.jpg,Bingsu/Human_Action_Recognition,sitting,0,1,0,0,0,0,0,0,0,0,0,0,0,0,0,0,1,0,0,0
data/external/actions/human_action_recognition/train/000247_using_laptop.jpg,Bingsu/Human_Action_Recognition,using_laptop,0,1,0,0,0,0,0,0,0,0,0,0,1,0,0,0,1,0,0,0
data/external/actions/human_action_recognition/train/000248_eating.jpg,Bingsu/Human_Action_Recognition,eating,0,0,0,0,0,0,0,0,0,0,0,0,0,1,0,0,0,0,0,0
data/external/actions/human_action_recognition/train/000249_hugging.jpg,Bingsu/Human_Action_Recognition,hugging,1,0,0,0,0,0,0,0,0,0,0,0,0,0,0,0,1,0,0,0
data/external/actions/human_action_recognition/train/000250_texting.jpg,Bingsu/Human_Action_Recognition,texting,0,1,0,0,0,0,0,0,0,0,0,0,0,0,0,0,1,0,0,0
data/external/actions/human_action_recognition/train/000251_fighting.jpg,Bingsu/Human_Action_Recognition,fighting,0,0,0,0,0,0,0,0,0,0,0,0,0,0,0,0,0,1,1,0
data/external/actions/human_action_recognition/train/000252_eating.jpg,Bingsu/Human_Action_Recognition,eating,0,0,0,0,0,0,0,0,0,0,0,0,0,1,0,0,0,0,0,0
data/external/actions/human_action_recognition/train/000253_dancing.jpg,Bingsu/Human_Action_Recognition,dancing,0,0,0,0,0,0,0,0,0,0,1,0,0,0,0,0,0,1,0,0
data/external/actions/human_action_recognition/train/000254_cycling.jpg,Bingsu/Human_Action_Recognition,cycling,0,0,0,0,0,0,0,0,1,0,0,0,0,0,0,0,0,1,0,0
data/external/actions/human_action_recognition/train/000255_drinking.jpg,Bingsu/Human_Action_Recognition,drinking,0,0,0,0,0,0,0,0,0,0,0,0,0,0,1,0,0,0,0,0
data/external/actions/human_action_recognition/train/000256_laughing.jpg,Bingsu/Human_Action_Recognition,laughing,1,0,0,0,0,0,0,0,0,0,0,0,0,0,0,0,1,0,0,0
data/external/actions/human_action_recognition/train/000257_sleeping.jpg,Bingsu/Human_Action_Recognition,sleeping,0,0,1,0,0,0,0,0,0,0,0,0,0,0,0,0,1,0,0,0
data/external/actions/human_action_recognition/train/000258_using_laptop.jpg,Bingsu/Human_Action_Recognition,using_laptop,0,1,0,0,0,0,0,0,0,0,0,0,1,0,0,0,1,0,0,0
data/external/actions/human_action_recognition/train/000259_running.jpg,Bingsu/Human_Action_Recognition,running,0,0,0,0,0,0,1,0,0,0,0,0,0,0,0,0,0,1,1,0
data/external/actions/human_action_recognition/train/000260_sitting.jpg,Bingsu/Human_Action_Recognition,sitting,0,1,0,0,0,0,0,0,0,0,0,0,0,0,0,0,1,0,0,0
data/external/actions/human_action_recognition/train/000261_fighting.jpg,Bingsu/Human_Action_Recognition,fighting,0,0,0,0,0,0,0,0,0,0,0,0,0,0,0,0,0,1,1,0
data/external/actions/human_action_recognition/train/000262_sleeping.jpg,Bingsu/Human_Action_Recognition,sleeping,0,0,1,0,0,0,0,0,0,0,0,0,0,0,0,0,1,0,0,0
data/external/actions/human_action_recognition/train/000263_using_laptop.jpg,Bingsu/Human_Action_Recognition,using_laptop,0,1,0,0,0,0,0,0,0,0,0,0,1,0,0,0,1,0,0,0
data/external/actions/human_action_recognition/train/000264_eating.jpg,Bingsu/Human_Action_Recognition,eating,0,0,0,0,0,0,0,0,0,0,0,0,0,1,0,0,0,0,0,0
data/external/actions/human_action_recognition/train/000265_running.jpg,Bingsu/Human_Action_Recognition,running,0,0,0,0,0,0,1,0,0,0,0,0,0,0,0,0,0,1,1,0
data/external/actions/human_action_recognition/train/000266_fighting.jpg,Bingsu/Human_Action_Recognition,fighting,0,0,0,0,0,0,0,0,0,0,0,0,0,0,0,0,0,1,1,0
data/external/actions/human_action_recognition/train/000267_dancing.jpg,Bingsu/Human_Action_Recognition,dancing,0,0,0,0,0,0,0,0,0,0,1,0,0,0,0,0,0,1,0,0
data/external/actions/human_action_recognition/train/000268_hugging.jpg,Bingsu/Human_Action_Recognition,hugging,1,0,0,0,0,0,0,0,0,0,0,0,0,0,0,0,1,0,0,0
data/external/actions/human_action_recognition/train/000269_hugging.jpg,Bingsu/Human_Action_Recognition,hugging,1,0,0,0,0,0,0,0,0,0,0,0,0,0,0,0,1,0,0,0
data/external/actions/human_action_recognition/train/000270_laughing.jpg,Bingsu/Human_Action_Recognition,laughing,1,0,0,0,0,0,0,0,0,0,0,0,0,0,0,0,1,0,0,0
data/external/actions/human_action_recognition/train/000271_eating.jpg,Bingsu/Human_Action_Recognition,eating,0,0,0,0,0,0,0,0,0,0,0,0,0,1,0,0,0,0,0,0
data/external/actions/human_action_recognition/train/000272_listening_to_music.jpg,Bingsu/Human_Action_Recognition,listening_to_music,0,1,0,0,0,0,0,0,0,0,0,0,0,0,0,0,1,0,0,0
data/external/actions/human_action_recognition/train/000273_drinking.jpg,Bingsu/Human_Action_Recognition,drinking,0,0,0,0,0,0,0,0,0,0,0,0,0,0,1,0,0,0,0,0
data/external/actions/human_action_recognition/train/000274_listening_to_music.jpg,Bingsu/Human_Action_Recognition,listening_to_music,0,1,0,0,0,0,0,0,0,0,0,0,0,0,0,0,1,0,0,0
data/external/actions/human_action_recognition/train/000275_hugging.jpg,Bingsu/Human_Action_Recognition,hugging,1,0,0,0,0,0,0,0,0,0,0,0,0,0,0,0,1,0,0,0
data/external/actions/human_action_recognition/train/000276_hugging.jpg,Bingsu/Human_Action_Recognition,hugging,1,0,0,0,0,0,0,0,0,0,0,0,0,0,0,0,1,0,0,0
data/external/actions/human_action_recognition/train/000277_drinking.jpg,Bingsu/Human_Action_Recognition,drinking,0,0,0,0,0,0,0,0,0,0,0,0,0,0,1,0,0,0,0,0
data/external/actions/human_action_recognition/train/000278_using_laptop.jpg,Bingsu/Human_Action_Recognition,using_laptop,0,1,0,0,0,0,0,0,0,0,0,0,1,0,0,0,1,0,0,0
data/external/actions/human_action_recognition/train/000279_sleeping.jpg,Bingsu/Human_Action_Recognition,sleeping,0,0,1,0,0,0,0,0,0,0,0,0,0,0,0,0,1,0,0,0
data/external/actions/human_action_recognition/train/000280_listening_to_music.jpg,Bingsu/Human_Action_Recognition,listening_to_music,0,1,0,0,0,0,0,0,0,0,0,0,0,0,0,0,1,0,0,0
data/external/actions/human_action_recognition/train/000281_hugging.jpg,Bingsu/Human_Action_Recognition,hugging,1,0,0,0,0,0,0,0,0,0,0,0,0,0,0,0,1,0,0,0
data/external/actions/human_action_recognition/train/000282_calling.jpg,Bingsu/Human_Action_Recognition,calling,1,0,0,0,0,0,0,0,0,0,0,0,0,0,0,0,1,0,0,0
data/external/actions/human_action_recognition/train/000283_clapping.jpg,Bingsu/Human_Action_Recognition,clapping,0,0,0,0,1,0,0,0,0,0,0,0,0,0,0,0,0,1,0,0
data/external/actions/human_action_recognition/train/000284_fighting.jpg,Bingsu/Human_Action_Recognition,fighting,0,0,0,0,0,0,0,0,0,0,0,0,0,0,0,0,0,1,1,0
data/external/actions/human_action_recognition/train/000285_drinking.jpg,Bingsu/Human_Action_Recognition,drinking,0,0,0,0,0,0,0,0,0,0,0,0,0,0,1,0,0,0,0,0
data/external/actions/human_action_recognition/train/000286_using_laptop.jpg,Bingsu/Human_Action_Recognition,using_laptop,0,1,0,0,0,0,0,0,0,0,0,0,1,0,0,0,1,0,0,0
data/external/actions/human_action_recognition/train/000287_listening_to_music.jpg,Bingsu/Human_Action_Recognition,listening_to_music,0,1,0,0,0,0,0,0,0,0,0,0,0,0,0,0,1,0,0,0
data/external/actions/human_action_recognition/train/000288_listening_to_music.jpg,Bingsu/Human_Action_Recognition,listening_to_music,0,1,0,0,0,0,0,0,0,0,0,0,0,0,0,0,1,0,0,0
data/external/actions/human_action_recognition/train/000289_calling.jpg,Bingsu/Human_Action_Recognition,calling,1,0,0,0,0,0,0,0,0,0,0,0,0,0,0,0,1,0,0,0
data/external/actions/human_action_recognition/train/000290_clapping.jpg,Bingsu/Human_Action_Recognition,clapping,0,0,0,0,1,0,0,0,0,0,0,0,0,0,0,0,0,1,0,0
data/external/actions/human_action_recognition/train/000291_using_laptop.jpg,Bingsu/Human_Action_Recognition,using_laptop,0,1,0,0,0,0,0,0,0,0,0,0,1,0,0,0,1,0,0,0
data/external/actions/human_action_recognition/train/000292_clapping.jpg,Bingsu/Human_Action_Recognition,clapping,0,0,0,0,1,0,0,0,0,0,0,0,0,0,0,0,0,1,0,0
data/external/actions/human_action_recognition/train/000293_laughing.jpg,Bingsu/Human_Action_Recognition,laughing,1,0,0,0,0,0,0,0,0,0,0,0,0,0,0,0,1,0,0,0
data/external/actions/human_action_recognition/train/000294_sleeping.jpg,Bingsu/Human_Action_Recognition,sleeping,0,0,1,0,0,0,0,0,0,0,0,0,0,0,0,0,1,0,0,0
data/external/actions/human_action_recognition/train/000295_running.jpg,Bingsu/Human_Action_Recognition,running,0,0,0,0,0,0,1,0,0,0,0,0,0,0,0,0,0,1,1,0
data/external/actions/human_action_recognition/train/000296_fighting.jpg,Bingsu/Human_Action_Recognition,fighting,0,0,0,0,0,0,0,0,0,0,0,0,0,0,0,0,0,1,1,0
data/external/actions/human_action_recognition/train/000297_clapping.jpg,Bingsu/Human_Action_Recognition,clapping,0,0,0,0,1,0,0,0,0,0,0,0,0,0,0,0,0,1,0,0
data/external/actions/human_action_recognition/train/000298_drinking.jpg,Bingsu/Human_Action_Recognition,drinking,0,0,0,0,0,0,0,0,0,0,0,0,0,0,1,0,0,0,0,0
data/external/actions/human_action_recognition/train/000299_cycling.jpg,Bingsu/Human_Action_Recognition,cycling,0,0,0,0,0,0,0,0,1,0,0,0,0,0,0,0,0,1,0,0
data/external/actions/human_action_recognition/train/000300_hugging.jpg,Bingsu/Human_Action_Recognition,hugging,1,0,0,0,0,0,0,0,0,0,0,0,0,0,0,0,1,0,0,0
data/external/actions/human_action_recognition/train/000301_hugging.jpg,Bingsu/Human_Action_Recognition,hugging,1,0,0,0,0,0,0,0,0,0,0,0,0,0,0,0,1,0,0,0
data/external/actions/human_action_recognition/train/000302_eating.jpg,Bingsu/Human_Action_Recognition,eating,0,0,0,0,0,0,0,0,0,0,0,0,0,1,0,0,0,0,0,0
data/external/actions/human_action_recognition/train/000303_listening_to_music.jpg,Bingsu/Human_Action_Recognition,listening_to_music,0,1,0,0,0,0,0,0,0,0,0,0,0,0,0,0,1,0,0,0
data/external/actions/human_action_recognition/train/000304_using_laptop.jpg,Bingsu/Human_Action_Recognition,using_laptop,0,1,0,0,0,0,0,0,0,0,0,0,1,0,0,0,1,0,0,0
data/external/actions/human_action_recognition/train/000305_running.jpg,Bingsu/Human_Action_Recognition,running,0,0,0,0,0,0,1,0,0,0,0,0,0,0,0,0,0,1,1,0
data/external/actions/human_action_recognition/train/000306_running.jpg,Bingsu/Human_Action_Recognition,running,0,0,0,0,0,0,1,0,0,0,0,0,0,0,0,0,0,1,1,0
data/external/actions/human_action_recognition/train/000307_clapping.jpg,Bingsu/Human_Action_Recognition,clapping,0,0,0,0,1,0,0,0,0,0,0,0,0,0,0,0,0,1,0,0
data/external/actions/human_action_recognition/train/000308_eating.jpg,Bingsu/Human_Action_Recognition,eating,0,0,0,0,0,0,0,0,0,0,0,0,0,1,0,0,0,0,0,0
data/external/actions/human_action_recognition/train/000309_sitting.jpg,Bingsu/Human_Action_Recognition,sitting,0,1,0,0,0,0,0,0,0,0,0,0,0,0,0,0,1,0,0,0
data/external/actions/human_action_recognition/train/000310_cycling.jpg,Bingsu/Human_Action_Recognition,cycling,0,0,0,0,0,0,0,0,1,0,0,0,0,0,0,0,0,1,0,0
data/external/actions/human_action_recognition/train/000311_running.jpg,Bingsu/Human_Action_Recognition,running,0,0,0,0,0,0,1,0,0,0,0,0,0,0,0,0,0,1,1,0
data/external/actions/human_action_recognition/train/000312_listening_to_music.jpg,Bingsu/Human_Action_Recognition,listening_to_music,0,1,0,0,0,0,0,0,0,0,0,0,0,0,0,0,1,0,0,0
data/external/actions/human_action_recognition/train/000313_calling.jpg,Bingsu/Human_Action_Recognition,calling,1,0,0,0,0,0,0,0,0,0,0,0,0,0,0,0,1,0,0,0
data/external/actions/human_action_recognition/train/000314_fighting.jpg,Bingsu/Human_Action_Recognition,fighting,0,0,0,0,0,0,0,0,0,0,0,0,0,0,0,0,0,1,1,0
data/external/actions/human_action_recognition/train/000315_running.jpg,Bingsu/Human_Action_Recognition,running,0,0,0,0,0,0,1,0,0,0,0,0,0,0,0,0,0,1,1,0
data/external/actions/human_action_recognition/train/000316_dancing.jpg,Bingsu/Human_Action_Recognition,dancing,0,0,0,0,0,0,0,0,0,0,1,0,0,0,0,0,0,1,0,0
data/external/actions/human_action_recognition/train/000317_calling.jpg,Bingsu/Human_Action_Recognition,calling,1,0,0,0,0,0,0,0,0,0,0,0,0,0,0,0,1,0,0,0
data/external/actions/human_action_recognition/train/000318_using_laptop.jpg,Bingsu/Human_Action_Recognition,using_laptop,0,1,0,0,0,0,0,0,0,0,0,0,1,0,0,0,1,0,0,0
data/external/actions/human_action_recognition/train/000319_calling.jpg,Bingsu/Human_Action_Recognition,calling,1,0,0,0,0,0,0,0,0,0,0,0,0,0,0,0,1,0,0,0
data/external/actions/human_action_recognition/train/000320_texting.jpg,Bingsu/Human_Action_Recognition,texting,0,1,0,0,0,0,0,0,0,0,0,0,0,0,0,0,1,0,0,0
data/external/actions/human_action_recognition/train/000321_texting.jpg,Bingsu/Human_Action_Recognition,texting,0,1,0,0,0,0,0,0,0,0,0,0,0,0,0,0,1,0,0,0
data/external/actions/human_action_recognition/train/000322_eating.jpg,Bingsu/Human_Action_Recognition,eating,0,0,0,0,0,0,0,0,0,0,0,0,0,1,0,0,0,0,0,0
data/external/actions/human_action_recognition/train/000323_clapping.jpg,Bingsu/Human_Action_Recognition,clapping,0,0,0,0,1,0,0,0,0,0,0,0,0,0,0,0,0,1,0,0
data/external/actions/human_action_recognition/train/000324_using_laptop.jpg,Bingsu/Human_Action_Recognition,using_laptop,0,1,0,0,0,0,0,0,0,0,0,0,1,0,0,0,1,0,0,0
data/external/actions/human_action_recognition/train/000325_calling.jpg,Bingsu/Human_Action_Recognition,calling,1,0,0,0,0,0,0,0,0,0,0,0,0,0,0,0,1,0,0,0
data/external/actions/human_action_recognition/train/000326_hugging.jpg,Bingsu/Human_Action_Recognition,hugging,1,0,0,0,0,0,0,0,0,0,0,0,0,0,0,0,1,0,0,0
data/external/actions/human_action_recognition/train/000327_running.jpg,Bingsu/Human_Action_Recognition,running,0,0,0,0,0,0,1,0,0,0,0,0,0,0,0,0,0,1,1,0
data/external/actions/human_action_recognition/train/000328_texting.jpg,Bingsu/Human_Action_Recognition,texting,0,1,0,0,0,0,0,0,0,0,0,0,0,0,0,0,1,0,0,0
data/external/actions/human_action_recognition/train/000329_sleeping.jpg,Bingsu/Human_Action_Recognition,sleeping,0,0,1,0,0,0,0,0,0,0,0,0,0,0,0,0,1,0,0,0
data/external/actions/human_action_recognition/train/000330_texting.jpg,Bingsu/Human_Action_Recognition,texting,0,1,0,0,0,0,0,0,0,0,0,0,0,0,0,0,1,0,0,0
data/external/actions/human_action_recognition/train/000331_using_laptop.jpg,Bingsu/Human_Action_Recognition,using_laptop,0,1,0,0,0,0,0,0,0,0,0,0,1,0,0,0,1,0,0,0
data/external/actions/human_action_recognition/train/000332_eating.jpg,Bingsu/Human_Action_Recognition,eating,0,0,0,0,0,0,0,0,0,0,0,0,0,1,0,0,0,0,0,0
data/external/actions/human_action_recognition/train/000333_using_laptop.jpg,Bingsu/Human_Action_Recognition,using_laptop,0,1,0,0,0,0,0,0,0,0,0,0,1,0,0,0,1,0,0,0
data/external/actions/human_action_recognition/train/000334_running.jpg,Bingsu/Human_Action_Recognition,running,0,0,0,0,0,0,1,0,0,0,0,0,0,0,0,0,0,1,1,0
data/external/actions/human_action_recognition/train/000335_fighting.jpg,Bingsu/Human_Action_Recognition,fighting,0,0,0,0,0,0,0,0,0,0,0,0,0,0,0,0,0,1,1,0
data/external/actions/human_action_recognition/train/000336_laughing.jpg,Bingsu/Human_Action_Recognition,laughing,1,0,0,0,0,0,0,0,0,0,0,0,0,0,0,0,1,0,0,0
data/external/actions/human_action_recognition/train/000337_eating.jpg,Bingsu/Human_Action_Recognition,eating,0,0,0,0,0,0,0,0,0,0,0,0,0,1,0,0,0,0,0,0
data/external/actions/human_action_recognition/train/000338_sleeping.jpg,Bingsu/Human_Action_Recognition,sleeping,0,0,1,0,0,0,0,0,0,0,0,0,0,0,0,0,1,0,0,0
data/external/actions/human_action_recognition/train/000339_hugging.jpg,Bingsu/Human_Action_Recognition,hugging,1,0,0,0,0,0,0,0,0,0,0,0,0,0,0,0,1,0,0,0
data/external/actions/human_action_recognition/train/000340_sitting.jpg,Bingsu/Human_Action_Recognition,sitting,0,1,0,0,0,0,0,0,0,0,0,0,0,0,0,0,1,0,0,0
data/external/actions/human_action_recognition/train/000341_eating.jpg,Bingsu/Human_Action_Recognition,eating,0,0,0,0,0,0,0,0,0,0,0,0,0,1,0,0,0,0,0,0
data/external/actions/human_action_recognition/train/000342_drinking.jpg,Bingsu/Human_Action_Recognition,drinking,0,0,0,0,0,0,0,0,0,0,0,0,0,0,1,0,0,0,0,0
data/external/actions/human_action_recognition/train/000343_hugging.jpg,Bingsu/Human_Action_Recognition,hugging,1,0,0,0,0,0,0,0,0,0,0,0,0,0,0,0,1,0,0,0
data/external/actions/human_action_recognition/train/000344_running.jpg,Bingsu/Human_Action_Recognition,running,0,0,0,0,0,0,1,0,0,0,0,0,0,0,0,0,0,1,1,0
data/external/actions/human_action_recognition/train/000345_sleeping.jpg,Bingsu/Human_Action_Recognition,sleeping,0,0,1,0,0,0,0,0,0,0,0,0,0,0,0,0,1,0,0,0
data/external/actions/human_action_recognition/train/000346_running.jpg,Bingsu/Human_Action_Recognition,running,0,0,0,0,0,0,1,0,0,0,0,0,0,0,0,0,0,1,1,0
data/external/actions/human_action_recognition/train/000347_running.jpg,Bingsu/Human_Action_Recognition,running,0,0,0,0,0,0,1,0,0,0,0,0,0,0,0,0,0,1,1,0
data/external/actions/human_action_recognition/train/000348_clapping.jpg,Bingsu/Human_Action_Recognition,clapping,0,0,0,0,1,0,0,0,0,0,0,0,0,0,0,0,0,1,0,0
data/external/actions/human_action_recognition/train/000349_fighting.jpg,Bingsu/Human_Action_Recognition,fighting,0,0,0,0,0,0,0,0,0,0,0,0,0,0,0,0,0,1,1,0
data/external/actions/human_action_recognition/train/000350_eating.jpg,Bingsu/Human_Action_Recognition,eating,0,0,0,0,0,0,0,0,0,0,0,0,0,1,0,0,0,0,0,0
data/external/actions/human_action_recognition/train/000351_sitting.jpg,Bingsu/Human_Action_Recognition,sitting,0,1,0,0,0,0,0,0,0,0,0,0,0,0,0,0,1,0,0,0
data/external/actions/human_action_recognition/train/000352_fighting.jpg,Bingsu/Human_Action_Recognition,fighting,0,0,0,0,0,0,0,0,0,0,0,0,0,0,0,0,0,1,1,0
data/external/actions/human_action_recognition/train/000353_drinking.jpg,Bingsu/Human_Action_Recognition,drinking,0,0,0,0,0,0,0,0,0,0,0,0,0,0,1,0,0,0,0,0
data/external/actions/human_action_recognition/train/000354_drinking.jpg,Bingsu/Human_Action_Recognition,drinking,0,0,0,0,0,0,0,0,0,0,0,0,0,0,1,0,0,0,0,0
data/external/actions/human_action_recognition/train/000355_drinking.jpg,Bingsu/Human_Action_Recognition,drinking,0,0,0,0,0,0,0,0,0,0,0,0,0,0,1,0,0,0,0,0
data/external/actions/human_action_recognition/train/000356_hugging.jpg,Bingsu/Human_Action_Recognition,hugging,1,0,0,0,0,0,0,0,0,0,0,0,0,0,0,0,1,0,0,0
data/external/actions/human_action_recognition/train/000357_eating.jpg,Bingsu/Human_Action_Recognition,eating,0,0,0,0,0,0,0,0,0,0,0,0,0,1,0,0,0,0,0,0
data/external/actions/human_action_recognition/train/000358_sitting.jpg,Bingsu/Human_Action_Recognition,sitting,0,1,0,0,0,0,0,0,0,0,0,0,0,0,0,0,1,0,0,0
data/external/actions/human_action_recognition/train/000359_fighting.jpg,Bingsu/Human_Action_Recognition,fighting,0,0,0,0,0,0,0,0,0,0,0,0,0,0,0,0,0,1,1,0
data/external/actions/human_action_recognition/train/000360_sleeping.jpg,Bingsu/Human_Action_Recognition,sleeping,0,0,1,0,0,0,0,0,0,0,0,0,0,0,0,0,1,0,0,0
data/external/actions/human_action_recognition/train/000361_sitting.jpg,Bingsu/Human_Action_Recognition,sitting,0,1,0,0,0,0,0,0,0,0,0,0,0,0,0,0,1,0,0,0
data/external/actions/human_action_recognition/train/000362_hugging.jpg,Bingsu/Human_Action_Recognition,hugging,1,0,0,0,0,0,0,0,0,0,0,0,0,0,0,0,1,0,0,0
data/external/actions/human_action_recognition/train/000363_sleeping.jpg,Bingsu/Human_Action_Recognition,sleeping,0,0,1,0,0,0,0,0,0,0,0,0,0,0,0,0,1,0,0,0
data/external/actions/human_action_recognition/train/000364_cycling.jpg,Bingsu/Human_Action_Recognition,cycling,0,0,0,0,0,0,0,0,1,0,0,0,0,0,0,0,0,1,0,0
data/external/actions/human_action_recognition/train/000365_laughing.jpg,Bingsu/Human_Action_Recognition,laughing,1,0,0,0,0,0,0,0,0,0,0,0,0,0,0,0,1,0,0,0
data/external/actions/human_action_recognition/train/000366_sleeping.jpg,Bingsu/Human_Action_Recognition,sleeping,0,0,1,0,0,0,0,0,0,0,0,0,0,0,0,0,1,0,0,0
data/external/actions/human_action_recognition/train/000367_sleeping.jpg,Bingsu/Human_Action_Recognition,sleeping,0,0,1,0,0,0,0,0,0,0,0,0,0,0,0,0,1,0,0,0
data/external/actions/human_action_recognition/train/000368_listening_to_music.jpg,Bingsu/Human_Action_Recognition,listening_to_music,0,1,0,0,0,0,0,0,0,0,0,0,0,0,0,0,1,0,0,0
data/external/actions/human_action_recognition/train/000369_calling.jpg,Bingsu/Human_Action_Recognition,calling,1,0,0,0,0,0,0,0,0,0,0,0,0,0,0,0,1,0,0,0
data/external/actions/human_action_recognition/train/000370_clapping.jpg,Bingsu/Human_Action_Recognition,clapping,0,0,0,0,1,0,0,0,0,0,0,0,0,0,0,0,0,1,0,0
data/external/actions/human_action_recognition/train/000371_texting.jpg,Bingsu/Human_Action_Recognition,texting,0,1,0,0,0,0,0,0,0,0,0,0,0,0,0,0,1,0,0,0
data/external/actions/human_action_recognition/train/000372_texting.jpg,Bingsu/Human_Action_Recognition,texting,0,1,0,0,0,0,0,0,0,0,0,0,0,0,0,0,1,0,0,0
data/external/actions/human_action_recognition/train/000373_fighting.jpg,Bingsu/Human_Action_Recognition,fighting,0,0,0,0,0,0,0,0,0,0,0,0,0,0,0,0,0,1,1,0
data/external/actions/human_action_recognition/train/000374_listening_to_music.jpg,Bingsu/Human_Action_Recognition,listening_to_music,0,1,0,0,0,0,0,0,0,0,0,0,0,0,0,0,1,0,0,0
data/external/actions/human_action_recognition/train/000375_fighting.jpg,Bingsu/Human_Action_Recognition,fighting,0,0,0,0,0,0,0,0,0,0,0,0,0,0,0,0,0,1,1,0
data/external/actions/human_action_recognition/train/000376_drinking.jpg,Bingsu/Human_Action_Recognition,drinking,0,0,0,0,0,0,0,0,0,0,0,0,0,0,1,0,0,0,0,0
data/external/actions/human_action_recognition/train/000377_using_laptop.jpg,Bingsu/Human_Action_Recognition,using_laptop,0,1,0,0,0,0,0,0,0,0,0,0,1,0,0,0,1,0,0,0
data/external/actions/human_action_recognition/train/000378_texting.jpg,Bingsu/Human_Action_Recognition,texting,0,1,0,0,0,0,0,0,0,0,0,0,0,0,0,0,1,0,0,0
data/external/actions/human_action_recognition/train/000379_sitting.jpg,Bingsu/Human_Action_Recognition,sitting,0,1,0,0,0,0,0,0,0,0,0,0,0,0,0,0,1,0,0,0
data/external/actions/human_action_recognition/train/000380_hugging.jpg,Bingsu/Human_Action_Recognition,hugging,1,0,0,0,0,0,0,0,0,0,0,0,0,0,0,0,1,0,0,0
data/external/actions/human_action_recognition/train/000381_drinking.jpg,Bingsu/Human_Action_Recognition,drinking,0,0,0,0,0,0,0,0,0,0,0,0,0,0,1,0,0,0,0,0
data/external/actions/human_action_recognition/train/000382_listening_to_music.jpg,Bingsu/Human_Action_Recognition,listening_to_music,0,1,0,0,0,0,0,0,0,0,0,0,0,0,0,0,1,0,0,0
data/external/actions/human_action_recognition/train/000383_calling.jpg,Bingsu/Human_Action_Recognition,calling,1,0,0,0,0,0,0,0,0,0,0,0,0,0,0,0,1,0,0,0
data/external/actions/human_action_recognition/train/000384_sleeping.jpg,Bingsu/Human_Action_Recognition,sleeping,0,0,1,0,0,0,0,0,0,0,0,0,0,0,0,0,1,0,0,0
data/external/actions/human_action_recognition/train/000385_eating.jpg,Bingsu/Human_Action_Recognition,eating,0,0,0,0,0,0,0,0,0,0,0,0,0,1,0,0,0,0,0,0
data/external/actions/human_action_recognition/train/000386_cycling.jpg,Bingsu/Human_Action_Recognition,cycling,0,0,0,0,0,0,0,0,1,0,0,0,0,0,0,0,0,1,0,0
data/external/actions/human_action_recognition/train/000387_clapping.jpg,Bingsu/Human_Action_Recognition,clapping,0,0,0,0,1,0,0,0,0,0,0,0,0,0,0,0,0,1,0,0
data/external/actions/human_action_recognition/train/000388_hugging.jpg,Bingsu/Human_Action_Recognition,hugging,1,0,0,0,0,0,0,0,0,0,0,0,0,0,0,0,1,0,0,0
data/external/actions/human_action_recognition/train/000389_calling.jpg,Bingsu/Human_Action_Recognition,calling,1,0,0,0,0,0,0,0,0,0,0,0,0,0,0,0,1,0,0,0
data/external/actions/human_action_recognition/train/000390_calling.jpg,Bingsu/Human_Action_Recognition,calling,1,0,0,0,0,0,0,0,0,0,0,0,0,0,0,0,1,0,0,0
data/external/actions/human_action_recognition/train/000391_drinking.jpg,Bingsu/Human_Action_Recognition,drinking,0,0,0,0,0,0,0,0,0,0,0,0,0,0,1,0,0,0,0,0
data/external/actions/human_action_recognition/train/000392_using_laptop.jpg,Bingsu/Human_Action_Recognition,using_laptop,0,1,0,0,0,0,0,0,0,0,0,0,1,0,0,0,1,0,0,0
data/external/actions/human_action_recognition/train/000393_using_laptop.jpg,Bingsu/Human_Action_Recognition,using_laptop,0,1,0,0,0,0,0,0,0,0,0,0,1,0,0,0,1,0,0,0
data/external/actions/human_action_recognition/train/000394_eating.jpg,Bingsu/Human_Action_Recognition,eating,0,0,0,0,0,0,0,0,0,0,0,0,0,1,0,0,0,0,0,0
data/external/actions/human_action_recognition/train/000395_dancing.jpg,Bingsu/Human_Action_Recognition,dancing,0,0,0,0,0,0,0,0,0,0,1,0,0,0,0,0,0,1,0,0
data/external/actions/human_action_recognition/train/000396_fighting.jpg,Bingsu/Human_Action_Recognition,fighting,0,0,0,0,0,0,0,0,0,0,0,0,0,0,0,0,0,1,1,0
data/external/actions/human_action_recognition/train/000397_texting.jpg,Bingsu/Human_Action_Recognition,texting,0,1,0,0,0,0,0,0,0,0,0,0,0,0,0,0,1,0,0,0
data/external/actions/human_action_recognition/train/000398_hugging.jpg,Bingsu/Human_Action_Recognition,hugging,1,0,0,0,0,0,0,0,0,0,0,0,0,0,0,0,1,0,0,0
data/external/actions/human_action_recognition/train/000399_running.jpg,Bingsu/Human_Action_Recognition,running,0,0,0,0,0,0,1,0,0,0,0,0,0,0,0,0,0,1,1,0
data/external/actions/human_action_recognition/train/000400_fighting.jpg,Bingsu/Human_Action_Recognition,fighting,0,0,0,0,0,0,0,0,0,0,0,0,0,0,0,0,0,1,1,0
data/external/actions/human_action_recognition/train/000401_eating.jpg,Bingsu/Human_Action_Recognition,eating,0,0,0,0,0,0,0,0,0,0,0,0,0,1,0,0,0,0,0,0
data/external/actions/human_action_recognition/train/000402_texting.jpg,Bingsu/Human_Action_Recognition,texting,0,1,0,0,0,0,0,0,0,0,0,0,0,0,0,0,1,0,0,0
data/external/actions/human_action_recognition/train/000403_laughing.jpg,Bingsu/Human_Action_Recognition,laughing,1,0,0,0,0,0,0,0,0,0,0,0,0,0,0,0,1,0,0,0
data/external/actions/human_action_recognition/train/000404_drinking.jpg,Bingsu/Human_Action_Recognition,drinking,0,0,0,0,0,0,0,0,0,0,0,0,0,0,1,0,0,0,0,0
data/external/actions/human_action_recognition/train/000405_hugging.jpg,Bingsu/Human_Action_Recognition,hugging,1,0,0,0,0,0,0,0,0,0,0,0,0,0,0,0,1,0,0,0
data/external/actions/human_action_recognition/train/000406_hugging.jpg,Bingsu/Human_Action_Recognition,hugging,1,0,0,0,0,0,0,0,0,0,0,0,0,0,0,0,1,0,0,0
data/external/actions/human_action_recognition/train/000407_cycling.jpg,Bingsu/Human_Action_Recognition,cycling,0,0,0,0,0,0,0,0,1,0,0,0,0,0,0,0,0,1,0,0
data/external/actions/human_action_recognition/train/000408_calling.jpg,Bingsu/Human_Action_Recognition,calling,1,0,0,0,0,0,0,0,0,0,0,0,0,0,0,0,1,0,0,0
data/external/actions/human_action_recognition/train/000409_sleeping.jpg,Bingsu/Human_Action_Recognition,sleeping,0,0,1,0,0,0,0,0,0,0,0,0,0,0,0,0,1,0,0,0
data/external/actions/human_action_recognition/train/000410_sleeping.jpg,Bingsu/Human_Action_Recognition,sleeping,0,0,1,0,0,0,0,0,0,0,0,0,0,0,0,0,1,0,0,0
data/external/actions/human_action_recognition/train/000411_drinking.jpg,Bingsu/Human_Action_Recognition,drinking,0,0,0,0,0,0,0,0,0,0,0,0,0,0,1,0,0,0,0,0
data/external/actions/human_action_recognition/train/000412_fighting.jpg,Bingsu/Human_Action_Recognition,fighting,0,0,0,0,0,0,0,0,0,0,0,0,0,0,0,0,0,1,1,0
data/external/actions/human_action_recognition/train/000413_running.jpg,Bingsu/Human_Action_Recognition,running,0,0,0,0,0,0,1,0,0,0,0,0,0,0,0,0,0,1,1,0
data/external/actions/human_action_recognition/train/000414_sitting.jpg,Bingsu/Human_Action_Recognition,sitting,0,1,0,0,0,0,0,0,0,0,0,0,0,0,0,0,1,0,0,0
data/external/actions/human_action_recognition/train/000415_hugging.jpg,Bingsu/Human_Action_Recognition,hugging,1,0,0,0,0,0,0,0,0,0,0,0,0,0,0,0,1,0,0,0
data/external/actions/human_action_recognition/train/000416_using_laptop.jpg,Bingsu/Human_Action_Recognition,using_laptop,0,1,0,0,0,0,0,0,0,0,0,0,1,0,0,0,1,0,0,0
data/external/actions/human_action_recognition/train/000417_laughing.jpg,Bingsu/Human_Action_Recognition,laughing,1,0,0,0,0,0,0,0,0,0,0,0,0,0,0,0,1,0,0,0
data/external/actions/human_action_recognition/train/000418_clapping.jpg,Bingsu/Human_Action_Recognition,clapping,0,0,0,0,1,0,0,0,0,0,0,0,0,0,0,0,0,1,0,0
data/external/actions/human_action_recognition/train/000419_sleeping.jpg,Bingsu/Human_Action_Recognition,sleeping,0,0,1,0,0,0,0,0,0,0,0,0,0,0,0,0,1,0,0,0
data/external/actions/human_action_recognition/train/000420_drinking.jpg,Bingsu/Human_Action_Recognition,drinking,0,0,0,0,0,0,0,0,0,0,0,0,0,0,1,0,0,0,0,0
data/external/actions/human_action_recognition/train/000421_hugging.jpg,Bingsu/Human_Action_Recognition,hugging,1,0,0,0,0,0,0,0,0,0,0,0,0,0,0,0,1,0,0,0
data/external/actions/human_action_recognition/train/000422_eating.jpg,Bingsu/Human_Action_Recognition,eating,0,0,0,0,0,0,0,0,0,0,0,0,0,1,0,0,0,0,0,0
data/external/actions/human_action_recognition/train/000423_laughing.jpg,Bingsu/Human_Action_Recognition,laughing,1,0,0,0,0,0,0,0,0,0,0,0,0,0,0,0,1,0,0,0
data/external/actions/human_action_recognition/train/000424_laughing.jpg,Bingsu/Human_Action_Recognition,laughing,1,0,0,0,0,0,0,0,0,0,0,0,0,0,0,0,1,0,0,0
data/external/actions/human_action_recognition/train/000425_laughing.jpg,Bingsu/Human_Action_Recognition,laughing,1,0,0,0,0,0,0,0,0,0,0,0,0,0,0,0,1,0,0,0
data/external/actions/human_action_recognition/train/000426_cycling.jpg,Bingsu/Human_Action_Recognition,cycling,0,0,0,0,0,0,0,0,1,0,0,0,0,0,0,0,0,1,0,0
data/external/actions/human_action_recognition/train/000427_running.jpg,Bingsu/Human_Action_Recognition,running,0,0,0,0,0,0,1,0,0,0,0,0,0,0,0,0,0,1,1,0
data/external/actions/human_action_recognition/train/000428_clapping.jpg,Bingsu/Human_Action_Recognition,clapping,0,0,0,0,1,0,0,0,0,0,0,0,0,0,0,0,0,1,0,0
data/external/actions/human_action_recognition/train/000429_listening_to_music.jpg,Bingsu/Human_Action_Recognition,listening_to_music,0,1,0,0,0,0,0,0,0,0,0,0,0,0,0,0,1,0,0,0
data/external/actions/human_action_recognition/train/000430_texting.jpg,Bingsu/Human_Action_Recognition,texting,0,1,0,0,0,0,0,0,0,0,0,0,0,0,0,0,1,0,0,0
data/external/actions/human_action_recognition/train/000431_listening_to_music.jpg,Bingsu/Human_Action_Recognition,listening_to_music,0,1,0,0,0,0,0,0,0,0,0,0,0,0,0,0,1,0,0,0
data/external/actions/human_action_recognition/train/000432_laughing.jpg,Bingsu/Human_Action_Recognition,laughing,1,0,0,0,0,0,0,0,0,0,0,0,0,0,0,0,1,0,0,0
data/external/actions/human_action_recognition/train/000433_using_laptop.jpg,Bingsu/Human_Action_Recognition,using_laptop,0,1,0,0,0,0,0,0,0,0,0,0,1,0,0,0,1,0,0,0
data/external/actions/human_action_recognition/train/000434_hugging.jpg,Bingsu/Human_Action_Recognition,hugging,1,0,0,0,0,0,0,0,0,0,0,0,0,0,0,0,1,0,0,0
data/external/actions/human_action_recognition/train/000435_using_laptop.jpg,Bingsu/Human_Action_Recognition,using_laptop,0,1,0,0,0,0,0,0,0,0,0,0,1,0,0,0,1,0,0,0
data/external/actions/human_action_recognition/train/000436_eating.jpg,Bingsu/Human_Action_Recognition,eating,0,0,0,0,0,0,0,0,0,0,0,0,0,1,0,0,0,0,0,0
data/external/actions/human_action_recognition/train/000437_listening_to_music.jpg,Bingsu/Human_Action_Recognition,listening_to_music,0,1,0,0,0,0,0,0,0,0,0,0,0,0,0,0,1,0,0,0
data/external/actions/human_action_recognition/train/000438_laughing.jpg,Bingsu/Human_Action_Recognition,laughing,1,0,0,0,0,0,0,0,0,0,0,0,0,0,0,0,1,0,0,0
data/external/actions/human_action_recognition/train/000439_texting.jpg,Bingsu/Human_Action_Recognition,texting,0,1,0,0,0,0,0,0,0,0,0,0,0,0,0,0,1,0,0,0
data/external/actions/human_action_recognition/train/000440_dancing.jpg,Bingsu/Human_Action_Recognition,dancing,0,0,0,0,0,0,0,0,0,0,1,0,0,0,0,0,0,1,0,0
data/external/actions/human_action_recognition/train/000441_laughing.jpg,Bingsu/Human_Action_Recognition,laughing,1,0,0,0,0,0,0,0,0,0,0,0,0,0,0,0,1,0,0,0
data/external/actions/human_action_recognition/train/000442_hugging.jpg,Bingsu/Human_Action_Recognition,hugging,1,0,0,0,0,0,0,0,0,0,0,0,0,0,0,0,1,0,0,0
data/external/actions/human_action_recognition/train/000443_dancing.jpg,Bingsu/Human_Action_Recognition,dancing,0,0,0,0,0,0,0,0,0,0,1,0,0,0,0,0,0,1,0,0
data/external/actions/human_action_recognition/train/000444_fighting.jpg,Bingsu/Human_Action_Recognition,fighting,0,0,0,0,0,0,0,0,0,0,0,0,0,0,0,0,0,1,1,0
data/external/actions/human_action_recognition/train/000445_hugging.jpg,Bingsu/Human_Action_Recognition,hugging,1,0,0,0,0,0,0,0,0,0,0,0,0,0,0,0,1,0,0,0
data/external/actions/human_action_recognition/train/000446_cycling.jpg,Bingsu/Human_Action_Recognition,cycling,0,0,0,0,0,0,0,0,1,0,0,0,0,0,0,0,0,1,0,0
data/external/actions/human_action_recognition/train/000447_cycling.jpg,Bingsu/Human_Action_Recognition,cycling,0,0,0,0,0,0,0,0,1,0,0,0,0,0,0,0,0,1,0,0
data/external/actions/human_action_recognition/train/000448_clapping.jpg,Bingsu/Human_Action_Recognition,clapping,0,0,0,0,1,0,0,0,0,0,0,0,0,0,0,0,0,1,0,0
data/external/actions/human_action_recognition/train/000449_running.jpg,Bingsu/Human_Action_Recognition,running,0,0,0,0,0,0,1,0,0,0,0,0,0,0,0,0,0,1,1,0
data/external/actions/human_action_recognition/train/000450_fighting.jpg,Bingsu/Human_Action_Recognition,fighting,0,0,0,0,0,0,0,0,0,0,0,0,0,0,0,0,0,1,1,0
data/external/actions/human_action_recognition/train/000451_sleeping.jpg,Bingsu/Human_Action_Recognition,sleeping,0,0,1,0,0,0,0,0,0,0,0,0,0,0,0,0,1,0,0,0
data/external/actions/human_action_recognition/train/000452_sleeping.jpg,Bingsu/Human_Action_Recognition,sleeping,0,0,1,0,0,0,0,0,0,0,0,0,0,0,0,0,1,0,0,0
data/external/actions/human_action_recognition/train/000453_cycling.jpg,Bingsu/Human_Action_Recognition,cycling,0,0,0,0,0,0,0,0,1,0,0,0,0,0,0,0,0,1,0,0
data/external/actions/human_action_recognition/train/000454_sleeping.jpg,Bingsu/Human_Action_Recognition,sleeping,0,0,1,0,0,0,0,0,0,0,0,0,0,0,0,0,1,0,0,0
data/external/actions/human_action_recognition/train/000455_fighting.jpg,Bingsu/Human_Action_Recognition,fighting,0,0,0,0,0,0,0,0,0,0,0,0,0,0,0,0,0,1,1,0
data/external/actions/human_action_recognition/train/000456_sleeping.jpg,Bingsu/Human_Action_Recognition,sleeping,0,0,1,0,0,0,0,0,0,0,0,0,0,0,0,0,1,0,0,0
data/external/actions/human_action_recognition/train/000457_using_laptop.jpg,Bingsu/Human_Action_Recognition,using_laptop,0,1,0,0,0,0,0,0,0,0,0,0,1,0,0,0,1,0,0,0
data/external/actions/human_action_recognition/train/000458_eating.jpg,Bingsu/Human_Action_Recognition,eating,0,0,0,0,0,0,0,0,0,0,0,0,0,1,0,0,0,0,0,0
data/external/actions/human_action_recognition/train/000459_cycling.jpg,Bingsu/Human_Action_Recognition,cycling,0,0,0,0,0,0,0,0,1,0,0,0,0,0,0,0,0,1,0,0
data/external/actions/human_action_recognition/train/000460_eating.jpg,Bingsu/Human_Action_Recognition,eating,0,0,0,0,0,0,0,0,0,0,0,0,0,1,0,0,0,0,0,0
data/external/actions/human_action_recognition/train/000461_sitting.jpg,Bingsu/Human_Action_Recognition,sitting,0,1,0,0,0,0,0,0,0,0,0,0,0,0,0,0,1,0,0,0
data/external/actions/human_action_recognition/train/000462_laughing.jpg,Bingsu/Human_Action_Recognition,laughing,1,0,0,0,0,0,0,0,0,0,0,0,0,0,0,0,1,0,0,0
data/external/actions/human_action_recognition/train/000463_clapping.jpg,Bingsu/Human_Action_Recognition,clapping,0,0,0,0,1,0,0,0,0,0,0,0,0,0,0,0,0,1,0,0
data/external/actions/human_action_recognition/train/000464_sitting.jpg,Bingsu/Human_Action_Recognition,sitting,0,1,0,0,0,0,0,0,0,0,0,0,0,0,0,0,1,0,0,0
data/external/actions/human_action_recognition/train/000465_fighting.jpg,Bingsu/Human_Action_Recognition,fighting,0,0,0,0,0,0,0,0,0,0,0,0,0,0,0,0,0,1,1,0
data/external/actions/human_action_recognition/train/000466_sleeping.jpg,Bingsu/Human_Action_Recognition,sleeping,0,0,1,0,0,0,0,0,0,0,0,0,0,0,0,0,1,0,0,0
data/external/actions/human_action_recognition/train/000467_using_laptop.jpg,Bingsu/Human_Action_Recognition,using_laptop,0,1,0,0,0,0,0,0,0,0,0,0,1,0,0,0,1,0,0,0
data/external/actions/human_action_recognition/train/000468_using_laptop.jpg,Bingsu/Human_Action_Recognition,using_laptop,0,1,0,0,0,0,0,0,0,0,0,0,1,0,0,0,1,0,0,0
data/external/actions/human_action_recognition/train/000469_drinking.jpg,Bingsu/Human_Action_Recognition,drinking,0,0,0,0,0,0,0,0,0,0,0,0,0,0,1,0,0,0,0,0
data/external/actions/human_action_recognition/train/000470_eating.jpg,Bingsu/Human_Action_Recognition,eating,0,0,0,0,0,0,0,0,0,0,0,0,0,1,0,0,0,0,0,0
data/external/actions/human_action_recognition/train/000471_using_laptop.jpg,Bingsu/Human_Action_Recognition,using_laptop,0,1,0,0,0,0,0,0,0,0,0,0,1,0,0,0,1,0,0,0
data/external/actions/human_action_recognition/train/000472_laughing.jpg,Bingsu/Human_Action_Recognition,laughing,1,0,0,0,0,0,0,0,0,0,0,0,0,0,0,0,1,0,0,0
data/external/actions/human_action_recognition/train/000473_texting.jpg,Bingsu/Human_Action_Recognition,texting,0,1,0,0,0,0,0,0,0,0,0,0,0,0,0,0,1,0,0,0
data/external/actions/human_action_recognition/train/000474_clapping.jpg,Bingsu/Human_Action_Recognition,clapping,0,0,0,0,1,0,0,0,0,0,0,0,0,0,0,0,0,1,0,0
data/external/actions/human_action_recognition/train/000475_hugging.jpg,Bingsu/Human_Action_Recognition,hugging,1,0,0,0,0,0,0,0,0,0,0,0,0,0,0,0,1,0,0,0
data/external/actions/human_action_recognition/train/000476_cycling.jpg,Bingsu/Human_Action_Recognition,cycling,0,0,0,0,0,0,0,0,1,0,0,0,0,0,0,0,0,1,0,0
data/external/actions/human_action_recognition/train/000477_calling.jpg,Bingsu/Human_Action_Recognition,calling,1,0,0,0,0,0,0,0,0,0,0,0,0,0,0,0,1,0,0,0
data/external/actions/human_action_recognition/train/000478_drinking.jpg,Bingsu/Human_Action_Recognition,drinking,0,0,0,0,0,0,0,0,0,0,0,0,0,0,1,0,0,0,0,0
data/external/actions/human_action_recognition/train/000479_cycling.jpg,Bingsu/Human_Action_Recognition,cycling,0,0,0,0,0,0,0,0,1,0,0,0,0,0,0,0,0,1,0,0
data/external/actions/human_action_recognition/train/000480_sitting.jpg,Bingsu/Human_Action_Recognition,sitting,0,1,0,0,0,0,0,0,0,0,0,0,0,0,0,0,1,0,0,0
data/external/actions/human_action_recognition/train/000481_eating.jpg,Bingsu/Human_Action_Recognition,eating,0,0,0,0,0,0,0,0,0,0,0,0,0,1,0,0,0,0,0,0
data/external/actions/human_action_recognition/train/000482_sleeping.jpg,Bingsu/Human_Action_Recognition,sleeping,0,0,1,0,0,0,0,0,0,0,0,0,0,0,0,0,1,0,0,0
data/external/actions/human_action_recognition/train/000483_fighting.jpg,Bingsu/Human_Action_Recognition,fighting,0,0,0,0,0,0,0,0,0,0,0,0,0,0,0,0,0,1,1,0
data/external/actions/human_action_recognition/train/000484_using_laptop.jpg,Bingsu/Human_Action_Recognition,using_laptop,0,1,0,0,0,0,0,0,0,0,0,0,1,0,0,0,1,0,0,0
data/external/actions/human_action_recognition/train/000485_using_laptop.jpg,Bingsu/Human_Action_Recognition,using_laptop,0,1,0,0,0,0,0,0,0,0,0,0,1,0,0,0,1,0,0,0
data/external/actions/human_action_recognition/train/000486_eating.jpg,Bingsu/Human_Action_Recognition,eating,0,0,0,0,0,0,0,0,0,0,0,0,0,1,0,0,0,0,0,0
data/external/actions/human_action_recognition/train/000487_laughing.jpg,Bingsu/Human_Action_Recognition,laughing,1,0,0,0,0,0,0,0,0,0,0,0,0,0,0,0,1,0,0,0
data/external/actions/human_action_recognition/train/000488_running.jpg,Bingsu/Human_Action_Recognition,running,0,0,0,0,0,0,1,0,0,0,0,0,0,0,0,0,0,1,1,0
data/external/actions/human_action_recognition/train/000489_drinking.jpg,Bingsu/Human_Action_Recognition,drinking,0,0,0,0,0,0,0,0,0,0,0,0,0,0,1,0,0,0,0,0
data/external/actions/human_action_recognition/train/000490_eating.jpg,Bingsu/Human_Action_Recognition,eating,0,0,0,0,0,0,0,0,0,0,0,0,0,1,0,0,0,0,0,0
data/external/actions/human_action_recognition/train/000491_using_laptop.jpg,Bingsu/Human_Action_Recognition,using_laptop,0,1,0,0,0,0,0,0,0,0,0,0,1,0,0,0,1,0,0,0
data/external/actions/human_action_recognition/train/000492_calling.jpg,Bingsu/Human_Action_Recognition,calling,1,0,0,0,0,0,0,0,0,0,0,0,0,0,0,0,1,0,0,0
data/external/actions/human_action_recognition/train/000493_sitting.jpg,Bingsu/Human_Action_Recognition,sitting,0,1,0,0,0,0,0,0,0,0,0,0,0,0,0,0,1,0,0,0
data/external/actions/human_action_recognition/train/000494_calling.jpg,Bingsu/Human_Action_Recognition,calling,1,0,0,0,0,0,0,0,0,0,0,0,0,0,0,0,1,0,0,0
data/external/actions/human_action_recognition/train/000495_sitting.jpg,Bingsu/Human_Action_Recognition,sitting,0,1,0,0,0,0,0,0,0,0,0,0,0,0,0,0,1,0,0,0
data/external/actions/human_action_recognition/train/000496_sleeping.jpg,Bingsu/Human_Action_Recognition,sleeping,0,0,1,0,0,0,0,0,0,0,0,0,0,0,0,0,1,0,0,0
data/external/actions/human_action_recognition/train/000497_calling.jpg,Bingsu/Human_Action_Recognition,calling,1,0,0,0,0,0,0,0,0,0,0,0,0,0,0,0,1,0,0,0
data/external/actions/human_action_recognition/train/000498_using_laptop.jpg,Bingsu/Human_Action_Recognition,using_laptop,0,1,0,0,0,0,0,0,0,0,0,0,1,0,0,0,1,0,0,0
data/external/actions/human_action_recognition/train/000499_hugging.jpg,Bingsu/Human_Action_Recognition,hugging,1,0,0,0,0,0,0,0,0,0,0,0,0,0,0,0,1,0,0,0
data/external/actions/human_action_recognition/train/000500_fighting.jpg,Bingsu/Human_Action_Recognition,fighting,0,0,0,0,0,0,0,0,0,0,0,0,0,0,0,0,0,1,1,0
data/external/actions/human_action_recognition/train/000501_laughing.jpg,Bingsu/Human_Action_Recognition,laughing,1,0,0,0,0,0,0,0,0,0,0,0,0,0,0,0,1,0,0,0
data/external/actions/human_action_recognition/train/000502_sleeping.jpg,Bingsu/Human_Action_Recognition,sleeping,0,0,1,0,0,0,0,0,0,0,0,0,0,0,0,0,1,0,0,0
data/external/actions/human_action_recognition/train/000503_laughing.jpg,Bingsu/Human_Action_Recognition,laughing,1,0,0,0,0,0,0,0,0,0,0,0,0,0,0,0,1,0,0,0
data/external/actions/human_action_recognition/train/000504_cycling.jpg,Bingsu/Human_Action_Recognition,cycling,0,0,0,0,0,0,0,0,1,0,0,0,0,0,0,0,0,1,0,0
data/external/actions/human_action_recognition/train/000505_sitting.jpg,Bingsu/Human_Action_Recognition,sitting,0,1,0,0,0,0,0,0,0,0,0,0,0,0,0,0,1,0,0,0
data/external/actions/human_action_recognition/train/000506_cycling.jpg,Bingsu/Human_Action_Recognition,cycling,0,0,0,0,0,0,0,0,1,0,0,0,0,0,0,0,0,1,0,0
data/external/actions/human_action_recognition/train/000507_using_laptop.jpg,Bingsu/Human_Action_Recognition,using_laptop,0,1,0,0,0,0,0,0,0,0,0,0,1,0,0,0,1,0,0,0
data/external/actions/human_action_recognition/train/000508_cycling.jpg,Bingsu/Human_Action_Recognition,cycling,0,0,0,0,0,0,0,0,1,0,0,0,0,0,0,0,0,1,0,0
data/external/actions/human_action_recognition/train/000509_hugging.jpg,Bingsu/Human_Action_Recognition,hugging,1,0,0,0,0,0,0,0,0,0,0,0,0,0,0,0,1,0,0,0
data/external/actions/human_action_recognition/train/000510_sitting.jpg,Bingsu/Human_Action_Recognition,sitting,0,1,0,0,0,0,0,0,0,0,0,0,0,0,0,0,1,0,0,0
data/external/actions/human_action_recognition/train/000511_eating.jpg,Bingsu/Human_Action_Recognition,eating,0,0,0,0,0,0,0,0,0,0,0,0,0,1,0,0,0,0,0,0
data/external/actions/human_action_recognition/train/000512_cycling.jpg,Bingsu/Human_Action_Recognition,cycling,0,0,0,0,0,0,0,0,1,0,0,0,0,0,0,0,0,1,0,0
data/external/actions/human_action_recognition/train/000513_hugging.jpg,Bingsu/Human_Action_Recognition,hugging,1,0,0,0,0,0,0,0,0,0,0,0,0,0,0,0,1,0,0,0
data/external/actions/human_action_recognition/train/000514_using_laptop.jpg,Bingsu/Human_Action_Recognition,using_laptop,0,1,0,0,0,0,0,0,0,0,0,0,1,0,0,0,1,0,0,0
data/external/actions/human_action_recognition/train/000515_calling.jpg,Bingsu/Human_Action_Recognition,calling,1,0,0,0,0,0,0,0,0,0,0,0,0,0,0,0,1,0,0,0
data/external/actions/human_action_recognition/train/000516_running.jpg,Bingsu/Human_Action_Recognition,running,0,0,0,0,0,0,1,0,0,0,0,0,0,0,0,0,0,1,1,0
data/external/actions/human_action_recognition/train/000517_texting.jpg,Bingsu/Human_Action_Recognition,texting,0,1,0,0,0,0,0,0,0,0,0,0,0,0,0,0,1,0,0,0
data/external/actions/human_action_recognition/train/000518_using_laptop.jpg,Bingsu/Human_Action_Recognition,using_laptop,0,1,0,0,0,0,0,0,0,0,0,0,1,0,0,0,1,0,0,0
data/external/actions/human_action_recognition/train/000519_fighting.jpg,Bingsu/Human_Action_Recognition,fighting,0,0,0,0,0,0,0,0,0,0,0,0,0,0,0,0,0,1,1,0
data/external/actions/human_action_recognition/train/000520_sleeping.jpg,Bingsu/Human_Action_Recognition,sleeping,0,0,1,0,0,0,0,0,0,0,0,0,0,0,0,0,1,0,0,0
data/external/actions/human_action_recognition/train/000521_fighting.jpg,Bingsu/Human_Action_Recognition,fighting,0,0,0,0,0,0,0,0,0,0,0,0,0,0,0,0,0,1,1,0
data/external/actions/human_action_recognition/train/000522_using_laptop.jpg,Bingsu/Human_Action_Recognition,using_laptop,0,1,0,0,0,0,0,0,0,0,0,0,1,0,0,0,1,0,0,0
data/external/actions/human_action_recognition/train/000523_laughing.jpg,Bingsu/Human_Action_Recognition,laughing,1,0,0,0,0,0,0,0,0,0,0,0,0,0,0,0,1,0,0,0
data/external/actions/human_action_recognition/train/000524_fighting.jpg,Bingsu/Human_Action_Recognition,fighting,0,0,0,0,0,0,0,0,0,0,0,0,0,0,0,0,0,1,1,0
data/external/actions/human_action_recognition/train/000525_texting.jpg,Bingsu/Human_Action_Recognition,texting,0,1,0,0,0,0,0,0,0,0,0,0,0,0,0,0,1,0,0,0
data/external/actions/human_action_recognition/train/000526_calling.jpg,Bingsu/Human_Action_Recognition,calling,1,0,0,0,0,0,0,0,0,0,0,0,0,0,0,0,1,0,0,0
data/external/actions/human_action_recognition/train/000527_hugging.jpg,Bingsu/Human_Action_Recognition,hugging,1,0,0,0,0,0,0,0,0,0,0,0,0,0,0,0,1,0,0,0
data/external/actions/human_action_recognition/train/000528_listening_to_music.jpg,Bingsu/Human_Action_Recognition,listening_to_music,0,1,0,0,0,0,0,0,0,0,0,0,0,0,0,0,1,0,0,0
data/external/actions/human_action_recognition/train/000529_listening_to_music.jpg,Bingsu/Human_Action_Recognition,listening_to_music,0,1,0,0,0,0,0,0,0,0,0,0,0,0,0,0,1,0,0,0
data/external/actions/human_action_recognition/train/000530_running.jpg,Bingsu/Human_Action_Recognition,running,0,0,0,0,0,0,1,0,0,0,0,0,0,0,0,0,0,1,1,0
data/external/actions/human_action_recognition/train/000531_clapping.jpg,Bingsu/Human_Action_Recognition,clapping,0,0,0,0,1,0,0,0,0,0,0,0,0,0,0,0,0,1,0,0
data/external/actions/human_action_recognition/train/000532_using_laptop.jpg,Bingsu/Human_Action_Recognition,using_laptop,0,1,0,0,0,0,0,0,0,0,0,0,1,0,0,0,1,0,0,0
data/external/actions/human_action_recognition/train/000533_clapping.jpg,Bingsu/Human_Action_Recognition,clapping,0,0,0,0,1,0,0,0,0,0,0,0,0,0,0,0,0,1,0,0
data/external/actions/human_action_recognition/train/000534_listening_to_music.jpg,Bingsu/Human_Action_Recognition,listening_to_music,0,1,0,0,0,0,0,0,0,0,0,0,0,0,0,0,1,0,0,0
data/external/actions/human_action_recognition/train/000535_eating.jpg,Bingsu/Human_Action_Recognition,eating,0,0,0,0,0,0,0,0,0,0,0,0,0,1,0,0,0,0,0,0
data/external/actions/human_action_recognition/train/000536_sitting.jpg,Bingsu/Human_Action_Recognition,sitting,0,1,0,0,0,0,0,0,0,0,0,0,0,0,0,0,1,0,0,0
data/external/actions/human_action_recognition/train/000537_calling.jpg,Bingsu/Human_Action_Recognition,calling,1,0,0,0,0,0,0,0,0,0,0,0,0,0,0,0,1,0,0,0
data/external/actions/human_action_recognition/train/000538_listening_to_music.jpg,Bingsu/Human_Action_Recognition,listening_to_music,0,1,0,0,0,0,0,0,0,0,0,0,0,0,0,0,1,0,0,0
data/external/actions/human_action_recognition/train/000539_using_laptop.jpg,Bingsu/Human_Action_Recognition,using_laptop,0,1,0,0,0,0,0,0,0,0,0,0,1,0,0,0,1,0,0,0
data/external/actions/human_action_recognition/train/000540_fighting.jpg,Bingsu/Human_Action_Recognition,fighting,0,0,0,0,0,0,0,0,0,0,0,0,0,0,0,0,0,1,1,0
data/external/actions/human_action_recognition/train/000541_sitting.jpg,Bingsu/Human_Action_Recognition,sitting,0,1,0,0,0,0,0,0,0,0,0,0,0,0,0,0,1,0,0,0
data/external/actions/human_action_recognition/train/000542_calling.jpg,Bingsu/Human_Action_Recognition,calling,1,0,0,0,0,0,0,0,0,0,0,0,0,0,0,0,1,0,0,0
data/external/actions/human_action_recognition/train/000543_drinking.jpg,Bingsu/Human_Action_Recognition,drinking,0,0,0,0,0,0,0,0,0,0,0,0,0,0,1,0,0,0,0,0
data/external/actions/human_action_recognition/train/000544_eating.jpg,Bingsu/Human_Action_Recognition,eating,0,0,0,0,0,0,0,0,0,0,0,0,0,1,0,0,0,0,0,0
data/external/actions/human_action_recognition/train/000545_hugging.jpg,Bingsu/Human_Action_Recognition,hugging,1,0,0,0,0,0,0,0,0,0,0,0,0,0,0,0,1,0,0,0
data/external/actions/human_action_recognition/train/000546_sitting.jpg,Bingsu/Human_Action_Recognition,sitting,0,1,0,0,0,0,0,0,0,0,0,0,0,0,0,0,1,0,0,0
data/external/actions/human_action_recognition/train/000547_sitting.jpg,Bingsu/Human_Action_Recognition,sitting,0,1,0,0,0,0,0,0,0,0,0,0,0,0,0,0,1,0,0,0
data/external/actions/human_action_recognition/train/000548_texting.jpg,Bingsu/Human_Action_Recognition,texting,0,1,0,0,0,0,0,0,0,0,0,0,0,0,0,0,1,0,0,0
data/external/actions/human_action_recognition/train/000549_sitting.jpg,Bingsu/Human_Action_Recognition,sitting,0,1,0,0,0,0,0,0,0,0,0,0,0,0,0,0,1,0,0,0
data/external/actions/human_action_recognition/train/000550_cycling.jpg,Bingsu/Human_Action_Recognition,cycling,0,0,0,0,0,0,0,0,1,0,0,0,0,0,0,0,0,1,0,0
data/external/actions/human_action_recognition/train/000551_laughing.jpg,Bingsu/Human_Action_Recognition,laughing,1,0,0,0,0,0,0,0,0,0,0,0,0,0,0,0,1,0,0,0
data/external/actions/human_action_recognition/train/000552_calling.jpg,Bingsu/Human_Action_Recognition,calling,1,0,0,0,0,0,0,0,0,0,0,0,0,0,0,0,1,0,0,0
data/external/actions/human_action_recognition/train/000553_calling.jpg,Bingsu/Human_Action_Recognition,calling,1,0,0,0,0,0,0,0,0,0,0,0,0,0,0,0,1,0,0,0
data/external/actions/human_action_recognition/train/000554_sitting.jpg,Bingsu/Human_Action_Recognition,sitting,0,1,0,0,0,0,0,0,0,0,0,0,0,0,0,0,1,0,0,0
data/external/actions/human_action_recognition/train/000555_hugging.jpg,Bingsu/Human_Action_Recognition,hugging,1,0,0,0,0,0,0,0,0,0,0,0,0,0,0,0,1,0,0,0
data/external/actions/human_action_recognition/train/000556_running.jpg,Bingsu/Human_Action_Recognition,running,0,0,0,0,0,0,1,0,0,0,0,0,0,0,0,0,0,1,1,0
data/external/actions/human_action_recognition/train/000557_sleeping.jpg,Bingsu/Human_Action_Recognition,sleeping,0,0,1,0,0,0,0,0,0,0,0,0,0,0,0,0,1,0,0,0
data/external/actions/human_action_recognition/train/000558_dancing.jpg,Bingsu/Human_Action_Recognition,dancing,0,0,0,0,0,0,0,0,0,0,1,0,0,0,0,0,0,1,0,0
data/external/actions/human_action_recognition/train/000559_calling.jpg,Bingsu/Human_Action_Recognition,calling,1,0,0,0,0,0,0,0,0,0,0,0,0,0,0,0,1,0,0,0
data/external/actions/human_action_recognition/train/000560_calling.jpg,Bingsu/Human_Action_Recognition,calling,1,0,0,0,0,0,0,0,0,0,0,0,0,0,0,0,1,0,0,0
data/external/actions/human_action_recognition/train/000561_calling.jpg,Bingsu/Human_Action_Recognition,calling,1,0,0,0,0,0,0,0,0,0,0,0,0,0,0,0,1,0,0,0
data/external/actions/human_action_recognition/train/000562_clapping.jpg,Bingsu/Human_Action_Recognition,clapping,0,0,0,0,1,0,0,0,0,0,0,0,0,0,0,0,0,1,0,0
data/external/actions/human_action_recognition/train/000563_running.jpg,Bingsu/Human_Action_Recognition,running,0,0,0,0,0,0,1,0,0,0,0,0,0,0,0,0,0,1,1,0
data/external/actions/human_action_recognition/train/000564_dancing.jpg,Bingsu/Human_Action_Recognition,dancing,0,0,0,0,0,0,0,0,0,0,1,0,0,0,0,0,0,1,0,0
data/external/actions/human_action_recognition/train/000565_dancing.jpg,Bingsu/Human_Action_Recognition,dancing,0,0,0,0,0,0,0,0,0,0,1,0,0,0,0,0,0,1,0,0
data/external/actions/human_action_recognition/train/000566_laughing.jpg,Bingsu/Human_Action_Recognition,laughing,1,0,0,0,0,0,0,0,0,0,0,0,0,0,0,0,1,0,0,0
data/external/actions/human_action_recognition/train/000567_hugging.jpg,Bingsu/Human_Action_Recognition,hugging,1,0,0,0,0,0,0,0,0,0,0,0,0,0,0,0,1,0,0,0
data/external/actions/human_action_recognition/train/000568_sleeping.jpg,Bingsu/Human_Action_Recognition,sleeping,0,0,1,0,0,0,0,0,0,0,0,0,0,0,0,0,1,0,0,0
data/external/actions/human_action_recognition/train/000569_dancing.jpg,Bingsu/Human_Action_Recognition,dancing,0,0,0,0,0,0,0,0,0,0,1,0,0,0,0,0,0,1,0,0
data/external/actions/human_action_recognition/train/000570_drinking.jpg,Bingsu/Human_Action_Recognition,drinking,0,0,0,0,0,0,0,0,0,0,0,0,0,0,1,0,0,0,0,0
data/external/actions/human_action_recognition/train/000571_clapping.jpg,Bingsu/Human_Action_Recognition,clapping,0,0,0,0,1,0,0,0,0,0,0,0,0,0,0,0,0,1,0,0
data/external/actions/human_action_recognition/train/000572_sitting.jpg,Bingsu/Human_Action_Recognition,sitting,0,1,0,0,0,0,0,0,0,0,0,0,0,0,0,0,1,0,0,0
data/external/actions/human_action_recognition/train/000573_laughing.jpg,Bingsu/Human_Action_Recognition,laughing,1,0,0,0,0,0,0,0,0,0,0,0,0,0,0,0,1,0,0,0
data/external/actions/human_action_recognition/train/000574_eating.jpg,Bingsu/Human_Action_Recognition,eating,0,0,0,0,0,0,0,0,0,0,0,0,0,1,0,0,0,0,0,0
data/external/actions/human_action_recognition/train/000575_dancing.jpg,Bingsu/Human_Action_Recognition,dancing,0,0,0,0,0,0,0,0,0,0,1,0,0,0,0,0,0,1,0,0
data/external/actions/human_action_recognition/train/000576_fighting.jpg,Bingsu/Human_Action_Recognition,fighting,0,0,0,0,0,0,0,0,0,0,0,0,0,0,0,0,0,1,1,0
data/external/actions/human_action_recognition/train/000577_cycling.jpg,Bingsu/Human_Action_Recognition,cycling,0,0,0,0,0,0,0,0,1,0,0,0,0,0,0,0,0,1,0,0
data/external/actions/human_action_recognition/train/000578_fighting.jpg,Bingsu/Human_Action_Recognition,fighting,0,0,0,0,0,0,0,0,0,0,0,0,0,0,0,0,0,1,1,0
data/external/actions/human_action_recognition/train/000579_clapping.jpg,Bingsu/Human_Action_Recognition,clapping,0,0,0,0,1,0,0,0,0,0,0,0,0,0,0,0,0,1,0,0
data/external/actions/human_action_recognition/train/000580_dancing.jpg,Bingsu/Human_Action_Recognition,dancing,0,0,0,0,0,0,0,0,0,0,1,0,0,0,0,0,0,1,0,0
data/external/actions/human_action_recognition/train/000581_running.jpg,Bingsu/Human_Action_Recognition,running,0,0,0,0,0,0,1,0,0,0,0,0,0,0,0,0,0,1,1,0
data/external/actions/human_action_recognition/train/000582_dancing.jpg,Bingsu/Human_Action_Recognition,dancing,0,0,0,0,0,0,0,0,0,0,1,0,0,0,0,0,0,1,0,0
data/external/actions/human_action_recognition/train/000583_laughing.jpg,Bingsu/Human_Action_Recognition,laughing,1,0,0,0,0,0,0,0,0,0,0,0,0,0,0,0,1,0,0,0
data/external/actions/human_action_recognition/train/000584_running.jpg,Bingsu/Human_Action_Recognition,running,0,0,0,0,0,0,1,0,0,0,0,0,0,0,0,0,0,1,1,0
data/external/actions/human_action_recognition/train/000585_eating.jpg,Bingsu/Human_Action_Recognition,eating,0,0,0,0,0,0,0,0,0,0,0,0,0,1,0,0,0,0,0,0
data/external/actions/human_action_recognition/train/000586_fighting.jpg,Bingsu/Human_Action_Recognition,fighting,0,0,0,0,0,0,0,0,0,0,0,0,0,0,0,0,0,1,1,0
data/external/actions/human_action_recognition/train/000587_sitting.jpg,Bingsu/Human_Action_Recognition,sitting,0,1,0,0,0,0,0,0,0,0,0,0,0,0,0,0,1,0,0,0
data/external/actions/human_action_recognition/train/000588_sitting.jpg,Bingsu/Human_Action_Recognition,sitting,0,1,0,0,0,0,0,0,0,0,0,0,0,0,0,0,1,0,0,0
data/external/actions/human_action_recognition/train/000589_dancing.jpg,Bingsu/Human_Action_Recognition,dancing,0,0,0,0,0,0,0,0,0,0,1,0,0,0,0,0,0,1,0,0
data/external/actions/human_action_recognition/train/000590_calling.jpg,Bingsu/Human_Action_Recognition,calling,1,0,0,0,0,0,0,0,0,0,0,0,0,0,0,0,1,0,0,0
data/external/actions/human_action_recognition/train/000591_sitting.jpg,Bingsu/Human_Action_Recognition,sitting,0,1,0,0,0,0,0,0,0,0,0,0,0,0,0,0,1,0,0,0
data/external/actions/human_action_recognition/train/000592_cycling.jpg,Bingsu/Human_Action_Recognition,cycling,0,0,0,0,0,0,0,0,1,0,0,0,0,0,0,0,0,1,0,0
data/external/actions/human_action_recognition/train/000593_cycling.jpg,Bingsu/Human_Action_Recognition,cycling,0,0,0,0,0,0,0,0,1,0,0,0,0,0,0,0,0,1,0,0
data/external/actions/human_action_recognition/train/000594_cycling.jpg,Bingsu/Human_Action_Recognition,cycling,0,0,0,0,0,0,0,0,1,0,0,0,0,0,0,0,0,1,0,0
data/external/actions/human_action_recognition/train/000595_eating.jpg,Bingsu/Human_Action_Recognition,eating,0,0,0,0,0,0,0,0,0,0,0,0,0,1,0,0,0,0,0,0
data/external/actions/human_action_recognition/train/000596_sitting.jpg,Bingsu/Human_Action_Recognition,sitting,0,1,0,0,0,0,0,0,0,0,0,0,0,0,0,0,1,0,0,0
data/external/actions/human_action_recognition/train/000597_clapping.jpg,Bingsu/Human_Action_Recognition,clapping,0,0,0,0,1,0,0,0,0,0,0,0,0,0,0,0,0,1,0,0
data/external/actions/human_action_recognition/train/000598_listening_to_music.jpg,Bingsu/Human_Action_Recognition,listening_to_music,0,1,0,0,0,0,0,0,0,0,0,0,0,0,0,0,1,0,0,0
data/external/actions/human_action_recognition/train/000599_cycling.jpg,Bingsu/Human_Action_Recognition,cycling,0,0,0,0,0,0,0,0,1,0,0,0,0,0,0,0,0,1,0,0
data/external/actions/human_action_recognition/train/000600_hugging.jpg,Bingsu/Human_Action_Recognition,hugging,1,0,0,0,0,0,0,0,0,0,0,0,0,0,0,0,1,0,0,0
data/external/actions/human_action_recognition/train/000601_laughing.jpg,Bingsu/Human_Action_Recognition,laughing,1,0,0,0,0,0,0,0,0,0,0,0,0,0,0,0,1,0,0,0
data/external/actions/human_action_recognition/train/000602_sleeping.jpg,Bingsu/Human_Action_Recognition,sleeping,0,0,1,0,0,0,0,0,0,0,0,0,0,0,0,0,1,0,0,0
data/external/actions/human_action_recognition/train/000603_running.jpg,Bingsu/Human_Action_Recognition,running,0,0,0,0,0,0,1,0,0,0,0,0,0,0,0,0,0,1,1,0
data/external/actions/human_action_recognition/train/000604_texting.jpg,Bingsu/Human_Action_Recognition,texting,0,1,0,0,0,0,0,0,0,0,0,0,0,0,0,0,1,0,0,0
data/external/actions/human_action_recognition/train/000605_laughing.jpg,Bingsu/Human_Action_Recognition,laughing,1,0,0,0,0,0,0,0,0,0,0,0,0,0,0,0,1,0,0,0
data/external/actions/human_action_recognition/train/000606_listening_to_music.jpg,Bingsu/Human_Action_Recognition,listening_to_music,0,1,0,0,0,0,0,0,0,0,0,0,0,0,0,0,1,0,0,0
data/external/actions/human_action_recognition/train/000607_sleeping.jpg,Bingsu/Human_Action_Recognition,sleeping,0,0,1,0,0,0,0,0,0,0,0,0,0,0,0,0,1,0,0,0
data/external/actions/human_action_recognition/train/000608_texting.jpg,Bingsu/Human_Action_Recognition,texting,0,1,0,0,0,0,0,0,0,0,0,0,0,0,0,0,1,0,0,0
data/external/actions/human_action_recognition/train/000609_cycling.jpg,Bingsu/Human_Action_Recognition,cycling,0,0,0,0,0,0,0,0,1,0,0,0,0,0,0,0,0,1,0,0
data/external/actions/human_action_recognition/train/000610_using_laptop.jpg,Bingsu/Human_Action_Recognition,using_laptop,0,1,0,0,0,0,0,0,0,0,0,0,1,0,0,0,1,0,0,0
data/external/actions/human_action_recognition/train/000611_sitting.jpg,Bingsu/Human_Action_Recognition,sitting,0,1,0,0,0,0,0,0,0,0,0,0,0,0,0,0,1,0,0,0
data/external/actions/human_action_recognition/train/000612_laughing.jpg,Bingsu/Human_Action_Recognition,laughing,1,0,0,0,0,0,0,0,0,0,0,0,0,0,0,0,1,0,0,0
data/external/actions/human_action_recognition/train/000613_running.jpg,Bingsu/Human_Action_Recognition,running,0,0,0,0,0,0,1,0,0,0,0,0,0,0,0,0,0,1,1,0
data/external/actions/human_action_recognition/train/000614_using_laptop.jpg,Bingsu/Human_Action_Recognition,using_laptop,0,1,0,0,0,0,0,0,0,0,0,0,1,0,0,0,1,0,0,0
data/external/actions/human_action_recognition/train/000615_running.jpg,Bingsu/Human_Action_Recognition,running,0,0,0,0,0,0,1,0,0,0,0,0,0,0,0,0,0,1,1,0
data/external/actions/human_action_recognition/train/000616_texting.jpg,Bingsu/Human_Action_Recognition,texting,0,1,0,0,0,0,0,0,0,0,0,0,0,0,0,0,1,0,0,0
data/external/actions/human_action_recognition/train/000617_sitting.jpg,Bingsu/Human_Action_Recognition,sitting,0,1,0,0,0,0,0,0,0,0,0,0,0,0,0,0,1,0,0,0
data/external/actions/human_action_recognition/train/000618_running.jpg,Bingsu/Human_Action_Recognition,running,0,0,0,0,0,0,1,0,0,0,0,0,0,0,0,0,0,1,1,0
data/external/actions/human_action_recognition/train/000619_running.jpg,Bingsu/Human_Action_Recognition,running,0,0,0,0,0,0,1,0,0,0,0,0,0,0,0,0,0,1,1,0
data/external/actions/human_action_recognition/train/000620_fighting.jpg,Bingsu/Human_Action_Recognition,fighting,0,0,0,0,0,0,0,0,0,0,0,0,0,0,0,0,0,1,1,0
data/external/actions/human_action_recognition/train/000621_calling.jpg,Bingsu/Human_Action_Recognition,calling,1,0,0,0,0,0,0,0,0,0,0,0,0,0,0,0,1,0,0,0
data/external/actions/human_action_recognition/train/000622_hugging.jpg,Bingsu/Human_Action_Recognition,hugging,1,0,0,0,0,0,0,0,0,0,0,0,0,0,0,0,1,0,0,0
data/external/actions/human_action_recognition/train/000623_hugging.jpg,Bingsu/Human_Action_Recognition,hugging,1,0,0,0,0,0,0,0,0,0,0,0,0,0,0,0,1,0,0,0
data/external/actions/human_action_recognition/train/000624_clapping.jpg,Bingsu/Human_Action_Recognition,clapping,0,0,0,0,1,0,0,0,0,0,0,0,0,0,0,0,0,1,0,0
data/external/actions/human_action_recognition/train/000625_drinking.jpg,Bingsu/Human_Action_Recognition,drinking,0,0,0,0,0,0,0,0,0,0,0,0,0,0,1,0,0,0,0,0
data/external/actions/human_action_recognition/train/000626_fighting.jpg,Bingsu/Human_Action_Recognition,fighting,0,0,0,0,0,0,0,0,0,0,0,0,0,0,0,0,0,1,1,0
data/external/actions/human_action_recognition/train/000627_cycling.jpg,Bingsu/Human_Action_Recognition,cycling,0,0,0,0,0,0,0,0,1,0,0,0,0,0,0,0,0,1,0,0
data/external/actions/human_action_recognition/train/000628_listening_to_music.jpg,Bingsu/Human_Action_Recognition,listening_to_music,0,1,0,0,0,0,0,0,0,0,0,0,0,0,0,0,1,0,0,0
data/external/actions/human_action_recognition/train/000629_hugging.jpg,Bingsu/Human_Action_Recognition,hugging,1,0,0,0,0,0,0,0,0,0,0,0,0,0,0,0,1,0,0,0
data/external/actions/human_action_recognition/train/000630_drinking.jpg,Bingsu/Human_Action_Recognition,drinking,0,0,0,0,0,0,0,0,0,0,0,0,0,0,1,0,0,0,0,0
data/external/actions/human_action_recognition/train/000631_cycling.jpg,Bingsu/Human_Action_Recognition,cycling,0,0,0,0,0,0,0,0,1,0,0,0,0,0,0,0,0,1,0,0
data/external/actions/human_action_recognition/train/000632_clapping.jpg,Bingsu/Human_Action_Recognition,clapping,0,0,0,0,1,0,0,0,0,0,0,0,0,0,0,0,0,1,0,0
data/external/actions/human_action_recognition/train/000633_clapping.jpg,Bingsu/Human_Action_Recognition,clapping,0,0,0,0,1,0,0,0,0,0,0,0,0,0,0,0,0,1,0,0
data/external/actions/human_action_recognition/train/000634_running.jpg,Bingsu/Human_Action_Recognition,running,0,0,0,0,0,0,1,0,0,0,0,0,0,0,0,0,0,1,1,0
data/external/actions/human_action_recognition/train/000635_eating.jpg,Bingsu/Human_Action_Recognition,eating,0,0,0,0,0,0,0,0,0,0,0,0,0,1,0,0,0,0,0,0
data/external/actions/human_action_recognition/train/000636_clapping.jpg,Bingsu/Human_Action_Recognition,clapping,0,0,0,0,1,0,0,0,0,0,0,0,0,0,0,0,0,1,0,0
data/external/actions/human_action_recognition/train/000637_calling.jpg,Bingsu/Human_Action_Recognition,calling,1,0,0,0,0,0,0,0,0,0,0,0,0,0,0,0,1,0,0,0
data/external/actions/human_action_recognition/train/000638_eating.jpg,Bingsu/Human_Action_Recognition,eating,0,0,0,0,0,0,0,0,0,0,0,0,0,1,0,0,0,0,0,0
data/external/actions/human_action_recognition/train/000639_using_laptop.jpg,Bingsu/Human_Action_Recognition,using_laptop,0,1,0,0,0,0,0,0,0,0,0,0,1,0,0,0,1,0,0,0
data/external/actions/human_action_recognition/train/000640_running.jpg,Bingsu/Human_Action_Recognition,running,0,0,0,0,0,0,1,0,0,0,0,0,0,0,0,0,0,1,1,0
data/external/actions/human_action_recognition/train/000641_cycling.jpg,Bingsu/Human_Action_Recognition,cycling,0,0,0,0,0,0,0,0,1,0,0,0,0,0,0,0,0,1,0,0
data/external/actions/human_action_recognition/train/000642_using_laptop.jpg,Bingsu/Human_Action_Recognition,using_laptop,0,1,0,0,0,0,0,0,0,0,0,0,1,0,0,0,1,0,0,0
data/external/actions/human_action_recognition/train/000643_using_laptop.jpg,Bingsu/Human_Action_Recognition,using_laptop,0,1,0,0,0,0,0,0,0,0,0,0,1,0,0,0,1,0,0,0
data/external/actions/human_action_recognition/train/000644_clapping.jpg,Bingsu/Human_Action_Recognition,clapping,0,0,0,0,1,0,0,0,0,0,0,0,0,0,0,0,0,1,0,0
data/external/actions/human_action_recognition/train/000645_fighting.jpg,Bingsu/Human_Action_Recognition,fighting,0,0,0,0,0,0,0,0,0,0,0,0,0,0,0,0,0,1,1,0
data/external/actions/human_action_recognition/train/000646_cycling.jpg,Bingsu/Human_Action_Recognition,cycling,0,0,0,0,0,0,0,0,1,0,0,0,0,0,0,0,0,1,0,0
data/external/actions/human_action_recognition/train/000647_laughing.jpg,Bingsu/Human_Action_Recognition,laughing,1,0,0,0,0,0,0,0,0,0,0,0,0,0,0,0,1,0,0,0
data/external/actions/human_action_recognition/train/000648_laughing.jpg,Bingsu/Human_Action_Recognition,laughing,1,0,0,0,0,0,0,0,0,0,0,0,0,0,0,0,1,0,0,0
data/external/actions/human_action_recognition/train/000649_calling.jpg,Bingsu/Human_Action_Recognition,calling,1,0,0,0,0,0,0,0,0,0,0,0,0,0,0,0,1,0,0,0
data/external/actions/human_action_recognition/train/000650_fighting.jpg,Bingsu/Human_Action_Recognition,fighting,0,0,0,0,0,0,0,0,0,0,0,0,0,0,0,0,0,1,1,0
data/external/actions/human_action_recognition/train/000651_calling.jpg,Bingsu/Human_Action_Recognition,calling,1,0,0,0,0,0,0,0,0,0,0,0,0,0,0,0,1,0,0,0
data/external/actions/human_action_recognition/train/000652_dancing.jpg,Bingsu/Human_Action_Recognition,dancing,0,0,0,0,0,0,0,0,0,0,1,0,0,0,0,0,0,1,0,0
data/external/actions/human_action_recognition/train/000653_hugging.jpg,Bingsu/Human_Action_Recognition,hugging,1,0,0,0,0,0,0,0,0,0,0,0,0,0,0,0,1,0,0,0
data/external/actions/human_action_recognition/train/000654_clapping.jpg,Bingsu/Human_Action_Recognition,clapping,0,0,0,0,1,0,0,0,0,0,0,0,0,0,0,0,0,1,0,0
data/external/actions/human_action_recognition/train/000655_drinking.jpg,Bingsu/Human_Action_Recognition,drinking,0,0,0,0,0,0,0,0,0,0,0,0,0,0,1,0,0,0,0,0
data/external/actions/human_action_recognition/train/000656_sitting.jpg,Bingsu/Human_Action_Recognition,sitting,0,1,0,0,0,0,0,0,0,0,0,0,0,0,0,0,1,0,0,0
data/external/actions/human_action_recognition/train/000657_hugging.jpg,Bingsu/Human_Action_Recognition,hugging,1,0,0,0,0,0,0,0,0,0,0,0,0,0,0,0,1,0,0,0
data/external/actions/human_action_recognition/train/000658_laughing.jpg,Bingsu/Human_Action_Recognition,laughing,1,0,0,0,0,0,0,0,0,0,0,0,0,0,0,0,1,0,0,0
data/external/actions/human_action_recognition/train/000659_laughing.jpg,Bingsu/Human_Action_Recognition,laughing,1,0,0,0,0,0,0,0,0,0,0,0,0,0,0,0,1,0,0,0
data/external/actions/human_action_recognition/train/000660_listening_to_music.jpg,Bingsu/Human_Action_Recognition,listening_to_music,0,1,0,0,0,0,0,0,0,0,0,0,0,0,0,0,1,0,0,0
data/external/actions/human_action_recognition/train/000661_sleeping.jpg,Bingsu/Human_Action_Recognition,sleeping,0,0,1,0,0,0,0,0,0,0,0,0,0,0,0,0,1,0,0,0
data/external/actions/human_action_recognition/train/000662_cycling.jpg,Bingsu/Human_Action_Recognition,cycling,0,0,0,0,0,0,0,0,1,0,0,0,0,0,0,0,0,1,0,0
data/external/actions/human_action_recognition/train/000663_hugging.jpg,Bingsu/Human_Action_Recognition,hugging,1,0,0,0,0,0,0,0,0,0,0,0,0,0,0,0,1,0,0,0
data/external/actions/human_action_recognition/train/000664_sleeping.jpg,Bingsu/Human_Action_Recognition,sleeping,0,0,1,0,0,0,0,0,0,0,0,0,0,0,0,0,1,0,0,0
data/external/actions/human_action_recognition/train/000665_sitting.jpg,Bingsu/Human_Action_Recognition,sitting,0,1,0,0,0,0,0,0,0,0,0,0,0,0,0,0,1,0,0,0
data/external/actions/human_action_recognition/train/000666_using_laptop.jpg,Bingsu/Human_Action_Recognition,using_laptop,0,1,0,0,0,0,0,0,0,0,0,0,1,0,0,0,1,0,0,0
data/external/actions/human_action_recognition/train/000667_drinking.jpg,Bingsu/Human_Action_Recognition,drinking,0,0,0,0,0,0,0,0,0,0,0,0,0,0,1,0,0,0,0,0
data/external/actions/human_action_recognition/train/000668_hugging.jpg,Bingsu/Human_Action_Recognition,hugging,1,0,0,0,0,0,0,0,0,0,0,0,0,0,0,0,1,0,0,0
data/external/actions/human_action_recognition/train/000669_clapping.jpg,Bingsu/Human_Action_Recognition,clapping,0,0,0,0,1,0,0,0,0,0,0,0,0,0,0,0,0,1,0,0
data/external/actions/human_action_recognition/train/000670_running.jpg,Bingsu/Human_Action_Recognition,running,0,0,0,0,0,0,1,0,0,0,0,0,0,0,0,0,0,1,1,0
data/external/actions/human_action_recognition/train/000671_running.jpg,Bingsu/Human_Action_Recognition,running,0,0,0,0,0,0,1,0,0,0,0,0,0,0,0,0,0,1,1,0
data/external/actions/human_action_recognition/train/000672_sitting.jpg,Bingsu/Human_Action_Recognition,sitting,0,1,0,0,0,0,0,0,0,0,0,0,0,0,0,0,1,0,0,0
data/external/actions/human_action_recognition/train/000673_fighting.jpg,Bingsu/Human_Action_Recognition,fighting,0,0,0,0,0,0,0,0,0,0,0,0,0,0,0,0,0,1,1,0
data/external/actions/human_action_recognition/train/000674_texting.jpg,Bingsu/Human_Action_Recognition,texting,0,1,0,0,0,0,0,0,0,0,0,0,0,0,0,0,1,0,0,0
data/external/actions/human_action_recognition/train/000675_texting.jpg,Bingsu/Human_Action_Recognition,texting,0,1,0,0,0,0,0,0,0,0,0,0,0,0,0,0,1,0,0,0
data/external/actions/human_action_recognition/train/000676_running.jpg,Bingsu/Human_Action_Recognition,running,0,0,0,0,0,0,1,0,0,0,0,0,0,0,0,0,0,1,1,0
data/external/actions/human_action_recognition/train/000677_texting.jpg,Bingsu/Human_Action_Recognition,texting,0,1,0,0,0,0,0,0,0,0,0,0,0,0,0,0,1,0,0,0
data/external/actions/human_action_recognition/train/000678_cycling.jpg,Bingsu/Human_Action_Recognition,cycling,0,0,0,0,0,0,0,0,1,0,0,0,0,0,0,0,0,1,0,0
data/external/actions/human_action_recognition/train/000679_listening_to_music.jpg,Bingsu/Human_Action_Recognition,listening_to_music,0,1,0,0,0,0,0,0,0,0,0,0,0,0,0,0,1,0,0,0
data/external/actions/human_action_recognition/train/000680_drinking.jpg,Bingsu/Human_Action_Recognition,drinking,0,0,0,0,0,0,0,0,0,0,0,0,0,0,1,0,0,0,0,0
data/external/actions/human_action_recognition/train/000681_clapping.jpg,Bingsu/Human_Action_Recognition,clapping,0,0,0,0,1,0,0,0,0,0,0,0,0,0,0,0,0,1,0,0
data/external/actions/human_action_recognition/train/000682_hugging.jpg,Bingsu/Human_Action_Recognition,hugging,1,0,0,0,0,0,0,0,0,0,0,0,0,0,0,0,1,0,0,0
data/external/actions/human_action_recognition/train/000683_running.jpg,Bingsu/Human_Action_Recognition,running,0,0,0,0,0,0,1,0,0,0,0,0,0,0,0,0,0,1,1,0
data/external/actions/human_action_recognition/train/000684_drinking.jpg,Bingsu/Human_Action_Recognition,drinking,0,0,0,0,0,0,0,0,0,0,0,0,0,0,1,0,0,0,0,0
data/external/actions/human_action_recognition/train/000685_sleeping.jpg,Bingsu/Human_Action_Recognition,sleeping,0,0,1,0,0,0,0,0,0,0,0,0,0,0,0,0,1,0,0,0
data/external/actions/human_action_recognition/train/000686_cycling.jpg,Bingsu/Human_Action_Recognition,cycling,0,0,0,0,0,0,0,0,1,0,0,0,0,0,0,0,0,1,0,0
data/external/actions/human_action_recognition/train/000687_cycling.jpg,Bingsu/Human_Action_Recognition,cycling,0,0,0,0,0,0,0,0,1,0,0,0,0,0,0,0,0,1,0,0
data/external/actions/human_action_recognition/train/000688_hugging.jpg,Bingsu/Human_Action_Recognition,hugging,1,0,0,0,0,0,0,0,0,0,0,0,0,0,0,0,1,0,0,0
data/external/actions/human_action_recognition/train/000689_listening_to_music.jpg,Bingsu/Human_Action_Recognition,listening_to_music,0,1,0,0,0,0,0,0,0,0,0,0,0,0,0,0,1,0,0,0
data/external/actions/human_action_recognition/train/000690_dancing.jpg,Bingsu/Human_Action_Recognition,dancing,0,0,0,0,0,0,0,0,0,0,1,0,0,0,0,0,0,1,0,0
data/external/actions/human_action_recognition/train/000691_drinking.jpg,Bingsu/Human_Action_Recognition,drinking,0,0,0,0,0,0,0,0,0,0,0,0,0,0,1,0,0,0,0,0
data/external/actions/human_action_recognition/train/000692_listening_to_music.jpg,Bingsu/Human_Action_Recognition,listening_to_music,0,1,0,0,0,0,0,0,0,0,0,0,0,0,0,0,1,0,0,0
data/external/actions/human_action_recognition/train/000693_hugging.jpg,Bingsu/Human_Action_Recognition,hugging,1,0,0,0,0,0,0,0,0,0,0,0,0,0,0,0,1,0,0,0
data/external/actions/human_action_recognition/train/000694_eating.jpg,Bingsu/Human_Action_Recognition,eating,0,0,0,0,0,0,0,0,0,0,0,0,0,1,0,0,0,0,0,0
data/external/actions/human_action_recognition/train/000695_fighting.jpg,Bingsu/Human_Action_Recognition,fighting,0,0,0,0,0,0,0,0,0,0,0,0,0,0,0,0,0,1,1,0
data/external/actions/human_action_recognition/train/000696_sleeping.jpg,Bingsu/Human_Action_Recognition,sleeping,0,0,1,0,0,0,0,0,0,0,0,0,0,0,0,0,1,0,0,0
data/external/actions/human_action_recognition/train/000697_texting.jpg,Bingsu/Human_Action_Recognition,texting,0,1,0,0,0,0,0,0,0,0,0,0,0,0,0,0,1,0,0,0
data/external/actions/human_action_recognition/train/000698_fighting.jpg,Bingsu/Human_Action_Recognition,fighting,0,0,0,0,0,0,0,0,0,0,0,0,0,0,0,0,0,1,1,0
data/external/actions/human_action_recognition/train/000699_drinking.jpg,Bingsu/Human_Action_Recognition,drinking,0,0,0,0,0,0,0,0,0,0,0,0,0,0,1,0,0,0,0,0
data/external/actions/human_action_recognition/train/000700_calling.jpg,Bingsu/Human_Action_Recognition,calling,1,0,0,0,0,0,0,0,0,0,0,0,0,0,0,0,1,0,0,0
data/external/actions/human_action_recognition/train/000701_eating.jpg,Bingsu/Human_Action_Recognition,eating,0,0,0,0,0,0,0,0,0,0,0,0,0,1,0,0,0,0,0,0
data/external/actions/human_action_recognition/train/000702_fighting.jpg,Bingsu/Human_Action_Recognition,fighting,0,0,0,0,0,0,0,0,0,0,0,0,0,0,0,0,0,1,1,0
data/external/actions/human_action_recognition/train/000703_calling.jpg,Bingsu/Human_Action_Recognition,calling,1,0,0,0,0,0,0,0,0,0,0,0,0,0,0,0,1,0,0,0
data/external/actions/human_action_recognition/train/000704_using_laptop.jpg,Bingsu/Human_Action_Recognition,using_laptop,0,1,0,0,0,0,0,0,0,0,0,0,1,0,0,0,1,0,0,0
data/external/actions/human_action_recognition/train/000705_drinking.jpg,Bingsu/Human_Action_Recognition,drinking,0,0,0,0,0,0,0,0,0,0,0,0,0,0,1,0,0,0,0,0
data/external/actions/human_action_recognition/train/000706_listening_to_music.jpg,Bingsu/Human_Action_Recognition,listening_to_music,0,1,0,0,0,0,0,0,0,0,0,0,0,0,0,0,1,0,0,0
data/external/actions/human_action_recognition/train/000707_using_laptop.jpg,Bingsu/Human_Action_Recognition,using_laptop,0,1,0,0,0,0,0,0,0,0,0,0,1,0,0,0,1,0,0,0
data/external/actions/human_action_recognition/train/000708_using_laptop.jpg,Bingsu/Human_Action_Recognition,using_laptop,0,1,0,0,0,0,0,0,0,0,0,0,1,0,0,0,1,0,0,0
data/external/actions/human_action_recognition/train/000709_running.jpg,Bingsu/Human_Action_Recognition,running,0,0,0,0,0,0,1,0,0,0,0,0,0,0,0,0,0,1,1,0
data/external/actions/human_action_recognition/train/000710_fighting.jpg,Bingsu/Human_Action_Recognition,fighting,0,0,0,0,0,0,0,0,0,0,0,0,0,0,0,0,0,1,1,0
data/external/actions/human_action_recognition/train/000711_texting.jpg,Bingsu/Human_Action_Recognition,texting,0,1,0,0,0,0,0,0,0,0,0,0,0,0,0,0,1,0,0,0
data/external/actions/human_action_recognition/train/000712_hugging.jpg,Bingsu/Human_Action_Recognition,hugging,1,0,0,0,0,0,0,0,0,0,0,0,0,0,0,0,1,0,0,0
data/external/actions/human_action_recognition/train/000713_sleeping.jpg,Bingsu/Human_Action_Recognition,sleeping,0,0,1,0,0,0,0,0,0,0,0,0,0,0,0,0,1,0,0,0
data/external/actions/human_action_recognition/train/000714_drinking.jpg,Bingsu/Human_Action_Recognition,drinking,0,0,0,0,0,0,0,0,0,0,0,0,0,0,1,0,0,0,0,0
data/external/actions/human_action_recognition/train/000715_listening_to_music.jpg,Bingsu/Human_Action_Recognition,listening_to_music,0,1,0,0,0,0,0,0,0,0,0,0,0,0,0,0,1,0,0,0
data/external/actions/human_action_recognition/train/000716_fighting.jpg,Bingsu/Human_Action_Recognition,fighting,0,0,0,0,0,0,0,0,0,0,0,0,0,0,0,0,0,1,1,0
data/external/actions/human_action_recognition/train/000717_sitting.jpg,Bingsu/Human_Action_Recognition,sitting,0,1,0,0,0,0,0,0,0,0,0,0,0,0,0,0,1,0,0,0
data/external/actions/human_action_recognition/train/000718_drinking.jpg,Bingsu/Human_Action_Recognition,drinking,0,0,0,0,0,0,0,0,0,0,0,0,0,0,1,0,0,0,0,0
data/external/actions/human_action_recognition/train/000719_sleeping.jpg,Bingsu/Human_Action_Recognition,sleeping,0,0,1,0,0,0,0,0,0,0,0,0,0,0,0,0,1,0,0,0
data/external/actions/human_action_recognition/train/000720_eating.jpg,Bingsu/Human_Action_Recognition,eating,0,0,0,0,0,0,0,0,0,0,0,0,0,1,0,0,0,0,0,0
data/external/actions/human_action_recognition/train/000721_using_laptop.jpg,Bingsu/Human_Action_Recognition,using_laptop,0,1,0,0,0,0,0,0,0,0,0,0,1,0,0,0,1,0,0,0
data/external/actions/human_action_recognition/train/000722_running.jpg,Bingsu/Human_Action_Recognition,running,0,0,0,0,0,0,1,0,0,0,0,0,0,0,0,0,0,1,1,0
data/external/actions/human_action_recognition/train/000723_sitting.jpg,Bingsu/Human_Action_Recognition,sitting,0,1,0,0,0,0,0,0,0,0,0,0,0,0,0,0,1,0,0,0
data/external/actions/human_action_recognition/train/000724_clapping.jpg,Bingsu/Human_Action_Recognition,clapping,0,0,0,0,1,0,0,0,0,0,0,0,0,0,0,0,0,1,0,0
data/external/actions/human_action_recognition/train/000725_hugging.jpg,Bingsu/Human_Action_Recognition,hugging,1,0,0,0,0,0,0,0,0,0,0,0,0,0,0,0,1,0,0,0
data/external/actions/human_action_recognition/train/000726_eating.jpg,Bingsu/Human_Action_Recognition,eating,0,0,0,0,0,0,0,0,0,0,0,0,0,1,0,0,0,0,0,0
data/external/actions/human_action_recognition/train/000727_sitting.jpg,Bingsu/Human_Action_Recognition,sitting,0,1,0,0,0,0,0,0,0,0,0,0,0,0,0,0,1,0,0,0
data/external/actions/human_action_recognition/train/000728_calling.jpg,Bingsu/Human_Action_Recognition,calling,1,0,0,0,0,0,0,0,0,0,0,0,0,0,0,0,1,0,0,0
data/external/actions/human_action_recognition/train/000729_eating.jpg,Bingsu/Human_Action_Recognition,eating,0,0,0,0,0,0,0,0,0,0,0,0,0,1,0,0,0,0,0,0
data/external/actions/human_action_recognition/train/000730_listening_to_music.jpg,Bingsu/Human_Action_Recognition,listening_to_music,0,1,0,0,0,0,0,0,0,0,0,0,0,0,0,0,1,0,0,0
data/external/actions/human_action_recognition/train/000731_fighting.jpg,Bingsu/Human_Action_Recognition,fighting,0,0,0,0,0,0,0,0,0,0,0,0,0,0,0,0,0,1,1,0
data/external/actions/human_action_recognition/train/000732_sitting.jpg,Bingsu/Human_Action_Recognition,sitting,0,1,0,0,0,0,0,0,0,0,0,0,0,0,0,0,1,0,0,0
data/external/actions/human_action_recognition/train/000733_listening_to_music.jpg,Bingsu/Human_Action_Recognition,listening_to_music,0,1,0,0,0,0,0,0,0,0,0,0,0,0,0,0,1,0,0,0
data/external/actions/human_action_recognition/train/000734_laughing.jpg,Bingsu/Human_Action_Recognition,laughing,1,0,0,0,0,0,0,0,0,0,0,0,0,0,0,0,1,0,0,0
data/external/actions/human_action_recognition/train/000735_sitting.jpg,Bingsu/Human_Action_Recognition,sitting,0,1,0,0,0,0,0,0,0,0,0,0,0,0,0,0,1,0,0,0
data/external/actions/human_action_recognition/train/000736_cycling.jpg,Bingsu/Human_Action_Recognition,cycling,0,0,0,0,0,0,0,0,1,0,0,0,0,0,0,0,0,1,0,0
data/external/actions/human_action_recognition/train/000737_drinking.jpg,Bingsu/Human_Action_Recognition,drinking,0,0,0,0,0,0,0,0,0,0,0,0,0,0,1,0,0,0,0,0
data/external/actions/human_action_recognition/train/000738_eating.jpg,Bingsu/Human_Action_Recognition,eating,0,0,0,0,0,0,0,0,0,0,0,0,0,1,0,0,0,0,0,0
data/external/actions/human_action_recognition/train/000739_sleeping.jpg,Bingsu/Human_Action_Recognition,sleeping,0,0,1,0,0,0,0,0,0,0,0,0,0,0,0,0,1,0,0,0
data/external/actions/human_action_recognition/train/000740_hugging.jpg,Bingsu/Human_Action_Recognition,hugging,1,0,0,0,0,0,0,0,0,0,0,0,0,0,0,0,1,0,0,0
data/external/actions/human_action_recognition/train/000741_calling.jpg,Bingsu/Human_Action_Recognition,calling,1,0,0,0,0,0,0,0,0,0,0,0,0,0,0,0,1,0,0,0
data/external/actions/human_action_recognition/train/000742_laughing.jpg,Bingsu/Human_Action_Recognition,laughing,1,0,0,0,0,0,0,0,0,0,0,0,0,0,0,0,1,0,0,0
data/external/actions/human_action_recognition/train/000743_texting.jpg,Bingsu/Human_Action_Recognition,texting,0,1,0,0,0,0,0,0,0,0,0,0,0,0,0,0,1,0,0,0
data/external/actions/human_action_recognition/train/000744_listening_to_music.jpg,Bingsu/Human_Action_Recognition,listening_to_music,0,1,0,0,0,0,0,0,0,0,0,0,0,0,0,0,1,0,0,0
data/external/actions/human_action_recognition/train/000745_drinking.jpg,Bingsu/Human_Action_Recognition,drinking,0,0,0,0,0,0,0,0,0,0,0,0,0,0,1,0,0,0,0,0
data/external/actions/human_action_recognition/train/000746_calling.jpg,Bingsu/Human_Action_Recognition,calling,1,0,0,0,0,0,0,0,0,0,0,0,0,0,0,0,1,0,0,0
data/external/actions/human_action_recognition/train/000747_listening_to_music.jpg,Bingsu/Human_Action_Recognition,listening_to_music,0,1,0,0,0,0,0,0,0,0,0,0,0,0,0,0,1,0,0,0
data/external/actions/human_action_recognition/train/000748_laughing.jpg,Bingsu/Human_Action_Recognition,laughing,1,0,0,0,0,0,0,0,0,0,0,0,0,0,0,0,1,0,0,0
data/external/actions/human_action_recognition/train/000749_dancing.jpg,Bingsu/Human_Action_Recognition,dancing,0,0,0,0,0,0,0,0,0,0,1,0,0,0,0,0,0,1,0,0
data/external/actions/human_action_recognition/train/000750_laughing.jpg,Bingsu/Human_Action_Recognition,laughing,1,0,0,0,0,0,0,0,0,0,0,0,0,0,0,0,1,0,0,0
data/external/actions/human_action_recognition/train/000751_running.jpg,Bingsu/Human_Action_Recognition,running,0,0,0,0,0,0,1,0,0,0,0,0,0,0,0,0,0,1,1,0
data/external/actions/human_action_recognition/train/000752_cycling.jpg,Bingsu/Human_Action_Recognition,cycling,0,0,0,0,0,0,0,0,1,0,0,0,0,0,0,0,0,1,0,0
data/external/actions/human_action_recognition/train/000753_listening_to_music.jpg,Bingsu/Human_Action_Recognition,listening_to_music,0,1,0,0,0,0,0,0,0,0,0,0,0,0,0,0,1,0,0,0
data/external/actions/human_action_recognition/train/000754_laughing.jpg,Bingsu/Human_Action_Recognition,laughing,1,0,0,0,0,0,0,0,0,0,0,0,0,0,0,0,1,0,0,0
data/external/actions/human_action_recognition/train/000755_laughing.jpg,Bingsu/Human_Action_Recognition,laughing,1,0,0,0,0,0,0,0,0,0,0,0,0,0,0,0,1,0,0,0
data/external/actions/human_action_recognition/train/000756_fighting.jpg,Bingsu/Human_Action_Recognition,fighting,0,0,0,0,0,0,0,0,0,0,0,0,0,0,0,0,0,1,1,0
data/external/actions/human_action_recognition/train/000757_using_laptop.jpg,Bingsu/Human_Action_Recognition,using_laptop,0,1,0,0,0,0,0,0,0,0,0,0,1,0,0,0,1,0,0,0
data/external/actions/human_action_recognition/train/000758_clapping.jpg,Bingsu/Human_Action_Recognition,clapping,0,0,0,0,1,0,0,0,0,0,0,0,0,0,0,0,0,1,0,0
data/external/actions/human_action_recognition/train/000759_dancing.jpg,Bingsu/Human_Action_Recognition,dancing,0,0,0,0,0,0,0,0,0,0,1,0,0,0,0,0,0,1,0,0
data/external/actions/human_action_recognition/train/000760_sitting.jpg,Bingsu/Human_Action_Recognition,sitting,0,1,0,0,0,0,0,0,0,0,0,0,0,0,0,0,1,0,0,0
data/external/actions/human_action_recognition/train/000761_sitting.jpg,Bingsu/Human_Action_Recognition,sitting,0,1,0,0,0,0,0,0,0,0,0,0,0,0,0,0,1,0,0,0
data/external/actions/human_action_recognition/train/000762_eating.jpg,Bingsu/Human_Action_Recognition,eating,0,0,0,0,0,0,0,0,0,0,0,0,0,1,0,0,0,0,0,0
data/external/actions/human_action_recognition/train/000763_using_laptop.jpg,Bingsu/Human_Action_Recognition,using_laptop,0,1,0,0,0,0,0,0,0,0,0,0,1,0,0,0,1,0,0,0
data/external/actions/human_action_recognition/train/000764_running.jpg,Bingsu/Human_Action_Recognition,running,0,0,0,0,0,0,1,0,0,0,0,0,0,0,0,0,0,1,1,0
data/external/actions/human_action_recognition/train/000765_listening_to_music.jpg,Bingsu/Human_Action_Recognition,listening_to_music,0,1,0,0,0,0,0,0,0,0,0,0,0,0,0,0,1,0,0,0
data/external/actions/human_action_recognition/train/000766_sleeping.jpg,Bingsu/Human_Action_Recognition,sleeping,0,0,1,0,0,0,0,0,0,0,0,0,0,0,0,0,1,0,0,0
data/external/actions/human_action_recognition/train/000767_calling.jpg,Bingsu/Human_Action_Recognition,calling,1,0,0,0,0,0,0,0,0,0,0,0,0,0,0,0,1,0,0,0
data/external/actions/human_action_recognition/train/000768_dancing.jpg,Bingsu/Human_Action_Recognition,dancing,0,0,0,0,0,0,0,0,0,0,1,0,0,0,0,0,0,1,0,0
data/external/actions/human_action_recognition/train/000769_sitting.jpg,Bingsu/Human_Action_Recognition,sitting,0,1,0,0,0,0,0,0,0,0,0,0,0,0,0,0,1,0,0,0
data/external/actions/human_action_recognition/train/000770_sleeping.jpg,Bingsu/Human_Action_Recognition,sleeping,0,0,1,0,0,0,0,0,0,0,0,0,0,0,0,0,1,0,0,0
data/external/actions/human_action_recognition/train/000771_drinking.jpg,Bingsu/Human_Action_Recognition,drinking,0,0,0,0,0,0,0,0,0,0,0,0,0,0,1,0,0,0,0,0
data/external/actions/human_action_recognition/train/000772_hugging.jpg,Bingsu/Human_Action_Recognition,hugging,1,0,0,0,0,0,0,0,0,0,0,0,0,0,0,0,1,0,0,0
data/external/actions/human_action_recognition/train/000773_texting.jpg,Bingsu/Human_Action_Recognition,texting,0,1,0,0,0,0,0,0,0,0,0,0,0,0,0,0,1,0,0,0
data/external/actions/human_action_recognition/train/000774_clapping.jpg,Bingsu/Human_Action_Recognition,clapping,0,0,0,0,1,0,0,0,0,0,0,0,0,0,0,0,0,1,0,0
data/external/actions/human_action_recognition/train/000775_drinking.jpg,Bingsu/Human_Action_Recognition,drinking,0,0,0,0,0,0,0,0,0,0,0,0,0,0,1,0,0,0,0,0
data/external/actions/human_action_recognition/train/000776_sleeping.jpg,Bingsu/Human_Action_Recognition,sleeping,0,0,1,0,0,0,0,0,0,0,0,0,0,0,0,0,1,0,0,0
data/external/actions/human_action_recognition/train/000777_hugging.jpg,Bingsu/Human_Action_Recognition,hugging,1,0,0,0,0,0,0,0,0,0,0,0,0,0,0,0,1,0,0,0
data/external/actions/human_action_recognition/train/000778_sleeping.jpg,Bingsu/Human_Action_Recognition,sleeping,0,0,1,0,0,0,0,0,0,0,0,0,0,0,0,0,1,0,0,0
data/external/actions/human_action_recognition/train/000779_dancing.jpg,Bingsu/Human_Action_Recognition,dancing,0,0,0,0,0,0,0,0,0,0,1,0,0,0,0,0,0,1,0,0
data/external/actions/human_action_recognition/train/000780_hugging.jpg,Bingsu/Human_Action_Recognition,hugging,1,0,0,0,0,0,0,0,0,0,0,0,0,0,0,0,1,0,0,0
data/external/actions/human_action_recognition/train/000781_hugging.jpg,Bingsu/Human_Action_Recognition,hugging,1,0,0,0,0,0,0,0,0,0,0,0,0,0,0,0,1,0,0,0
data/external/actions/human_action_recognition/train/000782_eating.jpg,Bingsu/Human_Action_Recognition,eating,0,0,0,0,0,0,0,0,0,0,0,0,0,1,0,0,0,0,0,0
data/external/actions/human_action_recognition/train/000783_dancing.jpg,Bingsu/Human_Action_Recognition,dancing,0,0,0,0,0,0,0,0,0,0,1,0,0,0,0,0,0,1,0,0
data/external/actions/human_action_recognition/train/000784_dancing.jpg,Bingsu/Human_Action_Recognition,dancing,0,0,0,0,0,0,0,0,0,0,1,0,0,0,0,0,0,1,0,0
data/external/actions/human_action_recognition/train/000785_sleeping.jpg,Bingsu/Human_Action_Recognition,sleeping,0,0,1,0,0,0,0,0,0,0,0,0,0,0,0,0,1,0,0,0
data/external/actions/human_action_recognition/train/000786_running.jpg,Bingsu/Human_Action_Recognition,running,0,0,0,0,0,0,1,0,0,0,0,0,0,0,0,0,0,1,1,0
data/external/actions/human_action_recognition/train/000787_cycling.jpg,Bingsu/Human_Action_Recognition,cycling,0,0,0,0,0,0,0,0,1,0,0,0,0,0,0,0,0,1,0,0
data/external/actions/human_action_recognition/train/000788_dancing.jpg,Bingsu/Human_Action_Recognition,dancing,0,0,0,0,0,0,0,0,0,0,1,0,0,0,0,0,0,1,0,0
data/external/actions/human_action_recognition/train/000789_listening_to_music.jpg,Bingsu/Human_Action_Recognition,listening_to_music,0,1,0,0,0,0,0,0,0,0,0,0,0,0,0,0,1,0,0,0
data/external/actions/human_action_recognition/train/000790_sleeping.jpg,Bingsu/Human_Action_Recognition,sleeping,0,0,1,0,0,0,0,0,0,0,0,0,0,0,0,0,1,0,0,0
data/external/actions/human_action_recognition/train/000791_texting.jpg,Bingsu/Human_Action_Recognition,texting,0,1,0,0,0,0,0,0,0,0,0,0,0,0,0,0,1,0,0,0
data/external/actions/human_action_recognition/train/000792_drinking.jpg,Bingsu/Human_Action_Recognition,drinking,0,0,0,0,0,0,0,0,0,0,0,0,0,0,1,0,0,0,0,0
data/external/actions/human_action_recognition/train/000793_using_laptop.jpg,Bingsu/Human_Action_Recognition,using_laptop,0,1,0,0,0,0,0,0,0,0,0,0,1,0,0,0,1,0,0,0
data/external/actions/human_action_recognition/train/000794_laughing.jpg,Bingsu/Human_Action_Recognition,laughing,1,0,0,0,0,0,0,0,0,0,0,0,0,0,0,0,1,0,0,0
data/external/actions/human_action_recognition/train/000795_cycling.jpg,Bingsu/Human_Action_Recognition,cycling,0,0,0,0,0,0,0,0,1,0,0,0,0,0,0,0,0,1,0,0
data/external/actions/human_action_recognition/train/000796_texting.jpg,Bingsu/Human_Action_Recognition,texting,0,1,0,0,0,0,0,0,0,0,0,0,0,0,0,0,1,0,0,0
data/external/actions/human_action_recognition/train/000797_cycling.jpg,Bingsu/Human_Action_Recognition,cycling,0,0,0,0,0,0,0,0,1,0,0,0,0,0,0,0,0,1,0,0
data/external/actions/human_action_recognition/train/000798_hugging.jpg,Bingsu/Human_Action_Recognition,hugging,1,0,0,0,0,0,0,0,0,0,0,0,0,0,0,0,1,0,0,0
data/external/actions/human_action_recognition/train/000799_texting.jpg,Bingsu/Human_Action_Recognition,texting,0,1,0,0,0,0,0,0,0,0,0,0,0,0,0,0,1,0,0,0
data/external/actions/human_action_recognition/train/000800_sleeping.jpg,Bingsu/Human_Action_Recognition,sleeping,0,0,1,0,0,0,0,0,0,0,0,0,0,0,0,0,1,0,0,0
data/external/actions/human_action_recognition/train/000801_drinking.jpg,Bingsu/Human_Action_Recognition,drinking,0,0,0,0,0,0,0,0,0,0,0,0,0,0,1,0,0,0,0,0
data/external/actions/human_action_recognition/train/000802_hugging.jpg,Bingsu/Human_Action_Recognition,hugging,1,0,0,0,0,0,0,0,0,0,0,0,0,0,0,0,1,0,0,0
data/external/actions/human_action_recognition/train/000803_texting.jpg,Bingsu/Human_Action_Recognition,texting,0,1,0,0,0,0,0,0,0,0,0,0,0,0,0,0,1,0,0,0
data/external/actions/human_action_recognition/train/000804_calling.jpg,Bingsu/Human_Action_Recognition,calling,1,0,0,0,0,0,0,0,0,0,0,0,0,0,0,0,1,0,0,0
data/external/actions/human_action_recognition/train/000805_calling.jpg,Bingsu/Human_Action_Recognition,calling,1,0,0,0,0,0,0,0,0,0,0,0,0,0,0,0,1,0,0,0
data/external/actions/human_action_recognition/train/000806_hugging.jpg,Bingsu/Human_Action_Recognition,hugging,1,0,0,0,0,0,0,0,0,0,0,0,0,0,0,0,1,0,0,0
data/external/actions/human_action_recognition/train/000807_drinking.jpg,Bingsu/Human_Action_Recognition,drinking,0,0,0,0,0,0,0,0,0,0,0,0,0,0,1,0,0,0,0,0
data/external/actions/human_action_recognition/train/000808_texting.jpg,Bingsu/Human_Action_Recognition,texting,0,1,0,0,0,0,0,0,0,0,0,0,0,0,0,0,1,0,0,0
data/external/actions/human_action_recognition/train/000809_fighting.jpg,Bingsu/Human_Action_Recognition,fighting,0,0,0,0,0,0,0,0,0,0,0,0,0,0,0,0,0,1,1,0
data/external/actions/human_action_recognition/train/000810_clapping.jpg,Bingsu/Human_Action_Recognition,clapping,0,0,0,0,1,0,0,0,0,0,0,0,0,0,0,0,0,1,0,0
data/external/actions/human_action_recognition/train/000811_hugging.jpg,Bingsu/Human_Action_Recognition,hugging,1,0,0,0,0,0,0,0,0,0,0,0,0,0,0,0,1,0,0,0
data/external/actions/human_action_recognition/train/000812_sitting.jpg,Bingsu/Human_Action_Recognition,sitting,0,1,0,0,0,0,0,0,0,0,0,0,0,0,0,0,1,0,0,0
data/external/actions/human_action_recognition/train/000813_cycling.jpg,Bingsu/Human_Action_Recognition,cycling,0,0,0,0,0,0,0,0,1,0,0,0,0,0,0,0,0,1,0,0
data/external/actions/human_action_recognition/train/000814_cycling.jpg,Bingsu/Human_Action_Recognition,cycling,0,0,0,0,0,0,0,0,1,0,0,0,0,0,0,0,0,1,0,0
data/external/actions/human_action_recognition/train/000815_fighting.jpg,Bingsu/Human_Action_Recognition,fighting,0,0,0,0,0,0,0,0,0,0,0,0,0,0,0,0,0,1,1,0
data/external/actions/human_action_recognition/train/000816_using_laptop.jpg,Bingsu/Human_Action_Recognition,using_laptop,0,1,0,0,0,0,0,0,0,0,0,0,1,0,0,0,1,0,0,0
data/external/actions/human_action_recognition/train/000817_sitting.jpg,Bingsu/Human_Action_Recognition,sitting,0,1,0,0,0,0,0,0,0,0,0,0,0,0,0,0,1,0,0,0
data/external/actions/human_action_recognition/train/000818_using_laptop.jpg,Bingsu/Human_Action_Recognition,using_laptop,0,1,0,0,0,0,0,0,0,0,0,0,1,0,0,0,1,0,0,0
data/external/actions/human_action_recognition/train/000819_using_laptop.jpg,Bingsu/Human_Action_Recognition,using_laptop,0,1,0,0,0,0,0,0,0,0,0,0,1,0,0,0,1,0,0,0
data/external/actions/human_action_recognition/train/000820_running.jpg,Bingsu/Human_Action_Recognition,running,0,0,0,0,0,0,1,0,0,0,0,0,0,0,0,0,0,1,1,0
data/external/actions/human_action_recognition/train/000821_drinking.jpg,Bingsu/Human_Action_Recognition,drinking,0,0,0,0,0,0,0,0,0,0,0,0,0,0,1,0,0,0,0,0
data/external/actions/human_action_recognition/train/000822_clapping.jpg,Bingsu/Human_Action_Recognition,clapping,0,0,0,0,1,0,0,0,0,0,0,0,0,0,0,0,0,1,0,0
data/external/actions/human_action_recognition/train/000823_running.jpg,Bingsu/Human_Action_Recognition,running,0,0,0,0,0,0,1,0,0,0,0,0,0,0,0,0,0,1,1,0
data/external/actions/human_action_recognition/train/000824_sitting.jpg,Bingsu/Human_Action_Recognition,sitting,0,1,0,0,0,0,0,0,0,0,0,0,0,0,0,0,1,0,0,0
data/external/actions/human_action_recognition/train/000825_listening_to_music.jpg,Bingsu/Human_Action_Recognition,listening_to_music,0,1,0,0,0,0,0,0,0,0,0,0,0,0,0,0,1,0,0,0
data/external/actions/human_action_recognition/train/000826_listening_to_music.jpg,Bingsu/Human_Action_Recognition,listening_to_music,0,1,0,0,0,0,0,0,0,0,0,0,0,0,0,0,1,0,0,0
data/external/actions/human_action_recognition/train/000827_sleeping.jpg,Bingsu/Human_Action_Recognition,sleeping,0,0,1,0,0,0,0,0,0,0,0,0,0,0,0,0,1,0,0,0
data/external/actions/human_action_recognition/train/000828_sitting.jpg,Bingsu/Human_Action_Recognition,sitting,0,1,0,0,0,0,0,0,0,0,0,0,0,0,0,0,1,0,0,0
data/external/actions/human_action_recognition/train/000829_dancing.jpg,Bingsu/Human_Action_Recognition,dancing,0,0,0,0,0,0,0,0,0,0,1,0,0,0,0,0,0,1,0,0
data/external/actions/human_action_recognition/train/000830_fighting.jpg,Bingsu/Human_Action_Recognition,fighting,0,0,0,0,0,0,0,0,0,0,0,0,0,0,0,0,0,1,1,0
data/external/actions/human_action_recognition/train/000831_listening_to_music.jpg,Bingsu/Human_Action_Recognition,listening_to_music,0,1,0,0,0,0,0,0,0,0,0,0,0,0,0,0,1,0,0,0
data/external/actions/human_action_recognition/train/000832_eating.jpg,Bingsu/Human_Action_Recognition,eating,0,0,0,0,0,0,0,0,0,0,0,0,0,1,0,0,0,0,0,0
data/external/actions/human_action_recognition/train/000833_listening_to_music.jpg,Bingsu/Human_Action_Recognition,listening_to_music,0,1,0,0,0,0,0,0,0,0,0,0,0,0,0,0,1,0,0,0
data/external/actions/human_action_recognition/train/000834_listening_to_music.jpg,Bingsu/Human_Action_Recognition,listening_to_music,0,1,0,0,0,0,0,0,0,0,0,0,0,0,0,0,1,0,0,0
data/external/actions/human_action_recognition/train/000835_clapping.jpg,Bingsu/Human_Action_Recognition,clapping,0,0,0,0,1,0,0,0,0,0,0,0,0,0,0,0,0,1,0,0
data/external/actions/human_action_recognition/train/000836_eating.jpg,Bingsu/Human_Action_Recognition,eating,0,0,0,0,0,0,0,0,0,0,0,0,0,1,0,0,0,0,0,0
data/external/actions/human_action_recognition/train/000837_drinking.jpg,Bingsu/Human_Action_Recognition,drinking,0,0,0,0,0,0,0,0,0,0,0,0,0,0,1,0,0,0,0,0
data/external/actions/human_action_recognition/train/000838_texting.jpg,Bingsu/Human_Action_Recognition,texting,0,1,0,0,0,0,0,0,0,0,0,0,0,0,0,0,1,0,0,0
data/external/actions/human_action_recognition/train/000839_fighting.jpg,Bingsu/Human_Action_Recognition,fighting,0,0,0,0,0,0,0,0,0,0,0,0,0,0,0,0,0,1,1,0
data/external/actions/human_action_recognition/train/000840_cycling.jpg,Bingsu/Human_Action_Recognition,cycling,0,0,0,0,0,0,0,0,1,0,0,0,0,0,0,0,0,1,0,0
data/external/actions/human_action_recognition/train/000841_hugging.jpg,Bingsu/Human_Action_Recognition,hugging,1,0,0,0,0,0,0,0,0,0,0,0,0,0,0,0,1,0,0,0
data/external/actions/human_action_recognition/train/000842_calling.jpg,Bingsu/Human_Action_Recognition,calling,1,0,0,0,0,0,0,0,0,0,0,0,0,0,0,0,1,0,0,0
data/external/actions/human_action_recognition/train/000843_using_laptop.jpg,Bingsu/Human_Action_Recognition,using_laptop,0,1,0,0,0,0,0,0,0,0,0,0,1,0,0,0,1,0,0,0
data/external/actions/human_action_recognition/train/000844_hugging.jpg,Bingsu/Human_Action_Recognition,hugging,1,0,0,0,0,0,0,0,0,0,0,0,0,0,0,0,1,0,0,0
data/external/actions/human_action_recognition/train/000845_dancing.jpg,Bingsu/Human_Action_Recognition,dancing,0,0,0,0,0,0,0,0,0,0,1,0,0,0,0,0,0,1,0,0
data/external/actions/human_action_recognition/train/000846_clapping.jpg,Bingsu/Human_Action_Recognition,clapping,0,0,0,0,1,0,0,0,0,0,0,0,0,0,0,0,0,1,0,0
data/external/actions/human_action_recognition/train/000847_cycling.jpg,Bingsu/Human_Action_Recognition,cycling,0,0,0,0,0,0,0,0,1,0,0,0,0,0,0,0,0,1,0,0
data/external/actions/human_action_recognition/train/000848_cycling.jpg,Bingsu/Human_Action_Recognition,cycling,0,0,0,0,0,0,0,0,1,0,0,0,0,0,0,0,0,1,0,0
data/external/actions/human_action_recognition/train/000849_fighting.jpg,Bingsu/Human_Action_Recognition,fighting,0,0,0,0,0,0,0,0,0,0,0,0,0,0,0,0,0,1,1,0
data/external/actions/human_action_recognition/train/000850_calling.jpg,Bingsu/Human_Action_Recognition,calling,1,0,0,0,0,0,0,0,0,0,0,0,0,0,0,0,1,0,0,0
data/external/actions/human_action_recognition/train/000851_texting.jpg,Bingsu/Human_Action_Recognition,texting,0,1,0,0,0,0,0,0,0,0,0,0,0,0,0,0,1,0,0,0
data/external/actions/human_action_recognition/train/000852_eating.jpg,Bingsu/Human_Action_Recognition,eating,0,0,0,0,0,0,0,0,0,0,0,0,0,1,0,0,0,0,0,0
data/external/actions/human_action_recognition/train/000853_drinking.jpg,Bingsu/Human_Action_Recognition,drinking,0,0,0,0,0,0,0,0,0,0,0,0,0,0,1,0,0,0,0,0
data/external/actions/human_action_recognition/train/000854_cycling.jpg,Bingsu/Human_Action_Recognition,cycling,0,0,0,0,0,0,0,0,1,0,0,0,0,0,0,0,0,1,0,0
data/external/actions/human_action_recognition/train/000855_sitting.jpg,Bingsu/Human_Action_Recognition,sitting,0,1,0,0,0,0,0,0,0,0,0,0,0,0,0,0,1,0,0,0
data/external/actions/human_action_recognition/train/000856_texting.jpg,Bingsu/Human_Action_Recognition,texting,0,1,0,0,0,0,0,0,0,0,0,0,0,0,0,0,1,0,0,0
data/external/actions/human_action_recognition/train/000857_fighting.jpg,Bingsu/Human_Action_Recognition,fighting,0,0,0,0,0,0,0,0,0,0,0,0,0,0,0,0,0,1,1,0
data/external/actions/human_action_recognition/train/000858_using_laptop.jpg,Bingsu/Human_Action_Recognition,using_laptop,0,1,0,0,0,0,0,0,0,0,0,0,1,0,0,0,1,0,0,0
data/external/actions/human_action_recognition/train/000859_calling.jpg,Bingsu/Human_Action_Recognition,calling,1,0,0,0,0,0,0,0,0,0,0,0,0,0,0,0,1,0,0,0
data/external/actions/human_action_recognition/train/000860_running.jpg,Bingsu/Human_Action_Recognition,running,0,0,0,0,0,0,1,0,0,0,0,0,0,0,0,0,0,1,1,0
data/external/actions/human_action_recognition/train/000861_drinking.jpg,Bingsu/Human_Action_Recognition,drinking,0,0,0,0,0,0,0,0,0,0,0,0,0,0,1,0,0,0,0,0
data/external/actions/human_action_recognition/train/000862_sitting.jpg,Bingsu/Human_Action_Recognition,sitting,0,1,0,0,0,0,0,0,0,0,0,0,0,0,0,0,1,0,0,0
data/external/actions/human_action_recognition/train/000863_hugging.jpg,Bingsu/Human_Action_Recognition,hugging,1,0,0,0,0,0,0,0,0,0,0,0,0,0,0,0,1,0,0,0
data/external/actions/human_action_recognition/train/000864_eating.jpg,Bingsu/Human_Action_Recognition,eating,0,0,0,0,0,0,0,0,0,0,0,0,0,1,0,0,0,0,0,0
data/external/actions/human_action_recognition/train/000865_eating.jpg,Bingsu/Human_Action_Recognition,eating,0,0,0,0,0,0,0,0,0,0,0,0,0,1,0,0,0,0,0,0
data/external/actions/human_action_recognition/train/000866_using_laptop.jpg,Bingsu/Human_Action_Recognition,using_laptop,0,1,0,0,0,0,0,0,0,0,0,0,1,0,0,0,1,0,0,0
data/external/actions/human_action_recognition/train/000867_clapping.jpg,Bingsu/Human_Action_Recognition,clapping,0,0,0,0,1,0,0,0,0,0,0,0,0,0,0,0,0,1,0,0
data/external/actions/human_action_recognition/train/000868_texting.jpg,Bingsu/Human_Action_Recognition,texting,0,1,0,0,0,0,0,0,0,0,0,0,0,0,0,0,1,0,0,0
data/external/actions/human_action_recognition/train/000869_sitting.jpg,Bingsu/Human_Action_Recognition,sitting,0,1,0,0,0,0,0,0,0,0,0,0,0,0,0,0,1,0,0,0
data/external/actions/human_action_recognition/train/000870_hugging.jpg,Bingsu/Human_Action_Recognition,hugging,1,0,0,0,0,0,0,0,0,0,0,0,0,0,0,0,1,0,0,0
data/external/actions/human_action_recognition/train/000871_drinking.jpg,Bingsu/Human_Action_Recognition,drinking,0,0,0,0,0,0,0,0,0,0,0,0,0,0,1,0,0,0,0,0
data/external/actions/human_action_recognition/train/000872_sleeping.jpg,Bingsu/Human_Action_Recognition,sleeping,0,0,1,0,0,0,0,0,0,0,0,0,0,0,0,0,1,0,0,0
data/external/actions/human_action_recognition/train/000873_drinking.jpg,Bingsu/Human_Action_Recognition,drinking,0,0,0,0,0,0,0,0,0,0,0,0,0,0,1,0,0,0,0,0
data/external/actions/human_action_recognition/train/000874_sleeping.jpg,Bingsu/Human_Action_Recognition,sleeping,0,0,1,0,0,0,0,0,0,0,0,0,0,0,0,0,1,0,0,0
data/external/actions/human_action_recognition/train/000875_calling.jpg,Bingsu/Human_Action_Recognition,calling,1,0,0,0,0,0,0,0,0,0,0,0,0,0,0,0,1,0,0,0
data/external/actions/human_action_recognition/train/000876_hugging.jpg,Bingsu/Human_Action_Recognition,hugging,1,0,0,0,0,0,0,0,0,0,0,0,0,0,0,0,1,0,0,0
data/external/actions/human_action_recognition/train/000877_hugging.jpg,Bingsu/Human_Action_Recognition,hugging,1,0,0,0,0,0,0,0,0,0,0,0,0,0,0,0,1,0,0,0
data/external/actions/human_action_recognition/train/000878_sleeping.jpg,Bingsu/Human_Action_Recognition,sleeping,0,0,1,0,0,0,0,0,0,0,0,0,0,0,0,0,1,0,0,0
data/external/actions/human_action_recognition/train/000879_hugging.jpg,Bingsu/Human_Action_Recognition,hugging,1,0,0,0,0,0,0,0,0,0,0,0,0,0,0,0,1,0,0,0
data/external/actions/human_action_recognition/train/000880_sitting.jpg,Bingsu/Human_Action_Recognition,sitting,0,1,0,0,0,0,0,0,0,0,0,0,0,0,0,0,1,0,0,0
data/external/actions/human_action_recognition/train/000881_drinking.jpg,Bingsu/Human_Action_Recognition,drinking,0,0,0,0,0,0,0,0,0,0,0,0,0,0,1,0,0,0,0,0
data/external/actions/human_action_recognition/train/000882_hugging.jpg,Bingsu/Human_Action_Recognition,hugging,1,0,0,0,0,0,0,0,0,0,0,0,0,0,0,0,1,0,0,0
data/external/actions/human_action_recognition/train/000883_calling.jpg,Bingsu/Human_Action_Recognition,calling,1,0,0,0,0,0,0,0,0,0,0,0,0,0,0,0,1,0,0,0
data/external/actions/human_action_recognition/train/000884_clapping.jpg,Bingsu/Human_Action_Recognition,clapping,0,0,0,0,1,0,0,0,0,0,0,0,0,0,0,0,0,1,0,0
data/external/actions/human_action_recognition/train/000885_eating.jpg,Bingsu/Human_Action_Recognition,eating,0,0,0,0,0,0,0,0,0,0,0,0,0,1,0,0,0,0,0,0
data/external/actions/human_action_recognition/train/000886_listening_to_music.jpg,Bingsu/Human_Action_Recognition,listening_to_music,0,1,0,0,0,0,0,0,0,0,0,0,0,0,0,0,1,0,0,0
data/external/actions/human_action_recognition/train/000887_cycling.jpg,Bingsu/Human_Action_Recognition,cycling,0,0,0,0,0,0,0,0,1,0,0,0,0,0,0,0,0,1,0,0
data/external/actions/human_action_recognition/train/000888_calling.jpg,Bingsu/Human_Action_Recognition,calling,1,0,0,0,0,0,0,0,0,0,0,0,0,0,0,0,1,0,0,0
data/external/actions/human_action_recognition/train/000889_using_laptop.jpg,Bingsu/Human_Action_Recognition,using_laptop,0,1,0,0,0,0,0,0,0,0,0,0,1,0,0,0,1,0,0,0
data/external/actions/human_action_recognition/train/000890_drinking.jpg,Bingsu/Human_Action_Recognition,drinking,0,0,0,0,0,0,0,0,0,0,0,0,0,0,1,0,0,0,0,0
data/external/actions/human_action_recognition/train/000891_running.jpg,Bingsu/Human_Action_Recognition,running,0,0,0,0,0,0,1,0,0,0,0,0,0,0,0,0,0,1,1,0
data/external/actions/human_action_recognition/train/000892_drinking.jpg,Bingsu/Human_Action_Recognition,drinking,0,0,0,0,0,0,0,0,0,0,0,0,0,0,1,0,0,0,0,0
data/external/actions/human_action_recognition/train/000893_using_laptop.jpg,Bingsu/Human_Action_Recognition,using_laptop,0,1,0,0,0,0,0,0,0,0,0,0,1,0,0,0,1,0,0,0
data/external/actions/human_action_recognition/train/000894_running.jpg,Bingsu/Human_Action_Recognition,running,0,0,0,0,0,0,1,0,0,0,0,0,0,0,0,0,0,1,1,0
data/external/actions/human_action_recognition/train/000895_cycling.jpg,Bingsu/Human_Action_Recognition,cycling,0,0,0,0,0,0,0,0,1,0,0,0,0,0,0,0,0,1,0,0
data/external/actions/human_action_recognition/train/000896_using_laptop.jpg,Bingsu/Human_Action_Recognition,using_laptop,0,1,0,0,0,0,0,0,0,0,0,0,1,0,0,0,1,0,0,0
data/external/actions/human_action_recognition/train/000897_using_laptop.jpg,Bingsu/Human_Action_Recognition,using_laptop,0,1,0,0,0,0,0,0,0,0,0,0,1,0,0,0,1,0,0,0
data/external/actions/human_action_recognition/train/000898_texting.jpg,Bingsu/Human_Action_Recognition,texting,0,1,0,0,0,0,0,0,0,0,0,0,0,0,0,0,1,0,0,0
data/external/actions/human_action_recognition/train/000899_sleeping.jpg,Bingsu/Human_Action_Recognition,sleeping,0,0,1,0,0,0,0,0,0,0,0,0,0,0,0,0,1,0,0,0
data/external/actions/human_action_recognition/train/000900_fighting.jpg,Bingsu/Human_Action_Recognition,fighting,0,0,0,0,0,0,0,0,0,0,0,0,0,0,0,0,0,1,1,0
data/external/actions/human_action_recognition/train/000901_sleeping.jpg,Bingsu/Human_Action_Recognition,sleeping,0,0,1,0,0,0,0,0,0,0,0,0,0,0,0,0,1,0,0,0
data/external/actions/human_action_recognition/train/000902_texting.jpg,Bingsu/Human_Action_Recognition,texting,0,1,0,0,0,0,0,0,0,0,0,0,0,0,0,0,1,0,0,0
data/external/actions/human_action_recognition/train/000903_running.jpg,Bingsu/Human_Action_Recognition,running,0,0,0,0,0,0,1,0,0,0,0,0,0,0,0,0,0,1,1,0
data/external/actions/human_action_recognition/train/000904_drinking.jpg,Bingsu/Human_Action_Recognition,drinking,0,0,0,0,0,0,0,0,0,0,0,0,0,0,1,0,0,0,0,0
data/external/actions/human_action_recognition/train/000905_fighting.jpg,Bingsu/Human_Action_Recognition,fighting,0,0,0,0,0,0,0,0,0,0,0,0,0,0,0,0,0,1,1,0
data/external/actions/human_action_recognition/train/000906_sitting.jpg,Bingsu/Human_Action_Recognition,sitting,0,1,0,0,0,0,0,0,0,0,0,0,0,0,0,0,1,0,0,0
data/external/actions/human_action_recognition/train/000907_sleeping.jpg,Bingsu/Human_Action_Recognition,sleeping,0,0,1,0,0,0,0,0,0,0,0,0,0,0,0,0,1,0,0,0
data/external/actions/human_action_recognition/train/000908_using_laptop.jpg,Bingsu/Human_Action_Recognition,using_laptop,0,1,0,0,0,0,0,0,0,0,0,0,1,0,0,0,1,0,0,0
data/external/actions/human_action_recognition/train/000909_eating.jpg,Bingsu/Human_Action_Recognition,eating,0,0,0,0,0,0,0,0,0,0,0,0,0,1,0,0,0,0,0,0
data/external/actions/human_action_recognition/train/000910_cycling.jpg,Bingsu/Human_Action_Recognition,cycling,0,0,0,0,0,0,0,0,1,0,0,0,0,0,0,0,0,1,0,0
data/external/actions/human_action_recognition/train/000911_dancing.jpg,Bingsu/Human_Action_Recognition,dancing,0,0,0,0,0,0,0,0,0,0,1,0,0,0,0,0,0,1,0,0
data/external/actions/human_action_recognition/train/000912_clapping.jpg,Bingsu/Human_Action_Recognition,clapping,0,0,0,0,1,0,0,0,0,0,0,0,0,0,0,0,0,1,0,0
data/external/actions/human_action_recognition/train/000913_dancing.jpg,Bingsu/Human_Action_Recognition,dancing,0,0,0,0,0,0,0,0,0,0,1,0,0,0,0,0,0,1,0,0
data/external/actions/human_action_recognition/train/000914_cycling.jpg,Bingsu/Human_Action_Recognition,cycling,0,0,0,0,0,0,0,0,1,0,0,0,0,0,0,0,0,1,0,0
data/external/actions/human_action_recognition/train/000915_using_laptop.jpg,Bingsu/Human_Action_Recognition,using_laptop,0,1,0,0,0,0,0,0,0,0,0,0,1,0,0,0,1,0,0,0
data/external/actions/human_action_recognition/train/000916_hugging.jpg,Bingsu/Human_Action_Recognition,hugging,1,0,0,0,0,0,0,0,0,0,0,0,0,0,0,0,1,0,0,0
data/external/actions/human_action_recognition/train/000917_laughing.jpg,Bingsu/Human_Action_Recognition,laughing,1,0,0,0,0,0,0,0,0,0,0,0,0,0,0,0,1,0,0,0
data/external/actions/human_action_recognition/train/000918_fighting.jpg,Bingsu/Human_Action_Recognition,fighting,0,0,0,0,0,0,0,0,0,0,0,0,0,0,0,0,0,1,1,0
data/external/actions/human_action_recognition/train/000919_sitting.jpg,Bingsu/Human_Action_Recognition,sitting,0,1,0,0,0,0,0,0,0,0,0,0,0,0,0,0,1,0,0,0
data/external/actions/human_action_recognition/train/000920_cycling.jpg,Bingsu/Human_Action_Recognition,cycling,0,0,0,0,0,0,0,0,1,0,0,0,0,0,0,0,0,1,0,0
data/external/actions/human_action_recognition/train/000921_calling.jpg,Bingsu/Human_Action_Recognition,calling,1,0,0,0,0,0,0,0,0,0,0,0,0,0,0,0,1,0,0,0
data/external/actions/human_action_recognition/train/000922_sitting.jpg,Bingsu/Human_Action_Recognition,sitting,0,1,0,0,0,0,0,0,0,0,0,0,0,0,0,0,1,0,0,0
data/external/actions/human_action_recognition/train/000923_drinking.jpg,Bingsu/Human_Action_Recognition,drinking,0,0,0,0,0,0,0,0,0,0,0,0,0,0,1,0,0,0,0,0
data/external/actions/human_action_recognition/train/000924_laughing.jpg,Bingsu/Human_Action_Recognition,laughing,1,0,0,0,0,0,0,0,0,0,0,0,0,0,0,0,1,0,0,0
data/external/actions/human_action_recognition/train/000925_drinking.jpg,Bingsu/Human_Action_Recognition,drinking,0,0,0,0,0,0,0,0,0,0,0,0,0,0,1,0,0,0,0,0
data/external/actions/human_action_recognition/train/000926_clapping.jpg,Bingsu/Human_Action_Recognition,clapping,0,0,0,0,1,0,0,0,0,0,0,0,0,0,0,0,0,1,0,0
data/external/actions/human_action_recognition/train/000927_fighting.jpg,Bingsu/Human_Action_Recognition,fighting,0,0,0,0,0,0,0,0,0,0,0,0,0,0,0,0,0,1,1,0
data/external/actions/human_action_recognition/train/000928_fighting.jpg,Bingsu/Human_Action_Recognition,fighting,0,0,0,0,0,0,0,0,0,0,0,0,0,0,0,0,0,1,1,0
data/external/actions/human_action_recognition/train/000929_calling.jpg,Bingsu/Human_Action_Recognition,calling,1,0,0,0,0,0,0,0,0,0,0,0,0,0,0,0,1,0,0,0
data/external/actions/human_action_recognition/train/000930_texting.jpg,Bingsu/Human_Action_Recognition,texting,0,1,0,0,0,0,0,0,0,0,0,0,0,0,0,0,1,0,0,0
data/external/actions/human_action_recognition/train/000931_laughing.jpg,Bingsu/Human_Action_Recognition,laughing,1,0,0,0,0,0,0,0,0,0,0,0,0,0,0,0,1,0,0,0
data/external/actions/human_action_recognition/train/000932_cycling.jpg,Bingsu/Human_Action_Recognition,cycling,0,0,0,0,0,0,0,0,1,0,0,0,0,0,0,0,0,1,0,0
data/external/actions/human_action_recognition/train/000933_fighting.jpg,Bingsu/Human_Action_Recognition,fighting,0,0,0,0,0,0,0,0,0,0,0,0,0,0,0,0,0,1,1,0
data/external/actions/human_action_recognition/train/000934_texting.jpg,Bingsu/Human_Action_Recognition,texting,0,1,0,0,0,0,0,0,0,0,0,0,0,0,0,0,1,0,0,0
data/external/actions/human_action_recognition/train/000935_calling.jpg,Bingsu/Human_Action_Recognition,calling,1,0,0,0,0,0,0,0,0,0,0,0,0,0,0,0,1,0,0,0
data/external/actions/human_action_recognition/train/000936_listening_to_music.jpg,Bingsu/Human_Action_Recognition,listening_to_music,0,1,0,0,0,0,0,0,0,0,0,0,0,0,0,0,1,0,0,0
data/external/actions/human_action_recognition/train/000937_calling.jpg,Bingsu/Human_Action_Recognition,calling,1,0,0,0,0,0,0,0,0,0,0,0,0,0,0,0,1,0,0,0
data/external/actions/human_action_recognition/train/000938_eating.jpg,Bingsu/Human_Action_Recognition,eating,0,0,0,0,0,0,0,0,0,0,0,0,0,1,0,0,0,0,0,0
data/external/actions/human_action_recognition/train/000939_hugging.jpg,Bingsu/Human_Action_Recognition,hugging,1,0,0,0,0,0,0,0,0,0,0,0,0,0,0,0,1,0,0,0
data/external/actions/human_action_recognition/train/000940_using_laptop.jpg,Bingsu/Human_Action_Recognition,using_laptop,0,1,0,0,0,0,0,0,0,0,0,0,1,0,0,0,1,0,0,0
data/external/actions/human_action_recognition/train/000941_sitting.jpg,Bingsu/Human_Action_Recognition,sitting,0,1,0,0,0,0,0,0,0,0,0,0,0,0,0,0,1,0,0,0
data/external/actions/human_action_recognition/train/000942_sitting.jpg,Bingsu/Human_Action_Recognition,sitting,0,1,0,0,0,0,0,0,0,0,0,0,0,0,0,0,1,0,0,0
data/external/actions/human_action_recognition/train/000943_texting.jpg,Bingsu/Human_Action_Recognition,texting,0,1,0,0,0,0,0,0,0,0,0,0,0,0,0,0,1,0,0,0
data/external/actions/human_action_recognition/train/000944_drinking.jpg,Bingsu/Human_Action_Recognition,drinking,0,0,0,0,0,0,0,0,0,0,0,0,0,0,1,0,0,0,0,0
data/external/actions/human_action_recognition/train/000945_running.jpg,Bingsu/Human_Action_Recognition,running,0,0,0,0,0,0,1,0,0,0,0,0,0,0,0,0,0,1,1,0
data/external/actions/human_action_recognition/train/000946_eating.jpg,Bingsu/Human_Action_Recognition,eating,0,0,0,0,0,0,0,0,0,0,0,0,0,1,0,0,0,0,0,0
data/external/actions/human_action_recognition/train/000947_eating.jpg,Bingsu/Human_Action_Recognition,eating,0,0,0,0,0,0,0,0,0,0,0,0,0,1,0,0,0,0,0,0
data/external/actions/human_action_recognition/train/000948_hugging.jpg,Bingsu/Human_Action_Recognition,hugging,1,0,0,0,0,0,0,0,0,0,0,0,0,0,0,0,1,0,0,0
data/external/actions/human_action_recognition/train/000949_sleeping.jpg,Bingsu/Human_Action_Recognition,sleeping,0,0,1,0,0,0,0,0,0,0,0,0,0,0,0,0,1,0,0,0
data/external/actions/human_action_recognition/train/000950_hugging.jpg,Bingsu/Human_Action_Recognition,hugging,1,0,0,0,0,0,0,0,0,0,0,0,0,0,0,0,1,0,0,0
data/external/actions/human_action_recognition/train/000951_sitting.jpg,Bingsu/Human_Action_Recognition,sitting,0,1,0,0,0,0,0,0,0,0,0,0,0,0,0,0,1,0,0,0
data/external/actions/human_action_recognition/train/000952_clapping.jpg,Bingsu/Human_Action_Recognition,clapping,0,0,0,0,1,0,0,0,0,0,0,0,0,0,0,0,0,1,0,0
data/external/actions/human_action_recognition/train/000953_laughing.jpg,Bingsu/Human_Action_Recognition,laughing,1,0,0,0,0,0,0,0,0,0,0,0,0,0,0,0,1,0,0,0
data/external/actions/human_action_recognition/train/000954_hugging.jpg,Bingsu/Human_Action_Recognition,hugging,1,0,0,0,0,0,0,0,0,0,0,0,0,0,0,0,1,0,0,0
data/external/actions/human_action_recognition/train/000955_sleeping.jpg,Bingsu/Human_Action_Recognition,sleeping,0,0,1,0,0,0,0,0,0,0,0,0,0,0,0,0,1,0,0,0
data/external/actions/human_action_recognition/train/000956_using_laptop.jpg,Bingsu/Human_Action_Recognition,using_laptop,0,1,0,0,0,0,0,0,0,0,0,0,1,0,0,0,1,0,0,0
data/external/actions/human_action_recognition/train/000957_sitting.jpg,Bingsu/Human_Action_Recognition,sitting,0,1,0,0,0,0,0,0,0,0,0,0,0,0,0,0,1,0,0,0
data/external/actions/human_action_recognition/train/000958_cycling.jpg,Bingsu/Human_Action_Recognition,cycling,0,0,0,0,0,0,0,0,1,0,0,0,0,0,0,0,0,1,0,0
data/external/actions/human_action_recognition/train/000959_sleeping.jpg,Bingsu/Human_Action_Recognition,sleeping,0,0,1,0,0,0,0,0,0,0,0,0,0,0,0,0,1,0,0,0
data/external/actions/human_action_recognition/train/000960_dancing.jpg,Bingsu/Human_Action_Recognition,dancing,0,0,0,0,0,0,0,0,0,0,1,0,0,0,0,0,0,1,0,0
data/external/actions/human_action_recognition/train/000961_calling.jpg,Bingsu/Human_Action_Recognition,calling,1,0,0,0,0,0,0,0,0,0,0,0,0,0,0,0,1,0,0,0
data/external/actions/human_action_recognition/train/000962_sleeping.jpg,Bingsu/Human_Action_Recognition,sleeping,0,0,1,0,0,0,0,0,0,0,0,0,0,0,0,0,1,0,0,0
data/external/actions/human_action_recognition/train/000963_listening_to_music.jpg,Bingsu/Human_Action_Recognition,listening_to_music,0,1,0,0,0,0,0,0,0,0,0,0,0,0,0,0,1,0,0,0
data/external/actions/human_action_recognition/train/000964_calling.jpg,Bingsu/Human_Action_Recognition,calling,1,0,0,0,0,0,0,0,0,0,0,0,0,0,0,0,1,0,0,0
data/external/actions/human_action_recognition/train/000965_cycling.jpg,Bingsu/Human_Action_Recognition,cycling,0,0,0,0,0,0,0,0,1,0,0,0,0,0,0,0,0,1,0,0
data/external/actions/human_action_recognition/train/000966_listening_to_music.jpg,Bingsu/Human_Action_Recognition,listening_to_music,0,1,0,0,0,0,0,0,0,0,0,0,0,0,0,0,1,0,0,0
data/external/actions/human_action_recognition/train/000967_using_laptop.jpg,Bingsu/Human_Action_Recognition,using_laptop,0,1,0,0,0,0,0,0,0,0,0,0,1,0,0,0,1,0,0,0
data/external/actions/human_action_recognition/train/000968_listening_to_music.jpg,Bingsu/Human_Action_Recognition,listening_to_music,0,1,0,0,0,0,0,0,0,0,0,0,0,0,0,0,1,0,0,0
data/external/actions/human_action_recognition/train/000969_cycling.jpg,Bingsu/Human_Action_Recognition,cycling,0,0,0,0,0,0,0,0,1,0,0,0,0,0,0,0,0,1,0,0
data/external/actions/human_action_recognition/train/000970_dancing.jpg,Bingsu/Human_Action_Recognition,dancing,0,0,0,0,0,0,0,0,0,0,1,0,0,0,0,0,0,1,0,0
data/external/actions/human_action_recognition/train/000971_dancing.jpg,Bingsu/Human_Action_Recognition,dancing,0,0,0,0,0,0,0,0,0,0,1,0,0,0,0,0,0,1,0,0
data/external/actions/human_action_recognition/train/000972_eating.jpg,Bingsu/Human_Action_Recognition,eating,0,0,0,0,0,0,0,0,0,0,0,0,0,1,0,0,0,0,0,0
data/external/actions/human_action_recognition/train/000973_using_laptop.jpg,Bingsu/Human_Action_Recognition,using_laptop,0,1,0,0,0,0,0,0,0,0,0,0,1,0,0,0,1,0,0,0
data/external/actions/human_action_recognition/train/000974_texting.jpg,Bingsu/Human_Action_Recognition,texting,0,1,0,0,0,0,0,0,0,0,0,0,0,0,0,0,1,0,0,0
data/external/actions/human_action_recognition/train/000975_fighting.jpg,Bingsu/Human_Action_Recognition,fighting,0,0,0,0,0,0,0,0,0,0,0,0,0,0,0,0,0,1,1,0
data/external/actions/human_action_recognition/train/000976_texting.jpg,Bingsu/Human_Action_Recognition,texting,0,1,0,0,0,0,0,0,0,0,0,0,0,0,0,0,1,0,0,0
data/external/actions/human_action_recognition/train/000977_sitting.jpg,Bingsu/Human_Action_Recognition,sitting,0,1,0,0,0,0,0,0,0,0,0,0,0,0,0,0,1,0,0,0
data/external/actions/human_action_recognition/train/000978_sitting.jpg,Bingsu/Human_Action_Recognition,sitting,0,1,0,0,0,0,0,0,0,0,0,0,0,0,0,0,1,0,0,0
data/external/actions/human_action_recognition/train/000979_using_laptop.jpg,Bingsu/Human_Action_Recognition,using_laptop,0,1,0,0,0,0,0,0,0,0,0,0,1,0,0,0,1,0,0,0
data/external/actions/human_action_recognition/train/000980_texting.jpg,Bingsu/Human_Action_Recognition,texting,0,1,0,0,0,0,0,0,0,0,0,0,0,0,0,0,1,0,0,0
data/external/actions/human_action_recognition/train/000981_listening_to_music.jpg,Bingsu/Human_Action_Recognition,listening_to_music,0,1,0,0,0,0,0,0,0,0,0,0,0,0,0,0,1,0,0,0
data/external/actions/human_action_recognition/train/000982_calling.jpg,Bingsu/Human_Action_Recognition,calling,1,0,0,0,0,0,0,0,0,0,0,0,0,0,0,0,1,0,0,0
data/external/actions/human_action_recognition/train/000983_calling.jpg,Bingsu/Human_Action_Recognition,calling,1,0,0,0,0,0,0,0,0,0,0,0,0,0,0,0,1,0,0,0
data/external/actions/human_action_recognition/train/000984_eating.jpg,Bingsu/Human_Action_Recognition,eating,0,0,0,0,0,0,0,0,0,0,0,0,0,1,0,0,0,0,0,0
data/external/actions/human_action_recognition/train/000985_eating.jpg,Bingsu/Human_Action_Recognition,eating,0,0,0,0,0,0,0,0,0,0,0,0,0,1,0,0,0,0,0,0
data/external/actions/human_action_recognition/train/000986_running.jpg,Bingsu/Human_Action_Recognition,running,0,0,0,0,0,0,1,0,0,0,0,0,0,0,0,0,0,1,1,0
data/external/actions/human_action_recognition/train/000987_listening_to_music.jpg,Bingsu/Human_Action_Recognition,listening_to_music,0,1,0,0,0,0,0,0,0,0,0,0,0,0,0,0,1,0,0,0
data/external/actions/human_action_recognition/train/000988_drinking.jpg,Bingsu/Human_Action_Recognition,drinking,0,0,0,0,0,0,0,0,0,0,0,0,0,0,1,0,0,0,0,0
data/external/actions/human_action_recognition/train/000989_hugging.jpg,Bingsu/Human_Action_Recognition,hugging,1,0,0,0,0,0,0,0,0,0,0,0,0,0,0,0,1,0,0,0
data/external/actions/human_action_recognition/train/000990_texting.jpg,Bingsu/Human_Action_Recognition,texting,0,1,0,0,0,0,0,0,0,0,0,0,0,0,0,0,1,0,0,0
data/external/actions/human_action_recognition/train/000991_using_laptop.jpg,Bingsu/Human_Action_Recognition,using_laptop,0,1,0,0,0,0,0,0,0,0,0,0,1,0,0,0,1,0,0,0
data/external/actions/human_action_recognition/train/000992_laughing.jpg,Bingsu/Human_Action_Recognition,laughing,1,0,0,0,0,0,0,0,0,0,0,0,0,0,0,0,1,0,0,0
data/external/actions/human_action_recognition/train/000993_texting.jpg,Bingsu/Human_Action_Recognition,texting,0,1,0,0,0,0,0,0,0,0,0,0,0,0,0,0,1,0,0,0
data/external/actions/human_action_recognition/train/000994_drinking.jpg,Bingsu/Human_Action_Recognition,drinking,0,0,0,0,0,0,0,0,0,0,0,0,0,0,1,0,0,0,0,0
data/external/actions/human_action_recognition/train/000995_using_laptop.jpg,Bingsu/Human_Action_Recognition,using_laptop,0,1,0,0,0,0,0,0,0,0,0,0,1,0,0,0,1,0,0,0
data/external/actions/human_action_recognition/train/000996_fighting.jpg,Bingsu/Human_Action_Recognition,fighting,0,0,0,0,0,0,0,0,0,0,0,0,0,0,0,0,0,1,1,0
data/external/actions/human_action_recognition/train/000997_texting.jpg,Bingsu/Human_Action_Recognition,texting,0,1,0,0,0,0,0,0,0,0,0,0,0,0,0,0,1,0,0,0
data/external/actions/human_action_recognition/train/000998_cycling.jpg,Bingsu/Human_Action_Recognition,cycling,0,0,0,0,0,0,0,0,1,0,0,0,0,0,0,0,0,1,0,0
data/external/actions/human_action_recognition/train/000999_using_laptop.jpg,Bingsu/Human_Action_Recognition,using_laptop,0,1,0,0,0,0,0,0,0,0,0,0,1,0,0,0,1,0,0,0
data/external/actions/human_action_recognition/train/001000_clapping.jpg,Bingsu/Human_Action_Recognition,clapping,0,0,0,0,1,0,0,0,0,0,0,0,0,0,0,0,0,1,0,0
data/external/actions/human_action_recognition/train/001001_sleeping.jpg,Bingsu/Human_Action_Recognition,sleeping,0,0,1,0,0,0,0,0,0,0,0,0,0,0,0,0,1,0,0,0
data/external/actions/human_action_recognition/train/001002_calling.jpg,Bingsu/Human_Action_Recognition,calling,1,0,0,0,0,0,0,0,0,0,0,0,0,0,0,0,1,0,0,0
data/external/actions/human_action_recognition/train/001003_laughing.jpg,Bingsu/Human_Action_Recognition,laughing,1,0,0,0,0,0,0,0,0,0,0,0,0,0,0,0,1,0,0,0
data/external/actions/human_action_recognition/train/001004_laughing.jpg,Bingsu/Human_Action_Recognition,laughing,1,0,0,0,0,0,0,0,0,0,0,0,0,0,0,0,1,0,0,0
data/external/actions/human_action_recognition/train/001005_fighting.jpg,Bingsu/Human_Action_Recognition,fighting,0,0,0,0,0,0,0,0,0,0,0,0,0,0,0,0,0,1,1,0
data/external/actions/human_action_recognition/train/001006_using_laptop.jpg,Bingsu/Human_Action_Recognition,using_laptop,0,1,0,0,0,0,0,0,0,0,0,0,1,0,0,0,1,0,0,0
data/external/actions/human_action_recognition/train/001007_using_laptop.jpg,Bingsu/Human_Action_Recognition,using_laptop,0,1,0,0,0,0,0,0,0,0,0,0,1,0,0,0,1,0,0,0
data/external/actions/human_action_recognition/train/001008_sleeping.jpg,Bingsu/Human_Action_Recognition,sleeping,0,0,1,0,0,0,0,0,0,0,0,0,0,0,0,0,1,0,0,0
data/external/actions/human_action_recognition/train/001009_texting.jpg,Bingsu/Human_Action_Recognition,texting,0,1,0,0,0,0,0,0,0,0,0,0,0,0,0,0,1,0,0,0
data/external/actions/human_action_recognition/train/001010_eating.jpg,Bingsu/Human_Action_Recognition,eating,0,0,0,0,0,0,0,0,0,0,0,0,0,1,0,0,0,0,0,0
data/external/actions/human_action_recognition/train/001011_running.jpg,Bingsu/Human_Action_Recognition,running,0,0,0,0,0,0,1,0,0,0,0,0,0,0,0,0,0,1,1,0
data/external/actions/human_action_recognition/train/001012_dancing.jpg,Bingsu/Human_Action_Recognition,dancing,0,0,0,0,0,0,0,0,0,0,1,0,0,0,0,0,0,1,0,0
data/external/actions/human_action_recognition/train/001013_hugging.jpg,Bingsu/Human_Action_Recognition,hugging,1,0,0,0,0,0,0,0,0,0,0,0,0,0,0,0,1,0,0,0
data/external/actions/human_action_recognition/train/001014_using_laptop.jpg,Bingsu/Human_Action_Recognition,using_laptop,0,1,0,0,0,0,0,0,0,0,0,0,1,0,0,0,1,0,0,0
data/external/actions/human_action_recognition/train/001015_cycling.jpg,Bingsu/Human_Action_Recognition,cycling,0,0,0,0,0,0,0,0,1,0,0,0,0,0,0,0,0,1,0,0
data/external/actions/human_action_recognition/train/001016_drinking.jpg,Bingsu/Human_Action_Recognition,drinking,0,0,0,0,0,0,0,0,0,0,0,0,0,0,1,0,0,0,0,0
data/external/actions/human_action_recognition/train/001017_drinking.jpg,Bingsu/Human_Action_Recognition,drinking,0,0,0,0,0,0,0,0,0,0,0,0,0,0,1,0,0,0,0,0
data/external/actions/human_action_recognition/train/001018_clapping.jpg,Bingsu/Human_Action_Recognition,clapping,0,0,0,0,1,0,0,0,0,0,0,0,0,0,0,0,0,1,0,0
data/external/actions/human_action_recognition/train/001019_sitting.jpg,Bingsu/Human_Action_Recognition,sitting,0,1,0,0,0,0,0,0,0,0,0,0,0,0,0,0,1,0,0,0
data/external/actions/human_action_recognition/train/001020_dancing.jpg,Bingsu/Human_Action_Recognition,dancing,0,0,0,0,0,0,0,0,0,0,1,0,0,0,0,0,0,1,0,0
data/external/actions/human_action_recognition/train/001021_cycling.jpg,Bingsu/Human_Action_Recognition,cycling,0,0,0,0,0,0,0,0,1,0,0,0,0,0,0,0,0,1,0,0
data/external/actions/human_action_recognition/train/001022_listening_to_music.jpg,Bingsu/Human_Action_Recognition,listening_to_music,0,1,0,0,0,0,0,0,0,0,0,0,0,0,0,0,1,0,0,0
data/external/actions/human_action_recognition/train/001023_using_laptop.jpg,Bingsu/Human_Action_Recognition,using_laptop,0,1,0,0,0,0,0,0,0,0,0,0,1,0,0,0,1,0,0,0
data/external/actions/human_action_recognition/train/001024_sitting.jpg,Bingsu/Human_Action_Recognition,sitting,0,1,0,0,0,0,0,0,0,0,0,0,0,0,0,0,1,0,0,0
data/external/actions/human_action_recognition/train/001025_clapping.jpg,Bingsu/Human_Action_Recognition,clapping,0,0,0,0,1,0,0,0,0,0,0,0,0,0,0,0,0,1,0,0
data/external/actions/human_action_recognition/train/001026_clapping.jpg,Bingsu/Human_Action_Recognition,clapping,0,0,0,0,1,0,0,0,0,0,0,0,0,0,0,0,0,1,0,0
data/external/actions/human_action_recognition/train/001027_laughing.jpg,Bingsu/Human_Action_Recognition,laughing,1,0,0,0,0,0,0,0,0,0,0,0,0,0,0,0,1,0,0,0
data/external/actions/human_action_recognition/train/001028_listening_to_music.jpg,Bingsu/Human_Action_Recognition,listening_to_music,0,1,0,0,0,0,0,0,0,0,0,0,0,0,0,0,1,0,0,0
data/external/actions/human_action_recognition/train/001029_sitting.jpg,Bingsu/Human_Action_Recognition,sitting,0,1,0,0,0,0,0,0,0,0,0,0,0,0,0,0,1,0,0,0
data/external/actions/human_action_recognition/train/001030_dancing.jpg,Bingsu/Human_Action_Recognition,dancing,0,0,0,0,0,0,0,0,0,0,1,0,0,0,0,0,0,1,0,0
data/external/actions/human_action_recognition/train/001031_sitting.jpg,Bingsu/Human_Action_Recognition,sitting,0,1,0,0,0,0,0,0,0,0,0,0,0,0,0,0,1,0,0,0
data/external/actions/human_action_recognition/train/001032_cycling.jpg,Bingsu/Human_Action_Recognition,cycling,0,0,0,0,0,0,0,0,1,0,0,0,0,0,0,0,0,1,0,0
data/external/actions/human_action_recognition/train/001033_running.jpg,Bingsu/Human_Action_Recognition,running,0,0,0,0,0,0,1,0,0,0,0,0,0,0,0,0,0,1,1,0
data/external/actions/human_action_recognition/train/001034_sleeping.jpg,Bingsu/Human_Action_Recognition,sleeping,0,0,1,0,0,0,0,0,0,0,0,0,0,0,0,0,1,0,0,0
data/external/actions/human_action_recognition/train/001035_hugging.jpg,Bingsu/Human_Action_Recognition,hugging,1,0,0,0,0,0,0,0,0,0,0,0,0,0,0,0,1,0,0,0
data/external/actions/human_action_recognition/train/001036_using_laptop.jpg,Bingsu/Human_Action_Recognition,using_laptop,0,1,0,0,0,0,0,0,0,0,0,0,1,0,0,0,1,0,0,0
data/external/actions/human_action_recognition/train/001037_listening_to_music.jpg,Bingsu/Human_Action_Recognition,listening_to_music,0,1,0,0,0,0,0,0,0,0,0,0,0,0,0,0,1,0,0,0
data/external/actions/human_action_recognition/train/001038_running.jpg,Bingsu/Human_Action_Recognition,running,0,0,0,0,0,0,1,0,0,0,0,0,0,0,0,0,0,1,1,0
data/external/actions/human_action_recognition/train/001039_sitting.jpg,Bingsu/Human_Action_Recognition,sitting,0,1,0,0,0,0,0,0,0,0,0,0,0,0,0,0,1,0,0,0
data/external/actions/human_action_recognition/train/001040_texting.jpg,Bingsu/Human_Action_Recognition,texting,0,1,0,0,0,0,0,0,0,0,0,0,0,0,0,0,1,0,0,0
data/external/actions/human_action_recognition/train/001041_cycling.jpg,Bingsu/Human_Action_Recognition,cycling,0,0,0,0,0,0,0,0,1,0,0,0,0,0,0,0,0,1,0,0
data/external/actions/human_action_recognition/train/001042_laughing.jpg,Bingsu/Human_Action_Recognition,laughing,1,0,0,0,0,0,0,0,0,0,0,0,0,0,0,0,1,0,0,0
data/external/actions/human_action_recognition/train/001043_laughing.jpg,Bingsu/Human_Action_Recognition,laughing,1,0,0,0,0,0,0,0,0,0,0,0,0,0,0,0,1,0,0,0
data/external/actions/human_action_recognition/train/001044_sitting.jpg,Bingsu/Human_Action_Recognition,sitting,0,1,0,0,0,0,0,0,0,0,0,0,0,0,0,0,1,0,0,0
data/external/actions/human_action_recognition/train/001045_listening_to_music.jpg,Bingsu/Human_Action_Recognition,listening_to_music,0,1,0,0,0,0,0,0,0,0,0,0,0,0,0,0,1,0,0,0
data/external/actions/human_action_recognition/train/001046_eating.jpg,Bingsu/Human_Action_Recognition,eating,0,0,0,0,0,0,0,0,0,0,0,0,0,1,0,0,0,0,0,0
data/external/actions/human_action_recognition/train/001047_cycling.jpg,Bingsu/Human_Action_Recognition,cycling,0,0,0,0,0,0,0,0,1,0,0,0,0,0,0,0,0,1,0,0
data/external/actions/human_action_recognition/train/001048_texting.jpg,Bingsu/Human_Action_Recognition,texting,0,1,0,0,0,0,0,0,0,0,0,0,0,0,0,0,1,0,0,0
data/external/actions/human_action_recognition/train/001049_laughing.jpg,Bingsu/Human_Action_Recognition,laughing,1,0,0,0,0,0,0,0,0,0,0,0,0,0,0,0,1,0,0,0
data/external/actions/human_action_recognition/train/001050_calling.jpg,Bingsu/Human_Action_Recognition,calling,1,0,0,0,0,0,0,0,0,0,0,0,0,0,0,0,1,0,0,0
data/external/actions/human_action_recognition/train/001051_dancing.jpg,Bingsu/Human_Action_Recognition,dancing,0,0,0,0,0,0,0,0,0,0,1,0,0,0,0,0,0,1,0,0
data/external/actions/human_action_recognition/train/001052_sleeping.jpg,Bingsu/Human_Action_Recognition,sleeping,0,0,1,0,0,0,0,0,0,0,0,0,0,0,0,0,1,0,0,0
data/external/actions/human_action_recognition/train/001053_using_laptop.jpg,Bingsu/Human_Action_Recognition,using_laptop,0,1,0,0,0,0,0,0,0,0,0,0,1,0,0,0,1,0,0,0
data/external/actions/human_action_recognition/train/001054_laughing.jpg,Bingsu/Human_Action_Recognition,laughing,1,0,0,0,0,0,0,0,0,0,0,0,0,0,0,0,1,0,0,0
data/external/actions/human_action_recognition/train/001055_hugging.jpg,Bingsu/Human_Action_Recognition,hugging,1,0,0,0,0,0,0,0,0,0,0,0,0,0,0,0,1,0,0,0
data/external/actions/human_action_recognition/train/001056_dancing.jpg,Bingsu/Human_Action_Recognition,dancing,0,0,0,0,0,0,0,0,0,0,1,0,0,0,0,0,0,1,0,0
data/external/actions/human_action_recognition/train/001057_calling.jpg,Bingsu/Human_Action_Recognition,calling,1,0,0,0,0,0,0,0,0,0,0,0,0,0,0,0,1,0,0,0
data/external/actions/human_action_recognition/train/001058_clapping.jpg,Bingsu/Human_Action_Recognition,clapping,0,0,0,0,1,0,0,0,0,0,0,0,0,0,0,0,0,1,0,0
data/external/actions/human_action_recognition/train/001059_fighting.jpg,Bingsu/Human_Action_Recognition,fighting,0,0,0,0,0,0,0,0,0,0,0,0,0,0,0,0,0,1,1,0
data/external/actions/human_action_recognition/train/001060_running.jpg,Bingsu/Human_Action_Recognition,running,0,0,0,0,0,0,1,0,0,0,0,0,0,0,0,0,0,1,1,0
data/external/actions/human_action_recognition/train/001061_using_laptop.jpg,Bingsu/Human_Action_Recognition,using_laptop,0,1,0,0,0,0,0,0,0,0,0,0,1,0,0,0,1,0,0,0
data/external/actions/human_action_recognition/train/001062_sleeping.jpg,Bingsu/Human_Action_Recognition,sleeping,0,0,1,0,0,0,0,0,0,0,0,0,0,0,0,0,1,0,0,0
data/external/actions/human_action_recognition/train/001063_drinking.jpg,Bingsu/Human_Action_Recognition,drinking,0,0,0,0,0,0,0,0,0,0,0,0,0,0,1,0,0,0,0,0
data/external/actions/human_action_recognition/train/001064_clapping.jpg,Bingsu/Human_Action_Recognition,clapping,0,0,0,0,1,0,0,0,0,0,0,0,0,0,0,0,0,1,0,0
data/external/actions/human_action_recognition/train/001065_sitting.jpg,Bingsu/Human_Action_Recognition,sitting,0,1,0,0,0,0,0,0,0,0,0,0,0,0,0,0,1,0,0,0
data/external/actions/human_action_recognition/train/001066_sleeping.jpg,Bingsu/Human_Action_Recognition,sleeping,0,0,1,0,0,0,0,0,0,0,0,0,0,0,0,0,1,0,0,0
data/external/actions/human_action_recognition/train/001067_fighting.jpg,Bingsu/Human_Action_Recognition,fighting,0,0,0,0,0,0,0,0,0,0,0,0,0,0,0,0,0,1,1,0
data/external/actions/human_action_recognition/train/001068_hugging.jpg,Bingsu/Human_Action_Recognition,hugging,1,0,0,0,0,0,0,0,0,0,0,0,0,0,0,0,1,0,0,0
data/external/actions/human_action_recognition/train/001069_cycling.jpg,Bingsu/Human_Action_Recognition,cycling,0,0,0,0,0,0,0,0,1,0,0,0,0,0,0,0,0,1,0,0
data/external/actions/human_action_recognition/train/001070_dancing.jpg,Bingsu/Human_Action_Recognition,dancing,0,0,0,0,0,0,0,0,0,0,1,0,0,0,0,0,0,1,0,0
data/external/actions/human_action_recognition/train/001071_eating.jpg,Bingsu/Human_Action_Recognition,eating,0,0,0,0,0,0,0,0,0,0,0,0,0,1,0,0,0,0,0,0
data/external/actions/human_action_recognition/train/001072_using_laptop.jpg,Bingsu/Human_Action_Recognition,using_laptop,0,1,0,0,0,0,0,0,0,0,0,0,1,0,0,0,1,0,0,0
data/external/actions/human_action_recognition/train/001073_sleeping.jpg,Bingsu/Human_Action_Recognition,sleeping,0,0,1,0,0,0,0,0,0,0,0,0,0,0,0,0,1,0,0,0
data/external/actions/human_action_recognition/train/001074_listening_to_music.jpg,Bingsu/Human_Action_Recognition,listening_to_music,0,1,0,0,0,0,0,0,0,0,0,0,0,0,0,0,1,0,0,0
data/external/actions/human_action_recognition/train/001075_texting.jpg,Bingsu/Human_Action_Recognition,texting,0,1,0,0,0,0,0,0,0,0,0,0,0,0,0,0,1,0,0,0
data/external/actions/human_action_recognition/train/001076_listening_to_music.jpg,Bingsu/Human_Action_Recognition,listening_to_music,0,1,0,0,0,0,0,0,0,0,0,0,0,0,0,0,1,0,0,0
data/external/actions/human_action_recognition/train/001077_laughing.jpg,Bingsu/Human_Action_Recognition,laughing,1,0,0,0,0,0,0,0,0,0,0,0,0,0,0,0,1,0,0,0
data/external/actions/human_action_recognition/train/001078_texting.jpg,Bingsu/Human_Action_Recognition,texting,0,1,0,0,0,0,0,0,0,0,0,0,0,0,0,0,1,0,0,0
data/external/actions/human_action_recognition/train/001079_clapping.jpg,Bingsu/Human_Action_Recognition,clapping,0,0,0,0,1,0,0,0,0,0,0,0,0,0,0,0,0,1,0,0
data/external/actions/human_action_recognition/train/001080_cycling.jpg,Bingsu/Human_Action_Recognition,cycling,0,0,0,0,0,0,0,0,1,0,0,0,0,0,0,0,0,1,0,0
data/external/actions/human_action_recognition/train/001081_texting.jpg,Bingsu/Human_Action_Recognition,texting,0,1,0,0,0,0,0,0,0,0,0,0,0,0,0,0,1,0,0,0
data/external/actions/human_action_recognition/train/001082_listening_to_music.jpg,Bingsu/Human_Action_Recognition,listening_to_music,0,1,0,0,0,0,0,0,0,0,0,0,0,0,0,0,1,0,0,0
data/external/actions/human_action_recognition/train/001083_sleeping.jpg,Bingsu/Human_Action_Recognition,sleeping,0,0,1,0,0,0,0,0,0,0,0,0,0,0,0,0,1,0,0,0
data/external/actions/human_action_recognition/train/001084_clapping.jpg,Bingsu/Human_Action_Recognition,clapping,0,0,0,0,1,0,0,0,0,0,0,0,0,0,0,0,0,1,0,0
data/external/actions/human_action_recognition/train/001085_listening_to_music.jpg,Bingsu/Human_Action_Recognition,listening_to_music,0,1,0,0,0,0,0,0,0,0,0,0,0,0,0,0,1,0,0,0
data/external/actions/human_action_recognition/train/001086_eating.jpg,Bingsu/Human_Action_Recognition,eating,0,0,0,0,0,0,0,0,0,0,0,0,0,1,0,0,0,0,0,0
data/external/actions/human_action_recognition/train/001087_running.jpg,Bingsu/Human_Action_Recognition,running,0,0,0,0,0,0,1,0,0,0,0,0,0,0,0,0,0,1,1,0
data/external/actions/human_action_recognition/train/001088_eating.jpg,Bingsu/Human_Action_Recognition,eating,0,0,0,0,0,0,0,0,0,0,0,0,0,1,0,0,0,0,0,0
data/external/actions/human_action_recognition/train/001089_dancing.jpg,Bingsu/Human_Action_Recognition,dancing,0,0,0,0,0,0,0,0,0,0,1,0,0,0,0,0,0,1,0,0
data/external/actions/human_action_recognition/train/001090_calling.jpg,Bingsu/Human_Action_Recognition,calling,1,0,0,0,0,0,0,0,0,0,0,0,0,0,0,0,1,0,0,0
data/external/actions/human_action_recognition/train/001091_calling.jpg,Bingsu/Human_Action_Recognition,calling,1,0,0,0,0,0,0,0,0,0,0,0,0,0,0,0,1,0,0,0
data/external/actions/human_action_recognition/train/001092_dancing.jpg,Bingsu/Human_Action_Recognition,dancing,0,0,0,0,0,0,0,0,0,0,1,0,0,0,0,0,0,1,0,0
data/external/actions/human_action_recognition/train/001093_running.jpg,Bingsu/Human_Action_Recognition,running,0,0,0,0,0,0,1,0,0,0,0,0,0,0,0,0,0,1,1,0
data/external/actions/human_action_recognition/train/001094_cycling.jpg,Bingsu/Human_Action_Recognition,cycling,0,0,0,0,0,0,0,0,1,0,0,0,0,0,0,0,0,1,0,0
data/external/actions/human_action_recognition/train/001095_texting.jpg,Bingsu/Human_Action_Recognition,texting,0,1,0,0,0,0,0,0,0,0,0,0,0,0,0,0,1,0,0,0
data/external/actions/human_action_recognition/train/001096_fighting.jpg,Bingsu/Human_Action_Recognition,fighting,0,0,0,0,0,0,0,0,0,0,0,0,0,0,0,0,0,1,1,0
data/external/actions/human_action_recognition/train/001097_cycling.jpg,Bingsu/Human_Action_Recognition,cycling,0,0,0,0,0,0,0,0,1,0,0,0,0,0,0,0,0,1,0,0
data/external/actions/human_action_recognition/train/001098_eating.jpg,Bingsu/Human_Action_Recognition,eating,0,0,0,0,0,0,0,0,0,0,0,0,0,1,0,0,0,0,0,0
data/external/actions/human_action_recognition/train/001099_using_laptop.jpg,Bingsu/Human_Action_Recognition,using_laptop,0,1,0,0,0,0,0,0,0,0,0,0,1,0,0,0,1,0,0,0
data/external/actions/human_action_recognition/train/001100_hugging.jpg,Bingsu/Human_Action_Recognition,hugging,1,0,0,0,0,0,0,0,0,0,0,0,0,0,0,0,1,0,0,0
data/external/actions/human_action_recognition/train/001101_clapping.jpg,Bingsu/Human_Action_Recognition,clapping,0,0,0,0,1,0,0,0,0,0,0,0,0,0,0,0,0,1,0,0
data/external/actions/human_action_recognition/train/001102_listening_to_music.jpg,Bingsu/Human_Action_Recognition,listening_to_music,0,1,0,0,0,0,0,0,0,0,0,0,0,0,0,0,1,0,0,0
data/external/actions/human_action_recognition/train/001103_texting.jpg,Bingsu/Human_Action_Recognition,texting,0,1,0,0,0,0,0,0,0,0,0,0,0,0,0,0,1,0,0,0
data/external/actions/human_action_recognition/train/001104_laughing.jpg,Bingsu/Human_Action_Recognition,laughing,1,0,0,0,0,0,0,0,0,0,0,0,0,0,0,0,1,0,0,0
data/external/actions/human_action_recognition/train/001105_cycling.jpg,Bingsu/Human_Action_Recognition,cycling,0,0,0,0,0,0,0,0,1,0,0,0,0,0,0,0,0,1,0,0
data/external/actions/human_action_recognition/train/001106_cycling.jpg,Bingsu/Human_Action_Recognition,cycling,0,0,0,0,0,0,0,0,1,0,0,0,0,0,0,0,0,1,0,0
data/external/actions/human_action_recognition/train/001107_sleeping.jpg,Bingsu/Human_Action_Recognition,sleeping,0,0,1,0,0,0,0,0,0,0,0,0,0,0,0,0,1,0,0,0
data/external/actions/human_action_recognition/train/001108_sitting.jpg,Bingsu/Human_Action_Recognition,sitting,0,1,0,0,0,0,0,0,0,0,0,0,0,0,0,0,1,0,0,0
data/external/actions/human_action_recognition/train/001109_drinking.jpg,Bingsu/Human_Action_Recognition,drinking,0,0,0,0,0,0,0,0,0,0,0,0,0,0,1,0,0,0,0,0
data/external/actions/human_action_recognition/train/001110_texting.jpg,Bingsu/Human_Action_Recognition,texting,0,1,0,0,0,0,0,0,0,0,0,0,0,0,0,0,1,0,0,0
data/external/actions/human_action_recognition/train/001111_dancing.jpg,Bingsu/Human_Action_Recognition,dancing,0,0,0,0,0,0,0,0,0,0,1,0,0,0,0,0,0,1,0,0
data/external/actions/human_action_recognition/train/001112_drinking.jpg,Bingsu/Human_Action_Recognition,drinking,0,0,0,0,0,0,0,0,0,0,0,0,0,0,1,0,0,0,0,0
data/external/actions/human_action_recognition/train/001113_texting.jpg,Bingsu/Human_Action_Recognition,texting,0,1,0,0,0,0,0,0,0,0,0,0,0,0,0,0,1,0,0,0
data/external/actions/human_action_recognition/train/001114_using_laptop.jpg,Bingsu/Human_Action_Recognition,using_laptop,0,1,0,0,0,0,0,0,0,0,0,0,1,0,0,0,1,0,0,0
data/external/actions/human_action_recognition/train/001115_hugging.jpg,Bingsu/Human_Action_Recognition,hugging,1,0,0,0,0,0,0,0,0,0,0,0,0,0,0,0,1,0,0,0
data/external/actions/human_action_recognition/train/001116_fighting.jpg,Bingsu/Human_Action_Recognition,fighting,0,0,0,0,0,0,0,0,0,0,0,0,0,0,0,0,0,1,1,0
data/external/actions/human_action_recognition/train/001117_laughing.jpg,Bingsu/Human_Action_Recognition,laughing,1,0,0,0,0,0,0,0,0,0,0,0,0,0,0,0,1,0,0,0
data/external/actions/human_action_recognition/train/001118_laughing.jpg,Bingsu/Human_Action_Recognition,laughing,1,0,0,0,0,0,0,0,0,0,0,0,0,0,0,0,1,0,0,0
data/external/actions/human_action_recognition/train/001119_sleeping.jpg,Bingsu/Human_Action_Recognition,sleeping,0,0,1,0,0,0,0,0,0,0,0,0,0,0,0,0,1,0,0,0
data/external/actions/human_action_recognition/train/001120_using_laptop.jpg,Bingsu/Human_Action_Recognition,using_laptop,0,1,0,0,0,0,0,0,0,0,0,0,1,0,0,0,1,0,0,0
data/external/actions/human_action_recognition/train/001121_texting.jpg,Bingsu/Human_Action_Recognition,texting,0,1,0,0,0,0,0,0,0,0,0,0,0,0,0,0,1,0,0,0
data/external/actions/human_action_recognition/train/001122_calling.jpg,Bingsu/Human_Action_Recognition,calling,1,0,0,0,0,0,0,0,0,0,0,0,0,0,0,0,1,0,0,0
data/external/actions/human_action_recognition/train/001123_running.jpg,Bingsu/Human_Action_Recognition,running,0,0,0,0,0,0,1,0,0,0,0,0,0,0,0,0,0,1,1,0
data/external/actions/human_action_recognition/train/001124_eating.jpg,Bingsu/Human_Action_Recognition,eating,0,0,0,0,0,0,0,0,0,0,0,0,0,1,0,0,0,0,0,0
data/external/actions/human_action_recognition/train/001125_eating.jpg,Bingsu/Human_Action_Recognition,eating,0,0,0,0,0,0,0,0,0,0,0,0,0,1,0,0,0,0,0,0
data/external/actions/human_action_recognition/train/001126_hugging.jpg,Bingsu/Human_Action_Recognition,hugging,1,0,0,0,0,0,0,0,0,0,0,0,0,0,0,0,1,0,0,0
data/external/actions/human_action_recognition/train/001127_dancing.jpg,Bingsu/Human_Action_Recognition,dancing,0,0,0,0,0,0,0,0,0,0,1,0,0,0,0,0,0,1,0,0
data/external/actions/human_action_recognition/train/001128_texting.jpg,Bingsu/Human_Action_Recognition,texting,0,1,0,0,0,0,0,0,0,0,0,0,0,0,0,0,1,0,0,0
data/external/actions/human_action_recognition/train/001129_texting.jpg,Bingsu/Human_Action_Recognition,texting,0,1,0,0,0,0,0,0,0,0,0,0,0,0,0,0,1,0,0,0
data/external/actions/human_action_recognition/train/001130_drinking.jpg,Bingsu/Human_Action_Recognition,drinking,0,0,0,0,0,0,0,0,0,0,0,0,0,0,1,0,0,0,0,0
data/external/actions/human_action_recognition/train/001131_sleeping.jpg,Bingsu/Human_Action_Recognition,sleeping,0,0,1,0,0,0,0,0,0,0,0,0,0,0,0,0,1,0,0,0
data/external/actions/human_action_recognition/train/001132_drinking.jpg,Bingsu/Human_Action_Recognition,drinking,0,0,0,0,0,0,0,0,0,0,0,0,0,0,1,0,0,0,0,0
data/external/actions/human_action_recognition/train/001133_texting.jpg,Bingsu/Human_Action_Recognition,texting,0,1,0,0,0,0,0,0,0,0,0,0,0,0,0,0,1,0,0,0
data/external/actions/human_action_recognition/train/001134_eating.jpg,Bingsu/Human_Action_Recognition,eating,0,0,0,0,0,0,0,0,0,0,0,0,0,1,0,0,0,0,0,0
data/external/actions/human_action_recognition/train/001135_clapping.jpg,Bingsu/Human_Action_Recognition,clapping,0,0,0,0,1,0,0,0,0,0,0,0,0,0,0,0,0,1,0,0
data/external/actions/human_action_recognition/train/001136_hugging.jpg,Bingsu/Human_Action_Recognition,hugging,1,0,0,0,0,0,0,0,0,0,0,0,0,0,0,0,1,0,0,0
data/external/actions/human_action_recognition/train/001137_using_laptop.jpg,Bingsu/Human_Action_Recognition,using_laptop,0,1,0,0,0,0,0,0,0,0,0,0,1,0,0,0,1,0,0,0
data/external/actions/human_action_recognition/train/001138_hugging.jpg,Bingsu/Human_Action_Recognition,hugging,1,0,0,0,0,0,0,0,0,0,0,0,0,0,0,0,1,0,0,0
data/external/actions/human_action_recognition/train/001139_clapping.jpg,Bingsu/Human_Action_Recognition,clapping,0,0,0,0,1,0,0,0,0,0,0,0,0,0,0,0,0,1,0,0
data/external/actions/human_action_recognition/train/001140_texting.jpg,Bingsu/Human_Action_Recognition,texting,0,1,0,0,0,0,0,0,0,0,0,0,0,0,0,0,1,0,0,0
data/external/actions/human_action_recognition/train/001141_laughing.jpg,Bingsu/Human_Action_Recognition,laughing,1,0,0,0,0,0,0,0,0,0,0,0,0,0,0,0,1,0,0,0
data/external/actions/human_action_recognition/train/001142_fighting.jpg,Bingsu/Human_Action_Recognition,fighting,0,0,0,0,0,0,0,0,0,0,0,0,0,0,0,0,0,1,1,0
data/external/actions/human_action_recognition/train/001143_cycling.jpg,Bingsu/Human_Action_Recognition,cycling,0,0,0,0,0,0,0,0,1,0,0,0,0,0,0,0,0,1,0,0
data/external/actions/human_action_recognition/train/001144_laughing.jpg,Bingsu/Human_Action_Recognition,laughing,1,0,0,0,0,0,0,0,0,0,0,0,0,0,0,0,1,0,0,0
data/external/actions/human_action_recognition/train/001145_hugging.jpg,Bingsu/Human_Action_Recognition,hugging,1,0,0,0,0,0,0,0,0,0,0,0,0,0,0,0,1,0,0,0
data/external/actions/human_action_recognition/train/001146_sitting.jpg,Bingsu/Human_Action_Recognition,sitting,0,1,0,0,0,0,0,0,0,0,0,0,0,0,0,0,1,0,0,0
data/external/actions/human_action_recognition/train/001147_running.jpg,Bingsu/Human_Action_Recognition,running,0,0,0,0,0,0,1,0,0,0,0,0,0,0,0,0,0,1,1,0
data/external/actions/human_action_recognition/train/001148_drinking.jpg,Bingsu/Human_Action_Recognition,drinking,0,0,0,0,0,0,0,0,0,0,0,0,0,0,1,0,0,0,0,0
data/external/actions/human_action_recognition/train/001149_eating.jpg,Bingsu/Human_Action_Recognition,eating,0,0,0,0,0,0,0,0,0,0,0,0,0,1,0,0,0,0,0,0
data/external/actions/human_action_recognition/train/001150_hugging.jpg,Bingsu/Human_Action_Recognition,hugging,1,0,0,0,0,0,0,0,0,0,0,0,0,0,0,0,1,0,0,0
data/external/actions/human_action_recognition/train/001151_eating.jpg,Bingsu/Human_Action_Recognition,eating,0,0,0,0,0,0,0,0,0,0,0,0,0,1,0,0,0,0,0,0
data/external/actions/human_action_recognition/train/001152_eating.jpg,Bingsu/Human_Action_Recognition,eating,0,0,0,0,0,0,0,0,0,0,0,0,0,1,0,0,0,0,0,0
data/external/actions/human_action_recognition/train/001153_listening_to_music.jpg,Bingsu/Human_Action_Recognition,listening_to_music,0,1,0,0,0,0,0,0,0,0,0,0,0,0,0,0,1,0,0,0
data/external/actions/human_action_recognition/train/001154_laughing.jpg,Bingsu/Human_Action_Recognition,laughing,1,0,0,0,0,0,0,0,0,0,0,0,0,0,0,0,1,0,0,0
data/external/actions/human_action_recognition/train/001155_calling.jpg,Bingsu/Human_Action_Recognition,calling,1,0,0,0,0,0,0,0,0,0,0,0,0,0,0,0,1,0,0,0
data/external/actions/human_action_recognition/train/001156_cycling.jpg,Bingsu/Human_Action_Recognition,cycling,0,0,0,0,0,0,0,0,1,0,0,0,0,0,0,0,0,1,0,0
data/external/actions/human_action_recognition/train/001157_eating.jpg,Bingsu/Human_Action_Recognition,eating,0,0,0,0,0,0,0,0,0,0,0,0,0,1,0,0,0,0,0,0
data/external/actions/human_action_recognition/train/001158_calling.jpg,Bingsu/Human_Action_Recognition,calling,1,0,0,0,0,0,0,0,0,0,0,0,0,0,0,0,1,0,0,0
data/external/actions/human_action_recognition/train/001159_using_laptop.jpg,Bingsu/Human_Action_Recognition,using_laptop,0,1,0,0,0,0,0,0,0,0,0,0,1,0,0,0,1,0,0,0
data/external/actions/human_action_recognition/train/001160_texting.jpg,Bingsu/Human_Action_Recognition,texting,0,1,0,0,0,0,0,0,0,0,0,0,0,0,0,0,1,0,0,0
data/external/actions/human_action_recognition/train/001161_sleeping.jpg,Bingsu/Human_Action_Recognition,sleeping,0,0,1,0,0,0,0,0,0,0,0,0,0,0,0,0,1,0,0,0
data/external/actions/human_action_recognition/train/001162_running.jpg,Bingsu/Human_Action_Recognition,running,0,0,0,0,0,0,1,0,0,0,0,0,0,0,0,0,0,1,1,0
data/external/actions/human_action_recognition/train/001163_clapping.jpg,Bingsu/Human_Action_Recognition,clapping,0,0,0,0,1,0,0,0,0,0,0,0,0,0,0,0,0,1,0,0
data/external/actions/human_action_recognition/train/001164_laughing.jpg,Bingsu/Human_Action_Recognition,laughing,1,0,0,0,0,0,0,0,0,0,0,0,0,0,0,0,1,0,0,0
data/external/actions/human_action_recognition/train/001165_laughing.jpg,Bingsu/Human_Action_Recognition,laughing,1,0,0,0,0,0,0,0,0,0,0,0,0,0,0,0,1,0,0,0
data/external/actions/human_action_recognition/train/001166_sitting.jpg,Bingsu/Human_Action_Recognition,sitting,0,1,0,0,0,0,0,0,0,0,0,0,0,0,0,0,1,0,0,0
data/external/actions/human_action_recognition/train/001167_cycling.jpg,Bingsu/Human_Action_Recognition,cycling,0,0,0,0,0,0,0,0,1,0,0,0,0,0,0,0,0,1,0,0
data/external/actions/human_action_recognition/train/001168_sitting.jpg,Bingsu/Human_Action_Recognition,sitting,0,1,0,0,0,0,0,0,0,0,0,0,0,0,0,0,1,0,0,0
data/external/actions/human_action_recognition/train/001169_hugging.jpg,Bingsu/Human_Action_Recognition,hugging,1,0,0,0,0,0,0,0,0,0,0,0,0,0,0,0,1,0,0,0
data/external/actions/human_action_recognition/train/001170_sleeping.jpg,Bingsu/Human_Action_Recognition,sleeping,0,0,1,0,0,0,0,0,0,0,0,0,0,0,0,0,1,0,0,0
data/external/actions/human_action_recognition/train/001171_dancing.jpg,Bingsu/Human_Action_Recognition,dancing,0,0,0,0,0,0,0,0,0,0,1,0,0,0,0,0,0,1,0,0
data/external/actions/human_action_recognition/train/001172_clapping.jpg,Bingsu/Human_Action_Recognition,clapping,0,0,0,0,1,0,0,0,0,0,0,0,0,0,0,0,0,1,0,0
data/external/actions/human_action_recognition/train/001173_running.jpg,Bingsu/Human_Action_Recognition,running,0,0,0,0,0,0,1,0,0,0,0,0,0,0,0,0,0,1,1,0
data/external/actions/human_action_recognition/train/001174_hugging.jpg,Bingsu/Human_Action_Recognition,hugging,1,0,0,0,0,0,0,0,0,0,0,0,0,0,0,0,1,0,0,0
data/external/actions/human_action_recognition/train/001175_fighting.jpg,Bingsu/Human_Action_Recognition,fighting,0,0,0,0,0,0,0,0,0,0,0,0,0,0,0,0,0,1,1,0
data/external/actions/human_action_recognition/train/001176_clapping.jpg,Bingsu/Human_Action_Recognition,clapping,0,0,0,0,1,0,0,0,0,0,0,0,0,0,0,0,0,1,0,0
data/external/actions/human_action_recognition/train/001177_calling.jpg,Bingsu/Human_Action_Recognition,calling,1,0,0,0,0,0,0,0,0,0,0,0,0,0,0,0,1,0,0,0
data/external/actions/human_action_recognition/train/001178_texting.jpg,Bingsu/Human_Action_Recognition,texting,0,1,0,0,0,0,0,0,0,0,0,0,0,0,0,0,1,0,0,0
data/external/actions/human_action_recognition/train/001179_drinking.jpg,Bingsu/Human_Action_Recognition,drinking,0,0,0,0,0,0,0,0,0,0,0,0,0,0,1,0,0,0,0,0
data/external/actions/human_action_recognition/train/001180_running.jpg,Bingsu/Human_Action_Recognition,running,0,0,0,0,0,0,1,0,0,0,0,0,0,0,0,0,0,1,1,0
data/external/actions/human_action_recognition/train/001181_laughing.jpg,Bingsu/Human_Action_Recognition,laughing,1,0,0,0,0,0,0,0,0,0,0,0,0,0,0,0,1,0,0,0
data/external/actions/human_action_recognition/train/001182_clapping.jpg,Bingsu/Human_Action_Recognition,clapping,0,0,0,0,1,0,0,0,0,0,0,0,0,0,0,0,0,1,0,0
data/external/actions/human_action_recognition/train/001183_sleeping.jpg,Bingsu/Human_Action_Recognition,sleeping,0,0,1,0,0,0,0,0,0,0,0,0,0,0,0,0,1,0,0,0
data/external/actions/human_action_recognition/train/001184_calling.jpg,Bingsu/Human_Action_Recognition,calling,1,0,0,0,0,0,0,0,0,0,0,0,0,0,0,0,1,0,0,0
data/external/actions/human_action_recognition/train/001185_sleeping.jpg,Bingsu/Human_Action_Recognition,sleeping,0,0,1,0,0,0,0,0,0,0,0,0,0,0,0,0,1,0,0,0
data/external/actions/human_action_recognition/train/001186_cycling.jpg,Bingsu/Human_Action_Recognition,cycling,0,0,0,0,0,0,0,0,1,0,0,0,0,0,0,0,0,1,0,0
data/external/actions/human_action_recognition/train/001187_eating.jpg,Bingsu/Human_Action_Recognition,eating,0,0,0,0,0,0,0,0,0,0,0,0,0,1,0,0,0,0,0,0
data/external/actions/human_action_recognition/train/001188_sleeping.jpg,Bingsu/Human_Action_Recognition,sleeping,0,0,1,0,0,0,0,0,0,0,0,0,0,0,0,0,1,0,0,0
data/external/actions/human_action_recognition/train/001189_clapping.jpg,Bingsu/Human_Action_Recognition,clapping,0,0,0,0,1,0,0,0,0,0,0,0,0,0,0,0,0,1,0,0
data/external/actions/human_action_recognition/train/001190_dancing.jpg,Bingsu/Human_Action_Recognition,dancing,0,0,0,0,0,0,0,0,0,0,1,0,0,0,0,0,0,1,0,0
data/external/actions/human_action_recognition/train/001191_running.jpg,Bingsu/Human_Action_Recognition,running,0,0,0,0,0,0,1,0,0,0,0,0,0,0,0,0,0,1,1,0
data/external/actions/human_action_recognition/train/001192_texting.jpg,Bingsu/Human_Action_Recognition,texting,0,1,0,0,0,0,0,0,0,0,0,0,0,0,0,0,1,0,0,0
data/external/actions/human_action_recognition/train/001193_running.jpg,Bingsu/Human_Action_Recognition,running,0,0,0,0,0,0,1,0,0,0,0,0,0,0,0,0,0,1,1,0
data/external/actions/human_action_recognition/train/001194_drinking.jpg,Bingsu/Human_Action_Recognition,drinking,0,0,0,0,0,0,0,0,0,0,0,0,0,0,1,0,0,0,0,0
data/external/actions/human_action_recognition/train/001195_sitting.jpg,Bingsu/Human_Action_Recognition,sitting,0,1,0,0,0,0,0,0,0,0,0,0,0,0,0,0,1,0,0,0
data/external/actions/human_action_recognition/train/001196_eating.jpg,Bingsu/Human_Action_Recognition,eating,0,0,0,0,0,0,0,0,0,0,0,0,0,1,0,0,0,0,0,0
data/external/actions/human_action_recognition/train/001197_fighting.jpg,Bingsu/Human_Action_Recognition,fighting,0,0,0,0,0,0,0,0,0,0,0,0,0,0,0,0,0,1,1,0
data/external/actions/human_action_recognition/train/001198_dancing.jpg,Bingsu/Human_Action_Recognition,dancing,0,0,0,0,0,0,0,0,0,0,1,0,0,0,0,0,0,1,0,0
data/external/actions/human_action_recognition/train/001199_sleeping.jpg,Bingsu/Human_Action_Recognition,sleeping,0,0,1,0,0,0,0,0,0,0,0,0,0,0,0,0,1,0,0,0
data/external/actions/human_action_recognition/train/001200_clapping.jpg,Bingsu/Human_Action_Recognition,clapping,0,0,0,0,1,0,0,0,0,0,0,0,0,0,0,0,0,1,0,0
data/external/actions/human_action_recognition/train/001201_fighting.jpg,Bingsu/Human_Action_Recognition,fighting,0,0,0,0,0,0,0,0,0,0,0,0,0,0,0,0,0,1,1,0
data/external/actions/human_action_recognition/train/001202_drinking.jpg,Bingsu/Human_Action_Recognition,drinking,0,0,0,0,0,0,0,0,0,0,0,0,0,0,1,0,0,0,0,0
data/external/actions/human_action_recognition/train/001203_running.jpg,Bingsu/Human_Action_Recognition,running,0,0,0,0,0,0,1,0,0,0,0,0,0,0,0,0,0,1,1,0
data/external/actions/human_action_recognition/train/001204_hugging.jpg,Bingsu/Human_Action_Recognition,hugging,1,0,0,0,0,0,0,0,0,0,0,0,0,0,0,0,1,0,0,0
data/external/actions/human_action_recognition/train/001205_listening_to_music.jpg,Bingsu/Human_Action_Recognition,listening_to_music,0,1,0,0,0,0,0,0,0,0,0,0,0,0,0,0,1,0,0,0
data/external/actions/human_action_recognition/train/001206_eating.jpg,Bingsu/Human_Action_Recognition,eating,0,0,0,0,0,0,0,0,0,0,0,0,0,1,0,0,0,0,0,0
data/external/actions/human_action_recognition/train/001207_hugging.jpg,Bingsu/Human_Action_Recognition,hugging,1,0,0,0,0,0,0,0,0,0,0,0,0,0,0,0,1,0,0,0
data/external/actions/human_action_recognition/train/001208_laughing.jpg,Bingsu/Human_Action_Recognition,laughing,1,0,0,0,0,0,0,0,0,0,0,0,0,0,0,0,1,0,0,0
data/external/actions/human_action_recognition/train/001209_sitting.jpg,Bingsu/Human_Action_Recognition,sitting,0,1,0,0,0,0,0,0,0,0,0,0,0,0,0,0,1,0,0,0
data/external/actions/human_action_recognition/train/001210_fighting.jpg,Bingsu/Human_Action_Recognition,fighting,0,0,0,0,0,0,0,0,0,0,0,0,0,0,0,0,0,1,1,0
data/external/actions/human_action_recognition/train/001211_fighting.jpg,Bingsu/Human_Action_Recognition,fighting,0,0,0,0,0,0,0,0,0,0,0,0,0,0,0,0,0,1,1,0
data/external/actions/human_action_recognition/train/001212_sleeping.jpg,Bingsu/Human_Action_Recognition,sleeping,0,0,1,0,0,0,0,0,0,0,0,0,0,0,0,0,1,0,0,0
data/external/actions/human_action_recognition/train/001213_sleeping.jpg,Bingsu/Human_Action_Recognition,sleeping,0,0,1,0,0,0,0,0,0,0,0,0,0,0,0,0,1,0,0,0
data/external/actions/human_action_recognition/train/001214_fighting.jpg,Bingsu/Human_Action_Recognition,fighting,0,0,0,0,0,0,0,0,0,0,0,0,0,0,0,0,0,1,1,0
data/external/actions/human_action_recognition/train/001215_listening_to_music.jpg,Bingsu/Human_Action_Recognition,listening_to_music,0,1,0,0,0,0,0,0,0,0,0,0,0,0,0,0,1,0,0,0
data/external/actions/human_action_recognition/train/001216_sleeping.jpg,Bingsu/Human_Action_Recognition,sleeping,0,0,1,0,0,0,0,0,0,0,0,0,0,0,0,0,1,0,0,0
data/external/actions/human_action_recognition/train/001217_calling.jpg,Bingsu/Human_Action_Recognition,calling,1,0,0,0,0,0,0,0,0,0,0,0,0,0,0,0,1,0,0,0
data/external/actions/human_action_recognition/train/001218_cycling.jpg,Bingsu/Human_Action_Recognition,cycling,0,0,0,0,0,0,0,0,1,0,0,0,0,0,0,0,0,1,0,0
data/external/actions/human_action_recognition/train/001219_sleeping.jpg,Bingsu/Human_Action_Recognition,sleeping,0,0,1,0,0,0,0,0,0,0,0,0,0,0,0,0,1,0,0,0
data/external/actions/human_action_recognition/train/001220_laughing.jpg,Bingsu/Human_Action_Recognition,laughing,1,0,0,0,0,0,0,0,0,0,0,0,0,0,0,0,1,0,0,0
data/external/actions/human_action_recognition/train/001221_drinking.jpg,Bingsu/Human_Action_Recognition,drinking,0,0,0,0,0,0,0,0,0,0,0,0,0,0,1,0,0,0,0,0
data/external/actions/human_action_recognition/train/001222_calling.jpg,Bingsu/Human_Action_Recognition,calling,1,0,0,0,0,0,0,0,0,0,0,0,0,0,0,0,1,0,0,0
data/external/actions/human_action_recognition/train/001223_using_laptop.jpg,Bingsu/Human_Action_Recognition,using_laptop,0,1,0,0,0,0,0,0,0,0,0,0,1,0,0,0,1,0,0,0
data/external/actions/human_action_recognition/train/001224_using_laptop.jpg,Bingsu/Human_Action_Recognition,using_laptop,0,1,0,0,0,0,0,0,0,0,0,0,1,0,0,0,1,0,0,0
data/external/actions/human_action_recognition/train/001225_dancing.jpg,Bingsu/Human_Action_Recognition,dancing,0,0,0,0,0,0,0,0,0,0,1,0,0,0,0,0,0,1,0,0
data/external/actions/human_action_recognition/train/001226_eating.jpg,Bingsu/Human_Action_Recognition,eating,0,0,0,0,0,0,0,0,0,0,0,0,0,1,0,0,0,0,0,0
data/external/actions/human_action_recognition/train/001227_sleeping.jpg,Bingsu/Human_Action_Recognition,sleeping,0,0,1,0,0,0,0,0,0,0,0,0,0,0,0,0,1,0,0,0
data/external/actions/human_action_recognition/train/001228_calling.jpg,Bingsu/Human_Action_Recognition,calling,1,0,0,0,0,0,0,0,0,0,0,0,0,0,0,0,1,0,0,0
data/external/actions/human_action_recognition/train/001229_laughing.jpg,Bingsu/Human_Action_Recognition,laughing,1,0,0,0,0,0,0,0,0,0,0,0,0,0,0,0,1,0,0,0
data/external/actions/human_action_recognition/train/001230_fighting.jpg,Bingsu/Human_Action_Recognition,fighting,0,0,0,0,0,0,0,0,0,0,0,0,0,0,0,0,0,1,1,0
data/external/actions/human_action_recognition/train/001231_drinking.jpg,Bingsu/Human_Action_Recognition,drinking,0,0,0,0,0,0,0,0,0,0,0,0,0,0,1,0,0,0,0,0
data/external/actions/human_action_recognition/train/001232_drinking.jpg,Bingsu/Human_Action_Recognition,drinking,0,0,0,0,0,0,0,0,0,0,0,0,0,0,1,0,0,0,0,0
data/external/actions/human_action_recognition/train/001233_cycling.jpg,Bingsu/Human_Action_Recognition,cycling,0,0,0,0,0,0,0,0,1,0,0,0,0,0,0,0,0,1,0,0
data/external/actions/human_action_recognition/train/001234_running.jpg,Bingsu/Human_Action_Recognition,running,0,0,0,0,0,0,1,0,0,0,0,0,0,0,0,0,0,1,1,0
data/external/actions/human_action_recognition/train/001235_dancing.jpg,Bingsu/Human_Action_Recognition,dancing,0,0,0,0,0,0,0,0,0,0,1,0,0,0,0,0,0,1,0,0
data/external/actions/human_action_recognition/train/001236_sleeping.jpg,Bingsu/Human_Action_Recognition,sleeping,0,0,1,0,0,0,0,0,0,0,0,0,0,0,0,0,1,0,0,0
data/external/actions/human_action_recognition/train/001237_clapping.jpg,Bingsu/Human_Action_Recognition,clapping,0,0,0,0,1,0,0,0,0,0,0,0,0,0,0,0,0,1,0,0
data/external/actions/human_action_recognition/train/001238_using_laptop.jpg,Bingsu/Human_Action_Recognition,using_laptop,0,1,0,0,0,0,0,0,0,0,0,0,1,0,0,0,1,0,0,0
data/external/actions/human_action_recognition/train/001239_laughing.jpg,Bingsu/Human_Action_Recognition,laughing,1,0,0,0,0,0,0,0,0,0,0,0,0,0,0,0,1,0,0,0
data/external/actions/human_action_recognition/train/001240_clapping.jpg,Bingsu/Human_Action_Recognition,clapping,0,0,0,0,1,0,0,0,0,0,0,0,0,0,0,0,0,1,0,0
data/external/actions/human_action_recognition/train/001241_running.jpg,Bingsu/Human_Action_Recognition,running,0,0,0,0,0,0,1,0,0,0,0,0,0,0,0,0,0,1,1,0
data/external/actions/human_action_recognition/train/001242_clapping.jpg,Bingsu/Human_Action_Recognition,clapping,0,0,0,0,1,0,0,0,0,0,0,0,0,0,0,0,0,1,0,0
data/external/actions/human_action_recognition/train/001243_drinking.jpg,Bingsu/Human_Action_Recognition,drinking,0,0,0,0,0,0,0,0,0,0,0,0,0,0,1,0,0,0,0,0
data/external/actions/human_action_recognition/train/001244_texting.jpg,Bingsu/Human_Action_Recognition,texting,0,1,0,0,0,0,0,0,0,0,0,0,0,0,0,0,1,0,0,0
data/external/actions/human_action_recognition/train/001245_listening_to_music.jpg,Bingsu/Human_Action_Recognition,listening_to_music,0,1,0,0,0,0,0,0,0,0,0,0,0,0,0,0,1,0,0,0
data/external/actions/human_action_recognition/train/001246_drinking.jpg,Bingsu/Human_Action_Recognition,drinking,0,0,0,0,0,0,0,0,0,0,0,0,0,0,1,0,0,0,0,0
data/external/actions/human_action_recognition/train/001247_clapping.jpg,Bingsu/Human_Action_Recognition,clapping,0,0,0,0,1,0,0,0,0,0,0,0,0,0,0,0,0,1,0,0
data/external/actions/human_action_recognition/train/001248_laughing.jpg,Bingsu/Human_Action_Recognition,laughing,1,0,0,0,0,0,0,0,0,0,0,0,0,0,0,0,1,0,0,0
data/external/actions/human_action_recognition/train/001249_sitting.jpg,Bingsu/Human_Action_Recognition,sitting,0,1,0,0,0,0,0,0,0,0,0,0,0,0,0,0,1,0,0,0
data/external/actions/human_action_recognition/train/001250_hugging.jpg,Bingsu/Human_Action_Recognition,hugging,1,0,0,0,0,0,0,0,0,0,0,0,0,0,0,0,1,0,0,0
data/external/actions/human_action_recognition/train/001251_clapping.jpg,Bingsu/Human_Action_Recognition,clapping,0,0,0,0,1,0,0,0,0,0,0,0,0,0,0,0,0,1,0,0
data/external/actions/human_action_recognition/train/001252_clapping.jpg,Bingsu/Human_Action_Recognition,clapping,0,0,0,0,1,0,0,0,0,0,0,0,0,0,0,0,0,1,0,0
data/external/actions/human_action_recognition/train/001253_fighting.jpg,Bingsu/Human_Action_Recognition,fighting,0,0,0,0,0,0,0,0,0,0,0,0,0,0,0,0,0,1,1,0
data/external/actions/human_action_recognition/train/001254_clapping.jpg,Bingsu/Human_Action_Recognition,clapping,0,0,0,0,1,0,0,0,0,0,0,0,0,0,0,0,0,1,0,0
data/external/actions/human_action_recognition/train/001255_listening_to_music.jpg,Bingsu/Human_Action_Recognition,listening_to_music,0,1,0,0,0,0,0,0,0,0,0,0,0,0,0,0,1,0,0,0
data/external/actions/human_action_recognition/train/001256_clapping.jpg,Bingsu/Human_Action_Recognition,clapping,0,0,0,0,1,0,0,0,0,0,0,0,0,0,0,0,0,1,0,0
data/external/actions/human_action_recognition/train/001257_sleeping.jpg,Bingsu/Human_Action_Recognition,sleeping,0,0,1,0,0,0,0,0,0,0,0,0,0,0,0,0,1,0,0,0
data/external/actions/human_action_recognition/train/001258_using_laptop.jpg,Bingsu/Human_Action_Recognition,using_laptop,0,1,0,0,0,0,0,0,0,0,0,0,1,0,0,0,1,0,0,0
data/external/actions/human_action_recognition/train/001259_using_laptop.jpg,Bingsu/Human_Action_Recognition,using_laptop,0,1,0,0,0,0,0,0,0,0,0,0,1,0,0,0,1,0,0,0
data/external/actions/human_action_recognition/train/001260_drinking.jpg,Bingsu/Human_Action_Recognition,drinking,0,0,0,0,0,0,0,0,0,0,0,0,0,0,1,0,0,0,0,0
data/external/actions/human_action_recognition/train/001261_clapping.jpg,Bingsu/Human_Action_Recognition,clapping,0,0,0,0,1,0,0,0,0,0,0,0,0,0,0,0,0,1,0,0
data/external/actions/human_action_recognition/train/001262_calling.jpg,Bingsu/Human_Action_Recognition,calling,1,0,0,0,0,0,0,0,0,0,0,0,0,0,0,0,1,0,0,0
data/external/actions/human_action_recognition/train/001263_using_laptop.jpg,Bingsu/Human_Action_Recognition,using_laptop,0,1,0,0,0,0,0,0,0,0,0,0,1,0,0,0,1,0,0,0
data/external/actions/human_action_recognition/train/001264_running.jpg,Bingsu/Human_Action_Recognition,running,0,0,0,0,0,0,1,0,0,0,0,0,0,0,0,0,0,1,1,0
data/external/actions/human_action_recognition/train/001265_sleeping.jpg,Bingsu/Human_Action_Recognition,sleeping,0,0,1,0,0,0,0,0,0,0,0,0,0,0,0,0,1,0,0,0
data/external/actions/human_action_recognition/train/001266_clapping.jpg,Bingsu/Human_Action_Recognition,clapping,0,0,0,0,1,0,0,0,0,0,0,0,0,0,0,0,0,1,0,0
data/external/actions/human_action_recognition/train/001267_running.jpg,Bingsu/Human_Action_Recognition,running,0,0,0,0,0,0,1,0,0,0,0,0,0,0,0,0,0,1,1,0
data/external/actions/human_action_recognition/train/001268_clapping.jpg,Bingsu/Human_Action_Recognition,clapping,0,0,0,0,1,0,0,0,0,0,0,0,0,0,0,0,0,1,0,0
data/external/actions/human_action_recognition/train/001269_dancing.jpg,Bingsu/Human_Action_Recognition,dancing,0,0,0,0,0,0,0,0,0,0,1,0,0,0,0,0,0,1,0,0
data/external/actions/human_action_recognition/train/001270_cycling.jpg,Bingsu/Human_Action_Recognition,cycling,0,0,0,0,0,0,0,0,1,0,0,0,0,0,0,0,0,1,0,0
data/external/actions/human_action_recognition/train/001271_eating.jpg,Bingsu/Human_Action_Recognition,eating,0,0,0,0,0,0,0,0,0,0,0,0,0,1,0,0,0,0,0,0
data/external/actions/human_action_recognition/train/001272_eating.jpg,Bingsu/Human_Action_Recognition,eating,0,0,0,0,0,0,0,0,0,0,0,0,0,1,0,0,0,0,0,0
data/external/actions/human_action_recognition/train/001273_cycling.jpg,Bingsu/Human_Action_Recognition,cycling,0,0,0,0,0,0,0,0,1,0,0,0,0,0,0,0,0,1,0,0
data/external/actions/human_action_recognition/train/001274_dancing.jpg,Bingsu/Human_Action_Recognition,dancing,0,0,0,0,0,0,0,0,0,0,1,0,0,0,0,0,0,1,0,0
data/external/actions/human_action_recognition/train/001275_sleeping.jpg,Bingsu/Human_Action_Recognition,sleeping,0,0,1,0,0,0,0,0,0,0,0,0,0,0,0,0,1,0,0,0
data/external/actions/human_action_recognition/train/001276_hugging.jpg,Bingsu/Human_Action_Recognition,hugging,1,0,0,0,0,0,0,0,0,0,0,0,0,0,0,0,1,0,0,0
data/external/actions/human_action_recognition/train/001277_listening_to_music.jpg,Bingsu/Human_Action_Recognition,listening_to_music,0,1,0,0,0,0,0,0,0,0,0,0,0,0,0,0,1,0,0,0
data/external/actions/human_action_recognition/train/001278_drinking.jpg,Bingsu/Human_Action_Recognition,drinking,0,0,0,0,0,0,0,0,0,0,0,0,0,0,1,0,0,0,0,0
data/external/actions/human_action_recognition/train/001279_laughing.jpg,Bingsu/Human_Action_Recognition,laughing,1,0,0,0,0,0,0,0,0,0,0,0,0,0,0,0,1,0,0,0
data/external/actions/human_action_recognition/train/001280_eating.jpg,Bingsu/Human_Action_Recognition,eating,0,0,0,0,0,0,0,0,0,0,0,0,0,1,0,0,0,0,0,0
data/external/actions/human_action_recognition/train/001281_clapping.jpg,Bingsu/Human_Action_Recognition,clapping,0,0,0,0,1,0,0,0,0,0,0,0,0,0,0,0,0,1,0,0
data/external/actions/human_action_recognition/train/001282_fighting.jpg,Bingsu/Human_Action_Recognition,fighting,0,0,0,0,0,0,0,0,0,0,0,0,0,0,0,0,0,1,1,0
data/external/actions/human_action_recognition/train/001283_eating.jpg,Bingsu/Human_Action_Recognition,eating,0,0,0,0,0,0,0,0,0,0,0,0,0,1,0,0,0,0,0,0
data/external/actions/human_action_recognition/train/001284_using_laptop.jpg,Bingsu/Human_Action_Recognition,using_laptop,0,1,0,0,0,0,0,0,0,0,0,0,1,0,0,0,1,0,0,0
data/external/actions/human_action_recognition/train/001285_texting.jpg,Bingsu/Human_Action_Recognition,texting,0,1,0,0,0,0,0,0,0,0,0,0,0,0,0,0,1,0,0,0
data/external/actions/human_action_recognition/train/001286_eating.jpg,Bingsu/Human_Action_Recognition,eating,0,0,0,0,0,0,0,0,0,0,0,0,0,1,0,0,0,0,0,0
data/external/actions/human_action_recognition/train/001287_hugging.jpg,Bingsu/Human_Action_Recognition,hugging,1,0,0,0,0,0,0,0,0,0,0,0,0,0,0,0,1,0,0,0
data/external/actions/human_action_recognition/train/001288_drinking.jpg,Bingsu/Human_Action_Recognition,drinking,0,0,0,0,0,0,0,0,0,0,0,0,0,0,1,0,0,0,0,0
data/external/actions/human_action_recognition/train/001289_calling.jpg,Bingsu/Human_Action_Recognition,calling,1,0,0,0,0,0,0,0,0,0,0,0,0,0,0,0,1,0,0,0
data/external/actions/human_action_recognition/train/001290_texting.jpg,Bingsu/Human_Action_Recognition,texting,0,1,0,0,0,0,0,0,0,0,0,0,0,0,0,0,1,0,0,0
data/external/actions/human_action_recognition/train/001291_laughing.jpg,Bingsu/Human_Action_Recognition,laughing,1,0,0,0,0,0,0,0,0,0,0,0,0,0,0,0,1,0,0,0
data/external/actions/human_action_recognition/train/001292_hugging.jpg,Bingsu/Human_Action_Recognition,hugging,1,0,0,0,0,0,0,0,0,0,0,0,0,0,0,0,1,0,0,0
data/external/actions/human_action_recognition/train/001293_eating.jpg,Bingsu/Human_Action_Recognition,eating,0,0,0,0,0,0,0,0,0,0,0,0,0,1,0,0,0,0,0,0
data/external/actions/human_action_recognition/train/001294_eating.jpg,Bingsu/Human_Action_Recognition,eating,0,0,0,0,0,0,0,0,0,0,0,0,0,1,0,0,0,0,0,0
data/external/actions/human_action_recognition/train/001295_listening_to_music.jpg,Bingsu/Human_Action_Recognition,listening_to_music,0,1,0,0,0,0,0,0,0,0,0,0,0,0,0,0,1,0,0,0
data/external/actions/human_action_recognition/train/001296_fighting.jpg,Bingsu/Human_Action_Recognition,fighting,0,0,0,0,0,0,0,0,0,0,0,0,0,0,0,0,0,1,1,0
data/external/actions/human_action_recognition/train/001297_fighting.jpg,Bingsu/Human_Action_Recognition,fighting,0,0,0,0,0,0,0,0,0,0,0,0,0,0,0,0,0,1,1,0
data/external/actions/human_action_recognition/train/001298_eating.jpg,Bingsu/Human_Action_Recognition,eating,0,0,0,0,0,0,0,0,0,0,0,0,0,1,0,0,0,0,0,0
data/external/actions/human_action_recognition/train/001299_calling.jpg,Bingsu/Human_Action_Recognition,calling,1,0,0,0,0,0,0,0,0,0,0,0,0,0,0,0,1,0,0,0
data/external/actions/human_action_recognition/train/001300_running.jpg,Bingsu/Human_Action_Recognition,running,0,0,0,0,0,0,1,0,0,0,0,0,0,0,0,0,0,1,1,0
data/external/actions/human_action_recognition/train/001301_using_laptop.jpg,Bingsu/Human_Action_Recognition,using_laptop,0,1,0,0,0,0,0,0,0,0,0,0,1,0,0,0,1,0,0,0
data/external/actions/human_action_recognition/train/001302_listening_to_music.jpg,Bingsu/Human_Action_Recognition,listening_to_music,0,1,0,0,0,0,0,0,0,0,0,0,0,0,0,0,1,0,0,0
data/external/actions/human_action_recognition/train/001303_eating.jpg,Bingsu/Human_Action_Recognition,eating,0,0,0,0,0,0,0,0,0,0,0,0,0,1,0,0,0,0,0,0
data/external/actions/human_action_recognition/train/001304_running.jpg,Bingsu/Human_Action_Recognition,running,0,0,0,0,0,0,1,0,0,0,0,0,0,0,0,0,0,1,1,0
data/external/actions/human_action_recognition/train/001305_clapping.jpg,Bingsu/Human_Action_Recognition,clapping,0,0,0,0,1,0,0,0,0,0,0,0,0,0,0,0,0,1,0,0
data/external/actions/human_action_recognition/train/001306_listening_to_music.jpg,Bingsu/Human_Action_Recognition,listening_to_music,0,1,0,0,0,0,0,0,0,0,0,0,0,0,0,0,1,0,0,0
data/external/actions/human_action_recognition/train/001307_sitting.jpg,Bingsu/Human_Action_Recognition,sitting,0,1,0,0,0,0,0,0,0,0,0,0,0,0,0,0,1,0,0,0
data/external/actions/human_action_recognition/train/001308_clapping.jpg,Bingsu/Human_Action_Recognition,clapping,0,0,0,0,1,0,0,0,0,0,0,0,0,0,0,0,0,1,0,0
data/external/actions/human_action_recognition/train/001309_eating.jpg,Bingsu/Human_Action_Recognition,eating,0,0,0,0,0,0,0,0,0,0,0,0,0,1,0,0,0,0,0,0
data/external/actions/human_action_recognition/train/001310_using_laptop.jpg,Bingsu/Human_Action_Recognition,using_laptop,0,1,0,0,0,0,0,0,0,0,0,0,1,0,0,0,1,0,0,0
data/external/actions/human_action_recognition/train/001311_dancing.jpg,Bingsu/Human_Action_Recognition,dancing,0,0,0,0,0,0,0,0,0,0,1,0,0,0,0,0,0,1,0,0
data/external/actions/human_action_recognition/train/001312_eating.jpg,Bingsu/Human_Action_Recognition,eating,0,0,0,0,0,0,0,0,0,0,0,0,0,1,0,0,0,0,0,0
data/external/actions/human_action_recognition/train/001313_hugging.jpg,Bingsu/Human_Action_Recognition,hugging,1,0,0,0,0,0,0,0,0,0,0,0,0,0,0,0,1,0,0,0
data/external/actions/human_action_recognition/train/001314_sleeping.jpg,Bingsu/Human_Action_Recognition,sleeping,0,0,1,0,0,0,0,0,0,0,0,0,0,0,0,0,1,0,0,0
data/external/actions/human_action_recognition/train/001315_clapping.jpg,Bingsu/Human_Action_Recognition,clapping,0,0,0,0,1,0,0,0,0,0,0,0,0,0,0,0,0,1,0,0
data/external/actions/human_action_recognition/train/001316_sleeping.jpg,Bingsu/Human_Action_Recognition,sleeping,0,0,1,0,0,0,0,0,0,0,0,0,0,0,0,0,1,0,0,0
data/external/actions/human_action_recognition/train/001317_texting.jpg,Bingsu/Human_Action_Recognition,texting,0,1,0,0,0,0,0,0,0,0,0,0,0,0,0,0,1,0,0,0
data/external/actions/human_action_recognition/train/001318_texting.jpg,Bingsu/Human_Action_Recognition,texting,0,1,0,0,0,0,0,0,0,0,0,0,0,0,0,0,1,0,0,0
data/external/actions/human_action_recognition/train/001319_using_laptop.jpg,Bingsu/Human_Action_Recognition,using_laptop,0,1,0,0,0,0,0,0,0,0,0,0,1,0,0,0,1,0,0,0
data/external/actions/human_action_recognition/train/001320_calling.jpg,Bingsu/Human_Action_Recognition,calling,1,0,0,0,0,0,0,0,0,0,0,0,0,0,0,0,1,0,0,0
data/external/actions/human_action_recognition/train/001321_laughing.jpg,Bingsu/Human_Action_Recognition,laughing,1,0,0,0,0,0,0,0,0,0,0,0,0,0,0,0,1,0,0,0
data/external/actions/human_action_recognition/train/001322_running.jpg,Bingsu/Human_Action_Recognition,running,0,0,0,0,0,0,1,0,0,0,0,0,0,0,0,0,0,1,1,0
data/external/actions/human_action_recognition/train/001323_fighting.jpg,Bingsu/Human_Action_Recognition,fighting,0,0,0,0,0,0,0,0,0,0,0,0,0,0,0,0,0,1,1,0
data/external/actions/human_action_recognition/train/001324_drinking.jpg,Bingsu/Human_Action_Recognition,drinking,0,0,0,0,0,0,0,0,0,0,0,0,0,0,1,0,0,0,0,0
data/external/actions/human_action_recognition/train/001325_sitting.jpg,Bingsu/Human_Action_Recognition,sitting,0,1,0,0,0,0,0,0,0,0,0,0,0,0,0,0,1,0,0,0
data/external/actions/human_action_recognition/train/001326_calling.jpg,Bingsu/Human_Action_Recognition,calling,1,0,0,0,0,0,0,0,0,0,0,0,0,0,0,0,1,0,0,0
data/external/actions/human_action_recognition/train/001327_eating.jpg,Bingsu/Human_Action_Recognition,eating,0,0,0,0,0,0,0,0,0,0,0,0,0,1,0,0,0,0,0,0
data/external/actions/human_action_recognition/train/001328_hugging.jpg,Bingsu/Human_Action_Recognition,hugging,1,0,0,0,0,0,0,0,0,0,0,0,0,0,0,0,1,0,0,0
data/external/actions/human_action_recognition/train/001329_hugging.jpg,Bingsu/Human_Action_Recognition,hugging,1,0,0,0,0,0,0,0,0,0,0,0,0,0,0,0,1,0,0,0
data/external/actions/human_action_recognition/train/001330_using_laptop.jpg,Bingsu/Human_Action_Recognition,using_laptop,0,1,0,0,0,0,0,0,0,0,0,0,1,0,0,0,1,0,0,0
data/external/actions/human_action_recognition/train/001331_running.jpg,Bingsu/Human_Action_Recognition,running,0,0,0,0,0,0,1,0,0,0,0,0,0,0,0,0,0,1,1,0
data/external/actions/human_action_recognition/train/001332_laughing.jpg,Bingsu/Human_Action_Recognition,laughing,1,0,0,0,0,0,0,0,0,0,0,0,0,0,0,0,1,0,0,0
data/external/actions/human_action_recognition/train/001333_fighting.jpg,Bingsu/Human_Action_Recognition,fighting,0,0,0,0,0,0,0,0,0,0,0,0,0,0,0,0,0,1,1,0
data/external/actions/human_action_recognition/train/001334_cycling.jpg,Bingsu/Human_Action_Recognition,cycling,0,0,0,0,0,0,0,0,1,0,0,0,0,0,0,0,0,1,0,0
data/external/actions/human_action_recognition/train/001335_sleeping.jpg,Bingsu/Human_Action_Recognition,sleeping,0,0,1,0,0,0,0,0,0,0,0,0,0,0,0,0,1,0,0,0
data/external/actions/human_action_recognition/train/001336_hugging.jpg,Bingsu/Human_Action_Recognition,hugging,1,0,0,0,0,0,0,0,0,0,0,0,0,0,0,0,1,0,0,0
data/external/actions/human_action_recognition/train/001337_sitting.jpg,Bingsu/Human_Action_Recognition,sitting,0,1,0,0,0,0,0,0,0,0,0,0,0,0,0,0,1,0,0,0
data/external/actions/human_action_recognition/train/001338_using_laptop.jpg,Bingsu/Human_Action_Recognition,using_laptop,0,1,0,0,0,0,0,0,0,0,0,0,1,0,0,0,1,0,0,0
data/external/actions/human_action_recognition/train/001339_fighting.jpg,Bingsu/Human_Action_Recognition,fighting,0,0,0,0,0,0,0,0,0,0,0,0,0,0,0,0,0,1,1,0
data/external/actions/human_action_recognition/train/001340_hugging.jpg,Bingsu/Human_Action_Recognition,hugging,1,0,0,0,0,0,0,0,0,0,0,0,0,0,0,0,1,0,0,0
data/external/actions/human_action_recognition/train/001341_laughing.jpg,Bingsu/Human_Action_Recognition,laughing,1,0,0,0,0,0,0,0,0,0,0,0,0,0,0,0,1,0,0,0
data/external/actions/human_action_recognition/train/001342_clapping.jpg,Bingsu/Human_Action_Recognition,clapping,0,0,0,0,1,0,0,0,0,0,0,0,0,0,0,0,0,1,0,0
data/external/actions/human_action_recognition/train/001343_texting.jpg,Bingsu/Human_Action_Recognition,texting,0,1,0,0,0,0,0,0,0,0,0,0,0,0,0,0,1,0,0,0
data/external/actions/human_action_recognition/train/001344_sleeping.jpg,Bingsu/Human_Action_Recognition,sleeping,0,0,1,0,0,0,0,0,0,0,0,0,0,0,0,0,1,0,0,0
data/external/actions/human_action_recognition/train/001345_calling.jpg,Bingsu/Human_Action_Recognition,calling,1,0,0,0,0,0,0,0,0,0,0,0,0,0,0,0,1,0,0,0
data/external/actions/human_action_recognition/train/001346_using_laptop.jpg,Bingsu/Human_Action_Recognition,using_laptop,0,1,0,0,0,0,0,0,0,0,0,0,1,0,0,0,1,0,0,0
data/external/actions/human_action_recognition/train/001347_cycling.jpg,Bingsu/Human_Action_Recognition,cycling,0,0,0,0,0,0,0,0,1,0,0,0,0,0,0,0,0,1,0,0
data/external/actions/human_action_recognition/train/001348_clapping.jpg,Bingsu/Human_Action_Recognition,clapping,0,0,0,0,1,0,0,0,0,0,0,0,0,0,0,0,0,1,0,0
data/external/actions/human_action_recognition/train/001349_hugging.jpg,Bingsu/Human_Action_Recognition,hugging,1,0,0,0,0,0,0,0,0,0,0,0,0,0,0,0,1,0,0,0
data/external/actions/human_action_recognition/train/001350_texting.jpg,Bingsu/Human_Action_Recognition,texting,0,1,0,0,0,0,0,0,0,0,0,0,0,0,0,0,1,0,0,0
data/external/actions/human_action_recognition/train/001351_fighting.jpg,Bingsu/Human_Action_Recognition,fighting,0,0,0,0,0,0,0,0,0,0,0,0,0,0,0,0,0,1,1,0
data/external/actions/human_action_recognition/train/001352_drinking.jpg,Bingsu/Human_Action_Recognition,drinking,0,0,0,0,0,0,0,0,0,0,0,0,0,0,1,0,0,0,0,0
data/external/actions/human_action_recognition/train/001353_eating.jpg,Bingsu/Human_Action_Recognition,eating,0,0,0,0,0,0,0,0,0,0,0,0,0,1,0,0,0,0,0,0
data/external/actions/human_action_recognition/train/001354_using_laptop.jpg,Bingsu/Human_Action_Recognition,using_laptop,0,1,0,0,0,0,0,0,0,0,0,0,1,0,0,0,1,0,0,0
data/external/actions/human_action_recognition/train/001355_drinking.jpg,Bingsu/Human_Action_Recognition,drinking,0,0,0,0,0,0,0,0,0,0,0,0,0,0,1,0,0,0,0,0
data/external/actions/human_action_recognition/train/001356_sitting.jpg,Bingsu/Human_Action_Recognition,sitting,0,1,0,0,0,0,0,0,0,0,0,0,0,0,0,0,1,0,0,0
data/external/actions/human_action_recognition/train/001357_running.jpg,Bingsu/Human_Action_Recognition,running,0,0,0,0,0,0,1,0,0,0,0,0,0,0,0,0,0,1,1,0
data/external/actions/human_action_recognition/train/001358_texting.jpg,Bingsu/Human_Action_Recognition,texting,0,1,0,0,0,0,0,0,0,0,0,0,0,0,0,0,1,0,0,0
data/external/actions/human_action_recognition/train/001359_drinking.jpg,Bingsu/Human_Action_Recognition,drinking,0,0,0,0,0,0,0,0,0,0,0,0,0,0,1,0,0,0,0,0
data/external/actions/human_action_recognition/train/001360_clapping.jpg,Bingsu/Human_Action_Recognition,clapping,0,0,0,0,1,0,0,0,0,0,0,0,0,0,0,0,0,1,0,0
data/external/actions/human_action_recognition/train/001361_hugging.jpg,Bingsu/Human_Action_Recognition,hugging,1,0,0,0,0,0,0,0,0,0,0,0,0,0,0,0,1,0,0,0
data/external/actions/human_action_recognition/train/001362_calling.jpg,Bingsu/Human_Action_Recognition,calling,1,0,0,0,0,0,0,0,0,0,0,0,0,0,0,0,1,0,0,0
data/external/actions/human_action_recognition/train/001363_sitting.jpg,Bingsu/Human_Action_Recognition,sitting,0,1,0,0,0,0,0,0,0,0,0,0,0,0,0,0,1,0,0,0
data/external/actions/human_action_recognition/train/001364_cycling.jpg,Bingsu/Human_Action_Recognition,cycling,0,0,0,0,0,0,0,0,1,0,0,0,0,0,0,0,0,1,0,0
data/external/actions/human_action_recognition/train/001365_clapping.jpg,Bingsu/Human_Action_Recognition,clapping,0,0,0,0,1,0,0,0,0,0,0,0,0,0,0,0,0,1,0,0
data/external/actions/human_action_recognition/train/001366_calling.jpg,Bingsu/Human_Action_Recognition,calling,1,0,0,0,0,0,0,0,0,0,0,0,0,0,0,0,1,0,0,0
data/external/actions/human_action_recognition/train/001367_sitting.jpg,Bingsu/Human_Action_Recognition,sitting,0,1,0,0,0,0,0,0,0,0,0,0,0,0,0,0,1,0,0,0
data/external/actions/human_action_recognition/train/001368_dancing.jpg,Bingsu/Human_Action_Recognition,dancing,0,0,0,0,0,0,0,0,0,0,1,0,0,0,0,0,0,1,0,0
data/external/actions/human_action_recognition/train/001369_laughing.jpg,Bingsu/Human_Action_Recognition,laughing,1,0,0,0,0,0,0,0,0,0,0,0,0,0,0,0,1,0,0,0
data/external/actions/human_action_recognition/train/001370_running.jpg,Bingsu/Human_Action_Recognition,running,0,0,0,0,0,0,1,0,0,0,0,0,0,0,0,0,0,1,1,0
data/external/actions/human_action_recognition/train/001371_clapping.jpg,Bingsu/Human_Action_Recognition,clapping,0,0,0,0,1,0,0,0,0,0,0,0,0,0,0,0,0,1,0,0
data/external/actions/human_action_recognition/train/001372_calling.jpg,Bingsu/Human_Action_Recognition,calling,1,0,0,0,0,0,0,0,0,0,0,0,0,0,0,0,1,0,0,0
data/external/actions/human_action_recognition/train/001373_using_laptop.jpg,Bingsu/Human_Action_Recognition,using_laptop,0,1,0,0,0,0,0,0,0,0,0,0,1,0,0,0,1,0,0,0
data/external/actions/human_action_recognition/train/001374_running.jpg,Bingsu/Human_Action_Recognition,running,0,0,0,0,0,0,1,0,0,0,0,0,0,0,0,0,0,1,1,0
data/external/actions/human_action_recognition/train/001375_dancing.jpg,Bingsu/Human_Action_Recognition,dancing,0,0,0,0,0,0,0,0,0,0,1,0,0,0,0,0,0,1,0,0
data/external/actions/human_action_recognition/train/001376_sitting.jpg,Bingsu/Human_Action_Recognition,sitting,0,1,0,0,0,0,0,0,0,0,0,0,0,0,0,0,1,0,0,0
data/external/actions/human_action_recognition/train/001377_listening_to_music.jpg,Bingsu/Human_Action_Recognition,listening_to_music,0,1,0,0,0,0,0,0,0,0,0,0,0,0,0,0,1,0,0,0
data/external/actions/human_action_recognition/train/001378_hugging.jpg,Bingsu/Human_Action_Recognition,hugging,1,0,0,0,0,0,0,0,0,0,0,0,0,0,0,0,1,0,0,0
data/external/actions/human_action_recognition/train/001379_texting.jpg,Bingsu/Human_Action_Recognition,texting,0,1,0,0,0,0,0,0,0,0,0,0,0,0,0,0,1,0,0,0
data/external/actions/human_action_recognition/train/001380_calling.jpg,Bingsu/Human_Action_Recognition,calling,1,0,0,0,0,0,0,0,0,0,0,0,0,0,0,0,1,0,0,0
data/external/actions/human_action_recognition/train/001381_laughing.jpg,Bingsu/Human_Action_Recognition,laughing,1,0,0,0,0,0,0,0,0,0,0,0,0,0,0,0,1,0,0,0
data/external/actions/human_action_recognition/train/001382_clapping.jpg,Bingsu/Human_Action_Recognition,clapping,0,0,0,0,1,0,0,0,0,0,0,0,0,0,0,0,0,1,0,0
data/external/actions/human_action_recognition/train/001383_laughing.jpg,Bingsu/Human_Action_Recognition,laughing,1,0,0,0,0,0,0,0,0,0,0,0,0,0,0,0,1,0,0,0
data/external/actions/human_action_recognition/train/001384_dancing.jpg,Bingsu/Human_Action_Recognition,dancing,0,0,0,0,0,0,0,0,0,0,1,0,0,0,0,0,0,1,0,0
data/external/actions/human_action_recognition/train/001385_fighting.jpg,Bingsu/Human_Action_Recognition,fighting,0,0,0,0,0,0,0,0,0,0,0,0,0,0,0,0,0,1,1,0
data/external/actions/human_action_recognition/train/001386_texting.jpg,Bingsu/Human_Action_Recognition,texting,0,1,0,0,0,0,0,0,0,0,0,0,0,0,0,0,1,0,0,0
data/external/actions/human_action_recognition/train/001387_listening_to_music.jpg,Bingsu/Human_Action_Recognition,listening_to_music,0,1,0,0,0,0,0,0,0,0,0,0,0,0,0,0,1,0,0,0
data/external/actions/human_action_recognition/train/001388_texting.jpg,Bingsu/Human_Action_Recognition,texting,0,1,0,0,0,0,0,0,0,0,0,0,0,0,0,0,1,0,0,0
data/external/actions/human_action_recognition/train/001389_calling.jpg,Bingsu/Human_Action_Recognition,calling,1,0,0,0,0,0,0,0,0,0,0,0,0,0,0,0,1,0,0,0
data/external/actions/human_action_recognition/train/001390_using_laptop.jpg,Bingsu/Human_Action_Recognition,using_laptop,0,1,0,0,0,0,0,0,0,0,0,0,1,0,0,0,1,0,0,0
data/external/actions/human_action_recognition/train/001391_fighting.jpg,Bingsu/Human_Action_Recognition,fighting,0,0,0,0,0,0,0,0,0,0,0,0,0,0,0,0,0,1,1,0
data/external/actions/human_action_recognition/train/001392_clapping.jpg,Bingsu/Human_Action_Recognition,clapping,0,0,0,0,1,0,0,0,0,0,0,0,0,0,0,0,0,1,0,0
data/external/actions/human_action_recognition/train/001393_running.jpg,Bingsu/Human_Action_Recognition,running,0,0,0,0,0,0,1,0,0,0,0,0,0,0,0,0,0,1,1,0
data/external/actions/human_action_recognition/train/001394_dancing.jpg,Bingsu/Human_Action_Recognition,dancing,0,0,0,0,0,0,0,0,0,0,1,0,0,0,0,0,0,1,0,0
data/external/actions/human_action_recognition/train/001395_using_laptop.jpg,Bingsu/Human_Action_Recognition,using_laptop,0,1,0,0,0,0,0,0,0,0,0,0,1,0,0,0,1,0,0,0
data/external/actions/human_action_recognition/train/001396_running.jpg,Bingsu/Human_Action_Recognition,running,0,0,0,0,0,0,1,0,0,0,0,0,0,0,0,0,0,1,1,0
data/external/actions/human_action_recognition/train/001397_sleeping.jpg,Bingsu/Human_Action_Recognition,sleeping,0,0,1,0,0,0,0,0,0,0,0,0,0,0,0,0,1,0,0,0
data/external/actions/human_action_recognition/train/001398_eating.jpg,Bingsu/Human_Action_Recognition,eating,0,0,0,0,0,0,0,0,0,0,0,0,0,1,0,0,0,0,0,0
data/external/actions/human_action_recognition/train/001399_dancing.jpg,Bingsu/Human_Action_Recognition,dancing,0,0,0,0,0,0,0,0,0,0,1,0,0,0,0,0,0,1,0,0
data/external/actions/human_action_recognition/train/001400_cycling.jpg,Bingsu/Human_Action_Recognition,cycling,0,0,0,0,0,0,0,0,1,0,0,0,0,0,0,0,0,1,0,0
data/external/actions/human_action_recognition/train/001401_using_laptop.jpg,Bingsu/Human_Action_Recognition,using_laptop,0,1,0,0,0,0,0,0,0,0,0,0,1,0,0,0,1,0,0,0
data/external/actions/human_action_recognition/train/001402_eating.jpg,Bingsu/Human_Action_Recognition,eating,0,0,0,0,0,0,0,0,0,0,0,0,0,1,0,0,0,0,0,0
data/external/actions/human_action_recognition/train/001403_calling.jpg,Bingsu/Human_Action_Recognition,calling,1,0,0,0,0,0,0,0,0,0,0,0,0,0,0,0,1,0,0,0
data/external/actions/human_action_recognition/train/001404_laughing.jpg,Bingsu/Human_Action_Recognition,laughing,1,0,0,0,0,0,0,0,0,0,0,0,0,0,0,0,1,0,0,0
data/external/actions/human_action_recognition/train/001405_texting.jpg,Bingsu/Human_Action_Recognition,texting,0,1,0,0,0,0,0,0,0,0,0,0,0,0,0,0,1,0,0,0
data/external/actions/human_action_recognition/train/001406_sleeping.jpg,Bingsu/Human_Action_Recognition,sleeping,0,0,1,0,0,0,0,0,0,0,0,0,0,0,0,0,1,0,0,0
data/external/actions/human_action_recognition/train/001407_eating.jpg,Bingsu/Human_Action_Recognition,eating,0,0,0,0,0,0,0,0,0,0,0,0,0,1,0,0,0,0,0,0
data/external/actions/human_action_recognition/train/001408_texting.jpg,Bingsu/Human_Action_Recognition,texting,0,1,0,0,0,0,0,0,0,0,0,0,0,0,0,0,1,0,0,0
data/external/actions/human_action_recognition/train/001409_sitting.jpg,Bingsu/Human_Action_Recognition,sitting,0,1,0,0,0,0,0,0,0,0,0,0,0,0,0,0,1,0,0,0
data/external/actions/human_action_recognition/train/001410_running.jpg,Bingsu/Human_Action_Recognition,running,0,0,0,0,0,0,1,0,0,0,0,0,0,0,0,0,0,1,1,0
data/external/actions/human_action_recognition/train/001411_listening_to_music.jpg,Bingsu/Human_Action_Recognition,listening_to_music,0,1,0,0,0,0,0,0,0,0,0,0,0,0,0,0,1,0,0,0
data/external/actions/human_action_recognition/train/001412_using_laptop.jpg,Bingsu/Human_Action_Recognition,using_laptop,0,1,0,0,0,0,0,0,0,0,0,0,1,0,0,0,1,0,0,0
data/external/actions/human_action_recognition/train/001413_fighting.jpg,Bingsu/Human_Action_Recognition,fighting,0,0,0,0,0,0,0,0,0,0,0,0,0,0,0,0,0,1,1,0
data/external/actions/human_action_recognition/train/001414_dancing.jpg,Bingsu/Human_Action_Recognition,dancing,0,0,0,0,0,0,0,0,0,0,1,0,0,0,0,0,0,1,0,0
data/external/actions/human_action_recognition/train/001415_laughing.jpg,Bingsu/Human_Action_Recognition,laughing,1,0,0,0,0,0,0,0,0,0,0,0,0,0,0,0,1,0,0,0
data/external/actions/human_action_recognition/train/001416_hugging.jpg,Bingsu/Human_Action_Recognition,hugging,1,0,0,0,0,0,0,0,0,0,0,0,0,0,0,0,1,0,0,0
data/external/actions/human_action_recognition/train/001417_hugging.jpg,Bingsu/Human_Action_Recognition,hugging,1,0,0,0,0,0,0,0,0,0,0,0,0,0,0,0,1,0,0,0
data/external/actions/human_action_recognition/train/001418_texting.jpg,Bingsu/Human_Action_Recognition,texting,0,1,0,0,0,0,0,0,0,0,0,0,0,0,0,0,1,0,0,0
data/external/actions/human_action_recognition/train/001419_laughing.jpg,Bingsu/Human_Action_Recognition,laughing,1,0,0,0,0,0,0,0,0,0,0,0,0,0,0,0,1,0,0,0
data/external/actions/human_action_recognition/train/001420_drinking.jpg,Bingsu/Human_Action_Recognition,drinking,0,0,0,0,0,0,0,0,0,0,0,0,0,0,1,0,0,0,0,0
data/external/actions/human_action_recognition/train/001421_cycling.jpg,Bingsu/Human_Action_Recognition,cycling,0,0,0,0,0,0,0,0,1,0,0,0,0,0,0,0,0,1,0,0
data/external/actions/human_action_recognition/train/001422_calling.jpg,Bingsu/Human_Action_Recognition,calling,1,0,0,0,0,0,0,0,0,0,0,0,0,0,0,0,1,0,0,0
data/external/actions/human_action_recognition/train/001423_clapping.jpg,Bingsu/Human_Action_Recognition,clapping,0,0,0,0,1,0,0,0,0,0,0,0,0,0,0,0,0,1,0,0
data/external/actions/human_action_recognition/train/001424_sleeping.jpg,Bingsu/Human_Action_Recognition,sleeping,0,0,1,0,0,0,0,0,0,0,0,0,0,0,0,0,1,0,0,0
data/external/actions/human_action_recognition/train/001425_dancing.jpg,Bingsu/Human_Action_Recognition,dancing,0,0,0,0,0,0,0,0,0,0,1,0,0,0,0,0,0,1,0,0
data/external/actions/human_action_recognition/train/001426_cycling.jpg,Bingsu/Human_Action_Recognition,cycling,0,0,0,0,0,0,0,0,1,0,0,0,0,0,0,0,0,1,0,0
data/external/actions/human_action_recognition/train/001427_listening_to_music.jpg,Bingsu/Human_Action_Recognition,listening_to_music,0,1,0,0,0,0,0,0,0,0,0,0,0,0,0,0,1,0,0,0
data/external/actions/human_action_recognition/train/001428_drinking.jpg,Bingsu/Human_Action_Recognition,drinking,0,0,0,0,0,0,0,0,0,0,0,0,0,0,1,0,0,0,0,0
data/external/actions/human_action_recognition/train/001429_running.jpg,Bingsu/Human_Action_Recognition,running,0,0,0,0,0,0,1,0,0,0,0,0,0,0,0,0,0,1,1,0
data/external/actions/human_action_recognition/train/001430_clapping.jpg,Bingsu/Human_Action_Recognition,clapping,0,0,0,0,1,0,0,0,0,0,0,0,0,0,0,0,0,1,0,0
data/external/actions/human_action_recognition/train/001431_clapping.jpg,Bingsu/Human_Action_Recognition,clapping,0,0,0,0,1,0,0,0,0,0,0,0,0,0,0,0,0,1,0,0
data/external/actions/human_action_recognition/train/001432_sleeping.jpg,Bingsu/Human_Action_Recognition,sleeping,0,0,1,0,0,0,0,0,0,0,0,0,0,0,0,0,1,0,0,0
data/external/actions/human_action_recognition/train/001433_texting.jpg,Bingsu/Human_Action_Recognition,texting,0,1,0,0,0,0,0,0,0,0,0,0,0,0,0,0,1,0,0,0
data/external/actions/human_action_recognition/train/001434_using_laptop.jpg,Bingsu/Human_Action_Recognition,using_laptop,0,1,0,0,0,0,0,0,0,0,0,0,1,0,0,0,1,0,0,0
data/external/actions/human_action_recognition/train/001435_clapping.jpg,Bingsu/Human_Action_Recognition,clapping,0,0,0,0,1,0,0,0,0,0,0,0,0,0,0,0,0,1,0,0
data/external/actions/human_action_recognition/train/001436_hugging.jpg,Bingsu/Human_Action_Recognition,hugging,1,0,0,0,0,0,0,0,0,0,0,0,0,0,0,0,1,0,0,0
data/external/actions/human_action_recognition/train/001437_eating.jpg,Bingsu/Human_Action_Recognition,eating,0,0,0,0,0,0,0,0,0,0,0,0,0,1,0,0,0,0,0,0
data/external/actions/human_action_recognition/train/001438_drinking.jpg,Bingsu/Human_Action_Recognition,drinking,0,0,0,0,0,0,0,0,0,0,0,0,0,0,1,0,0,0,0,0
data/external/actions/human_action_recognition/train/001439_using_laptop.jpg,Bingsu/Human_Action_Recognition,using_laptop,0,1,0,0,0,0,0,0,0,0,0,0,1,0,0,0,1,0,0,0
data/external/actions/human_action_recognition/train/001440_clapping.jpg,Bingsu/Human_Action_Recognition,clapping,0,0,0,0,1,0,0,0,0,0,0,0,0,0,0,0,0,1,0,0
data/external/actions/human_action_recognition/train/001441_using_laptop.jpg,Bingsu/Human_Action_Recognition,using_laptop,0,1,0,0,0,0,0,0,0,0,0,0,1,0,0,0,1,0,0,0
data/external/actions/human_action_recognition/train/001442_using_laptop.jpg,Bingsu/Human_Action_Recognition,using_laptop,0,1,0,0,0,0,0,0,0,0,0,0,1,0,0,0,1,0,0,0
data/external/actions/human_action_recognition/train/001443_clapping.jpg,Bingsu/Human_Action_Recognition,clapping,0,0,0,0,1,0,0,0,0,0,0,0,0,0,0,0,0,1,0,0
data/external/actions/human_action_recognition/train/001444_clapping.jpg,Bingsu/Human_Action_Recognition,clapping,0,0,0,0,1,0,0,0,0,0,0,0,0,0,0,0,0,1,0,0
data/external/actions/human_action_recognition/train/001445_hugging.jpg,Bingsu/Human_Action_Recognition,hugging,1,0,0,0,0,0,0,0,0,0,0,0,0,0,0,0,1,0,0,0
data/external/actions/human_action_recognition/train/001446_drinking.jpg,Bingsu/Human_Action_Recognition,drinking,0,0,0,0,0,0,0,0,0,0,0,0,0,0,1,0,0,0,0,0
data/external/actions/human_action_recognition/train/001447_hugging.jpg,Bingsu/Human_Action_Recognition,hugging,1,0,0,0,0,0,0,0,0,0,0,0,0,0,0,0,1,0,0,0
data/external/actions/human_action_recognition/train/001448_clapping.jpg,Bingsu/Human_Action_Recognition,clapping,0,0,0,0,1,0,0,0,0,0,0,0,0,0,0,0,0,1,0,0
data/external/actions/human_action_recognition/train/001449_laughing.jpg,Bingsu/Human_Action_Recognition,laughing,1,0,0,0,0,0,0,0,0,0,0,0,0,0,0,0,1,0,0,0
data/external/actions/human_action_recognition/train/001450_texting.jpg,Bingsu/Human_Action_Recognition,texting,0,1,0,0,0,0,0,0,0,0,0,0,0,0,0,0,1,0,0,0
data/external/actions/human_action_recognition/train/001451_laughing.jpg,Bingsu/Human_Action_Recognition,laughing,1,0,0,0,0,0,0,0,0,0,0,0,0,0,0,0,1,0,0,0
data/external/actions/human_action_recognition/train/001452_sitting.jpg,Bingsu/Human_Action_Recognition,sitting,0,1,0,0,0,0,0,0,0,0,0,0,0,0,0,0,1,0,0,0
data/external/actions/human_action_recognition/train/001453_dancing.jpg,Bingsu/Human_Action_Recognition,dancing,0,0,0,0,0,0,0,0,0,0,1,0,0,0,0,0,0,1,0,0
data/external/actions/human_action_recognition/train/001454_drinking.jpg,Bingsu/Human_Action_Recognition,drinking,0,0,0,0,0,0,0,0,0,0,0,0,0,0,1,0,0,0,0,0
data/external/actions/human_action_recognition/train/001455_dancing.jpg,Bingsu/Human_Action_Recognition,dancing,0,0,0,0,0,0,0,0,0,0,1,0,0,0,0,0,0,1,0,0
data/external/actions/human_action_recognition/train/001456_listening_to_music.jpg,Bingsu/Human_Action_Recognition,listening_to_music,0,1,0,0,0,0,0,0,0,0,0,0,0,0,0,0,1,0,0,0
data/external/actions/human_action_recognition/train/001457_listening_to_music.jpg,Bingsu/Human_Action_Recognition,listening_to_music,0,1,0,0,0,0,0,0,0,0,0,0,0,0,0,0,1,0,0,0
data/external/actions/human_action_recognition/train/001458_cycling.jpg,Bingsu/Human_Action_Recognition,cycling,0,0,0,0,0,0,0,0,1,0,0,0,0,0,0,0,0,1,0,0
data/external/actions/human_action_recognition/train/001459_sleeping.jpg,Bingsu/Human_Action_Recognition,sleeping,0,0,1,0,0,0,0,0,0,0,0,0,0,0,0,0,1,0,0,0
data/external/actions/human_action_recognition/train/001460_sleeping.jpg,Bingsu/Human_Action_Recognition,sleeping,0,0,1,0,0,0,0,0,0,0,0,0,0,0,0,0,1,0,0,0
data/external/actions/human_action_recognition/train/001461_running.jpg,Bingsu/Human_Action_Recognition,running,0,0,0,0,0,0,1,0,0,0,0,0,0,0,0,0,0,1,1,0
data/external/actions/human_action_recognition/train/001462_using_laptop.jpg,Bingsu/Human_Action_Recognition,using_laptop,0,1,0,0,0,0,0,0,0,0,0,0,1,0,0,0,1,0,0,0
data/external/actions/human_action_recognition/train/001463_listening_to_music.jpg,Bingsu/Human_Action_Recognition,listening_to_music,0,1,0,0,0,0,0,0,0,0,0,0,0,0,0,0,1,0,0,0
data/external/actions/human_action_recognition/train/001464_fighting.jpg,Bingsu/Human_Action_Recognition,fighting,0,0,0,0,0,0,0,0,0,0,0,0,0,0,0,0,0,1,1,0
data/external/actions/human_action_recognition/train/001465_sleeping.jpg,Bingsu/Human_Action_Recognition,sleeping,0,0,1,0,0,0,0,0,0,0,0,0,0,0,0,0,1,0,0,0
data/external/actions/human_action_recognition/train/001466_cycling.jpg,Bingsu/Human_Action_Recognition,cycling,0,0,0,0,0,0,0,0,1,0,0,0,0,0,0,0,0,1,0,0
data/external/actions/human_action_recognition/train/001467_texting.jpg,Bingsu/Human_Action_Recognition,texting,0,1,0,0,0,0,0,0,0,0,0,0,0,0,0,0,1,0,0,0
data/external/actions/human_action_recognition/train/001468_cycling.jpg,Bingsu/Human_Action_Recognition,cycling,0,0,0,0,0,0,0,0,1,0,0,0,0,0,0,0,0,1,0,0
data/external/actions/human_action_recognition/train/001469_laughing.jpg,Bingsu/Human_Action_Recognition,laughing,1,0,0,0,0,0,0,0,0,0,0,0,0,0,0,0,1,0,0,0
data/external/actions/human_action_recognition/train/001470_texting.jpg,Bingsu/Human_Action_Recognition,texting,0,1,0,0,0,0,0,0,0,0,0,0,0,0,0,0,1,0,0,0
data/external/actions/human_action_recognition/train/001471_drinking.jpg,Bingsu/Human_Action_Recognition,drinking,0,0,0,0,0,0,0,0,0,0,0,0,0,0,1,0,0,0,0,0
data/external/actions/human_action_recognition/train/001472_listening_to_music.jpg,Bingsu/Human_Action_Recognition,listening_to_music,0,1,0,0,0,0,0,0,0,0,0,0,0,0,0,0,1,0,0,0
data/external/actions/human_action_recognition/train/001473_cycling.jpg,Bingsu/Human_Action_Recognition,cycling,0,0,0,0,0,0,0,0,1,0,0,0,0,0,0,0,0,1,0,0
data/external/actions/human_action_recognition/train/001474_sitting.jpg,Bingsu/Human_Action_Recognition,sitting,0,1,0,0,0,0,0,0,0,0,0,0,0,0,0,0,1,0,0,0
data/external/actions/human_action_recognition/train/001475_hugging.jpg,Bingsu/Human_Action_Recognition,hugging,1,0,0,0,0,0,0,0,0,0,0,0,0,0,0,0,1,0,0,0
data/external/actions/human_action_recognition/train/001476_sleeping.jpg,Bingsu/Human_Action_Recognition,sleeping,0,0,1,0,0,0,0,0,0,0,0,0,0,0,0,0,1,0,0,0
data/external/actions/human_action_recognition/train/001477_fighting.jpg,Bingsu/Human_Action_Recognition,fighting,0,0,0,0,0,0,0,0,0,0,0,0,0,0,0,0,0,1,1,0
data/external/actions/human_action_recognition/train/001478_fighting.jpg,Bingsu/Human_Action_Recognition,fighting,0,0,0,0,0,0,0,0,0,0,0,0,0,0,0,0,0,1,1,0
data/external/actions/human_action_recognition/train/001479_texting.jpg,Bingsu/Human_Action_Recognition,texting,0,1,0,0,0,0,0,0,0,0,0,0,0,0,0,0,1,0,0,0
data/external/actions/human_action_recognition/train/001480_cycling.jpg,Bingsu/Human_Action_Recognition,cycling,0,0,0,0,0,0,0,0,1,0,0,0,0,0,0,0,0,1,0,0
data/external/actions/human_action_recognition/train/001481_sitting.jpg,Bingsu/Human_Action_Recognition,sitting,0,1,0,0,0,0,0,0,0,0,0,0,0,0,0,0,1,0,0,0
data/external/actions/human_action_recognition/train/001482_fighting.jpg,Bingsu/Human_Action_Recognition,fighting,0,0,0,0,0,0,0,0,0,0,0,0,0,0,0,0,0,1,1,0
data/external/actions/human_action_recognition/train/001483_running.jpg,Bingsu/Human_Action_Recognition,running,0,0,0,0,0,0,1,0,0,0,0,0,0,0,0,0,0,1,1,0
data/external/actions/human_action_recognition/train/001484_sleeping.jpg,Bingsu/Human_Action_Recognition,sleeping,0,0,1,0,0,0,0,0,0,0,0,0,0,0,0,0,1,0,0,0
data/external/actions/human_action_recognition/train/001485_drinking.jpg,Bingsu/Human_Action_Recognition,drinking,0,0,0,0,0,0,0,0,0,0,0,0,0,0,1,0,0,0,0,0
data/external/actions/human_action_recognition/train/001486_texting.jpg,Bingsu/Human_Action_Recognition,texting,0,1,0,0,0,0,0,0,0,0,0,0,0,0,0,0,1,0,0,0
data/external/actions/human_action_recognition/train/001487_dancing.jpg,Bingsu/Human_Action_Recognition,dancing,0,0,0,0,0,0,0,0,0,0,1,0,0,0,0,0,0,1,0,0
data/external/actions/human_action_recognition/train/001488_listening_to_music.jpg,Bingsu/Human_Action_Recognition,listening_to_music,0,1,0,0,0,0,0,0,0,0,0,0,0,0,0,0,1,0,0,0
data/external/actions/human_action_recognition/train/001489_texting.jpg,Bingsu/Human_Action_Recognition,texting,0,1,0,0,0,0,0,0,0,0,0,0,0,0,0,0,1,0,0,0
data/external/actions/human_action_recognition/train/001490_hugging.jpg,Bingsu/Human_Action_Recognition,hugging,1,0,0,0,0,0,0,0,0,0,0,0,0,0,0,0,1,0,0,0
data/external/actions/human_action_recognition/train/001491_listening_to_music.jpg,Bingsu/Human_Action_Recognition,listening_to_music,0,1,0,0,0,0,0,0,0,0,0,0,0,0,0,0,1,0,0,0
data/external/actions/human_action_recognition/train/001492_laughing.jpg,Bingsu/Human_Action_Recognition,laughing,1,0,0,0,0,0,0,0,0,0,0,0,0,0,0,0,1,0,0,0
data/external/actions/human_action_recognition/train/001493_listening_to_music.jpg,Bingsu/Human_Action_Recognition,listening_to_music,0,1,0,0,0,0,0,0,0,0,0,0,0,0,0,0,1,0,0,0
data/external/actions/human_action_recognition/train/001494_clapping.jpg,Bingsu/Human_Action_Recognition,clapping,0,0,0,0,1,0,0,0,0,0,0,0,0,0,0,0,0,1,0,0
data/external/actions/human_action_recognition/train/001495_calling.jpg,Bingsu/Human_Action_Recognition,calling,1,0,0,0,0,0,0,0,0,0,0,0,0,0,0,0,1,0,0,0
data/external/actions/human_action_recognition/train/001496_cycling.jpg,Bingsu/Human_Action_Recognition,cycling,0,0,0,0,0,0,0,0,1,0,0,0,0,0,0,0,0,1,0,0
data/external/actions/human_action_recognition/train/001497_running.jpg,Bingsu/Human_Action_Recognition,running,0,0,0,0,0,0,1,0,0,0,0,0,0,0,0,0,0,1,1,0
data/external/actions/human_action_recognition/train/001498_hugging.jpg,Bingsu/Human_Action_Recognition,hugging,1,0,0,0,0,0,0,0,0,0,0,0,0,0,0,0,1,0,0,0
data/external/actions/human_action_recognition/train/001499_listening_to_music.jpg,Bingsu/Human_Action_Recognition,listening_to_music,0,1,0,0,0,0,0,0,0,0,0,0,0,0,0,0,1,0,0,0
data/external/actions/human_action_recognition/train/001500_using_laptop.jpg,Bingsu/Human_Action_Recognition,using_laptop,0,1,0,0,0,0,0,0,0,0,0,0,1,0,0,0,1,0,0,0
data/external/actions/human_action_recognition/train/001501_dancing.jpg,Bingsu/Human_Action_Recognition,dancing,0,0,0,0,0,0,0,0,0,0,1,0,0,0,0,0,0,1,0,0
data/external/actions/human_action_recognition/train/001502_listening_to_music.jpg,Bingsu/Human_Action_Recognition,listening_to_music,0,1,0,0,0,0,0,0,0,0,0,0,0,0,0,0,1,0,0,0
data/external/actions/human_action_recognition/train/001503_texting.jpg,Bingsu/Human_Action_Recognition,texting,0,1,0,0,0,0,0,0,0,0,0,0,0,0,0,0,1,0,0,0
data/external/actions/human_action_recognition/train/001504_laughing.jpg,Bingsu/Human_Action_Recognition,laughing,1,0,0,0,0,0,0,0,0,0,0,0,0,0,0,0,1,0,0,0
data/external/actions/human_action_recognition/train/001505_drinking.jpg,Bingsu/Human_Action_Recognition,drinking,0,0,0,0,0,0,0,0,0,0,0,0,0,0,1,0,0,0,0,0
data/external/actions/human_action_recognition/train/001506_clapping.jpg,Bingsu/Human_Action_Recognition,clapping,0,0,0,0,1,0,0,0,0,0,0,0,0,0,0,0,0,1,0,0
data/external/actions/human_action_recognition/train/001507_running.jpg,Bingsu/Human_Action_Recognition,running,0,0,0,0,0,0,1,0,0,0,0,0,0,0,0,0,0,1,1,0
data/external/actions/human_action_recognition/train/001508_running.jpg,Bingsu/Human_Action_Recognition,running,0,0,0,0,0,0,1,0,0,0,0,0,0,0,0,0,0,1,1,0
data/external/actions/human_action_recognition/train/001509_sleeping.jpg,Bingsu/Human_Action_Recognition,sleeping,0,0,1,0,0,0,0,0,0,0,0,0,0,0,0,0,1,0,0,0
data/external/actions/human_action_recognition/train/001510_running.jpg,Bingsu/Human_Action_Recognition,running,0,0,0,0,0,0,1,0,0,0,0,0,0,0,0,0,0,1,1,0
data/external/actions/human_action_recognition/train/001511_running.jpg,Bingsu/Human_Action_Recognition,running,0,0,0,0,0,0,1,0,0,0,0,0,0,0,0,0,0,1,1,0
data/external/actions/human_action_recognition/train/001512_drinking.jpg,Bingsu/Human_Action_Recognition,drinking,0,0,0,0,0,0,0,0,0,0,0,0,0,0,1,0,0,0,0,0
data/external/actions/human_action_recognition/train/001513_fighting.jpg,Bingsu/Human_Action_Recognition,fighting,0,0,0,0,0,0,0,0,0,0,0,0,0,0,0,0,0,1,1,0
data/external/actions/human_action_recognition/train/001514_running.jpg,Bingsu/Human_Action_Recognition,running,0,0,0,0,0,0,1,0,0,0,0,0,0,0,0,0,0,1,1,0
data/external/actions/human_action_recognition/train/001515_cycling.jpg,Bingsu/Human_Action_Recognition,cycling,0,0,0,0,0,0,0,0,1,0,0,0,0,0,0,0,0,1,0,0
data/external/actions/human_action_recognition/train/001516_cycling.jpg,Bingsu/Human_Action_Recognition,cycling,0,0,0,0,0,0,0,0,1,0,0,0,0,0,0,0,0,1,0,0
data/external/actions/human_action_recognition/train/001517_hugging.jpg,Bingsu/Human_Action_Recognition,hugging,1,0,0,0,0,0,0,0,0,0,0,0,0,0,0,0,1,0,0,0
data/external/actions/human_action_recognition/train/001518_calling.jpg,Bingsu/Human_Action_Recognition,calling,1,0,0,0,0,0,0,0,0,0,0,0,0,0,0,0,1,0,0,0
data/external/actions/human_action_recognition/train/001519_sitting.jpg,Bingsu/Human_Action_Recognition,sitting,0,1,0,0,0,0,0,0,0,0,0,0,0,0,0,0,1,0,0,0
data/external/actions/human_action_recognition/train/001520_sleeping.jpg,Bingsu/Human_Action_Recognition,sleeping,0,0,1,0,0,0,0,0,0,0,0,0,0,0,0,0,1,0,0,0
data/external/actions/human_action_recognition/train/001521_hugging.jpg,Bingsu/Human_Action_Recognition,hugging,1,0,0,0,0,0,0,0,0,0,0,0,0,0,0,0,1,0,0,0
data/external/actions/human_action_recognition/train/001522_texting.jpg,Bingsu/Human_Action_Recognition,texting,0,1,0,0,0,0,0,0,0,0,0,0,0,0,0,0,1,0,0,0
data/external/actions/human_action_recognition/train/001523_listening_to_music.jpg,Bingsu/Human_Action_Recognition,listening_to_music,0,1,0,0,0,0,0,0,0,0,0,0,0,0,0,0,1,0,0,0
data/external/actions/human_action_recognition/train/001524_running.jpg,Bingsu/Human_Action_Recognition,running,0,0,0,0,0,0,1,0,0,0,0,0,0,0,0,0,0,1,1,0
data/external/actions/human_action_recognition/train/001525_eating.jpg,Bingsu/Human_Action_Recognition,eating,0,0,0,0,0,0,0,0,0,0,0,0,0,1,0,0,0,0,0,0
data/external/actions/human_action_recognition/train/001526_cycling.jpg,Bingsu/Human_Action_Recognition,cycling,0,0,0,0,0,0,0,0,1,0,0,0,0,0,0,0,0,1,0,0
data/external/actions/human_action_recognition/train/001527_hugging.jpg,Bingsu/Human_Action_Recognition,hugging,1,0,0,0,0,0,0,0,0,0,0,0,0,0,0,0,1,0,0,0
data/external/actions/human_action_recognition/train/001528_dancing.jpg,Bingsu/Human_Action_Recognition,dancing,0,0,0,0,0,0,0,0,0,0,1,0,0,0,0,0,0,1,0,0
data/external/actions/human_action_recognition/train/001529_listening_to_music.jpg,Bingsu/Human_Action_Recognition,listening_to_music,0,1,0,0,0,0,0,0,0,0,0,0,0,0,0,0,1,0,0,0
data/external/actions/human_action_recognition/train/001530_texting.jpg,Bingsu/Human_Action_Recognition,texting,0,1,0,0,0,0,0,0,0,0,0,0,0,0,0,0,1,0,0,0
data/external/actions/human_action_recognition/train/001531_sleeping.jpg,Bingsu/Human_Action_Recognition,sleeping,0,0,1,0,0,0,0,0,0,0,0,0,0,0,0,0,1,0,0,0
data/external/actions/human_action_recognition/train/001532_sitting.jpg,Bingsu/Human_Action_Recognition,sitting,0,1,0,0,0,0,0,0,0,0,0,0,0,0,0,0,1,0,0,0
data/external/actions/human_action_recognition/train/001533_sitting.jpg,Bingsu/Human_Action_Recognition,sitting,0,1,0,0,0,0,0,0,0,0,0,0,0,0,0,0,1,0,0,0
data/external/actions/human_action_recognition/train/001534_sitting.jpg,Bingsu/Human_Action_Recognition,sitting,0,1,0,0,0,0,0,0,0,0,0,0,0,0,0,0,1,0,0,0
data/external/actions/human_action_recognition/train/001535_using_laptop.jpg,Bingsu/Human_Action_Recognition,using_laptop,0,1,0,0,0,0,0,0,0,0,0,0,1,0,0,0,1,0,0,0
data/external/actions/human_action_recognition/train/001536_using_laptop.jpg,Bingsu/Human_Action_Recognition,using_laptop,0,1,0,0,0,0,0,0,0,0,0,0,1,0,0,0,1,0,0,0
data/external/actions/human_action_recognition/train/001537_fighting.jpg,Bingsu/Human_Action_Recognition,fighting,0,0,0,0,0,0,0,0,0,0,0,0,0,0,0,0,0,1,1,0
data/external/actions/human_action_recognition/train/001538_texting.jpg,Bingsu/Human_Action_Recognition,texting,0,1,0,0,0,0,0,0,0,0,0,0,0,0,0,0,1,0,0,0
data/external/actions/human_action_recognition/train/001539_cycling.jpg,Bingsu/Human_Action_Recognition,cycling,0,0,0,0,0,0,0,0,1,0,0,0,0,0,0,0,0,1,0,0
data/external/actions/human_action_recognition/train/001540_running.jpg,Bingsu/Human_Action_Recognition,running,0,0,0,0,0,0,1,0,0,0,0,0,0,0,0,0,0,1,1,0
data/external/actions/human_action_recognition/train/001541_running.jpg,Bingsu/Human_Action_Recognition,running,0,0,0,0,0,0,1,0,0,0,0,0,0,0,0,0,0,1,1,0
data/external/actions/human_action_recognition/train/001542_using_laptop.jpg,Bingsu/Human_Action_Recognition,using_laptop,0,1,0,0,0,0,0,0,0,0,0,0,1,0,0,0,1,0,0,0
data/external/actions/human_action_recognition/train/001543_sleeping.jpg,Bingsu/Human_Action_Recognition,sleeping,0,0,1,0,0,0,0,0,0,0,0,0,0,0,0,0,1,0,0,0
data/external/actions/human_action_recognition/train/001544_sitting.jpg,Bingsu/Human_Action_Recognition,sitting,0,1,0,0,0,0,0,0,0,0,0,0,0,0,0,0,1,0,0,0
data/external/actions/human_action_recognition/train/001545_running.jpg,Bingsu/Human_Action_Recognition,running,0,0,0,0,0,0,1,0,0,0,0,0,0,0,0,0,0,1,1,0
data/external/actions/human_action_recognition/train/001546_drinking.jpg,Bingsu/Human_Action_Recognition,drinking,0,0,0,0,0,0,0,0,0,0,0,0,0,0,1,0,0,0,0,0
data/external/actions/human_action_recognition/train/001547_cycling.jpg,Bingsu/Human_Action_Recognition,cycling,0,0,0,0,0,0,0,0,1,0,0,0,0,0,0,0,0,1,0,0
data/external/actions/human_action_recognition/train/001548_calling.jpg,Bingsu/Human_Action_Recognition,calling,1,0,0,0,0,0,0,0,0,0,0,0,0,0,0,0,1,0,0,0
data/external/actions/human_action_recognition/train/001549_sleeping.jpg,Bingsu/Human_Action_Recognition,sleeping,0,0,1,0,0,0,0,0,0,0,0,0,0,0,0,0,1,0,0,0
data/external/actions/human_action_recognition/train/001550_hugging.jpg,Bingsu/Human_Action_Recognition,hugging,1,0,0,0,0,0,0,0,0,0,0,0,0,0,0,0,1,0,0,0
data/external/actions/human_action_recognition/train/001551_fighting.jpg,Bingsu/Human_Action_Recognition,fighting,0,0,0,0,0,0,0,0,0,0,0,0,0,0,0,0,0,1,1,0
data/external/actions/human_action_recognition/train/001552_running.jpg,Bingsu/Human_Action_Recognition,running,0,0,0,0,0,0,1,0,0,0,0,0,0,0,0,0,0,1,1,0
data/external/actions/human_action_recognition/train/001553_dancing.jpg,Bingsu/Human_Action_Recognition,dancing,0,0,0,0,0,0,0,0,0,0,1,0,0,0,0,0,0,1,0,0
data/external/actions/human_action_recognition/train/001554_fighting.jpg,Bingsu/Human_Action_Recognition,fighting,0,0,0,0,0,0,0,0,0,0,0,0,0,0,0,0,0,1,1,0
data/external/actions/human_action_recognition/train/001555_dancing.jpg,Bingsu/Human_Action_Recognition,dancing,0,0,0,0,0,0,0,0,0,0,1,0,0,0,0,0,0,1,0,0
data/external/actions/human_action_recognition/train/001556_dancing.jpg,Bingsu/Human_Action_Recognition,dancing,0,0,0,0,0,0,0,0,0,0,1,0,0,0,0,0,0,1,0,0
data/external/actions/human_action_recognition/train/001557_drinking.jpg,Bingsu/Human_Action_Recognition,drinking,0,0,0,0,0,0,0,0,0,0,0,0,0,0,1,0,0,0,0,0
data/external/actions/human_action_recognition/train/001558_using_laptop.jpg,Bingsu/Human_Action_Recognition,using_laptop,0,1,0,0,0,0,0,0,0,0,0,0,1,0,0,0,1,0,0,0
data/external/actions/human_action_recognition/train/001559_listening_to_music.jpg,Bingsu/Human_Action_Recognition,listening_to_music,0,1,0,0,0,0,0,0,0,0,0,0,0,0,0,0,1,0,0,0
data/external/actions/human_action_recognition/train/001560_eating.jpg,Bingsu/Human_Action_Recognition,eating,0,0,0,0,0,0,0,0,0,0,0,0,0,1,0,0,0,0,0,0
data/external/actions/human_action_recognition/train/001561_sleeping.jpg,Bingsu/Human_Action_Recognition,sleeping,0,0,1,0,0,0,0,0,0,0,0,0,0,0,0,0,1,0,0,0
data/external/actions/human_action_recognition/train/001562_hugging.jpg,Bingsu/Human_Action_Recognition,hugging,1,0,0,0,0,0,0,0,0,0,0,0,0,0,0,0,1,0,0,0
data/external/actions/human_action_recognition/train/001563_clapping.jpg,Bingsu/Human_Action_Recognition,clapping,0,0,0,0,1,0,0,0,0,0,0,0,0,0,0,0,0,1,0,0
data/external/actions/human_action_recognition/train/001564_fighting.jpg,Bingsu/Human_Action_Recognition,fighting,0,0,0,0,0,0,0,0,0,0,0,0,0,0,0,0,0,1,1,0
data/external/actions/human_action_recognition/train/001565_calling.jpg,Bingsu/Human_Action_Recognition,calling,1,0,0,0,0,0,0,0,0,0,0,0,0,0,0,0,1,0,0,0
data/external/actions/human_action_recognition/train/001566_fighting.jpg,Bingsu/Human_Action_Recognition,fighting,0,0,0,0,0,0,0,0,0,0,0,0,0,0,0,0,0,1,1,0
data/external/actions/human_action_recognition/train/001567_calling.jpg,Bingsu/Human_Action_Recognition,calling,1,0,0,0,0,0,0,0,0,0,0,0,0,0,0,0,1,0,0,0
data/external/actions/human_action_recognition/train/001568_texting.jpg,Bingsu/Human_Action_Recognition,texting,0,1,0,0,0,0,0,0,0,0,0,0,0,0,0,0,1,0,0,0
data/external/actions/human_action_recognition/train/001569_texting.jpg,Bingsu/Human_Action_Recognition,texting,0,1,0,0,0,0,0,0,0,0,0,0,0,0,0,0,1,0,0,0
data/external/actions/human_action_recognition/train/001570_eating.jpg,Bingsu/Human_Action_Recognition,eating,0,0,0,0,0,0,0,0,0,0,0,0,0,1,0,0,0,0,0,0
data/external/actions/human_action_recognition/train/001571_sitting.jpg,Bingsu/Human_Action_Recognition,sitting,0,1,0,0,0,0,0,0,0,0,0,0,0,0,0,0,1,0,0,0
data/external/actions/human_action_recognition/train/001572_texting.jpg,Bingsu/Human_Action_Recognition,texting,0,1,0,0,0,0,0,0,0,0,0,0,0,0,0,0,1,0,0,0
data/external/actions/human_action_recognition/train/001573_cycling.jpg,Bingsu/Human_Action_Recognition,cycling,0,0,0,0,0,0,0,0,1,0,0,0,0,0,0,0,0,1,0,0
data/external/actions/human_action_recognition/train/001574_fighting.jpg,Bingsu/Human_Action_Recognition,fighting,0,0,0,0,0,0,0,0,0,0,0,0,0,0,0,0,0,1,1,0
data/external/actions/human_action_recognition/train/001575_running.jpg,Bingsu/Human_Action_Recognition,running,0,0,0,0,0,0,1,0,0,0,0,0,0,0,0,0,0,1,1,0
data/external/actions/human_action_recognition/train/001576_eating.jpg,Bingsu/Human_Action_Recognition,eating,0,0,0,0,0,0,0,0,0,0,0,0,0,1,0,0,0,0,0,0
data/external/actions/human_action_recognition/train/001577_laughing.jpg,Bingsu/Human_Action_Recognition,laughing,1,0,0,0,0,0,0,0,0,0,0,0,0,0,0,0,1,0,0,0
data/external/actions/human_action_recognition/train/001578_eating.jpg,Bingsu/Human_Action_Recognition,eating,0,0,0,0,0,0,0,0,0,0,0,0,0,1,0,0,0,0,0,0
data/external/actions/human_action_recognition/train/001579_sleeping.jpg,Bingsu/Human_Action_Recognition,sleeping,0,0,1,0,0,0,0,0,0,0,0,0,0,0,0,0,1,0,0,0
data/external/actions/human_action_recognition/train/001580_running.jpg,Bingsu/Human_Action_Recognition,running,0,0,0,0,0,0,1,0,0,0,0,0,0,0,0,0,0,1,1,0
data/external/actions/human_action_recognition/train/001581_eating.jpg,Bingsu/Human_Action_Recognition,eating,0,0,0,0,0,0,0,0,0,0,0,0,0,1,0,0,0,0,0,0
data/external/actions/human_action_recognition/train/001582_calling.jpg,Bingsu/Human_Action_Recognition,calling,1,0,0,0,0,0,0,0,0,0,0,0,0,0,0,0,1,0,0,0
data/external/actions/human_action_recognition/train/001583_sleeping.jpg,Bingsu/Human_Action_Recognition,sleeping,0,0,1,0,0,0,0,0,0,0,0,0,0,0,0,0,1,0,0,0
data/external/actions/human_action_recognition/train/001584_sitting.jpg,Bingsu/Human_Action_Recognition,sitting,0,1,0,0,0,0,0,0,0,0,0,0,0,0,0,0,1,0,0,0
data/external/actions/human_action_recognition/train/001585_drinking.jpg,Bingsu/Human_Action_Recognition,drinking,0,0,0,0,0,0,0,0,0,0,0,0,0,0,1,0,0,0,0,0
data/external/actions/human_action_recognition/train/001586_sleeping.jpg,Bingsu/Human_Action_Recognition,sleeping,0,0,1,0,0,0,0,0,0,0,0,0,0,0,0,0,1,0,0,0
data/external/actions/human_action_recognition/train/001587_laughing.jpg,Bingsu/Human_Action_Recognition,laughing,1,0,0,0,0,0,0,0,0,0,0,0,0,0,0,0,1,0,0,0
data/external/actions/human_action_recognition/train/001588_sitting.jpg,Bingsu/Human_Action_Recognition,sitting,0,1,0,0,0,0,0,0,0,0,0,0,0,0,0,0,1,0,0,0
data/external/actions/human_action_recognition/train/001589_hugging.jpg,Bingsu/Human_Action_Recognition,hugging,1,0,0,0,0,0,0,0,0,0,0,0,0,0,0,0,1,0,0,0
data/external/actions/human_action_recognition/train/001590_eating.jpg,Bingsu/Human_Action_Recognition,eating,0,0,0,0,0,0,0,0,0,0,0,0,0,1,0,0,0,0,0,0
data/external/actions/human_action_recognition/train/001591_using_laptop.jpg,Bingsu/Human_Action_Recognition,using_laptop,0,1,0,0,0,0,0,0,0,0,0,0,1,0,0,0,1,0,0,0
data/external/actions/human_action_recognition/train/001592_listening_to_music.jpg,Bingsu/Human_Action_Recognition,listening_to_music,0,1,0,0,0,0,0,0,0,0,0,0,0,0,0,0,1,0,0,0
data/external/actions/human_action_recognition/train/001593_cycling.jpg,Bingsu/Human_Action_Recognition,cycling,0,0,0,0,0,0,0,0,1,0,0,0,0,0,0,0,0,1,0,0
data/external/actions/human_action_recognition/train/001594_fighting.jpg,Bingsu/Human_Action_Recognition,fighting,0,0,0,0,0,0,0,0,0,0,0,0,0,0,0,0,0,1,1,0
data/external/actions/human_action_recognition/train/001595_using_laptop.jpg,Bingsu/Human_Action_Recognition,using_laptop,0,1,0,0,0,0,0,0,0,0,0,0,1,0,0,0,1,0,0,0
data/external/actions/human_action_recognition/train/001596_listening_to_music.jpg,Bingsu/Human_Action_Recognition,listening_to_music,0,1,0,0,0,0,0,0,0,0,0,0,0,0,0,0,1,0,0,0
data/external/actions/human_action_recognition/train/001597_texting.jpg,Bingsu/Human_Action_Recognition,texting,0,1,0,0,0,0,0,0,0,0,0,0,0,0,0,0,1,0,0,0
data/external/actions/human_action_recognition/train/001598_texting.jpg,Bingsu/Human_Action_Recognition,texting,0,1,0,0,0,0,0,0,0,0,0,0,0,0,0,0,1,0,0,0
data/external/actions/human_action_recognition/train/001599_laughing.jpg,Bingsu/Human_Action_Recognition,laughing,1,0,0,0,0,0,0,0,0,0,0,0,0,0,0,0,1,0,0,0
data/external/actions/human_action_recognition/train/001600_laughing.jpg,Bingsu/Human_Action_Recognition,laughing,1,0,0,0,0,0,0,0,0,0,0,0,0,0,0,0,1,0,0,0
data/external/actions/human_action_recognition/train/001601_clapping.jpg,Bingsu/Human_Action_Recognition,clapping,0,0,0,0,1,0,0,0,0,0,0,0,0,0,0,0,0,1,0,0
data/external/actions/human_action_recognition/train/001602_hugging.jpg,Bingsu/Human_Action_Recognition,hugging,1,0,0,0,0,0,0,0,0,0,0,0,0,0,0,0,1,0,0,0
data/external/actions/human_action_recognition/train/001603_sitting.jpg,Bingsu/Human_Action_Recognition,sitting,0,1,0,0,0,0,0,0,0,0,0,0,0,0,0,0,1,0,0,0
data/external/actions/human_action_recognition/train/001604_drinking.jpg,Bingsu/Human_Action_Recognition,drinking,0,0,0,0,0,0,0,0,0,0,0,0,0,0,1,0,0,0,0,0
data/external/actions/human_action_recognition/train/001605_sitting.jpg,Bingsu/Human_Action_Recognition,sitting,0,1,0,0,0,0,0,0,0,0,0,0,0,0,0,0,1,0,0,0
data/external/actions/human_action_recognition/train/001606_using_laptop.jpg,Bingsu/Human_Action_Recognition,using_laptop,0,1,0,0,0,0,0,0,0,0,0,0,1,0,0,0,1,0,0,0
data/external/actions/human_action_recognition/train/001607_listening_to_music.jpg,Bingsu/Human_Action_Recognition,listening_to_music,0,1,0,0,0,0,0,0,0,0,0,0,0,0,0,0,1,0,0,0
data/external/actions/human_action_recognition/train/001608_cycling.jpg,Bingsu/Human_Action_Recognition,cycling,0,0,0,0,0,0,0,0,1,0,0,0,0,0,0,0,0,1,0,0
data/external/actions/human_action_recognition/train/001609_drinking.jpg,Bingsu/Human_Action_Recognition,drinking,0,0,0,0,0,0,0,0,0,0,0,0,0,0,1,0,0,0,0,0
data/external/actions/human_action_recognition/train/001610_listening_to_music.jpg,Bingsu/Human_Action_Recognition,listening_to_music,0,1,0,0,0,0,0,0,0,0,0,0,0,0,0,0,1,0,0,0
data/external/actions/human_action_recognition/train/001611_texting.jpg,Bingsu/Human_Action_Recognition,texting,0,1,0,0,0,0,0,0,0,0,0,0,0,0,0,0,1,0,0,0
data/external/actions/human_action_recognition/train/001612_sitting.jpg,Bingsu/Human_Action_Recognition,sitting,0,1,0,0,0,0,0,0,0,0,0,0,0,0,0,0,1,0,0,0
data/external/actions/human_action_recognition/train/001613_running.jpg,Bingsu/Human_Action_Recognition,running,0,0,0,0,0,0,1,0,0,0,0,0,0,0,0,0,0,1,1,0
data/external/actions/human_action_recognition/train/001614_drinking.jpg,Bingsu/Human_Action_Recognition,drinking,0,0,0,0,0,0,0,0,0,0,0,0,0,0,1,0,0,0,0,0
data/external/actions/human_action_recognition/train/001615_listening_to_music.jpg,Bingsu/Human_Action_Recognition,listening_to_music,0,1,0,0,0,0,0,0,0,0,0,0,0,0,0,0,1,0,0,0
data/external/actions/human_action_recognition/train/001616_clapping.jpg,Bingsu/Human_Action_Recognition,clapping,0,0,0,0,1,0,0,0,0,0,0,0,0,0,0,0,0,1,0,0
data/external/actions/human_action_recognition/train/001617_sleeping.jpg,Bingsu/Human_Action_Recognition,sleeping,0,0,1,0,0,0,0,0,0,0,0,0,0,0,0,0,1,0,0,0
data/external/actions/human_action_recognition/train/001618_sitting.jpg,Bingsu/Human_Action_Recognition,sitting,0,1,0,0,0,0,0,0,0,0,0,0,0,0,0,0,1,0,0,0
data/external/actions/human_action_recognition/train/001619_dancing.jpg,Bingsu/Human_Action_Recognition,dancing,0,0,0,0,0,0,0,0,0,0,1,0,0,0,0,0,0,1,0,0
data/external/actions/human_action_recognition/train/001620_eating.jpg,Bingsu/Human_Action_Recognition,eating,0,0,0,0,0,0,0,0,0,0,0,0,0,1,0,0,0,0,0,0
data/external/actions/human_action_recognition/train/001621_running.jpg,Bingsu/Human_Action_Recognition,running,0,0,0,0,0,0,1,0,0,0,0,0,0,0,0,0,0,1,1,0
data/external/actions/human_action_recognition/train/001622_fighting.jpg,Bingsu/Human_Action_Recognition,fighting,0,0,0,0,0,0,0,0,0,0,0,0,0,0,0,0,0,1,1,0
data/external/actions/human_action_recognition/train/001623_listening_to_music.jpg,Bingsu/Human_Action_Recognition,listening_to_music,0,1,0,0,0,0,0,0,0,0,0,0,0,0,0,0,1,0,0,0
data/external/actions/human_action_recognition/train/001624_using_laptop.jpg,Bingsu/Human_Action_Recognition,using_laptop,0,1,0,0,0,0,0,0,0,0,0,0,1,0,0,0,1,0,0,0
data/external/actions/human_action_recognition/train/001625_laughing.jpg,Bingsu/Human_Action_Recognition,laughing,1,0,0,0,0,0,0,0,0,0,0,0,0,0,0,0,1,0,0,0
data/external/actions/human_action_recognition/train/001626_eating.jpg,Bingsu/Human_Action_Recognition,eating,0,0,0,0,0,0,0,0,0,0,0,0,0,1,0,0,0,0,0,0
data/external/actions/human_action_recognition/train/001627_fighting.jpg,Bingsu/Human_Action_Recognition,fighting,0,0,0,0,0,0,0,0,0,0,0,0,0,0,0,0,0,1,1,0
data/external/actions/human_action_recognition/train/001628_listening_to_music.jpg,Bingsu/Human_Action_Recognition,listening_to_music,0,1,0,0,0,0,0,0,0,0,0,0,0,0,0,0,1,0,0,0
data/external/actions/human_action_recognition/train/001629_using_laptop.jpg,Bingsu/Human_Action_Recognition,using_laptop,0,1,0,0,0,0,0,0,0,0,0,0,1,0,0,0,1,0,0,0
data/external/actions/human_action_recognition/train/001630_dancing.jpg,Bingsu/Human_Action_Recognition,dancing,0,0,0,0,0,0,0,0,0,0,1,0,0,0,0,0,0,1,0,0
data/external/actions/human_action_recognition/train/001631_clapping.jpg,Bingsu/Human_Action_Recognition,clapping,0,0,0,0,1,0,0,0,0,0,0,0,0,0,0,0,0,1,0,0
data/external/actions/human_action_recognition/train/001632_hugging.jpg,Bingsu/Human_Action_Recognition,hugging,1,0,0,0,0,0,0,0,0,0,0,0,0,0,0,0,1,0,0,0
data/external/actions/human_action_recognition/train/001633_hugging.jpg,Bingsu/Human_Action_Recognition,hugging,1,0,0,0,0,0,0,0,0,0,0,0,0,0,0,0,1,0,0,0
data/external/actions/human_action_recognition/train/001634_dancing.jpg,Bingsu/Human_Action_Recognition,dancing,0,0,0,0,0,0,0,0,0,0,1,0,0,0,0,0,0,1,0,0
data/external/actions/human_action_recognition/train/001635_laughing.jpg,Bingsu/Human_Action_Recognition,laughing,1,0,0,0,0,0,0,0,0,0,0,0,0,0,0,0,1,0,0,0
data/external/actions/human_action_recognition/train/001636_calling.jpg,Bingsu/Human_Action_Recognition,calling,1,0,0,0,0,0,0,0,0,0,0,0,0,0,0,0,1,0,0,0
data/external/actions/human_action_recognition/train/001637_clapping.jpg,Bingsu/Human_Action_Recognition,clapping,0,0,0,0,1,0,0,0,0,0,0,0,0,0,0,0,0,1,0,0
data/external/actions/human_action_recognition/train/001638_fighting.jpg,Bingsu/Human_Action_Recognition,fighting,0,0,0,0,0,0,0,0,0,0,0,0,0,0,0,0,0,1,1,0
data/external/actions/human_action_recognition/train/001639_sitting.jpg,Bingsu/Human_Action_Recognition,sitting,0,1,0,0,0,0,0,0,0,0,0,0,0,0,0,0,1,0,0,0
data/external/actions/human_action_recognition/train/001640_dancing.jpg,Bingsu/Human_Action_Recognition,dancing,0,0,0,0,0,0,0,0,0,0,1,0,0,0,0,0,0,1,0,0
data/external/actions/human_action_recognition/train/001641_texting.jpg,Bingsu/Human_Action_Recognition,texting,0,1,0,0,0,0,0,0,0,0,0,0,0,0,0,0,1,0,0,0
data/external/actions/human_action_recognition/train/001642_hugging.jpg,Bingsu/Human_Action_Recognition,hugging,1,0,0,0,0,0,0,0,0,0,0,0,0,0,0,0,1,0,0,0
data/external/actions/human_action_recognition/train/001643_sitting.jpg,Bingsu/Human_Action_Recognition,sitting,0,1,0,0,0,0,0,0,0,0,0,0,0,0,0,0,1,0,0,0
data/external/actions/human_action_recognition/train/001644_sleeping.jpg,Bingsu/Human_Action_Recognition,sleeping,0,0,1,0,0,0,0,0,0,0,0,0,0,0,0,0,1,0,0,0
data/external/actions/human_action_recognition/train/001645_drinking.jpg,Bingsu/Human_Action_Recognition,drinking,0,0,0,0,0,0,0,0,0,0,0,0,0,0,1,0,0,0,0,0
data/external/actions/human_action_recognition/train/001646_drinking.jpg,Bingsu/Human_Action_Recognition,drinking,0,0,0,0,0,0,0,0,0,0,0,0,0,0,1,0,0,0,0,0
data/external/actions/human_action_recognition/train/001647_dancing.jpg,Bingsu/Human_Action_Recognition,dancing,0,0,0,0,0,0,0,0,0,0,1,0,0,0,0,0,0,1,0,0
data/external/actions/human_action_recognition/train/001648_hugging.jpg,Bingsu/Human_Action_Recognition,hugging,1,0,0,0,0,0,0,0,0,0,0,0,0,0,0,0,1,0,0,0
data/external/actions/human_action_recognition/train/001649_calling.jpg,Bingsu/Human_Action_Recognition,calling,1,0,0,0,0,0,0,0,0,0,0,0,0,0,0,0,1,0,0,0
data/external/actions/human_action_recognition/train/001650_sleeping.jpg,Bingsu/Human_Action_Recognition,sleeping,0,0,1,0,0,0,0,0,0,0,0,0,0,0,0,0,1,0,0,0
data/external/actions/human_action_recognition/train/001651_using_laptop.jpg,Bingsu/Human_Action_Recognition,using_laptop,0,1,0,0,0,0,0,0,0,0,0,0,1,0,0,0,1,0,0,0
data/external/actions/human_action_recognition/train/001652_cycling.jpg,Bingsu/Human_Action_Recognition,cycling,0,0,0,0,0,0,0,0,1,0,0,0,0,0,0,0,0,1,0,0
data/external/actions/human_action_recognition/train/001653_dancing.jpg,Bingsu/Human_Action_Recognition,dancing,0,0,0,0,0,0,0,0,0,0,1,0,0,0,0,0,0,1,0,0
data/external/actions/human_action_recognition/train/001654_running.jpg,Bingsu/Human_Action_Recognition,running,0,0,0,0,0,0,1,0,0,0,0,0,0,0,0,0,0,1,1,0
data/external/actions/human_action_recognition/train/001655_calling.jpg,Bingsu/Human_Action_Recognition,calling,1,0,0,0,0,0,0,0,0,0,0,0,0,0,0,0,1,0,0,0
data/external/actions/human_action_recognition/train/001656_listening_to_music.jpg,Bingsu/Human_Action_Recognition,listening_to_music,0,1,0,0,0,0,0,0,0,0,0,0,0,0,0,0,1,0,0,0
data/external/actions/human_action_recognition/train/001657_sleeping.jpg,Bingsu/Human_Action_Recognition,sleeping,0,0,1,0,0,0,0,0,0,0,0,0,0,0,0,0,1,0,0,0
data/external/actions/human_action_recognition/train/001658_listening_to_music.jpg,Bingsu/Human_Action_Recognition,listening_to_music,0,1,0,0,0,0,0,0,0,0,0,0,0,0,0,0,1,0,0,0
data/external/actions/human_action_recognition/train/001659_fighting.jpg,Bingsu/Human_Action_Recognition,fighting,0,0,0,0,0,0,0,0,0,0,0,0,0,0,0,0,0,1,1,0
data/external/actions/human_action_recognition/train/001660_clapping.jpg,Bingsu/Human_Action_Recognition,clapping,0,0,0,0,1,0,0,0,0,0,0,0,0,0,0,0,0,1,0,0
data/external/actions/human_action_recognition/train/001661_drinking.jpg,Bingsu/Human_Action_Recognition,drinking,0,0,0,0,0,0,0,0,0,0,0,0,0,0,1,0,0,0,0,0
data/external/actions/human_action_recognition/train/001662_cycling.jpg,Bingsu/Human_Action_Recognition,cycling,0,0,0,0,0,0,0,0,1,0,0,0,0,0,0,0,0,1,0,0
data/external/actions/human_action_recognition/train/001663_sleeping.jpg,Bingsu/Human_Action_Recognition,sleeping,0,0,1,0,0,0,0,0,0,0,0,0,0,0,0,0,1,0,0,0
data/external/actions/human_action_recognition/train/001664_dancing.jpg,Bingsu/Human_Action_Recognition,dancing,0,0,0,0,0,0,0,0,0,0,1,0,0,0,0,0,0,1,0,0
data/external/actions/human_action_recognition/train/001665_fighting.jpg,Bingsu/Human_Action_Recognition,fighting,0,0,0,0,0,0,0,0,0,0,0,0,0,0,0,0,0,1,1,0
data/external/actions/human_action_recognition/train/001666_drinking.jpg,Bingsu/Human_Action_Recognition,drinking,0,0,0,0,0,0,0,0,0,0,0,0,0,0,1,0,0,0,0,0
data/external/actions/human_action_recognition/train/001667_cycling.jpg,Bingsu/Human_Action_Recognition,cycling,0,0,0,0,0,0,0,0,1,0,0,0,0,0,0,0,0,1,0,0
data/external/actions/human_action_recognition/train/001668_listening_to_music.jpg,Bingsu/Human_Action_Recognition,listening_to_music,0,1,0,0,0,0,0,0,0,0,0,0,0,0,0,0,1,0,0,0
data/external/actions/human_action_recognition/train/001669_clapping.jpg,Bingsu/Human_Action_Recognition,clapping,0,0,0,0,1,0,0,0,0,0,0,0,0,0,0,0,0,1,0,0
data/external/actions/human_action_recognition/train/001670_texting.jpg,Bingsu/Human_Action_Recognition,texting,0,1,0,0,0,0,0,0,0,0,0,0,0,0,0,0,1,0,0,0
data/external/actions/human_action_recognition/train/001671_fighting.jpg,Bingsu/Human_Action_Recognition,fighting,0,0,0,0,0,0,0,0,0,0,0,0,0,0,0,0,0,1,1,0
data/external/actions/human_action_recognition/train/001672_eating.jpg,Bingsu/Human_Action_Recognition,eating,0,0,0,0,0,0,0,0,0,0,0,0,0,1,0,0,0,0,0,0
data/external/actions/human_action_recognition/train/001673_dancing.jpg,Bingsu/Human_Action_Recognition,dancing,0,0,0,0,0,0,0,0,0,0,1,0,0,0,0,0,0,1,0,0
data/external/actions/human_action_recognition/train/001674_cycling.jpg,Bingsu/Human_Action_Recognition,cycling,0,0,0,0,0,0,0,0,1,0,0,0,0,0,0,0,0,1,0,0
data/external/actions/human_action_recognition/train/001675_clapping.jpg,Bingsu/Human_Action_Recognition,clapping,0,0,0,0,1,0,0,0,0,0,0,0,0,0,0,0,0,1,0,0
data/external/actions/human_action_recognition/train/001676_hugging.jpg,Bingsu/Human_Action_Recognition,hugging,1,0,0,0,0,0,0,0,0,0,0,0,0,0,0,0,1,0,0,0
data/external/actions/human_action_recognition/train/001677_drinking.jpg,Bingsu/Human_Action_Recognition,drinking,0,0,0,0,0,0,0,0,0,0,0,0,0,0,1,0,0,0,0,0
data/external/actions/human_action_recognition/train/001678_dancing.jpg,Bingsu/Human_Action_Recognition,dancing,0,0,0,0,0,0,0,0,0,0,1,0,0,0,0,0,0,1,0,0
data/external/actions/human_action_recognition/train/001679_laughing.jpg,Bingsu/Human_Action_Recognition,laughing,1,0,0,0,0,0,0,0,0,0,0,0,0,0,0,0,1,0,0,0
data/external/actions/human_action_recognition/train/001680_fighting.jpg,Bingsu/Human_Action_Recognition,fighting,0,0,0,0,0,0,0,0,0,0,0,0,0,0,0,0,0,1,1,0
data/external/actions/human_action_recognition/train/001681_sleeping.jpg,Bingsu/Human_Action_Recognition,sleeping,0,0,1,0,0,0,0,0,0,0,0,0,0,0,0,0,1,0,0,0
data/external/actions/human_action_recognition/train/001682_sitting.jpg,Bingsu/Human_Action_Recognition,sitting,0,1,0,0,0,0,0,0,0,0,0,0,0,0,0,0,1,0,0,0
data/external/actions/human_action_recognition/train/001683_texting.jpg,Bingsu/Human_Action_Recognition,texting,0,1,0,0,0,0,0,0,0,0,0,0,0,0,0,0,1,0,0,0
data/external/actions/human_action_recognition/train/001684_texting.jpg,Bingsu/Human_Action_Recognition,texting,0,1,0,0,0,0,0,0,0,0,0,0,0,0,0,0,1,0,0,0
data/external/actions/human_action_recognition/train/001685_dancing.jpg,Bingsu/Human_Action_Recognition,dancing,0,0,0,0,0,0,0,0,0,0,1,0,0,0,0,0,0,1,0,0
data/external/actions/human_action_recognition/train/001686_drinking.jpg,Bingsu/Human_Action_Recognition,drinking,0,0,0,0,0,0,0,0,0,0,0,0,0,0,1,0,0,0,0,0
data/external/actions/human_action_recognition/train/001687_dancing.jpg,Bingsu/Human_Action_Recognition,dancing,0,0,0,0,0,0,0,0,0,0,1,0,0,0,0,0,0,1,0,0
data/external/actions/human_action_recognition/train/001688_cycling.jpg,Bingsu/Human_Action_Recognition,cycling,0,0,0,0,0,0,0,0,1,0,0,0,0,0,0,0,0,1,0,0
data/external/actions/human_action_recognition/train/001689_listening_to_music.jpg,Bingsu/Human_Action_Recognition,listening_to_music,0,1,0,0,0,0,0,0,0,0,0,0,0,0,0,0,1,0,0,0
data/external/actions/human_action_recognition/train/001690_hugging.jpg,Bingsu/Human_Action_Recognition,hugging,1,0,0,0,0,0,0,0,0,0,0,0,0,0,0,0,1,0,0,0
data/external/actions/human_action_recognition/train/001691_sleeping.jpg,Bingsu/Human_Action_Recognition,sleeping,0,0,1,0,0,0,0,0,0,0,0,0,0,0,0,0,1,0,0,0
data/external/actions/human_action_recognition/train/001692_using_laptop.jpg,Bingsu/Human_Action_Recognition,using_laptop,0,1,0,0,0,0,0,0,0,0,0,0,1,0,0,0,1,0,0,0
data/external/actions/human_action_recognition/train/001693_eating.jpg,Bingsu/Human_Action_Recognition,eating,0,0,0,0,0,0,0,0,0,0,0,0,0,1,0,0,0,0,0,0
data/external/actions/human_action_recognition/train/001694_laughing.jpg,Bingsu/Human_Action_Recognition,laughing,1,0,0,0,0,0,0,0,0,0,0,0,0,0,0,0,1,0,0,0
data/external/actions/human_action_recognition/train/001695_using_laptop.jpg,Bingsu/Human_Action_Recognition,using_laptop,0,1,0,0,0,0,0,0,0,0,0,0,1,0,0,0,1,0,0,0
data/external/actions/human_action_recognition/train/001696_dancing.jpg,Bingsu/Human_Action_Recognition,dancing,0,0,0,0,0,0,0,0,0,0,1,0,0,0,0,0,0,1,0,0
data/external/actions/human_action_recognition/train/001697_eating.jpg,Bingsu/Human_Action_Recognition,eating,0,0,0,0,0,0,0,0,0,0,0,0,0,1,0,0,0,0,0,0
data/external/actions/human_action_recognition/train/001698_running.jpg,Bingsu/Human_Action_Recognition,running,0,0,0,0,0,0,1,0,0,0,0,0,0,0,0,0,0,1,1,0
data/external/actions/human_action_recognition/train/001699_cycling.jpg,Bingsu/Human_Action_Recognition,cycling,0,0,0,0,0,0,0,0,1,0,0,0,0,0,0,0,0,1,0,0
data/external/actions/human_action_recognition/train/001700_clapping.jpg,Bingsu/Human_Action_Recognition,clapping,0,0,0,0,1,0,0,0,0,0,0,0,0,0,0,0,0,1,0,0
data/external/actions/human_action_recognition/train/001701_eating.jpg,Bingsu/Human_Action_Recognition,eating,0,0,0,0,0,0,0,0,0,0,0,0,0,1,0,0,0,0,0,0
data/external/actions/human_action_recognition/train/001702_listening_to_music.jpg,Bingsu/Human_Action_Recognition,listening_to_music,0,1,0,0,0,0,0,0,0,0,0,0,0,0,0,0,1,0,0,0
data/external/actions/human_action_recognition/train/001703_listening_to_music.jpg,Bingsu/Human_Action_Recognition,listening_to_music,0,1,0,0,0,0,0,0,0,0,0,0,0,0,0,0,1,0,0,0
data/external/actions/human_action_recognition/train/001704_using_laptop.jpg,Bingsu/Human_Action_Recognition,using_laptop,0,1,0,0,0,0,0,0,0,0,0,0,1,0,0,0,1,0,0,0
data/external/actions/human_action_recognition/train/001705_laughing.jpg,Bingsu/Human_Action_Recognition,laughing,1,0,0,0,0,0,0,0,0,0,0,0,0,0,0,0,1,0,0,0
data/external/actions/human_action_recognition/train/001706_fighting.jpg,Bingsu/Human_Action_Recognition,fighting,0,0,0,0,0,0,0,0,0,0,0,0,0,0,0,0,0,1,1,0
data/external/actions/human_action_recognition/train/001707_sitting.jpg,Bingsu/Human_Action_Recognition,sitting,0,1,0,0,0,0,0,0,0,0,0,0,0,0,0,0,1,0,0,0
data/external/actions/human_action_recognition/train/001708_eating.jpg,Bingsu/Human_Action_Recognition,eating,0,0,0,0,0,0,0,0,0,0,0,0,0,1,0,0,0,0,0,0
data/external/actions/human_action_recognition/train/001709_dancing.jpg,Bingsu/Human_Action_Recognition,dancing,0,0,0,0,0,0,0,0,0,0,1,0,0,0,0,0,0,1,0,0
data/external/actions/human_action_recognition/train/001710_eating.jpg,Bingsu/Human_Action_Recognition,eating,0,0,0,0,0,0,0,0,0,0,0,0,0,1,0,0,0,0,0,0
data/external/actions/human_action_recognition/train/001711_using_laptop.jpg,Bingsu/Human_Action_Recognition,using_laptop,0,1,0,0,0,0,0,0,0,0,0,0,1,0,0,0,1,0,0,0
data/external/actions/human_action_recognition/train/001712_cycling.jpg,Bingsu/Human_Action_Recognition,cycling,0,0,0,0,0,0,0,0,1,0,0,0,0,0,0,0,0,1,0,0
data/external/actions/human_action_recognition/train/001713_sleeping.jpg,Bingsu/Human_Action_Recognition,sleeping,0,0,1,0,0,0,0,0,0,0,0,0,0,0,0,0,1,0,0,0
data/external/actions/human_action_recognition/train/001714_cycling.jpg,Bingsu/Human_Action_Recognition,cycling,0,0,0,0,0,0,0,0,1,0,0,0,0,0,0,0,0,1,0,0
data/external/actions/human_action_recognition/train/001715_cycling.jpg,Bingsu/Human_Action_Recognition,cycling,0,0,0,0,0,0,0,0,1,0,0,0,0,0,0,0,0,1,0,0
data/external/actions/human_action_recognition/train/001716_sitting.jpg,Bingsu/Human_Action_Recognition,sitting,0,1,0,0,0,0,0,0,0,0,0,0,0,0,0,0,1,0,0,0
data/external/actions/human_action_recognition/train/001717_sleeping.jpg,Bingsu/Human_Action_Recognition,sleeping,0,0,1,0,0,0,0,0,0,0,0,0,0,0,0,0,1,0,0,0
data/external/actions/human_action_recognition/train/001718_drinking.jpg,Bingsu/Human_Action_Recognition,drinking,0,0,0,0,0,0,0,0,0,0,0,0,0,0,1,0,0,0,0,0
data/external/actions/human_action_recognition/train/001719_drinking.jpg,Bingsu/Human_Action_Recognition,drinking,0,0,0,0,0,0,0,0,0,0,0,0,0,0,1,0,0,0,0,0
data/external/actions/human_action_recognition/train/001720_laughing.jpg,Bingsu/Human_Action_Recognition,laughing,1,0,0,0,0,0,0,0,0,0,0,0,0,0,0,0,1,0,0,0
data/external/actions/human_action_recognition/train/001721_running.jpg,Bingsu/Human_Action_Recognition,running,0,0,0,0,0,0,1,0,0,0,0,0,0,0,0,0,0,1,1,0
data/external/actions/human_action_recognition/train/001722_fighting.jpg,Bingsu/Human_Action_Recognition,fighting,0,0,0,0,0,0,0,0,0,0,0,0,0,0,0,0,0,1,1,0
data/external/actions/human_action_recognition/train/001723_clapping.jpg,Bingsu/Human_Action_Recognition,clapping,0,0,0,0,1,0,0,0,0,0,0,0,0,0,0,0,0,1,0,0
data/external/actions/human_action_recognition/train/001724_clapping.jpg,Bingsu/Human_Action_Recognition,clapping,0,0,0,0,1,0,0,0,0,0,0,0,0,0,0,0,0,1,0,0
data/external/actions/human_action_recognition/train/001725_using_laptop.jpg,Bingsu/Human_Action_Recognition,using_laptop,0,1,0,0,0,0,0,0,0,0,0,0,1,0,0,0,1,0,0,0
data/external/actions/human_action_recognition/train/001726_eating.jpg,Bingsu/Human_Action_Recognition,eating,0,0,0,0,0,0,0,0,0,0,0,0,0,1,0,0,0,0,0,0
data/external/actions/human_action_recognition/train/001727_sitting.jpg,Bingsu/Human_Action_Recognition,sitting,0,1,0,0,0,0,0,0,0,0,0,0,0,0,0,0,1,0,0,0
data/external/actions/human_action_recognition/train/001728_sitting.jpg,Bingsu/Human_Action_Recognition,sitting,0,1,0,0,0,0,0,0,0,0,0,0,0,0,0,0,1,0,0,0
data/external/actions/human_action_recognition/train/001729_clapping.jpg,Bingsu/Human_Action_Recognition,clapping,0,0,0,0,1,0,0,0,0,0,0,0,0,0,0,0,0,1,0,0
data/external/actions/human_action_recognition/train/001730_sleeping.jpg,Bingsu/Human_Action_Recognition,sleeping,0,0,1,0,0,0,0,0,0,0,0,0,0,0,0,0,1,0,0,0
data/external/actions/human_action_recognition/train/001731_listening_to_music.jpg,Bingsu/Human_Action_Recognition,listening_to_music,0,1,0,0,0,0,0,0,0,0,0,0,0,0,0,0,1,0,0,0
data/external/actions/human_action_recognition/train/001732_eating.jpg,Bingsu/Human_Action_Recognition,eating,0,0,0,0,0,0,0,0,0,0,0,0,0,1,0,0,0,0,0,0
data/external/actions/human_action_recognition/train/001733_listening_to_music.jpg,Bingsu/Human_Action_Recognition,listening_to_music,0,1,0,0,0,0,0,0,0,0,0,0,0,0,0,0,1,0,0,0
data/external/actions/human_action_recognition/train/001734_texting.jpg,Bingsu/Human_Action_Recognition,texting,0,1,0,0,0,0,0,0,0,0,0,0,0,0,0,0,1,0,0,0
data/external/actions/human_action_recognition/train/001735_sitting.jpg,Bingsu/Human_Action_Recognition,sitting,0,1,0,0,0,0,0,0,0,0,0,0,0,0,0,0,1,0,0,0
data/external/actions/human_action_recognition/train/001736_hugging.jpg,Bingsu/Human_Action_Recognition,hugging,1,0,0,0,0,0,0,0,0,0,0,0,0,0,0,0,1,0,0,0
data/external/actions/human_action_recognition/train/001737_fighting.jpg,Bingsu/Human_Action_Recognition,fighting,0,0,0,0,0,0,0,0,0,0,0,0,0,0,0,0,0,1,1,0
data/external/actions/human_action_recognition/train/001738_using_laptop.jpg,Bingsu/Human_Action_Recognition,using_laptop,0,1,0,0,0,0,0,0,0,0,0,0,1,0,0,0,1,0,0,0
data/external/actions/human_action_recognition/train/001739_fighting.jpg,Bingsu/Human_Action_Recognition,fighting,0,0,0,0,0,0,0,0,0,0,0,0,0,0,0,0,0,1,1,0
data/external/actions/human_action_recognition/train/001740_dancing.jpg,Bingsu/Human_Action_Recognition,dancing,0,0,0,0,0,0,0,0,0,0,1,0,0,0,0,0,0,1,0,0
data/external/actions/human_action_recognition/train/001741_clapping.jpg,Bingsu/Human_Action_Recognition,clapping,0,0,0,0,1,0,0,0,0,0,0,0,0,0,0,0,0,1,0,0
data/external/actions/human_action_recognition/train/001742_texting.jpg,Bingsu/Human_Action_Recognition,texting,0,1,0,0,0,0,0,0,0,0,0,0,0,0,0,0,1,0,0,0
data/external/actions/human_action_recognition/train/001743_cycling.jpg,Bingsu/Human_Action_Recognition,cycling,0,0,0,0,0,0,0,0,1,0,0,0,0,0,0,0,0,1,0,0
data/external/actions/human_action_recognition/train/001744_texting.jpg,Bingsu/Human_Action_Recognition,texting,0,1,0,0,0,0,0,0,0,0,0,0,0,0,0,0,1,0,0,0
data/external/actions/human_action_recognition/train/001745_cycling.jpg,Bingsu/Human_Action_Recognition,cycling,0,0,0,0,0,0,0,0,1,0,0,0,0,0,0,0,0,1,0,0
data/external/actions/human_action_recognition/train/001746_drinking.jpg,Bingsu/Human_Action_Recognition,drinking,0,0,0,0,0,0,0,0,0,0,0,0,0,0,1,0,0,0,0,0
data/external/actions/human_action_recognition/train/001747_clapping.jpg,Bingsu/Human_Action_Recognition,clapping,0,0,0,0,1,0,0,0,0,0,0,0,0,0,0,0,0,1,0,0
data/external/actions/human_action_recognition/train/001748_listening_to_music.jpg,Bingsu/Human_Action_Recognition,listening_to_music,0,1,0,0,0,0,0,0,0,0,0,0,0,0,0,0,1,0,0,0
data/external/actions/human_action_recognition/train/001749_running.jpg,Bingsu/Human_Action_Recognition,running,0,0,0,0,0,0,1,0,0,0,0,0,0,0,0,0,0,1,1,0
data/external/actions/human_action_recognition/train/001750_cycling.jpg,Bingsu/Human_Action_Recognition,cycling,0,0,0,0,0,0,0,0,1,0,0,0,0,0,0,0,0,1,0,0
data/external/actions/human_action_recognition/train/001751_clapping.jpg,Bingsu/Human_Action_Recognition,clapping,0,0,0,0,1,0,0,0,0,0,0,0,0,0,0,0,0,1,0,0
data/external/actions/human_action_recognition/train/001752_dancing.jpg,Bingsu/Human_Action_Recognition,dancing,0,0,0,0,0,0,0,0,0,0,1,0,0,0,0,0,0,1,0,0
data/external/actions/human_action_recognition/train/001753_cycling.jpg,Bingsu/Human_Action_Recognition,cycling,0,0,0,0,0,0,0,0,1,0,0,0,0,0,0,0,0,1,0,0
data/external/actions/human_action_recognition/train/001754_clapping.jpg,Bingsu/Human_Action_Recognition,clapping,0,0,0,0,1,0,0,0,0,0,0,0,0,0,0,0,0,1,0,0
data/external/actions/human_action_recognition/train/001755_dancing.jpg,Bingsu/Human_Action_Recognition,dancing,0,0,0,0,0,0,0,0,0,0,1,0,0,0,0,0,0,1,0,0
data/external/actions/human_action_recognition/train/001756_drinking.jpg,Bingsu/Human_Action_Recognition,drinking,0,0,0,0,0,0,0,0,0,0,0,0,0,0,1,0,0,0,0,0
data/external/actions/human_action_recognition/train/001757_running.jpg,Bingsu/Human_Action_Recognition,running,0,0,0,0,0,0,1,0,0,0,0,0,0,0,0,0,0,1,1,0
data/external/actions/human_action_recognition/train/001758_using_laptop.jpg,Bingsu/Human_Action_Recognition,using_laptop,0,1,0,0,0,0,0,0,0,0,0,0,1,0,0,0,1,0,0,0
data/external/actions/human_action_recognition/train/001759_fighting.jpg,Bingsu/Human_Action_Recognition,fighting,0,0,0,0,0,0,0,0,0,0,0,0,0,0,0,0,0,1,1,0
data/external/actions/human_action_recognition/train/001760_clapping.jpg,Bingsu/Human_Action_Recognition,clapping,0,0,0,0,1,0,0,0,0,0,0,0,0,0,0,0,0,1,0,0
data/external/actions/human_action_recognition/train/001761_eating.jpg,Bingsu/Human_Action_Recognition,eating,0,0,0,0,0,0,0,0,0,0,0,0,0,1,0,0,0,0,0,0
data/external/actions/human_action_recognition/train/001762_cycling.jpg,Bingsu/Human_Action_Recognition,cycling,0,0,0,0,0,0,0,0,1,0,0,0,0,0,0,0,0,1,0,0
data/external/actions/human_action_recognition/train/001763_sleeping.jpg,Bingsu/Human_Action_Recognition,sleeping,0,0,1,0,0,0,0,0,0,0,0,0,0,0,0,0,1,0,0,0
data/external/actions/human_action_recognition/train/001764_laughing.jpg,Bingsu/Human_Action_Recognition,laughing,1,0,0,0,0,0,0,0,0,0,0,0,0,0,0,0,1,0,0,0
data/external/actions/human_action_recognition/train/001765_using_laptop.jpg,Bingsu/Human_Action_Recognition,using_laptop,0,1,0,0,0,0,0,0,0,0,0,0,1,0,0,0,1,0,0,0
data/external/actions/human_action_recognition/train/001766_texting.jpg,Bingsu/Human_Action_Recognition,texting,0,1,0,0,0,0,0,0,0,0,0,0,0,0,0,0,1,0,0,0
data/external/actions/human_action_recognition/train/001767_calling.jpg,Bingsu/Human_Action_Recognition,calling,1,0,0,0,0,0,0,0,0,0,0,0,0,0,0,0,1,0,0,0
data/external/actions/human_action_recognition/train/001768_listening_to_music.jpg,Bingsu/Human_Action_Recognition,listening_to_music,0,1,0,0,0,0,0,0,0,0,0,0,0,0,0,0,1,0,0,0
data/external/actions/human_action_recognition/train/001769_using_laptop.jpg,Bingsu/Human_Action_Recognition,using_laptop,0,1,0,0,0,0,0,0,0,0,0,0,1,0,0,0,1,0,0,0
data/external/actions/human_action_recognition/train/001770_sleeping.jpg,Bingsu/Human_Action_Recognition,sleeping,0,0,1,0,0,0,0,0,0,0,0,0,0,0,0,0,1,0,0,0
data/external/actions/human_action_recognition/train/001771_using_laptop.jpg,Bingsu/Human_Action_Recognition,using_laptop,0,1,0,0,0,0,0,0,0,0,0,0,1,0,0,0,1,0,0,0
data/external/actions/human_action_recognition/train/001772_cycling.jpg,Bingsu/Human_Action_Recognition,cycling,0,0,0,0,0,0,0,0,1,0,0,0,0,0,0,0,0,1,0,0
data/external/actions/human_action_recognition/train/001773_clapping.jpg,Bingsu/Human_Action_Recognition,clapping,0,0,0,0,1,0,0,0,0,0,0,0,0,0,0,0,0,1,0,0
data/external/actions/human_action_recognition/train/001774_eating.jpg,Bingsu/Human_Action_Recognition,eating,0,0,0,0,0,0,0,0,0,0,0,0,0,1,0,0,0,0,0,0
data/external/actions/human_action_recognition/train/001775_cycling.jpg,Bingsu/Human_Action_Recognition,cycling,0,0,0,0,0,0,0,0,1,0,0,0,0,0,0,0,0,1,0,0
data/external/actions/human_action_recognition/train/001776_fighting.jpg,Bingsu/Human_Action_Recognition,fighting,0,0,0,0,0,0,0,0,0,0,0,0,0,0,0,0,0,1,1,0
data/external/actions/human_action_recognition/train/001777_dancing.jpg,Bingsu/Human_Action_Recognition,dancing,0,0,0,0,0,0,0,0,0,0,1,0,0,0,0,0,0,1,0,0
data/external/actions/human_action_recognition/train/001778_sleeping.jpg,Bingsu/Human_Action_Recognition,sleeping,0,0,1,0,0,0,0,0,0,0,0,0,0,0,0,0,1,0,0,0
data/external/actions/human_action_recognition/train/001779_cycling.jpg,Bingsu/Human_Action_Recognition,cycling,0,0,0,0,0,0,0,0,1,0,0,0,0,0,0,0,0,1,0,0
data/external/actions/human_action_recognition/train/001780_laughing.jpg,Bingsu/Human_Action_Recognition,laughing,1,0,0,0,0,0,0,0,0,0,0,0,0,0,0,0,1,0,0,0
data/external/actions/human_action_recognition/train/001781_running.jpg,Bingsu/Human_Action_Recognition,running,0,0,0,0,0,0,1,0,0,0,0,0,0,0,0,0,0,1,1,0
data/external/actions/human_action_recognition/train/001782_cycling.jpg,Bingsu/Human_Action_Recognition,cycling,0,0,0,0,0,0,0,0,1,0,0,0,0,0,0,0,0,1,0,0
data/external/actions/human_action_recognition/train/001783_using_laptop.jpg,Bingsu/Human_Action_Recognition,using_laptop,0,1,0,0,0,0,0,0,0,0,0,0,1,0,0,0,1,0,0,0
data/external/actions/human_action_recognition/train/001784_eating.jpg,Bingsu/Human_Action_Recognition,eating,0,0,0,0,0,0,0,0,0,0,0,0,0,1,0,0,0,0,0,0
data/external/actions/human_action_recognition/train/001785_sleeping.jpg,Bingsu/Human_Action_Recognition,sleeping,0,0,1,0,0,0,0,0,0,0,0,0,0,0,0,0,1,0,0,0
data/external/actions/human_action_recognition/train/001786_dancing.jpg,Bingsu/Human_Action_Recognition,dancing,0,0,0,0,0,0,0,0,0,0,1,0,0,0,0,0,0,1,0,0
data/external/actions/human_action_recognition/train/001787_sitting.jpg,Bingsu/Human_Action_Recognition,sitting,0,1,0,0,0,0,0,0,0,0,0,0,0,0,0,0,1,0,0,0
data/external/actions/human_action_recognition/train/001788_sitting.jpg,Bingsu/Human_Action_Recognition,sitting,0,1,0,0,0,0,0,0,0,0,0,0,0,0,0,0,1,0,0,0
data/external/actions/human_action_recognition/train/001789_sleeping.jpg,Bingsu/Human_Action_Recognition,sleeping,0,0,1,0,0,0,0,0,0,0,0,0,0,0,0,0,1,0,0,0
data/external/actions/human_action_recognition/train/001790_drinking.jpg,Bingsu/Human_Action_Recognition,drinking,0,0,0,0,0,0,0,0,0,0,0,0,0,0,1,0,0,0,0,0
data/external/actions/human_action_recognition/train/001791_hugging.jpg,Bingsu/Human_Action_Recognition,hugging,1,0,0,0,0,0,0,0,0,0,0,0,0,0,0,0,1,0,0,0
data/external/actions/human_action_recognition/train/001792_clapping.jpg,Bingsu/Human_Action_Recognition,clapping,0,0,0,0,1,0,0,0,0,0,0,0,0,0,0,0,0,1,0,0
data/external/actions/human_action_recognition/train/001793_sleeping.jpg,Bingsu/Human_Action_Recognition,sleeping,0,0,1,0,0,0,0,0,0,0,0,0,0,0,0,0,1,0,0,0
data/external/actions/human_action_recognition/train/001794_fighting.jpg,Bingsu/Human_Action_Recognition,fighting,0,0,0,0,0,0,0,0,0,0,0,0,0,0,0,0,0,1,1,0
data/external/actions/human_action_recognition/train/001795_eating.jpg,Bingsu/Human_Action_Recognition,eating,0,0,0,0,0,0,0,0,0,0,0,0,0,1,0,0,0,0,0,0
data/external/actions/human_action_recognition/train/001796_running.jpg,Bingsu/Human_Action_Recognition,running,0,0,0,0,0,0,1,0,0,0,0,0,0,0,0,0,0,1,1,0
data/external/actions/human_action_recognition/train/001797_eating.jpg,Bingsu/Human_Action_Recognition,eating,0,0,0,0,0,0,0,0,0,0,0,0,0,1,0,0,0,0,0,0
data/external/actions/human_action_recognition/train/001798_dancing.jpg,Bingsu/Human_Action_Recognition,dancing,0,0,0,0,0,0,0,0,0,0,1,0,0,0,0,0,0,1,0,0
data/external/actions/human_action_recognition/train/001799_using_laptop.jpg,Bingsu/Human_Action_Recognition,using_laptop,0,1,0,0,0,0,0,0,0,0,0,0,1,0,0,0,1,0,0,0
data/external/actions/human_action_recognition/train/001800_fighting.jpg,Bingsu/Human_Action_Recognition,fighting,0,0,0,0,0,0,0,0,0,0,0,0,0,0,0,0,0,1,1,0
data/external/actions/human_action_recognition/train/001801_eating.jpg,Bingsu/Human_Action_Recognition,eating,0,0,0,0,0,0,0,0,0,0,0,0,0,1,0,0,0,0,0,0
data/external/actions/human_action_recognition/train/001802_dancing.jpg,Bingsu/Human_Action_Recognition,dancing,0,0,0,0,0,0,0,0,0,0,1,0,0,0,0,0,0,1,0,0
data/external/actions/human_action_recognition/train/001803_laughing.jpg,Bingsu/Human_Action_Recognition,laughing,1,0,0,0,0,0,0,0,0,0,0,0,0,0,0,0,1,0,0,0
data/external/actions/human_action_recognition/train/001804_eating.jpg,Bingsu/Human_Action_Recognition,eating,0,0,0,0,0,0,0,0,0,0,0,0,0,1,0,0,0,0,0,0
data/external/actions/human_action_recognition/train/001805_sitting.jpg,Bingsu/Human_Action_Recognition,sitting,0,1,0,0,0,0,0,0,0,0,0,0,0,0,0,0,1,0,0,0
data/external/actions/human_action_recognition/train/001806_clapping.jpg,Bingsu/Human_Action_Recognition,clapping,0,0,0,0,1,0,0,0,0,0,0,0,0,0,0,0,0,1,0,0
data/external/actions/human_action_recognition/train/001807_fighting.jpg,Bingsu/Human_Action_Recognition,fighting,0,0,0,0,0,0,0,0,0,0,0,0,0,0,0,0,0,1,1,0
data/external/actions/human_action_recognition/train/001808_cycling.jpg,Bingsu/Human_Action_Recognition,cycling,0,0,0,0,0,0,0,0,1,0,0,0,0,0,0,0,0,1,0,0
data/external/actions/human_action_recognition/train/001809_sitting.jpg,Bingsu/Human_Action_Recognition,sitting,0,1,0,0,0,0,0,0,0,0,0,0,0,0,0,0,1,0,0,0
data/external/actions/human_action_recognition/train/001810_calling.jpg,Bingsu/Human_Action_Recognition,calling,1,0,0,0,0,0,0,0,0,0,0,0,0,0,0,0,1,0,0,0
data/external/actions/human_action_recognition/train/001811_dancing.jpg,Bingsu/Human_Action_Recognition,dancing,0,0,0,0,0,0,0,0,0,0,1,0,0,0,0,0,0,1,0,0
data/external/actions/human_action_recognition/train/001812_calling.jpg,Bingsu/Human_Action_Recognition,calling,1,0,0,0,0,0,0,0,0,0,0,0,0,0,0,0,1,0,0,0
data/external/actions/human_action_recognition/train/001813_laughing.jpg,Bingsu/Human_Action_Recognition,laughing,1,0,0,0,0,0,0,0,0,0,0,0,0,0,0,0,1,0,0,0
data/external/actions/human_action_recognition/train/001814_fighting.jpg,Bingsu/Human_Action_Recognition,fighting,0,0,0,0,0,0,0,0,0,0,0,0,0,0,0,0,0,1,1,0
data/external/actions/human_action_recognition/train/001815_sleeping.jpg,Bingsu/Human_Action_Recognition,sleeping,0,0,1,0,0,0,0,0,0,0,0,0,0,0,0,0,1,0,0,0
data/external/actions/human_action_recognition/train/001816_fighting.jpg,Bingsu/Human_Action_Recognition,fighting,0,0,0,0,0,0,0,0,0,0,0,0,0,0,0,0,0,1,1,0
data/external/actions/human_action_recognition/train/001817_sleeping.jpg,Bingsu/Human_Action_Recognition,sleeping,0,0,1,0,0,0,0,0,0,0,0,0,0,0,0,0,1,0,0,0
data/external/actions/human_action_recognition/train/001818_laughing.jpg,Bingsu/Human_Action_Recognition,laughing,1,0,0,0,0,0,0,0,0,0,0,0,0,0,0,0,1,0,0,0
data/external/actions/human_action_recognition/train/001819_hugging.jpg,Bingsu/Human_Action_Recognition,hugging,1,0,0,0,0,0,0,0,0,0,0,0,0,0,0,0,1,0,0,0
data/external/actions/human_action_recognition/train/001820_laughing.jpg,Bingsu/Human_Action_Recognition,laughing,1,0,0,0,0,0,0,0,0,0,0,0,0,0,0,0,1,0,0,0
data/external/actions/human_action_recognition/train/001821_calling.jpg,Bingsu/Human_Action_Recognition,calling,1,0,0,0,0,0,0,0,0,0,0,0,0,0,0,0,1,0,0,0
data/external/actions/human_action_recognition/train/001822_fighting.jpg,Bingsu/Human_Action_Recognition,fighting,0,0,0,0,0,0,0,0,0,0,0,0,0,0,0,0,0,1,1,0
data/external/actions/human_action_recognition/train/001823_laughing.jpg,Bingsu/Human_Action_Recognition,laughing,1,0,0,0,0,0,0,0,0,0,0,0,0,0,0,0,1,0,0,0
data/external/actions/human_action_recognition/train/001824_using_laptop.jpg,Bingsu/Human_Action_Recognition,using_laptop,0,1,0,0,0,0,0,0,0,0,0,0,1,0,0,0,1,0,0,0
data/external/actions/human_action_recognition/train/001825_dancing.jpg,Bingsu/Human_Action_Recognition,dancing,0,0,0,0,0,0,0,0,0,0,1,0,0,0,0,0,0,1,0,0
data/external/actions/human_action_recognition/train/001826_fighting.jpg,Bingsu/Human_Action_Recognition,fighting,0,0,0,0,0,0,0,0,0,0,0,0,0,0,0,0,0,1,1,0
data/external/actions/human_action_recognition/train/001827_texting.jpg,Bingsu/Human_Action_Recognition,texting,0,1,0,0,0,0,0,0,0,0,0,0,0,0,0,0,1,0,0,0
data/external/actions/human_action_recognition/train/001828_sitting.jpg,Bingsu/Human_Action_Recognition,sitting,0,1,0,0,0,0,0,0,0,0,0,0,0,0,0,0,1,0,0,0
data/external/actions/human_action_recognition/train/001829_hugging.jpg,Bingsu/Human_Action_Recognition,hugging,1,0,0,0,0,0,0,0,0,0,0,0,0,0,0,0,1,0,0,0
data/external/actions/human_action_recognition/train/001830_clapping.jpg,Bingsu/Human_Action_Recognition,clapping,0,0,0,0,1,0,0,0,0,0,0,0,0,0,0,0,0,1,0,0
data/external/actions/human_action_recognition/train/001831_drinking.jpg,Bingsu/Human_Action_Recognition,drinking,0,0,0,0,0,0,0,0,0,0,0,0,0,0,1,0,0,0,0,0
data/external/actions/human_action_recognition/train/001832_laughing.jpg,Bingsu/Human_Action_Recognition,laughing,1,0,0,0,0,0,0,0,0,0,0,0,0,0,0,0,1,0,0,0
data/external/actions/human_action_recognition/train/001833_running.jpg,Bingsu/Human_Action_Recognition,running,0,0,0,0,0,0,1,0,0,0,0,0,0,0,0,0,0,1,1,0
data/external/actions/human_action_recognition/train/001834_listening_to_music.jpg,Bingsu/Human_Action_Recognition,listening_to_music,0,1,0,0,0,0,0,0,0,0,0,0,0,0,0,0,1,0,0,0
data/external/actions/human_action_recognition/train/001835_using_laptop.jpg,Bingsu/Human_Action_Recognition,using_laptop,0,1,0,0,0,0,0,0,0,0,0,0,1,0,0,0,1,0,0,0
data/external/actions/human_action_recognition/train/001836_texting.jpg,Bingsu/Human_Action_Recognition,texting,0,1,0,0,0,0,0,0,0,0,0,0,0,0,0,0,1,0,0,0
data/external/actions/human_action_recognition/train/001837_using_laptop.jpg,Bingsu/Human_Action_Recognition,using_laptop,0,1,0,0,0,0,0,0,0,0,0,0,1,0,0,0,1,0,0,0
data/external/actions/human_action_recognition/train/001838_hugging.jpg,Bingsu/Human_Action_Recognition,hugging,1,0,0,0,0,0,0,0,0,0,0,0,0,0,0,0,1,0,0,0
data/external/actions/human_action_recognition/train/001839_laughing.jpg,Bingsu/Human_Action_Recognition,laughing,1,0,0,0,0,0,0,0,0,0,0,0,0,0,0,0,1,0,0,0
data/external/actions/human_action_recognition/train/001840_texting.jpg,Bingsu/Human_Action_Recognition,texting,0,1,0,0,0,0,0,0,0,0,0,0,0,0,0,0,1,0,0,0
data/external/actions/human_action_recognition/train/001841_dancing.jpg,Bingsu/Human_Action_Recognition,dancing,0,0,0,0,0,0,0,0,0,0,1,0,0,0,0,0,0,1,0,0
data/external/actions/human_action_recognition/train/001842_running.jpg,Bingsu/Human_Action_Recognition,running,0,0,0,0,0,0,1,0,0,0,0,0,0,0,0,0,0,1,1,0
data/external/actions/human_action_recognition/train/001843_sitting.jpg,Bingsu/Human_Action_Recognition,sitting,0,1,0,0,0,0,0,0,0,0,0,0,0,0,0,0,1,0,0,0
data/external/actions/human_action_recognition/train/001844_sitting.jpg,Bingsu/Human_Action_Recognition,sitting,0,1,0,0,0,0,0,0,0,0,0,0,0,0,0,0,1,0,0,0
data/external/actions/human_action_recognition/train/001845_sleeping.jpg,Bingsu/Human_Action_Recognition,sleeping,0,0,1,0,0,0,0,0,0,0,0,0,0,0,0,0,1,0,0,0
data/external/actions/human_action_recognition/train/001846_sleeping.jpg,Bingsu/Human_Action_Recognition,sleeping,0,0,1,0,0,0,0,0,0,0,0,0,0,0,0,0,1,0,0,0
data/external/actions/human_action_recognition/train/001847_drinking.jpg,Bingsu/Human_Action_Recognition,drinking,0,0,0,0,0,0,0,0,0,0,0,0,0,0,1,0,0,0,0,0
data/external/actions/human_action_recognition/train/001848_dancing.jpg,Bingsu/Human_Action_Recognition,dancing,0,0,0,0,0,0,0,0,0,0,1,0,0,0,0,0,0,1,0,0
data/external/actions/human_action_recognition/train/001849_calling.jpg,Bingsu/Human_Action_Recognition,calling,1,0,0,0,0,0,0,0,0,0,0,0,0,0,0,0,1,0,0,0
data/external/actions/human_action_recognition/train/001850_calling.jpg,Bingsu/Human_Action_Recognition,calling,1,0,0,0,0,0,0,0,0,0,0,0,0,0,0,0,1,0,0,0
data/external/actions/human_action_recognition/train/001851_hugging.jpg,Bingsu/Human_Action_Recognition,hugging,1,0,0,0,0,0,0,0,0,0,0,0,0,0,0,0,1,0,0,0
data/external/actions/human_action_recognition/train/001852_clapping.jpg,Bingsu/Human_Action_Recognition,clapping,0,0,0,0,1,0,0,0,0,0,0,0,0,0,0,0,0,1,0,0
data/external/actions/human_action_recognition/train/001853_hugging.jpg,Bingsu/Human_Action_Recognition,hugging,1,0,0,0,0,0,0,0,0,0,0,0,0,0,0,0,1,0,0,0
data/external/actions/human_action_recognition/train/001854_clapping.jpg,Bingsu/Human_Action_Recognition,clapping,0,0,0,0,1,0,0,0,0,0,0,0,0,0,0,0,0,1,0,0
data/external/actions/human_action_recognition/train/001855_clapping.jpg,Bingsu/Human_Action_Recognition,clapping,0,0,0,0,1,0,0,0,0,0,0,0,0,0,0,0,0,1,0,0
data/external/actions/human_action_recognition/train/001856_listening_to_music.jpg,Bingsu/Human_Action_Recognition,listening_to_music,0,1,0,0,0,0,0,0,0,0,0,0,0,0,0,0,1,0,0,0
data/external/actions/human_action_recognition/train/001857_calling.jpg,Bingsu/Human_Action_Recognition,calling,1,0,0,0,0,0,0,0,0,0,0,0,0,0,0,0,1,0,0,0
data/external/actions/human_action_recognition/train/001858_using_laptop.jpg,Bingsu/Human_Action_Recognition,using_laptop,0,1,0,0,0,0,0,0,0,0,0,0,1,0,0,0,1,0,0,0
data/external/actions/human_action_recognition/train/001859_sleeping.jpg,Bingsu/Human_Action_Recognition,sleeping,0,0,1,0,0,0,0,0,0,0,0,0,0,0,0,0,1,0,0,0
data/external/actions/human_action_recognition/train/001860_using_laptop.jpg,Bingsu/Human_Action_Recognition,using_laptop,0,1,0,0,0,0,0,0,0,0,0,0,1,0,0,0,1,0,0,0
data/external/actions/human_action_recognition/train/001861_dancing.jpg,Bingsu/Human_Action_Recognition,dancing,0,0,0,0,0,0,0,0,0,0,1,0,0,0,0,0,0,1,0,0
data/external/actions/human_action_recognition/train/001862_sleeping.jpg,Bingsu/Human_Action_Recognition,sleeping,0,0,1,0,0,0,0,0,0,0,0,0,0,0,0,0,1,0,0,0
data/external/actions/human_action_recognition/train/001863_drinking.jpg,Bingsu/Human_Action_Recognition,drinking,0,0,0,0,0,0,0,0,0,0,0,0,0,0,1,0,0,0,0,0
data/external/actions/human_action_recognition/train/001864_dancing.jpg,Bingsu/Human_Action_Recognition,dancing,0,0,0,0,0,0,0,0,0,0,1,0,0,0,0,0,0,1,0,0
data/external/actions/human_action_recognition/train/001865_using_laptop.jpg,Bingsu/Human_Action_Recognition,using_laptop,0,1,0,0,0,0,0,0,0,0,0,0,1,0,0,0,1,0,0,0
data/external/actions/human_action_recognition/train/001866_sitting.jpg,Bingsu/Human_Action_Recognition,sitting,0,1,0,0,0,0,0,0,0,0,0,0,0,0,0,0,1,0,0,0
data/external/actions/human_action_recognition/train/001867_dancing.jpg,Bingsu/Human_Action_Recognition,dancing,0,0,0,0,0,0,0,0,0,0,1,0,0,0,0,0,0,1,0,0
data/external/actions/human_action_recognition/train/001868_cycling.jpg,Bingsu/Human_Action_Recognition,cycling,0,0,0,0,0,0,0,0,1,0,0,0,0,0,0,0,0,1,0,0
data/external/actions/human_action_recognition/train/001869_hugging.jpg,Bingsu/Human_Action_Recognition,hugging,1,0,0,0,0,0,0,0,0,0,0,0,0,0,0,0,1,0,0,0
data/external/actions/human_action_recognition/train/001870_laughing.jpg,Bingsu/Human_Action_Recognition,laughing,1,0,0,0,0,0,0,0,0,0,0,0,0,0,0,0,1,0,0,0
data/external/actions/human_action_recognition/train/001871_sitting.jpg,Bingsu/Human_Action_Recognition,sitting,0,1,0,0,0,0,0,0,0,0,0,0,0,0,0,0,1,0,0,0
data/external/actions/human_action_recognition/train/001872_laughing.jpg,Bingsu/Human_Action_Recognition,laughing,1,0,0,0,0,0,0,0,0,0,0,0,0,0,0,0,1,0,0,0
data/external/actions/human_action_recognition/train/001873_using_laptop.jpg,Bingsu/Human_Action_Recognition,using_laptop,0,1,0,0,0,0,0,0,0,0,0,0,1,0,0,0,1,0,0,0
data/external/actions/human_action_recognition/train/001874_eating.jpg,Bingsu/Human_Action_Recognition,eating,0,0,0,0,0,0,0,0,0,0,0,0,0,1,0,0,0,0,0,0
data/external/actions/human_action_recognition/train/001875_clapping.jpg,Bingsu/Human_Action_Recognition,clapping,0,0,0,0,1,0,0,0,0,0,0,0,0,0,0,0,0,1,0,0
data/external/actions/human_action_recognition/train/001876_dancing.jpg,Bingsu/Human_Action_Recognition,dancing,0,0,0,0,0,0,0,0,0,0,1,0,0,0,0,0,0,1,0,0
data/external/actions/human_action_recognition/train/001877_hugging.jpg,Bingsu/Human_Action_Recognition,hugging,1,0,0,0,0,0,0,0,0,0,0,0,0,0,0,0,1,0,0,0
data/external/actions/human_action_recognition/train/001878_eating.jpg,Bingsu/Human_Action_Recognition,eating,0,0,0,0,0,0,0,0,0,0,0,0,0,1,0,0,0,0,0,0
data/external/actions/human_action_recognition/train/001879_calling.jpg,Bingsu/Human_Action_Recognition,calling,1,0,0,0,0,0,0,0,0,0,0,0,0,0,0,0,1,0,0,0
data/external/actions/human_action_recognition/train/001880_eating.jpg,Bingsu/Human_Action_Recognition,eating,0,0,0,0,0,0,0,0,0,0,0,0,0,1,0,0,0,0,0,0
data/external/actions/human_action_recognition/train/001881_running.jpg,Bingsu/Human_Action_Recognition,running,0,0,0,0,0,0,1,0,0,0,0,0,0,0,0,0,0,1,1,0
data/external/actions/human_action_recognition/train/001882_clapping.jpg,Bingsu/Human_Action_Recognition,clapping,0,0,0,0,1,0,0,0,0,0,0,0,0,0,0,0,0,1,0,0
data/external/actions/human_action_recognition/train/001883_listening_to_music.jpg,Bingsu/Human_Action_Recognition,listening_to_music,0,1,0,0,0,0,0,0,0,0,0,0,0,0,0,0,1,0,0,0
data/external/actions/human_action_recognition/train/001884_clapping.jpg,Bingsu/Human_Action_Recognition,clapping,0,0,0,0,1,0,0,0,0,0,0,0,0,0,0,0,0,1,0,0
data/external/actions/human_action_recognition/train/001885_dancing.jpg,Bingsu/Human_Action_Recognition,dancing,0,0,0,0,0,0,0,0,0,0,1,0,0,0,0,0,0,1,0,0
data/external/actions/human_action_recognition/train/001886_hugging.jpg,Bingsu/Human_Action_Recognition,hugging,1,0,0,0,0,0,0,0,0,0,0,0,0,0,0,0,1,0,0,0
data/external/actions/human_action_recognition/train/001887_drinking.jpg,Bingsu/Human_Action_Recognition,drinking,0,0,0,0,0,0,0,0,0,0,0,0,0,0,1,0,0,0,0,0
data/external/actions/human_action_recognition/train/001888_using_laptop.jpg,Bingsu/Human_Action_Recognition,using_laptop,0,1,0,0,0,0,0,0,0,0,0,0,1,0,0,0,1,0,0,0
data/external/actions/human_action_recognition/train/001889_cycling.jpg,Bingsu/Human_Action_Recognition,cycling,0,0,0,0,0,0,0,0,1,0,0,0,0,0,0,0,0,1,0,0
data/external/actions/human_action_recognition/train/001890_clapping.jpg,Bingsu/Human_Action_Recognition,clapping,0,0,0,0,1,0,0,0,0,0,0,0,0,0,0,0,0,1,0,0
data/external/actions/human_action_recognition/train/001891_fighting.jpg,Bingsu/Human_Action_Recognition,fighting,0,0,0,0,0,0,0,0,0,0,0,0,0,0,0,0,0,1,1,0
data/external/actions/human_action_recognition/train/001892_hugging.jpg,Bingsu/Human_Action_Recognition,hugging,1,0,0,0,0,0,0,0,0,0,0,0,0,0,0,0,1,0,0,0
data/external/actions/human_action_recognition/train/001893_running.jpg,Bingsu/Human_Action_Recognition,running,0,0,0,0,0,0,1,0,0,0,0,0,0,0,0,0,0,1,1,0
data/external/actions/human_action_recognition/train/001894_laughing.jpg,Bingsu/Human_Action_Recognition,laughing,1,0,0,0,0,0,0,0,0,0,0,0,0,0,0,0,1,0,0,0
data/external/actions/human_action_recognition/train/001895_sleeping.jpg,Bingsu/Human_Action_Recognition,sleeping,0,0,1,0,0,0,0,0,0,0,0,0,0,0,0,0,1,0,0,0
data/external/actions/human_action_recognition/train/001896_calling.jpg,Bingsu/Human_Action_Recognition,calling,1,0,0,0,0,0,0,0,0,0,0,0,0,0,0,0,1,0,0,0
data/external/actions/human_action_recognition/train/001897_sleeping.jpg,Bingsu/Human_Action_Recognition,sleeping,0,0,1,0,0,0,0,0,0,0,0,0,0,0,0,0,1,0,0,0
data/external/actions/human_action_recognition/train/001898_clapping.jpg,Bingsu/Human_Action_Recognition,clapping,0,0,0,0,1,0,0,0,0,0,0,0,0,0,0,0,0,1,0,0
data/external/actions/human_action_recognition/train/001899_sitting.jpg,Bingsu/Human_Action_Recognition,sitting,0,1,0,0,0,0,0,0,0,0,0,0,0,0,0,0,1,0,0,0
data/external/actions/human_action_recognition/train/001900_clapping.jpg,Bingsu/Human_Action_Recognition,clapping,0,0,0,0,1,0,0,0,0,0,0,0,0,0,0,0,0,1,0,0
data/external/actions/human_action_recognition/train/001901_listening_to_music.jpg,Bingsu/Human_Action_Recognition,listening_to_music,0,1,0,0,0,0,0,0,0,0,0,0,0,0,0,0,1,0,0,0
data/external/actions/human_action_recognition/train/001902_using_laptop.jpg,Bingsu/Human_Action_Recognition,using_laptop,0,1,0,0,0,0,0,0,0,0,0,0,1,0,0,0,1,0,0,0
data/external/actions/human_action_recognition/train/001903_texting.jpg,Bingsu/Human_Action_Recognition,texting,0,1,0,0,0,0,0,0,0,0,0,0,0,0,0,0,1,0,0,0
data/external/actions/human_action_recognition/train/001904_using_laptop.jpg,Bingsu/Human_Action_Recognition,using_laptop,0,1,0,0,0,0,0,0,0,0,0,0,1,0,0,0,1,0,0,0
data/external/actions/human_action_recognition/train/001905_sleeping.jpg,Bingsu/Human_Action_Recognition,sleeping,0,0,1,0,0,0,0,0,0,0,0,0,0,0,0,0,1,0,0,0
data/external/actions/human_action_recognition/train/001906_dancing.jpg,Bingsu/Human_Action_Recognition,dancing,0,0,0,0,0,0,0,0,0,0,1,0,0,0,0,0,0,1,0,0
data/external/actions/human_action_recognition/train/001907_sitting.jpg,Bingsu/Human_Action_Recognition,sitting,0,1,0,0,0,0,0,0,0,0,0,0,0,0,0,0,1,0,0,0
data/external/actions/human_action_recognition/train/001908_texting.jpg,Bingsu/Human_Action_Recognition,texting,0,1,0,0,0,0,0,0,0,0,0,0,0,0,0,0,1,0,0,0
data/external/actions/human_action_recognition/train/001909_clapping.jpg,Bingsu/Human_Action_Recognition,clapping,0,0,0,0,1,0,0,0,0,0,0,0,0,0,0,0,0,1,0,0
data/external/actions/human_action_recognition/train/001910_running.jpg,Bingsu/Human_Action_Recognition,running,0,0,0,0,0,0,1,0,0,0,0,0,0,0,0,0,0,1,1,0
data/external/actions/human_action_recognition/train/001911_drinking.jpg,Bingsu/Human_Action_Recognition,drinking,0,0,0,0,0,0,0,0,0,0,0,0,0,0,1,0,0,0,0,0
data/external/actions/human_action_recognition/train/001912_calling.jpg,Bingsu/Human_Action_Recognition,calling,1,0,0,0,0,0,0,0,0,0,0,0,0,0,0,0,1,0,0,0
data/external/actions/human_action_recognition/train/001913_laughing.jpg,Bingsu/Human_Action_Recognition,laughing,1,0,0,0,0,0,0,0,0,0,0,0,0,0,0,0,1,0,0,0
data/external/actions/human_action_recognition/train/001914_sitting.jpg,Bingsu/Human_Action_Recognition,sitting,0,1,0,0,0,0,0,0,0,0,0,0,0,0,0,0,1,0,0,0
data/external/actions/human_action_recognition/train/001915_drinking.jpg,Bingsu/Human_Action_Recognition,drinking,0,0,0,0,0,0,0,0,0,0,0,0,0,0,1,0,0,0,0,0
data/external/actions/human_action_recognition/train/001916_cycling.jpg,Bingsu/Human_Action_Recognition,cycling,0,0,0,0,0,0,0,0,1,0,0,0,0,0,0,0,0,1,0,0
data/external/actions/human_action_recognition/train/001917_sleeping.jpg,Bingsu/Human_Action_Recognition,sleeping,0,0,1,0,0,0,0,0,0,0,0,0,0,0,0,0,1,0,0,0
data/external/actions/human_action_recognition/train/001918_dancing.jpg,Bingsu/Human_Action_Recognition,dancing,0,0,0,0,0,0,0,0,0,0,1,0,0,0,0,0,0,1,0,0
data/external/actions/human_action_recognition/train/001919_cycling.jpg,Bingsu/Human_Action_Recognition,cycling,0,0,0,0,0,0,0,0,1,0,0,0,0,0,0,0,0,1,0,0
data/external/actions/human_action_recognition/train/001920_cycling.jpg,Bingsu/Human_Action_Recognition,cycling,0,0,0,0,0,0,0,0,1,0,0,0,0,0,0,0,0,1,0,0
data/external/actions/human_action_recognition/train/001921_using_laptop.jpg,Bingsu/Human_Action_Recognition,using_laptop,0,1,0,0,0,0,0,0,0,0,0,0,1,0,0,0,1,0,0,0
data/external/actions/human_action_recognition/train/001922_eating.jpg,Bingsu/Human_Action_Recognition,eating,0,0,0,0,0,0,0,0,0,0,0,0,0,1,0,0,0,0,0,0
data/external/actions/human_action_recognition/train/001923_dancing.jpg,Bingsu/Human_Action_Recognition,dancing,0,0,0,0,0,0,0,0,0,0,1,0,0,0,0,0,0,1,0,0
data/external/actions/human_action_recognition/train/001924_running.jpg,Bingsu/Human_Action_Recognition,running,0,0,0,0,0,0,1,0,0,0,0,0,0,0,0,0,0,1,1,0
data/external/actions/human_action_recognition/train/001925_fighting.jpg,Bingsu/Human_Action_Recognition,fighting,0,0,0,0,0,0,0,0,0,0,0,0,0,0,0,0,0,1,1,0
data/external/actions/human_action_recognition/train/001926_drinking.jpg,Bingsu/Human_Action_Recognition,drinking,0,0,0,0,0,0,0,0,0,0,0,0,0,0,1,0,0,0,0,0
data/external/actions/human_action_recognition/train/001927_eating.jpg,Bingsu/Human_Action_Recognition,eating,0,0,0,0,0,0,0,0,0,0,0,0,0,1,0,0,0,0,0,0
data/external/actions/human_action_recognition/train/001928_calling.jpg,Bingsu/Human_Action_Recognition,calling,1,0,0,0,0,0,0,0,0,0,0,0,0,0,0,0,1,0,0,0
data/external/actions/human_action_recognition/train/001929_calling.jpg,Bingsu/Human_Action_Recognition,calling,1,0,0,0,0,0,0,0,0,0,0,0,0,0,0,0,1,0,0,0
data/external/actions/human_action_recognition/train/001930_eating.jpg,Bingsu/Human_Action_Recognition,eating,0,0,0,0,0,0,0,0,0,0,0,0,0,1,0,0,0,0,0,0
data/external/actions/human_action_recognition/train/001931_drinking.jpg,Bingsu/Human_Action_Recognition,drinking,0,0,0,0,0,0,0,0,0,0,0,0,0,0,1,0,0,0,0,0
data/external/actions/human_action_recognition/train/001932_fighting.jpg,Bingsu/Human_Action_Recognition,fighting,0,0,0,0,0,0,0,0,0,0,0,0,0,0,0,0,0,1,1,0
data/external/actions/human_action_recognition/train/001933_listening_to_music.jpg,Bingsu/Human_Action_Recognition,listening_to_music,0,1,0,0,0,0,0,0,0,0,0,0,0,0,0,0,1,0,0,0
data/external/actions/human_action_recognition/train/001934_eating.jpg,Bingsu/Human_Action_Recognition,eating,0,0,0,0,0,0,0,0,0,0,0,0,0,1,0,0,0,0,0,0
data/external/actions/human_action_recognition/train/001935_dancing.jpg,Bingsu/Human_Action_Recognition,dancing,0,0,0,0,0,0,0,0,0,0,1,0,0,0,0,0,0,1,0,0
data/external/actions/human_action_recognition/train/001936_clapping.jpg,Bingsu/Human_Action_Recognition,clapping,0,0,0,0,1,0,0,0,0,0,0,0,0,0,0,0,0,1,0,0
data/external/actions/human_action_recognition/train/001937_listening_to_music.jpg,Bingsu/Human_Action_Recognition,listening_to_music,0,1,0,0,0,0,0,0,0,0,0,0,0,0,0,0,1,0,0,0
data/external/actions/human_action_recognition/train/001938_eating.jpg,Bingsu/Human_Action_Recognition,eating,0,0,0,0,0,0,0,0,0,0,0,0,0,1,0,0,0,0,0,0
data/external/actions/human_action_recognition/train/001939_eating.jpg,Bingsu/Human_Action_Recognition,eating,0,0,0,0,0,0,0,0,0,0,0,0,0,1,0,0,0,0,0,0
data/external/actions/human_action_recognition/train/001940_dancing.jpg,Bingsu/Human_Action_Recognition,dancing,0,0,0,0,0,0,0,0,0,0,1,0,0,0,0,0,0,1,0,0
data/external/actions/human_action_recognition/train/001941_eating.jpg,Bingsu/Human_Action_Recognition,eating,0,0,0,0,0,0,0,0,0,0,0,0,0,1,0,0,0,0,0,0
data/external/actions/human_action_recognition/train/001942_sitting.jpg,Bingsu/Human_Action_Recognition,sitting,0,1,0,0,0,0,0,0,0,0,0,0,0,0,0,0,1,0,0,0
data/external/actions/human_action_recognition/train/001943_hugging.jpg,Bingsu/Human_Action_Recognition,hugging,1,0,0,0,0,0,0,0,0,0,0,0,0,0,0,0,1,0,0,0
data/external/actions/human_action_recognition/train/001944_cycling.jpg,Bingsu/Human_Action_Recognition,cycling,0,0,0,0,0,0,0,0,1,0,0,0,0,0,0,0,0,1,0,0
data/external/actions/human_action_recognition/train/001945_hugging.jpg,Bingsu/Human_Action_Recognition,hugging,1,0,0,0,0,0,0,0,0,0,0,0,0,0,0,0,1,0,0,0
data/external/actions/human_action_recognition/train/001946_dancing.jpg,Bingsu/Human_Action_Recognition,dancing,0,0,0,0,0,0,0,0,0,0,1,0,0,0,0,0,0,1,0,0
data/external/actions/human_action_recognition/train/001947_drinking.jpg,Bingsu/Human_Action_Recognition,drinking,0,0,0,0,0,0,0,0,0,0,0,0,0,0,1,0,0,0,0,0
data/external/actions/human_action_recognition/train/001948_laughing.jpg,Bingsu/Human_Action_Recognition,laughing,1,0,0,0,0,0,0,0,0,0,0,0,0,0,0,0,1,0,0,0
data/external/actions/human_action_recognition/train/001949_running.jpg,Bingsu/Human_Action_Recognition,running,0,0,0,0,0,0,1,0,0,0,0,0,0,0,0,0,0,1,1,0
data/external/actions/human_action_recognition/train/001950_texting.jpg,Bingsu/Human_Action_Recognition,texting,0,1,0,0,0,0,0,0,0,0,0,0,0,0,0,0,1,0,0,0
data/external/actions/human_action_recognition/train/001951_running.jpg,Bingsu/Human_Action_Recognition,running,0,0,0,0,0,0,1,0,0,0,0,0,0,0,0,0,0,1,1,0
data/external/actions/human_action_recognition/train/001952_laughing.jpg,Bingsu/Human_Action_Recognition,laughing,1,0,0,0,0,0,0,0,0,0,0,0,0,0,0,0,1,0,0,0
data/external/actions/human_action_recognition/train/001953_calling.jpg,Bingsu/Human_Action_Recognition,calling,1,0,0,0,0,0,0,0,0,0,0,0,0,0,0,0,1,0,0,0
data/external/actions/human_action_recognition/train/001954_using_laptop.jpg,Bingsu/Human_Action_Recognition,using_laptop,0,1,0,0,0,0,0,0,0,0,0,0,1,0,0,0,1,0,0,0
data/external/actions/human_action_recognition/train/001955_laughing.jpg,Bingsu/Human_Action_Recognition,laughing,1,0,0,0,0,0,0,0,0,0,0,0,0,0,0,0,1,0,0,0
data/external/actions/human_action_recognition/train/001956_drinking.jpg,Bingsu/Human_Action_Recognition,drinking,0,0,0,0,0,0,0,0,0,0,0,0,0,0,1,0,0,0,0,0
data/external/actions/human_action_recognition/train/001957_hugging.jpg,Bingsu/Human_Action_Recognition,hugging,1,0,0,0,0,0,0,0,0,0,0,0,0,0,0,0,1,0,0,0
data/external/actions/human_action_recognition/train/001958_cycling.jpg,Bingsu/Human_Action_Recognition,cycling,0,0,0,0,0,0,0,0,1,0,0,0,0,0,0,0,0,1,0,0
data/external/actions/human_action_recognition/train/001959_calling.jpg,Bingsu/Human_Action_Recognition,calling,1,0,0,0,0,0,0,0,0,0,0,0,0,0,0,0,1,0,0,0
data/external/actions/human_action_recognition/train/001960_listening_to_music.jpg,Bingsu/Human_Action_Recognition,listening_to_music,0,1,0,0,0,0,0,0,0,0,0,0,0,0,0,0,1,0,0,0
data/external/actions/human_action_recognition/train/001961_eating.jpg,Bingsu/Human_Action_Recognition,eating,0,0,0,0,0,0,0,0,0,0,0,0,0,1,0,0,0,0,0,0
data/external/actions/human_action_recognition/train/001962_texting.jpg,Bingsu/Human_Action_Recognition,texting,0,1,0,0,0,0,0,0,0,0,0,0,0,0,0,0,1,0,0,0
data/external/actions/human_action_recognition/train/001963_laughing.jpg,Bingsu/Human_Action_Recognition,laughing,1,0,0,0,0,0,0,0,0,0,0,0,0,0,0,0,1,0,0,0
data/external/actions/human_action_recognition/train/001964_listening_to_music.jpg,Bingsu/Human_Action_Recognition,listening_to_music,0,1,0,0,0,0,0,0,0,0,0,0,0,0,0,0,1,0,0,0
data/external/actions/human_action_recognition/train/001965_hugging.jpg,Bingsu/Human_Action_Recognition,hugging,1,0,0,0,0,0,0,0,0,0,0,0,0,0,0,0,1,0,0,0
data/external/actions/human_action_recognition/train/001966_sitting.jpg,Bingsu/Human_Action_Recognition,sitting,0,1,0,0,0,0,0,0,0,0,0,0,0,0,0,0,1,0,0,0
data/external/actions/human_action_recognition/train/001967_clapping.jpg,Bingsu/Human_Action_Recognition,clapping,0,0,0,0,1,0,0,0,0,0,0,0,0,0,0,0,0,1,0,0
data/external/actions/human_action_recognition/train/001968_clapping.jpg,Bingsu/Human_Action_Recognition,clapping,0,0,0,0,1,0,0,0,0,0,0,0,0,0,0,0,0,1,0,0
data/external/actions/human_action_recognition/train/001969_eating.jpg,Bingsu/Human_Action_Recognition,eating,0,0,0,0,0,0,0,0,0,0,0,0,0,1,0,0,0,0,0,0
data/external/actions/human_action_recognition/train/001970_sitting.jpg,Bingsu/Human_Action_Recognition,sitting,0,1,0,0,0,0,0,0,0,0,0,0,0,0,0,0,1,0,0,0
data/external/actions/human_action_recognition/train/001971_sitting.jpg,Bingsu/Human_Action_Recognition,sitting,0,1,0,0,0,0,0,0,0,0,0,0,0,0,0,0,1,0,0,0
data/external/actions/human_action_recognition/train/001972_cycling.jpg,Bingsu/Human_Action_Recognition,cycling,0,0,0,0,0,0,0,0,1,0,0,0,0,0,0,0,0,1,0,0
data/external/actions/human_action_recognition/train/001973_eating.jpg,Bingsu/Human_Action_Recognition,eating,0,0,0,0,0,0,0,0,0,0,0,0,0,1,0,0,0,0,0,0
data/external/actions/human_action_recognition/train/001974_eating.jpg,Bingsu/Human_Action_Recognition,eating,0,0,0,0,0,0,0,0,0,0,0,0,0,1,0,0,0,0,0,0
data/external/actions/human_action_recognition/train/001975_texting.jpg,Bingsu/Human_Action_Recognition,texting,0,1,0,0,0,0,0,0,0,0,0,0,0,0,0,0,1,0,0,0
data/external/actions/human_action_recognition/train/001976_fighting.jpg,Bingsu/Human_Action_Recognition,fighting,0,0,0,0,0,0,0,0,0,0,0,0,0,0,0,0,0,1,1,0
data/external/actions/human_action_recognition/train/001977_fighting.jpg,Bingsu/Human_Action_Recognition,fighting,0,0,0,0,0,0,0,0,0,0,0,0,0,0,0,0,0,1,1,0
data/external/actions/human_action_recognition/train/001978_using_laptop.jpg,Bingsu/Human_Action_Recognition,using_laptop,0,1,0,0,0,0,0,0,0,0,0,0,1,0,0,0,1,0,0,0
data/external/actions/human_action_recognition/train/001979_calling.jpg,Bingsu/Human_Action_Recognition,calling,1,0,0,0,0,0,0,0,0,0,0,0,0,0,0,0,1,0,0,0
data/external/actions/human_action_recognition/train/001980_sitting.jpg,Bingsu/Human_Action_Recognition,sitting,0,1,0,0,0,0,0,0,0,0,0,0,0,0,0,0,1,0,0,0
data/external/actions/human_action_recognition/train/001981_laughing.jpg,Bingsu/Human_Action_Recognition,laughing,1,0,0,0,0,0,0,0,0,0,0,0,0,0,0,0,1,0,0,0
data/external/actions/human_action_recognition/train/001982_sleeping.jpg,Bingsu/Human_Action_Recognition,sleeping,0,0,1,0,0,0,0,0,0,0,0,0,0,0,0,0,1,0,0,0
data/external/actions/human_action_recognition/train/001983_fighting.jpg,Bingsu/Human_Action_Recognition,fighting,0,0,0,0,0,0,0,0,0,0,0,0,0,0,0,0,0,1,1,0
data/external/actions/human_action_recognition/train/001984_drinking.jpg,Bingsu/Human_Action_Recognition,drinking,0,0,0,0,0,0,0,0,0,0,0,0,0,0,1,0,0,0,0,0
data/external/actions/human_action_recognition/train/001985_listening_to_music.jpg,Bingsu/Human_Action_Recognition,listening_to_music,0,1,0,0,0,0,0,0,0,0,0,0,0,0,0,0,1,0,0,0
data/external/actions/human_action_recognition/train/001986_cycling.jpg,Bingsu/Human_Action_Recognition,cycling,0,0,0,0,0,0,0,0,1,0,0,0,0,0,0,0,0,1,0,0
data/external/actions/human_action_recognition/train/001987_texting.jpg,Bingsu/Human_Action_Recognition,texting,0,1,0,0,0,0,0,0,0,0,0,0,0,0,0,0,1,0,0,0
data/external/actions/human_action_recognition/train/001988_running.jpg,Bingsu/Human_Action_Recognition,running,0,0,0,0,0,0,1,0,0,0,0,0,0,0,0,0,0,1,1,0
data/external/actions/human_action_recognition/train/001989_calling.jpg,Bingsu/Human_Action_Recognition,calling,1,0,0,0,0,0,0,0,0,0,0,0,0,0,0,0,1,0,0,0
data/external/actions/human_action_recognition/train/001990_sleeping.jpg,Bingsu/Human_Action_Recognition,sleeping,0,0,1,0,0,0,0,0,0,0,0,0,0,0,0,0,1,0,0,0
data/external/actions/human_action_recognition/train/001991_clapping.jpg,Bingsu/Human_Action_Recognition,clapping,0,0,0,0,1,0,0,0,0,0,0,0,0,0,0,0,0,1,0,0
data/external/actions/human_action_recognition/train/001992_texting.jpg,Bingsu/Human_Action_Recognition,texting,0,1,0,0,0,0,0,0,0,0,0,0,0,0,0,0,1,0,0,0
data/external/actions/human_action_recognition/train/001993_texting.jpg,Bingsu/Human_Action_Recognition,texting,0,1,0,0,0,0,0,0,0,0,0,0,0,0,0,0,1,0,0,0
data/external/actions/human_action_recognition/train/001994_clapping.jpg,Bingsu/Human_Action_Recognition,clapping,0,0,0,0,1,0,0,0,0,0,0,0,0,0,0,0,0,1,0,0
data/external/actions/human_action_recognition/train/001995_fighting.jpg,Bingsu/Human_Action_Recognition,fighting,0,0,0,0,0,0,0,0,0,0,0,0,0,0,0,0,0,1,1,0
data/external/actions/human_action_recognition/train/001996_running.jpg,Bingsu/Human_Action_Recognition,running,0,0,0,0,0,0,1,0,0,0,0,0,0,0,0,0,0,1,1,0
data/external/actions/human_action_recognition/train/001997_clapping.jpg,Bingsu/Human_Action_Recognition,clapping,0,0,0,0,1,0,0,0,0,0,0,0,0,0,0,0,0,1,0,0
data/external/actions/human_action_recognition/train/001998_dancing.jpg,Bingsu/Human_Action_Recognition,dancing,0,0,0,0,0,0,0,0,0,0,1,0,0,0,0,0,0,1,0,0
data/external/actions/human_action_recognition/train/001999_dancing.jpg,Bingsu/Human_Action_Recognition,dancing,0,0,0,0,0,0,0,0,0,0,1,0,0,0,0,0,0,1,0,0
data/external/actions/human_action_recognition/train/002000_sleeping.jpg,Bingsu/Human_Action_Recognition,sleeping,0,0,1,0,0,0,0,0,0,0,0,0,0,0,0,0,1,0,0,0
data/external/actions/human_action_recognition/train/002001_cycling.jpg,Bingsu/Human_Action_Recognition,cycling,0,0,0,0,0,0,0,0,1,0,0,0,0,0,0,0,0,1,0,0
data/external/actions/human_action_recognition/train/002002_listening_to_music.jpg,Bingsu/Human_Action_Recognition,listening_to_music,0,1,0,0,0,0,0,0,0,0,0,0,0,0,0,0,1,0,0,0
data/external/actions/human_action_recognition/train/002003_using_laptop.jpg,Bingsu/Human_Action_Recognition,using_laptop,0,1,0,0,0,0,0,0,0,0,0,0,1,0,0,0,1,0,0,0
data/external/actions/human_action_recognition/train/002004_dancing.jpg,Bingsu/Human_Action_Recognition,dancing,0,0,0,0,0,0,0,0,0,0,1,0,0,0,0,0,0,1,0,0
data/external/actions/human_action_recognition/train/002005_sleeping.jpg,Bingsu/Human_Action_Recognition,sleeping,0,0,1,0,0,0,0,0,0,0,0,0,0,0,0,0,1,0,0,0
data/external/actions/human_action_recognition/train/002006_eating.jpg,Bingsu/Human_Action_Recognition,eating,0,0,0,0,0,0,0,0,0,0,0,0,0,1,0,0,0,0,0,0
data/external/actions/human_action_recognition/train/002007_hugging.jpg,Bingsu/Human_Action_Recognition,hugging,1,0,0,0,0,0,0,0,0,0,0,0,0,0,0,0,1,0,0,0
data/external/actions/human_action_recognition/train/002008_hugging.jpg,Bingsu/Human_Action_Recognition,hugging,1,0,0,0,0,0,0,0,0,0,0,0,0,0,0,0,1,0,0,0
data/external/actions/human_action_recognition/train/002009_cycling.jpg,Bingsu/Human_Action_Recognition,cycling,0,0,0,0,0,0,0,0,1,0,0,0,0,0,0,0,0,1,0,0
data/external/actions/human_action_recognition/train/002010_fighting.jpg,Bingsu/Human_Action_Recognition,fighting,0,0,0,0,0,0,0,0,0,0,0,0,0,0,0,0,0,1,1,0
data/external/actions/human_action_recognition/train/002011_listening_to_music.jpg,Bingsu/Human_Action_Recognition,listening_to_music,0,1,0,0,0,0,0,0,0,0,0,0,0,0,0,0,1,0,0,0
data/external/actions/human_action_recognition/train/002012_dancing.jpg,Bingsu/Human_Action_Recognition,dancing,0,0,0,0,0,0,0,0,0,0,1,0,0,0,0,0,0,1,0,0
data/external/actions/human_action_recognition/train/002013_clapping.jpg,Bingsu/Human_Action_Recognition,clapping,0,0,0,0,1,0,0,0,0,0,0,0,0,0,0,0,0,1,0,0
data/external/actions/human_action_recognition/train/002014_calling.jpg,Bingsu/Human_Action_Recognition,calling,1,0,0,0,0,0,0,0,0,0,0,0,0,0,0,0,1,0,0,0
data/external/actions/human_action_recognition/train/002015_eating.jpg,Bingsu/Human_Action_Recognition,eating,0,0,0,0,0,0,0,0,0,0,0,0,0,1,0,0,0,0,0,0
data/external/actions/human_action_recognition/train/002016_fighting.jpg,Bingsu/Human_Action_Recognition,fighting,0,0,0,0,0,0,0,0,0,0,0,0,0,0,0,0,0,1,1,0
data/external/actions/human_action_recognition/train/002017_fighting.jpg,Bingsu/Human_Action_Recognition,fighting,0,0,0,0,0,0,0,0,0,0,0,0,0,0,0,0,0,1,1,0
data/external/actions/human_action_recognition/train/002018_laughing.jpg,Bingsu/Human_Action_Recognition,laughing,1,0,0,0,0,0,0,0,0,0,0,0,0,0,0,0,1,0,0,0
data/external/actions/human_action_recognition/train/002019_fighting.jpg,Bingsu/Human_Action_Recognition,fighting,0,0,0,0,0,0,0,0,0,0,0,0,0,0,0,0,0,1,1,0
data/external/actions/human_action_recognition/train/002020_laughing.jpg,Bingsu/Human_Action_Recognition,laughing,1,0,0,0,0,0,0,0,0,0,0,0,0,0,0,0,1,0,0,0
data/external/actions/human_action_recognition/train/002021_sitting.jpg,Bingsu/Human_Action_Recognition,sitting,0,1,0,0,0,0,0,0,0,0,0,0,0,0,0,0,1,0,0,0
data/external/actions/human_action_recognition/train/002022_laughing.jpg,Bingsu/Human_Action_Recognition,laughing,1,0,0,0,0,0,0,0,0,0,0,0,0,0,0,0,1,0,0,0
data/external/actions/human_action_recognition/train/002023_drinking.jpg,Bingsu/Human_Action_Recognition,drinking,0,0,0,0,0,0,0,0,0,0,0,0,0,0,1,0,0,0,0,0
data/external/actions/human_action_recognition/train/002024_sitting.jpg,Bingsu/Human_Action_Recognition,sitting,0,1,0,0,0,0,0,0,0,0,0,0,0,0,0,0,1,0,0,0
data/external/actions/human_action_recognition/train/002025_clapping.jpg,Bingsu/Human_Action_Recognition,clapping,0,0,0,0,1,0,0,0,0,0,0,0,0,0,0,0,0,1,0,0
data/external/actions/human_action_recognition/train/002026_fighting.jpg,Bingsu/Human_Action_Recognition,fighting,0,0,0,0,0,0,0,0,0,0,0,0,0,0,0,0,0,1,1,0
data/external/actions/human_action_recognition/train/002027_eating.jpg,Bingsu/Human_Action_Recognition,eating,0,0,0,0,0,0,0,0,0,0,0,0,0,1,0,0,0,0,0,0
data/external/actions/human_action_recognition/train/002028_laughing.jpg,Bingsu/Human_Action_Recognition,laughing,1,0,0,0,0,0,0,0,0,0,0,0,0,0,0,0,1,0,0,0
data/external/actions/human_action_recognition/train/002029_sitting.jpg,Bingsu/Human_Action_Recognition,sitting,0,1,0,0,0,0,0,0,0,0,0,0,0,0,0,0,1,0,0,0
data/external/actions/human_action_recognition/train/002030_clapping.jpg,Bingsu/Human_Action_Recognition,clapping,0,0,0,0,1,0,0,0,0,0,0,0,0,0,0,0,0,1,0,0
data/external/actions/human_action_recognition/train/002031_sleeping.jpg,Bingsu/Human_Action_Recognition,sleeping,0,0,1,0,0,0,0,0,0,0,0,0,0,0,0,0,1,0,0,0
data/external/actions/human_action_recognition/train/002032_running.jpg,Bingsu/Human_Action_Recognition,running,0,0,0,0,0,0,1,0,0,0,0,0,0,0,0,0,0,1,1,0
data/external/actions/human_action_recognition/train/002033_sitting.jpg,Bingsu/Human_Action_Recognition,sitting,0,1,0,0,0,0,0,0,0,0,0,0,0,0,0,0,1,0,0,0
data/external/actions/human_action_recognition/train/002034_dancing.jpg,Bingsu/Human_Action_Recognition,dancing,0,0,0,0,0,0,0,0,0,0,1,0,0,0,0,0,0,1,0,0
data/external/actions/human_action_recognition/train/002035_clapping.jpg,Bingsu/Human_Action_Recognition,clapping,0,0,0,0,1,0,0,0,0,0,0,0,0,0,0,0,0,1,0,0
data/external/actions/human_action_recognition/train/002036_clapping.jpg,Bingsu/Human_Action_Recognition,clapping,0,0,0,0,1,0,0,0,0,0,0,0,0,0,0,0,0,1,0,0
data/external/actions/human_action_recognition/train/002037_running.jpg,Bingsu/Human_Action_Recognition,running,0,0,0,0,0,0,1,0,0,0,0,0,0,0,0,0,0,1,1,0
data/external/actions/human_action_recognition/train/002038_laughing.jpg,Bingsu/Human_Action_Recognition,laughing,1,0,0,0,0,0,0,0,0,0,0,0,0,0,0,0,1,0,0,0
data/external/actions/human_action_recognition/train/002039_drinking.jpg,Bingsu/Human_Action_Recognition,drinking,0,0,0,0,0,0,0,0,0,0,0,0,0,0,1,0,0,0,0,0
data/external/actions/human_action_recognition/train/002040_laughing.jpg,Bingsu/Human_Action_Recognition,laughing,1,0,0,0,0,0,0,0,0,0,0,0,0,0,0,0,1,0,0,0
data/external/actions/human_action_recognition/train/002041_fighting.jpg,Bingsu/Human_Action_Recognition,fighting,0,0,0,0,0,0,0,0,0,0,0,0,0,0,0,0,0,1,1,0
data/external/actions/human_action_recognition/train/002042_clapping.jpg,Bingsu/Human_Action_Recognition,clapping,0,0,0,0,1,0,0,0,0,0,0,0,0,0,0,0,0,1,0,0
data/external/actions/human_action_recognition/train/002043_fighting.jpg,Bingsu/Human_Action_Recognition,fighting,0,0,0,0,0,0,0,0,0,0,0,0,0,0,0,0,0,1,1,0
data/external/actions/human_action_recognition/train/002044_eating.jpg,Bingsu/Human_Action_Recognition,eating,0,0,0,0,0,0,0,0,0,0,0,0,0,1,0,0,0,0,0,0
data/external/actions/human_action_recognition/train/002045_fighting.jpg,Bingsu/Human_Action_Recognition,fighting,0,0,0,0,0,0,0,0,0,0,0,0,0,0,0,0,0,1,1,0
data/external/actions/human_action_recognition/train/002046_texting.jpg,Bingsu/Human_Action_Recognition,texting,0,1,0,0,0,0,0,0,0,0,0,0,0,0,0,0,1,0,0,0
data/external/actions/human_action_recognition/train/002047_sitting.jpg,Bingsu/Human_Action_Recognition,sitting,0,1,0,0,0,0,0,0,0,0,0,0,0,0,0,0,1,0,0,0
data/external/actions/human_action_recognition/train/002048_texting.jpg,Bingsu/Human_Action_Recognition,texting,0,1,0,0,0,0,0,0,0,0,0,0,0,0,0,0,1,0,0,0
data/external/actions/human_action_recognition/train/002049_sleeping.jpg,Bingsu/Human_Action_Recognition,sleeping,0,0,1,0,0,0,0,0,0,0,0,0,0,0,0,0,1,0,0,0
data/external/actions/human_action_recognition/train/002050_dancing.jpg,Bingsu/Human_Action_Recognition,dancing,0,0,0,0,0,0,0,0,0,0,1,0,0,0,0,0,0,1,0,0
data/external/actions/human_action_recognition/train/002051_cycling.jpg,Bingsu/Human_Action_Recognition,cycling,0,0,0,0,0,0,0,0,1,0,0,0,0,0,0,0,0,1,0,0
data/external/actions/human_action_recognition/train/002052_eating.jpg,Bingsu/Human_Action_Recognition,eating,0,0,0,0,0,0,0,0,0,0,0,0,0,1,0,0,0,0,0,0
data/external/actions/human_action_recognition/train/002053_dancing.jpg,Bingsu/Human_Action_Recognition,dancing,0,0,0,0,0,0,0,0,0,0,1,0,0,0,0,0,0,1,0,0
data/external/actions/human_action_recognition/train/002054_dancing.jpg,Bingsu/Human_Action_Recognition,dancing,0,0,0,0,0,0,0,0,0,0,1,0,0,0,0,0,0,1,0,0
data/external/actions/human_action_recognition/train/002055_using_laptop.jpg,Bingsu/Human_Action_Recognition,using_laptop,0,1,0,0,0,0,0,0,0,0,0,0,1,0,0,0,1,0,0,0
data/external/actions/human_action_recognition/train/002056_fighting.jpg,Bingsu/Human_Action_Recognition,fighting,0,0,0,0,0,0,0,0,0,0,0,0,0,0,0,0,0,1,1,0
data/external/actions/human_action_recognition/train/002057_using_laptop.jpg,Bingsu/Human_Action_Recognition,using_laptop,0,1,0,0,0,0,0,0,0,0,0,0,1,0,0,0,1,0,0,0
data/external/actions/human_action_recognition/train/002058_using_laptop.jpg,Bingsu/Human_Action_Recognition,using_laptop,0,1,0,0,0,0,0,0,0,0,0,0,1,0,0,0,1,0,0,0
data/external/actions/human_action_recognition/train/002059_cycling.jpg,Bingsu/Human_Action_Recognition,cycling,0,0,0,0,0,0,0,0,1,0,0,0,0,0,0,0,0,1,0,0
data/external/actions/human_action_recognition/train/002060_running.jpg,Bingsu/Human_Action_Recognition,running,0,0,0,0,0,0,1,0,0,0,0,0,0,0,0,0,0,1,1,0
data/external/actions/human_action_recognition/train/002061_laughing.jpg,Bingsu/Human_Action_Recognition,laughing,1,0,0,0,0,0,0,0,0,0,0,0,0,0,0,0,1,0,0,0
data/external/actions/human_action_recognition/train/002062_eating.jpg,Bingsu/Human_Action_Recognition,eating,0,0,0,0,0,0,0,0,0,0,0,0,0,1,0,0,0,0,0,0
data/external/actions/human_action_recognition/train/002063_running.jpg,Bingsu/Human_Action_Recognition,running,0,0,0,0,0,0,1,0,0,0,0,0,0,0,0,0,0,1,1,0
data/external/actions/human_action_recognition/train/002064_sitting.jpg,Bingsu/Human_Action_Recognition,sitting,0,1,0,0,0,0,0,0,0,0,0,0,0,0,0,0,1,0,0,0
data/external/actions/human_action_recognition/train/002065_eating.jpg,Bingsu/Human_Action_Recognition,eating,0,0,0,0,0,0,0,0,0,0,0,0,0,1,0,0,0,0,0,0
data/external/actions/human_action_recognition/train/002066_eating.jpg,Bingsu/Human_Action_Recognition,eating,0,0,0,0,0,0,0,0,0,0,0,0,0,1,0,0,0,0,0,0
data/external/actions/human_action_recognition/train/002067_laughing.jpg,Bingsu/Human_Action_Recognition,laughing,1,0,0,0,0,0,0,0,0,0,0,0,0,0,0,0,1,0,0,0
data/external/actions/human_action_recognition/train/002068_sleeping.jpg,Bingsu/Human_Action_Recognition,sleeping,0,0,1,0,0,0,0,0,0,0,0,0,0,0,0,0,1,0,0,0
data/external/actions/human_action_recognition/train/002069_drinking.jpg,Bingsu/Human_Action_Recognition,drinking,0,0,0,0,0,0,0,0,0,0,0,0,0,0,1,0,0,0,0,0
data/external/actions/human_action_recognition/train/002070_sleeping.jpg,Bingsu/Human_Action_Recognition,sleeping,0,0,1,0,0,0,0,0,0,0,0,0,0,0,0,0,1,0,0,0
data/external/actions/human_action_recognition/train/002071_clapping.jpg,Bingsu/Human_Action_Recognition,clapping,0,0,0,0,1,0,0,0,0,0,0,0,0,0,0,0,0,1,0,0
data/external/actions/human_action_recognition/train/002072_running.jpg,Bingsu/Human_Action_Recognition,running,0,0,0,0,0,0,1,0,0,0,0,0,0,0,0,0,0,1,1,0
data/external/actions/human_action_recognition/train/002073_laughing.jpg,Bingsu/Human_Action_Recognition,laughing,1,0,0,0,0,0,0,0,0,0,0,0,0,0,0,0,1,0,0,0
data/external/actions/human_action_recognition/train/002074_sitting.jpg,Bingsu/Human_Action_Recognition,sitting,0,1,0,0,0,0,0,0,0,0,0,0,0,0,0,0,1,0,0,0
data/external/actions/human_action_recognition/train/002075_calling.jpg,Bingsu/Human_Action_Recognition,calling,1,0,0,0,0,0,0,0,0,0,0,0,0,0,0,0,1,0,0,0
data/external/actions/human_action_recognition/train/002076_calling.jpg,Bingsu/Human_Action_Recognition,calling,1,0,0,0,0,0,0,0,0,0,0,0,0,0,0,0,1,0,0,0
data/external/actions/human_action_recognition/train/002077_laughing.jpg,Bingsu/Human_Action_Recognition,laughing,1,0,0,0,0,0,0,0,0,0,0,0,0,0,0,0,1,0,0,0
data/external/actions/human_action_recognition/train/002078_dancing.jpg,Bingsu/Human_Action_Recognition,dancing,0,0,0,0,0,0,0,0,0,0,1,0,0,0,0,0,0,1,0,0
data/external/actions/human_action_recognition/train/002079_running.jpg,Bingsu/Human_Action_Recognition,running,0,0,0,0,0,0,1,0,0,0,0,0,0,0,0,0,0,1,1,0
data/external/actions/human_action_recognition/train/002080_sleeping.jpg,Bingsu/Human_Action_Recognition,sleeping,0,0,1,0,0,0,0,0,0,0,0,0,0,0,0,0,1,0,0,0
data/external/actions/human_action_recognition/train/002081_dancing.jpg,Bingsu/Human_Action_Recognition,dancing,0,0,0,0,0,0,0,0,0,0,1,0,0,0,0,0,0,1,0,0
data/external/actions/human_action_recognition/train/002082_calling.jpg,Bingsu/Human_Action_Recognition,calling,1,0,0,0,0,0,0,0,0,0,0,0,0,0,0,0,1,0,0,0
data/external/actions/human_action_recognition/train/002083_fighting.jpg,Bingsu/Human_Action_Recognition,fighting,0,0,0,0,0,0,0,0,0,0,0,0,0,0,0,0,0,1,1,0
data/external/actions/human_action_recognition/train/002084_sitting.jpg,Bingsu/Human_Action_Recognition,sitting,0,1,0,0,0,0,0,0,0,0,0,0,0,0,0,0,1,0,0,0
data/external/actions/human_action_recognition/train/002085_clapping.jpg,Bingsu/Human_Action_Recognition,clapping,0,0,0,0,1,0,0,0,0,0,0,0,0,0,0,0,0,1,0,0
data/external/actions/human_action_recognition/train/002086_hugging.jpg,Bingsu/Human_Action_Recognition,hugging,1,0,0,0,0,0,0,0,0,0,0,0,0,0,0,0,1,0,0,0
data/external/actions/human_action_recognition/train/002087_cycling.jpg,Bingsu/Human_Action_Recognition,cycling,0,0,0,0,0,0,0,0,1,0,0,0,0,0,0,0,0,1,0,0
data/external/actions/human_action_recognition/train/002088_eating.jpg,Bingsu/Human_Action_Recognition,eating,0,0,0,0,0,0,0,0,0,0,0,0,0,1,0,0,0,0,0,0
data/external/actions/human_action_recognition/train/002089_drinking.jpg,Bingsu/Human_Action_Recognition,drinking,0,0,0,0,0,0,0,0,0,0,0,0,0,0,1,0,0,0,0,0
data/external/actions/human_action_recognition/train/002090_sitting.jpg,Bingsu/Human_Action_Recognition,sitting,0,1,0,0,0,0,0,0,0,0,0,0,0,0,0,0,1,0,0,0
data/external/actions/human_action_recognition/train/002091_dancing.jpg,Bingsu/Human_Action_Recognition,dancing,0,0,0,0,0,0,0,0,0,0,1,0,0,0,0,0,0,1,0,0
data/external/actions/human_action_recognition/train/002092_laughing.jpg,Bingsu/Human_Action_Recognition,laughing,1,0,0,0,0,0,0,0,0,0,0,0,0,0,0,0,1,0,0,0
data/external/actions/human_action_recognition/train/002093_laughing.jpg,Bingsu/Human_Action_Recognition,laughing,1,0,0,0,0,0,0,0,0,0,0,0,0,0,0,0,1,0,0,0
data/external/actions/human_action_recognition/train/002094_laughing.jpg,Bingsu/Human_Action_Recognition,laughing,1,0,0,0,0,0,0,0,0,0,0,0,0,0,0,0,1,0,0,0
data/external/actions/human_action_recognition/train/002095_drinking.jpg,Bingsu/Human_Action_Recognition,drinking,0,0,0,0,0,0,0,0,0,0,0,0,0,0,1,0,0,0,0,0
data/external/actions/human_action_recognition/train/002096_running.jpg,Bingsu/Human_Action_Recognition,running,0,0,0,0,0,0,1,0,0,0,0,0,0,0,0,0,0,1,1,0
data/external/actions/human_action_recognition/train/002097_fighting.jpg,Bingsu/Human_Action_Recognition,fighting,0,0,0,0,0,0,0,0,0,0,0,0,0,0,0,0,0,1,1,0
data/external/actions/human_action_recognition/train/002098_cycling.jpg,Bingsu/Human_Action_Recognition,cycling,0,0,0,0,0,0,0,0,1,0,0,0,0,0,0,0,0,1,0,0
data/external/actions/human_action_recognition/train/002099_calling.jpg,Bingsu/Human_Action_Recognition,calling,1,0,0,0,0,0,0,0,0,0,0,0,0,0,0,0,1,0,0,0
data/external/actions/human_action_recognition/train/002100_texting.jpg,Bingsu/Human_Action_Recognition,texting,0,1,0,0,0,0,0,0,0,0,0,0,0,0,0,0,1,0,0,0
data/external/actions/human_action_recognition/train/002101_drinking.jpg,Bingsu/Human_Action_Recognition,drinking,0,0,0,0,0,0,0,0,0,0,0,0,0,0,1,0,0,0,0,0
data/external/actions/human_action_recognition/train/002102_sitting.jpg,Bingsu/Human_Action_Recognition,sitting,0,1,0,0,0,0,0,0,0,0,0,0,0,0,0,0,1,0,0,0
data/external/actions/human_action_recognition/train/002103_laughing.jpg,Bingsu/Human_Action_Recognition,laughing,1,0,0,0,0,0,0,0,0,0,0,0,0,0,0,0,1,0,0,0
data/external/actions/human_action_recognition/train/002104_calling.jpg,Bingsu/Human_Action_Recognition,calling,1,0,0,0,0,0,0,0,0,0,0,0,0,0,0,0,1,0,0,0
data/external/actions/human_action_recognition/train/002105_hugging.jpg,Bingsu/Human_Action_Recognition,hugging,1,0,0,0,0,0,0,0,0,0,0,0,0,0,0,0,1,0,0,0
data/external/actions/human_action_recognition/train/002106_calling.jpg,Bingsu/Human_Action_Recognition,calling,1,0,0,0,0,0,0,0,0,0,0,0,0,0,0,0,1,0,0,0
data/external/actions/human_action_recognition/train/002107_hugging.jpg,Bingsu/Human_Action_Recognition,hugging,1,0,0,0,0,0,0,0,0,0,0,0,0,0,0,0,1,0,0,0
data/external/actions/human_action_recognition/train/002108_listening_to_music.jpg,Bingsu/Human_Action_Recognition,listening_to_music,0,1,0,0,0,0,0,0,0,0,0,0,0,0,0,0,1,0,0,0
data/external/actions/human_action_recognition/train/002109_fighting.jpg,Bingsu/Human_Action_Recognition,fighting,0,0,0,0,0,0,0,0,0,0,0,0,0,0,0,0,0,1,1,0
data/external/actions/human_action_recognition/train/002110_cycling.jpg,Bingsu/Human_Action_Recognition,cycling,0,0,0,0,0,0,0,0,1,0,0,0,0,0,0,0,0,1,0,0
data/external/actions/human_action_recognition/train/002111_clapping.jpg,Bingsu/Human_Action_Recognition,clapping,0,0,0,0,1,0,0,0,0,0,0,0,0,0,0,0,0,1,0,0
data/external/actions/human_action_recognition/train/002112_laughing.jpg,Bingsu/Human_Action_Recognition,laughing,1,0,0,0,0,0,0,0,0,0,0,0,0,0,0,0,1,0,0,0
data/external/actions/human_action_recognition/train/002113_dancing.jpg,Bingsu/Human_Action_Recognition,dancing,0,0,0,0,0,0,0,0,0,0,1,0,0,0,0,0,0,1,0,0
data/external/actions/human_action_recognition/train/002114_listening_to_music.jpg,Bingsu/Human_Action_Recognition,listening_to_music,0,1,0,0,0,0,0,0,0,0,0,0,0,0,0,0,1,0,0,0
data/external/actions/human_action_recognition/train/002115_dancing.jpg,Bingsu/Human_Action_Recognition,dancing,0,0,0,0,0,0,0,0,0,0,1,0,0,0,0,0,0,1,0,0
data/external/actions/human_action_recognition/train/002116_drinking.jpg,Bingsu/Human_Action_Recognition,drinking,0,0,0,0,0,0,0,0,0,0,0,0,0,0,1,0,0,0,0,0
data/external/actions/human_action_recognition/train/002117_laughing.jpg,Bingsu/Human_Action_Recognition,laughing,1,0,0,0,0,0,0,0,0,0,0,0,0,0,0,0,1,0,0,0
data/external/actions/human_action_recognition/train/002118_sitting.jpg,Bingsu/Human_Action_Recognition,sitting,0,1,0,0,0,0,0,0,0,0,0,0,0,0,0,0,1,0,0,0
data/external/actions/human_action_recognition/train/002119_drinking.jpg,Bingsu/Human_Action_Recognition,drinking,0,0,0,0,0,0,0,0,0,0,0,0,0,0,1,0,0,0,0,0
data/external/actions/human_action_recognition/train/002120_listening_to_music.jpg,Bingsu/Human_Action_Recognition,listening_to_music,0,1,0,0,0,0,0,0,0,0,0,0,0,0,0,0,1,0,0,0
data/external/actions/human_action_recognition/train/002121_laughing.jpg,Bingsu/Human_Action_Recognition,laughing,1,0,0,0,0,0,0,0,0,0,0,0,0,0,0,0,1,0,0,0
data/external/actions/human_action_recognition/train/002122_calling.jpg,Bingsu/Human_Action_Recognition,calling,1,0,0,0,0,0,0,0,0,0,0,0,0,0,0,0,1,0,0,0
data/external/actions/human_action_recognition/train/002123_sitting.jpg,Bingsu/Human_Action_Recognition,sitting,0,1,0,0,0,0,0,0,0,0,0,0,0,0,0,0,1,0,0,0
data/external/actions/human_action_recognition/train/002124_fighting.jpg,Bingsu/Human_Action_Recognition,fighting,0,0,0,0,0,0,0,0,0,0,0,0,0,0,0,0,0,1,1,0
data/external/actions/human_action_recognition/train/002125_texting.jpg,Bingsu/Human_Action_Recognition,texting,0,1,0,0,0,0,0,0,0,0,0,0,0,0,0,0,1,0,0,0
data/external/actions/human_action_recognition/train/002126_using_laptop.jpg,Bingsu/Human_Action_Recognition,using_laptop,0,1,0,0,0,0,0,0,0,0,0,0,1,0,0,0,1,0,0,0
data/external/actions/human_action_recognition/train/002127_fighting.jpg,Bingsu/Human_Action_Recognition,fighting,0,0,0,0,0,0,0,0,0,0,0,0,0,0,0,0,0,1,1,0
data/external/actions/human_action_recognition/train/002128_texting.jpg,Bingsu/Human_Action_Recognition,texting,0,1,0,0,0,0,0,0,0,0,0,0,0,0,0,0,1,0,0,0
data/external/actions/human_action_recognition/train/002129_eating.jpg,Bingsu/Human_Action_Recognition,eating,0,0,0,0,0,0,0,0,0,0,0,0,0,1,0,0,0,0,0,0
data/external/actions/human_action_recognition/train/002130_sleeping.jpg,Bingsu/Human_Action_Recognition,sleeping,0,0,1,0,0,0,0,0,0,0,0,0,0,0,0,0,1,0,0,0
data/external/actions/human_action_recognition/train/002131_listening_to_music.jpg,Bingsu/Human_Action_Recognition,listening_to_music,0,1,0,0,0,0,0,0,0,0,0,0,0,0,0,0,1,0,0,0
data/external/actions/human_action_recognition/train/002132_fighting.jpg,Bingsu/Human_Action_Recognition,fighting,0,0,0,0,0,0,0,0,0,0,0,0,0,0,0,0,0,1,1,0
data/external/actions/human_action_recognition/train/002133_cycling.jpg,Bingsu/Human_Action_Recognition,cycling,0,0,0,0,0,0,0,0,1,0,0,0,0,0,0,0,0,1,0,0
data/external/actions/human_action_recognition/train/002134_laughing.jpg,Bingsu/Human_Action_Recognition,laughing,1,0,0,0,0,0,0,0,0,0,0,0,0,0,0,0,1,0,0,0
data/external/actions/human_action_recognition/train/002135_hugging.jpg,Bingsu/Human_Action_Recognition,hugging,1,0,0,0,0,0,0,0,0,0,0,0,0,0,0,0,1,0,0,0
data/external/actions/human_action_recognition/train/002136_sitting.jpg,Bingsu/Human_Action_Recognition,sitting,0,1,0,0,0,0,0,0,0,0,0,0,0,0,0,0,1,0,0,0
data/external/actions/human_action_recognition/train/002137_eating.jpg,Bingsu/Human_Action_Recognition,eating,0,0,0,0,0,0,0,0,0,0,0,0,0,1,0,0,0,0,0,0
data/external/actions/human_action_recognition/train/002138_cycling.jpg,Bingsu/Human_Action_Recognition,cycling,0,0,0,0,0,0,0,0,1,0,0,0,0,0,0,0,0,1,0,0
data/external/actions/human_action_recognition/train/002139_sleeping.jpg,Bingsu/Human_Action_Recognition,sleeping,0,0,1,0,0,0,0,0,0,0,0,0,0,0,0,0,1,0,0,0
data/external/actions/human_action_recognition/train/002140_sitting.jpg,Bingsu/Human_Action_Recognition,sitting,0,1,0,0,0,0,0,0,0,0,0,0,0,0,0,0,1,0,0,0
data/external/actions/human_action_recognition/train/002141_cycling.jpg,Bingsu/Human_Action_Recognition,cycling,0,0,0,0,0,0,0,0,1,0,0,0,0,0,0,0,0,1,0,0
data/external/actions/human_action_recognition/train/002142_clapping.jpg,Bingsu/Human_Action_Recognition,clapping,0,0,0,0,1,0,0,0,0,0,0,0,0,0,0,0,0,1,0,0
data/external/actions/human_action_recognition/train/002143_calling.jpg,Bingsu/Human_Action_Recognition,calling,1,0,0,0,0,0,0,0,0,0,0,0,0,0,0,0,1,0,0,0
data/external/actions/human_action_recognition/train/002144_laughing.jpg,Bingsu/Human_Action_Recognition,laughing,1,0,0,0,0,0,0,0,0,0,0,0,0,0,0,0,1,0,0,0
data/external/actions/human_action_recognition/train/002145_cycling.jpg,Bingsu/Human_Action_Recognition,cycling,0,0,0,0,0,0,0,0,1,0,0,0,0,0,0,0,0,1,0,0
data/external/actions/human_action_recognition/train/002146_calling.jpg,Bingsu/Human_Action_Recognition,calling,1,0,0,0,0,0,0,0,0,0,0,0,0,0,0,0,1,0,0,0
data/external/actions/human_action_recognition/train/002147_listening_to_music.jpg,Bingsu/Human_Action_Recognition,listening_to_music,0,1,0,0,0,0,0,0,0,0,0,0,0,0,0,0,1,0,0,0
data/external/actions/human_action_recognition/train/002148_dancing.jpg,Bingsu/Human_Action_Recognition,dancing,0,0,0,0,0,0,0,0,0,0,1,0,0,0,0,0,0,1,0,0
data/external/actions/human_action_recognition/train/002149_fighting.jpg,Bingsu/Human_Action_Recognition,fighting,0,0,0,0,0,0,0,0,0,0,0,0,0,0,0,0,0,1,1,0
data/external/actions/human_action_recognition/train/002150_listening_to_music.jpg,Bingsu/Human_Action_Recognition,listening_to_music,0,1,0,0,0,0,0,0,0,0,0,0,0,0,0,0,1,0,0,0
data/external/actions/human_action_recognition/train/002151_fighting.jpg,Bingsu/Human_Action_Recognition,fighting,0,0,0,0,0,0,0,0,0,0,0,0,0,0,0,0,0,1,1,0
data/external/actions/human_action_recognition/train/002152_sleeping.jpg,Bingsu/Human_Action_Recognition,sleeping,0,0,1,0,0,0,0,0,0,0,0,0,0,0,0,0,1,0,0,0
data/external/actions/human_action_recognition/train/002153_laughing.jpg,Bingsu/Human_Action_Recognition,laughing,1,0,0,0,0,0,0,0,0,0,0,0,0,0,0,0,1,0,0,0
data/external/actions/human_action_recognition/train/002154_drinking.jpg,Bingsu/Human_Action_Recognition,drinking,0,0,0,0,0,0,0,0,0,0,0,0,0,0,1,0,0,0,0,0
data/external/actions/human_action_recognition/train/002155_using_laptop.jpg,Bingsu/Human_Action_Recognition,using_laptop,0,1,0,0,0,0,0,0,0,0,0,0,1,0,0,0,1,0,0,0
data/external/actions/human_action_recognition/train/002156_sitting.jpg,Bingsu/Human_Action_Recognition,sitting,0,1,0,0,0,0,0,0,0,0,0,0,0,0,0,0,1,0,0,0
data/external/actions/human_action_recognition/train/002157_fighting.jpg,Bingsu/Human_Action_Recognition,fighting,0,0,0,0,0,0,0,0,0,0,0,0,0,0,0,0,0,1,1,0
data/external/actions/human_action_recognition/train/002158_laughing.jpg,Bingsu/Human_Action_Recognition,laughing,1,0,0,0,0,0,0,0,0,0,0,0,0,0,0,0,1,0,0,0
data/external/actions/human_action_recognition/train/002159_clapping.jpg,Bingsu/Human_Action_Recognition,clapping,0,0,0,0,1,0,0,0,0,0,0,0,0,0,0,0,0,1,0,0
data/external/actions/human_action_recognition/train/002160_sleeping.jpg,Bingsu/Human_Action_Recognition,sleeping,0,0,1,0,0,0,0,0,0,0,0,0,0,0,0,0,1,0,0,0
data/external/actions/human_action_recognition/train/002161_listening_to_music.jpg,Bingsu/Human_Action_Recognition,listening_to_music,0,1,0,0,0,0,0,0,0,0,0,0,0,0,0,0,1,0,0,0
data/external/actions/human_action_recognition/train/002162_calling.jpg,Bingsu/Human_Action_Recognition,calling,1,0,0,0,0,0,0,0,0,0,0,0,0,0,0,0,1,0,0,0
data/external/actions/human_action_recognition/train/002163_dancing.jpg,Bingsu/Human_Action_Recognition,dancing,0,0,0,0,0,0,0,0,0,0,1,0,0,0,0,0,0,1,0,0
data/external/actions/human_action_recognition/train/002164_clapping.jpg,Bingsu/Human_Action_Recognition,clapping,0,0,0,0,1,0,0,0,0,0,0,0,0,0,0,0,0,1,0,0
data/external/actions/human_action_recognition/train/002165_laughing.jpg,Bingsu/Human_Action_Recognition,laughing,1,0,0,0,0,0,0,0,0,0,0,0,0,0,0,0,1,0,0,0
data/external/actions/human_action_recognition/train/002166_calling.jpg,Bingsu/Human_Action_Recognition,calling,1,0,0,0,0,0,0,0,0,0,0,0,0,0,0,0,1,0,0,0
data/external/actions/human_action_recognition/train/002167_dancing.jpg,Bingsu/Human_Action_Recognition,dancing,0,0,0,0,0,0,0,0,0,0,1,0,0,0,0,0,0,1,0,0
data/external/actions/human_action_recognition/train/002168_cycling.jpg,Bingsu/Human_Action_Recognition,cycling,0,0,0,0,0,0,0,0,1,0,0,0,0,0,0,0,0,1,0,0
data/external/actions/human_action_recognition/train/002169_drinking.jpg,Bingsu/Human_Action_Recognition,drinking,0,0,0,0,0,0,0,0,0,0,0,0,0,0,1,0,0,0,0,0
data/external/actions/human_action_recognition/train/002170_listening_to_music.jpg,Bingsu/Human_Action_Recognition,listening_to_music,0,1,0,0,0,0,0,0,0,0,0,0,0,0,0,0,1,0,0,0
data/external/actions/human_action_recognition/train/002171_hugging.jpg,Bingsu/Human_Action_Recognition,hugging,1,0,0,0,0,0,0,0,0,0,0,0,0,0,0,0,1,0,0,0
data/external/actions/human_action_recognition/train/002172_fighting.jpg,Bingsu/Human_Action_Recognition,fighting,0,0,0,0,0,0,0,0,0,0,0,0,0,0,0,0,0,1,1,0
data/external/actions/human_action_recognition/train/002173_clapping.jpg,Bingsu/Human_Action_Recognition,clapping,0,0,0,0,1,0,0,0,0,0,0,0,0,0,0,0,0,1,0,0
data/external/actions/human_action_recognition/train/002174_cycling.jpg,Bingsu/Human_Action_Recognition,cycling,0,0,0,0,0,0,0,0,1,0,0,0,0,0,0,0,0,1,0,0
data/external/actions/human_action_recognition/train/002175_running.jpg,Bingsu/Human_Action_Recognition,running,0,0,0,0,0,0,1,0,0,0,0,0,0,0,0,0,0,1,1,0
data/external/actions/human_action_recognition/train/002176_running.jpg,Bingsu/Human_Action_Recognition,running,0,0,0,0,0,0,1,0,0,0,0,0,0,0,0,0,0,1,1,0
data/external/actions/human_action_recognition/train/002177_sleeping.jpg,Bingsu/Human_Action_Recognition,sleeping,0,0,1,0,0,0,0,0,0,0,0,0,0,0,0,0,1,0,0,0
data/external/actions/human_action_recognition/train/002178_drinking.jpg,Bingsu/Human_Action_Recognition,drinking,0,0,0,0,0,0,0,0,0,0,0,0,0,0,1,0,0,0,0,0
data/external/actions/human_action_recognition/train/002179_fighting.jpg,Bingsu/Human_Action_Recognition,fighting,0,0,0,0,0,0,0,0,0,0,0,0,0,0,0,0,0,1,1,0
data/external/actions/human_action_recognition/train/002180_using_laptop.jpg,Bingsu/Human_Action_Recognition,using_laptop,0,1,0,0,0,0,0,0,0,0,0,0,1,0,0,0,1,0,0,0
data/external/actions/human_action_recognition/train/002181_hugging.jpg,Bingsu/Human_Action_Recognition,hugging,1,0,0,0,0,0,0,0,0,0,0,0,0,0,0,0,1,0,0,0
data/external/actions/human_action_recognition/train/002182_dancing.jpg,Bingsu/Human_Action_Recognition,dancing,0,0,0,0,0,0,0,0,0,0,1,0,0,0,0,0,0,1,0,0
data/external/actions/human_action_recognition/train/002183_hugging.jpg,Bingsu/Human_Action_Recognition,hugging,1,0,0,0,0,0,0,0,0,0,0,0,0,0,0,0,1,0,0,0
data/external/actions/human_action_recognition/train/002184_texting.jpg,Bingsu/Human_Action_Recognition,texting,0,1,0,0,0,0,0,0,0,0,0,0,0,0,0,0,1,0,0,0
data/external/actions/human_action_recognition/train/002185_eating.jpg,Bingsu/Human_Action_Recognition,eating,0,0,0,0,0,0,0,0,0,0,0,0,0,1,0,0,0,0,0,0
data/external/actions/human_action_recognition/train/002186_using_laptop.jpg,Bingsu/Human_Action_Recognition,using_laptop,0,1,0,0,0,0,0,0,0,0,0,0,1,0,0,0,1,0,0,0
data/external/actions/human_action_recognition/train/002187_listening_to_music.jpg,Bingsu/Human_Action_Recognition,listening_to_music,0,1,0,0,0,0,0,0,0,0,0,0,0,0,0,0,1,0,0,0
data/external/actions/human_action_recognition/train/002188_drinking.jpg,Bingsu/Human_Action_Recognition,drinking,0,0,0,0,0,0,0,0,0,0,0,0,0,0,1,0,0,0,0,0
data/external/actions/human_action_recognition/train/002189_using_laptop.jpg,Bingsu/Human_Action_Recognition,using_laptop,0,1,0,0,0,0,0,0,0,0,0,0,1,0,0,0,1,0,0,0
data/external/actions/human_action_recognition/train/002190_sleeping.jpg,Bingsu/Human_Action_Recognition,sleeping,0,0,1,0,0,0,0,0,0,0,0,0,0,0,0,0,1,0,0,0
data/external/actions/human_action_recognition/train/002191_texting.jpg,Bingsu/Human_Action_Recognition,texting,0,1,0,0,0,0,0,0,0,0,0,0,0,0,0,0,1,0,0,0
data/external/actions/human_action_recognition/train/002192_hugging.jpg,Bingsu/Human_Action_Recognition,hugging,1,0,0,0,0,0,0,0,0,0,0,0,0,0,0,0,1,0,0,0
data/external/actions/human_action_recognition/train/002193_eating.jpg,Bingsu/Human_Action_Recognition,eating,0,0,0,0,0,0,0,0,0,0,0,0,0,1,0,0,0,0,0,0
data/external/actions/human_action_recognition/train/002194_listening_to_music.jpg,Bingsu/Human_Action_Recognition,listening_to_music,0,1,0,0,0,0,0,0,0,0,0,0,0,0,0,0,1,0,0,0
data/external/actions/human_action_recognition/train/002195_laughing.jpg,Bingsu/Human_Action_Recognition,laughing,1,0,0,0,0,0,0,0,0,0,0,0,0,0,0,0,1,0,0,0
data/external/actions/human_action_recognition/train/002196_cycling.jpg,Bingsu/Human_Action_Recognition,cycling,0,0,0,0,0,0,0,0,1,0,0,0,0,0,0,0,0,1,0,0
data/external/actions/human_action_recognition/train/002197_hugging.jpg,Bingsu/Human_Action_Recognition,hugging,1,0,0,0,0,0,0,0,0,0,0,0,0,0,0,0,1,0,0,0
data/external/actions/human_action_recognition/train/002198_sleeping.jpg,Bingsu/Human_Action_Recognition,sleeping,0,0,1,0,0,0,0,0,0,0,0,0,0,0,0,0,1,0,0,0
data/external/actions/human_action_recognition/train/002199_dancing.jpg,Bingsu/Human_Action_Recognition,dancing,0,0,0,0,0,0,0,0,0,0,1,0,0,0,0,0,0,1,0,0
data/external/actions/human_action_recognition/train/002200_laughing.jpg,Bingsu/Human_Action_Recognition,laughing,1,0,0,0,0,0,0,0,0,0,0,0,0,0,0,0,1,0,0,0
data/external/actions/human_action_recognition/train/002201_using_laptop.jpg,Bingsu/Human_Action_Recognition,using_laptop,0,1,0,0,0,0,0,0,0,0,0,0,1,0,0,0,1,0,0,0
data/external/actions/human_action_recognition/train/002202_clapping.jpg,Bingsu/Human_Action_Recognition,clapping,0,0,0,0,1,0,0,0,0,0,0,0,0,0,0,0,0,1,0,0
data/external/actions/human_action_recognition/train/002203_sitting.jpg,Bingsu/Human_Action_Recognition,sitting,0,1,0,0,0,0,0,0,0,0,0,0,0,0,0,0,1,0,0,0
data/external/actions/human_action_recognition/train/002204_drinking.jpg,Bingsu/Human_Action_Recognition,drinking,0,0,0,0,0,0,0,0,0,0,0,0,0,0,1,0,0,0,0,0
data/external/actions/human_action_recognition/train/002205_fighting.jpg,Bingsu/Human_Action_Recognition,fighting,0,0,0,0,0,0,0,0,0,0,0,0,0,0,0,0,0,1,1,0
data/external/actions/human_action_recognition/train/002206_clapping.jpg,Bingsu/Human_Action_Recognition,clapping,0,0,0,0,1,0,0,0,0,0,0,0,0,0,0,0,0,1,0,0
data/external/actions/human_action_recognition/train/002207_fighting.jpg,Bingsu/Human_Action_Recognition,fighting,0,0,0,0,0,0,0,0,0,0,0,0,0,0,0,0,0,1,1,0
data/external/actions/human_action_recognition/train/002208_drinking.jpg,Bingsu/Human_Action_Recognition,drinking,0,0,0,0,0,0,0,0,0,0,0,0,0,0,1,0,0,0,0,0
data/external/actions/human_action_recognition/train/002209_texting.jpg,Bingsu/Human_Action_Recognition,texting,0,1,0,0,0,0,0,0,0,0,0,0,0,0,0,0,1,0,0,0
data/external/actions/human_action_recognition/train/002210_sitting.jpg,Bingsu/Human_Action_Recognition,sitting,0,1,0,0,0,0,0,0,0,0,0,0,0,0,0,0,1,0,0,0
data/external/actions/human_action_recognition/train/002211_clapping.jpg,Bingsu/Human_Action_Recognition,clapping,0,0,0,0,1,0,0,0,0,0,0,0,0,0,0,0,0,1,0,0
data/external/actions/human_action_recognition/train/002212_running.jpg,Bingsu/Human_Action_Recognition,running,0,0,0,0,0,0,1,0,0,0,0,0,0,0,0,0,0,1,1,0
data/external/actions/human_action_recognition/train/002213_running.jpg,Bingsu/Human_Action_Recognition,running,0,0,0,0,0,0,1,0,0,0,0,0,0,0,0,0,0,1,1,0
data/external/actions/human_action_recognition/train/002214_hugging.jpg,Bingsu/Human_Action_Recognition,hugging,1,0,0,0,0,0,0,0,0,0,0,0,0,0,0,0,1,0,0,0
data/external/actions/human_action_recognition/train/002215_listening_to_music.jpg,Bingsu/Human_Action_Recognition,listening_to_music,0,1,0,0,0,0,0,0,0,0,0,0,0,0,0,0,1,0,0,0
data/external/actions/human_action_recognition/train/002216_cycling.jpg,Bingsu/Human_Action_Recognition,cycling,0,0,0,0,0,0,0,0,1,0,0,0,0,0,0,0,0,1,0,0
data/external/actions/human_action_recognition/train/002217_calling.jpg,Bingsu/Human_Action_Recognition,calling,1,0,0,0,0,0,0,0,0,0,0,0,0,0,0,0,1,0,0,0
data/external/actions/human_action_recognition/train/002218_calling.jpg,Bingsu/Human_Action_Recognition,calling,1,0,0,0,0,0,0,0,0,0,0,0,0,0,0,0,1,0,0,0
data/external/actions/human_action_recognition/train/002219_using_laptop.jpg,Bingsu/Human_Action_Recognition,using_laptop,0,1,0,0,0,0,0,0,0,0,0,0,1,0,0,0,1,0,0,0
data/external/actions/human_action_recognition/train/002220_using_laptop.jpg,Bingsu/Human_Action_Recognition,using_laptop,0,1,0,0,0,0,0,0,0,0,0,0,1,0,0,0,1,0,0,0
data/external/actions/human_action_recognition/train/002221_laughing.jpg,Bingsu/Human_Action_Recognition,laughing,1,0,0,0,0,0,0,0,0,0,0,0,0,0,0,0,1,0,0,0
data/external/actions/human_action_recognition/train/002222_laughing.jpg,Bingsu/Human_Action_Recognition,laughing,1,0,0,0,0,0,0,0,0,0,0,0,0,0,0,0,1,0,0,0
data/external/actions/human_action_recognition/train/002223_eating.jpg,Bingsu/Human_Action_Recognition,eating,0,0,0,0,0,0,0,0,0,0,0,0,0,1,0,0,0,0,0,0
data/external/actions/human_action_recognition/train/002224_hugging.jpg,Bingsu/Human_Action_Recognition,hugging,1,0,0,0,0,0,0,0,0,0,0,0,0,0,0,0,1,0,0,0
data/external/actions/human_action_recognition/train/002225_laughing.jpg,Bingsu/Human_Action_Recognition,laughing,1,0,0,0,0,0,0,0,0,0,0,0,0,0,0,0,1,0,0,0
data/external/actions/human_action_recognition/train/002226_fighting.jpg,Bingsu/Human_Action_Recognition,fighting,0,0,0,0,0,0,0,0,0,0,0,0,0,0,0,0,0,1,1,0
data/external/actions/human_action_recognition/train/002227_cycling.jpg,Bingsu/Human_Action_Recognition,cycling,0,0,0,0,0,0,0,0,1,0,0,0,0,0,0,0,0,1,0,0
data/external/actions/human_action_recognition/train/002228_running.jpg,Bingsu/Human_Action_Recognition,running,0,0,0,0,0,0,1,0,0,0,0,0,0,0,0,0,0,1,1,0
data/external/actions/human_action_recognition/train/002229_using_laptop.jpg,Bingsu/Human_Action_Recognition,using_laptop,0,1,0,0,0,0,0,0,0,0,0,0,1,0,0,0,1,0,0,0
data/external/actions/human_action_recognition/train/002230_texting.jpg,Bingsu/Human_Action_Recognition,texting,0,1,0,0,0,0,0,0,0,0,0,0,0,0,0,0,1,0,0,0
data/external/actions/human_action_recognition/train/002231_hugging.jpg,Bingsu/Human_Action_Recognition,hugging,1,0,0,0,0,0,0,0,0,0,0,0,0,0,0,0,1,0,0,0
data/external/actions/human_action_recognition/train/002232_running.jpg,Bingsu/Human_Action_Recognition,running,0,0,0,0,0,0,1,0,0,0,0,0,0,0,0,0,0,1,1,0
data/external/actions/human_action_recognition/train/002233_cycling.jpg,Bingsu/Human_Action_Recognition,cycling,0,0,0,0,0,0,0,0,1,0,0,0,0,0,0,0,0,1,0,0
data/external/actions/human_action_recognition/train/002234_drinking.jpg,Bingsu/Human_Action_Recognition,drinking,0,0,0,0,0,0,0,0,0,0,0,0,0,0,1,0,0,0,0,0
data/external/actions/human_action_recognition/train/002235_running.jpg,Bingsu/Human_Action_Recognition,running,0,0,0,0,0,0,1,0,0,0,0,0,0,0,0,0,0,1,1,0
data/external/actions/human_action_recognition/train/002236_fighting.jpg,Bingsu/Human_Action_Recognition,fighting,0,0,0,0,0,0,0,0,0,0,0,0,0,0,0,0,0,1,1,0
data/external/actions/human_action_recognition/train/002237_texting.jpg,Bingsu/Human_Action_Recognition,texting,0,1,0,0,0,0,0,0,0,0,0,0,0,0,0,0,1,0,0,0
data/external/actions/human_action_recognition/train/002238_sitting.jpg,Bingsu/Human_Action_Recognition,sitting,0,1,0,0,0,0,0,0,0,0,0,0,0,0,0,0,1,0,0,0
data/external/actions/human_action_recognition/train/002239_running.jpg,Bingsu/Human_Action_Recognition,running,0,0,0,0,0,0,1,0,0,0,0,0,0,0,0,0,0,1,1,0
data/external/actions/human_action_recognition/train/002240_laughing.jpg,Bingsu/Human_Action_Recognition,laughing,1,0,0,0,0,0,0,0,0,0,0,0,0,0,0,0,1,0,0,0
data/external/actions/human_action_recognition/train/002241_fighting.jpg,Bingsu/Human_Action_Recognition,fighting,0,0,0,0,0,0,0,0,0,0,0,0,0,0,0,0,0,1,1,0
data/external/actions/human_action_recognition/train/002242_dancing.jpg,Bingsu/Human_Action_Recognition,dancing,0,0,0,0,0,0,0,0,0,0,1,0,0,0,0,0,0,1,0,0
data/external/actions/human_action_recognition/train/002243_listening_to_music.jpg,Bingsu/Human_Action_Recognition,listening_to_music,0,1,0,0,0,0,0,0,0,0,0,0,0,0,0,0,1,0,0,0
data/external/actions/human_action_recognition/train/002244_calling.jpg,Bingsu/Human_Action_Recognition,calling,1,0,0,0,0,0,0,0,0,0,0,0,0,0,0,0,1,0,0,0
data/external/actions/human_action_recognition/train/002245_cycling.jpg,Bingsu/Human_Action_Recognition,cycling,0,0,0,0,0,0,0,0,1,0,0,0,0,0,0,0,0,1,0,0
data/external/actions/human_action_recognition/train/002246_clapping.jpg,Bingsu/Human_Action_Recognition,clapping,0,0,0,0,1,0,0,0,0,0,0,0,0,0,0,0,0,1,0,0
data/external/actions/human_action_recognition/train/002247_clapping.jpg,Bingsu/Human_Action_Recognition,clapping,0,0,0,0,1,0,0,0,0,0,0,0,0,0,0,0,0,1,0,0
data/external/actions/human_action_recognition/train/002248_laughing.jpg,Bingsu/Human_Action_Recognition,laughing,1,0,0,0,0,0,0,0,0,0,0,0,0,0,0,0,1,0,0,0
data/external/actions/human_action_recognition/train/002249_cycling.jpg,Bingsu/Human_Action_Recognition,cycling,0,0,0,0,0,0,0,0,1,0,0,0,0,0,0,0,0,1,0,0
data/external/actions/human_action_recognition/train/002250_hugging.jpg,Bingsu/Human_Action_Recognition,hugging,1,0,0,0,0,0,0,0,0,0,0,0,0,0,0,0,1,0,0,0
data/external/actions/human_action_recognition/train/002251_listening_to_music.jpg,Bingsu/Human_Action_Recognition,listening_to_music,0,1,0,0,0,0,0,0,0,0,0,0,0,0,0,0,1,0,0,0
data/external/actions/human_action_recognition/train/002252_drinking.jpg,Bingsu/Human_Action_Recognition,drinking,0,0,0,0,0,0,0,0,0,0,0,0,0,0,1,0,0,0,0,0
data/external/actions/human_action_recognition/train/002253_eating.jpg,Bingsu/Human_Action_Recognition,eating,0,0,0,0,0,0,0,0,0,0,0,0,0,1,0,0,0,0,0,0
data/external/actions/human_action_recognition/train/002254_laughing.jpg,Bingsu/Human_Action_Recognition,laughing,1,0,0,0,0,0,0,0,0,0,0,0,0,0,0,0,1,0,0,0
data/external/actions/human_action_recognition/train/002255_dancing.jpg,Bingsu/Human_Action_Recognition,dancing,0,0,0,0,0,0,0,0,0,0,1,0,0,0,0,0,0,1,0,0
data/external/actions/human_action_recognition/train/002256_drinking.jpg,Bingsu/Human_Action_Recognition,drinking,0,0,0,0,0,0,0,0,0,0,0,0,0,0,1,0,0,0,0,0
data/external/actions/human_action_recognition/train/002257_dancing.jpg,Bingsu/Human_Action_Recognition,dancing,0,0,0,0,0,0,0,0,0,0,1,0,0,0,0,0,0,1,0,0
data/external/actions/human_action_recognition/train/002258_listening_to_music.jpg,Bingsu/Human_Action_Recognition,listening_to_music,0,1,0,0,0,0,0,0,0,0,0,0,0,0,0,0,1,0,0,0
data/external/actions/human_action_recognition/train/002259_calling.jpg,Bingsu/Human_Action_Recognition,calling,1,0,0,0,0,0,0,0,0,0,0,0,0,0,0,0,1,0,0,0
data/external/actions/human_action_recognition/train/002260_sleeping.jpg,Bingsu/Human_Action_Recognition,sleeping,0,0,1,0,0,0,0,0,0,0,0,0,0,0,0,0,1,0,0,0
data/external/actions/human_action_recognition/train/002261_eating.jpg,Bingsu/Human_Action_Recognition,eating,0,0,0,0,0,0,0,0,0,0,0,0,0,1,0,0,0,0,0,0
data/external/actions/human_action_recognition/train/002262_laughing.jpg,Bingsu/Human_Action_Recognition,laughing,1,0,0,0,0,0,0,0,0,0,0,0,0,0,0,0,1,0,0,0
data/external/actions/human_action_recognition/train/002263_sitting.jpg,Bingsu/Human_Action_Recognition,sitting,0,1,0,0,0,0,0,0,0,0,0,0,0,0,0,0,1,0,0,0
data/external/actions/human_action_recognition/train/002264_texting.jpg,Bingsu/Human_Action_Recognition,texting,0,1,0,0,0,0,0,0,0,0,0,0,0,0,0,0,1,0,0,0
data/external/actions/human_action_recognition/train/002265_running.jpg,Bingsu/Human_Action_Recognition,running,0,0,0,0,0,0,1,0,0,0,0,0,0,0,0,0,0,1,1,0
data/external/actions/human_action_recognition/train/002266_listening_to_music.jpg,Bingsu/Human_Action_Recognition,listening_to_music,0,1,0,0,0,0,0,0,0,0,0,0,0,0,0,0,1,0,0,0
data/external/actions/human_action_recognition/train/002267_sleeping.jpg,Bingsu/Human_Action_Recognition,sleeping,0,0,1,0,0,0,0,0,0,0,0,0,0,0,0,0,1,0,0,0
data/external/actions/human_action_recognition/train/002268_listening_to_music.jpg,Bingsu/Human_Action_Recognition,listening_to_music,0,1,0,0,0,0,0,0,0,0,0,0,0,0,0,0,1,0,0,0
data/external/actions/human_action_recognition/train/002269_using_laptop.jpg,Bingsu/Human_Action_Recognition,using_laptop,0,1,0,0,0,0,0,0,0,0,0,0,1,0,0,0,1,0,0,0
data/external/actions/human_action_recognition/train/002270_hugging.jpg,Bingsu/Human_Action_Recognition,hugging,1,0,0,0,0,0,0,0,0,0,0,0,0,0,0,0,1,0,0,0
data/external/actions/human_action_recognition/train/002271_sitting.jpg,Bingsu/Human_Action_Recognition,sitting,0,1,0,0,0,0,0,0,0,0,0,0,0,0,0,0,1,0,0,0
data/external/actions/human_action_recognition/train/002272_eating.jpg,Bingsu/Human_Action_Recognition,eating,0,0,0,0,0,0,0,0,0,0,0,0,0,1,0,0,0,0,0,0
data/external/actions/human_action_recognition/train/002273_cycling.jpg,Bingsu/Human_Action_Recognition,cycling,0,0,0,0,0,0,0,0,1,0,0,0,0,0,0,0,0,1,0,0
data/external/actions/human_action_recognition/train/002274_running.jpg,Bingsu/Human_Action_Recognition,running,0,0,0,0,0,0,1,0,0,0,0,0,0,0,0,0,0,1,1,0
data/external/actions/human_action_recognition/train/002275_dancing.jpg,Bingsu/Human_Action_Recognition,dancing,0,0,0,0,0,0,0,0,0,0,1,0,0,0,0,0,0,1,0,0
data/external/actions/human_action_recognition/train/002276_laughing.jpg,Bingsu/Human_Action_Recognition,laughing,1,0,0,0,0,0,0,0,0,0,0,0,0,0,0,0,1,0,0,0
data/external/actions/human_action_recognition/train/002277_calling.jpg,Bingsu/Human_Action_Recognition,calling,1,0,0,0,0,0,0,0,0,0,0,0,0,0,0,0,1,0,0,0
data/external/actions/human_action_recognition/train/002278_sitting.jpg,Bingsu/Human_Action_Recognition,sitting,0,1,0,0,0,0,0,0,0,0,0,0,0,0,0,0,1,0,0,0
data/external/actions/human_action_recognition/train/002279_clapping.jpg,Bingsu/Human_Action_Recognition,clapping,0,0,0,0,1,0,0,0,0,0,0,0,0,0,0,0,0,1,0,0
data/external/actions/human_action_recognition/train/002280_calling.jpg,Bingsu/Human_Action_Recognition,calling,1,0,0,0,0,0,0,0,0,0,0,0,0,0,0,0,1,0,0,0
data/external/actions/human_action_recognition/train/002281_listening_to_music.jpg,Bingsu/Human_Action_Recognition,listening_to_music,0,1,0,0,0,0,0,0,0,0,0,0,0,0,0,0,1,0,0,0
data/external/actions/human_action_recognition/train/002282_cycling.jpg,Bingsu/Human_Action_Recognition,cycling,0,0,0,0,0,0,0,0,1,0,0,0,0,0,0,0,0,1,0,0
data/external/actions/human_action_recognition/train/002283_drinking.jpg,Bingsu/Human_Action_Recognition,drinking,0,0,0,0,0,0,0,0,0,0,0,0,0,0,1,0,0,0,0,0
data/external/actions/human_action_recognition/train/002284_sitting.jpg,Bingsu/Human_Action_Recognition,sitting,0,1,0,0,0,0,0,0,0,0,0,0,0,0,0,0,1,0,0,0
data/external/actions/human_action_recognition/train/002285_fighting.jpg,Bingsu/Human_Action_Recognition,fighting,0,0,0,0,0,0,0,0,0,0,0,0,0,0,0,0,0,1,1,0
data/external/actions/human_action_recognition/train/002286_drinking.jpg,Bingsu/Human_Action_Recognition,drinking,0,0,0,0,0,0,0,0,0,0,0,0,0,0,1,0,0,0,0,0
data/external/actions/human_action_recognition/train/002287_drinking.jpg,Bingsu/Human_Action_Recognition,drinking,0,0,0,0,0,0,0,0,0,0,0,0,0,0,1,0,0,0,0,0
data/external/actions/human_action_recognition/train/002288_clapping.jpg,Bingsu/Human_Action_Recognition,clapping,0,0,0,0,1,0,0,0,0,0,0,0,0,0,0,0,0,1,0,0
data/external/actions/human_action_recognition/train/002289_hugging.jpg,Bingsu/Human_Action_Recognition,hugging,1,0,0,0,0,0,0,0,0,0,0,0,0,0,0,0,1,0,0,0
data/external/actions/human_action_recognition/train/002290_running.jpg,Bingsu/Human_Action_Recognition,running,0,0,0,0,0,0,1,0,0,0,0,0,0,0,0,0,0,1,1,0
data/external/actions/human_action_recognition/train/002291_using_laptop.jpg,Bingsu/Human_Action_Recognition,using_laptop,0,1,0,0,0,0,0,0,0,0,0,0,1,0,0,0,1,0,0,0
data/external/actions/human_action_recognition/train/002292_using_laptop.jpg,Bingsu/Human_Action_Recognition,using_laptop,0,1,0,0,0,0,0,0,0,0,0,0,1,0,0,0,1,0,0,0
data/external/actions/human_action_recognition/train/002293_calling.jpg,Bingsu/Human_Action_Recognition,calling,1,0,0,0,0,0,0,0,0,0,0,0,0,0,0,0,1,0,0,0
data/external/actions/human_action_recognition/train/002294_hugging.jpg,Bingsu/Human_Action_Recognition,hugging,1,0,0,0,0,0,0,0,0,0,0,0,0,0,0,0,1,0,0,0
data/external/actions/human_action_recognition/train/002295_fighting.jpg,Bingsu/Human_Action_Recognition,fighting,0,0,0,0,0,0,0,0,0,0,0,0,0,0,0,0,0,1,1,0
data/external/actions/human_action_recognition/train/002296_sleeping.jpg,Bingsu/Human_Action_Recognition,sleeping,0,0,1,0,0,0,0,0,0,0,0,0,0,0,0,0,1,0,0,0
data/external/actions/human_action_recognition/train/002297_eating.jpg,Bingsu/Human_Action_Recognition,eating,0,0,0,0,0,0,0,0,0,0,0,0,0,1,0,0,0,0,0,0
data/external/actions/human_action_recognition/train/002298_eating.jpg,Bingsu/Human_Action_Recognition,eating,0,0,0,0,0,0,0,0,0,0,0,0,0,1,0,0,0,0,0,0
data/external/actions/human_action_recognition/train/002299_sleeping.jpg,Bingsu/Human_Action_Recognition,sleeping,0,0,1,0,0,0,0,0,0,0,0,0,0,0,0,0,1,0,0,0
data/external/actions/human_action_recognition/train/002300_drinking.jpg,Bingsu/Human_Action_Recognition,drinking,0,0,0,0,0,0,0,0,0,0,0,0,0,0,1,0,0,0,0,0
data/external/actions/human_action_recognition/train/002301_fighting.jpg,Bingsu/Human_Action_Recognition,fighting,0,0,0,0,0,0,0,0,0,0,0,0,0,0,0,0,0,1,1,0
data/external/actions/human_action_recognition/train/002302_cycling.jpg,Bingsu/Human_Action_Recognition,cycling,0,0,0,0,0,0,0,0,1,0,0,0,0,0,0,0,0,1,0,0
data/external/actions/human_action_recognition/train/002303_sitting.jpg,Bingsu/Human_Action_Recognition,sitting,0,1,0,0,0,0,0,0,0,0,0,0,0,0,0,0,1,0,0,0
data/external/actions/human_action_recognition/train/002304_texting.jpg,Bingsu/Human_Action_Recognition,texting,0,1,0,0,0,0,0,0,0,0,0,0,0,0,0,0,1,0,0,0
data/external/actions/human_action_recognition/train/002305_texting.jpg,Bingsu/Human_Action_Recognition,texting,0,1,0,0,0,0,0,0,0,0,0,0,0,0,0,0,1,0,0,0
data/external/actions/human_action_recognition/train/002306_fighting.jpg,Bingsu/Human_Action_Recognition,fighting,0,0,0,0,0,0,0,0,0,0,0,0,0,0,0,0,0,1,1,0
data/external/actions/human_action_recognition/train/002307_drinking.jpg,Bingsu/Human_Action_Recognition,drinking,0,0,0,0,0,0,0,0,0,0,0,0,0,0,1,0,0,0,0,0
data/external/actions/human_action_recognition/train/002308_texting.jpg,Bingsu/Human_Action_Recognition,texting,0,1,0,0,0,0,0,0,0,0,0,0,0,0,0,0,1,0,0,0
data/external/actions/human_action_recognition/train/002309_sleeping.jpg,Bingsu/Human_Action_Recognition,sleeping,0,0,1,0,0,0,0,0,0,0,0,0,0,0,0,0,1,0,0,0
data/external/actions/human_action_recognition/train/002310_hugging.jpg,Bingsu/Human_Action_Recognition,hugging,1,0,0,0,0,0,0,0,0,0,0,0,0,0,0,0,1,0,0,0
data/external/actions/human_action_recognition/train/002311_fighting.jpg,Bingsu/Human_Action_Recognition,fighting,0,0,0,0,0,0,0,0,0,0,0,0,0,0,0,0,0,1,1,0
data/external/actions/human_action_recognition/train/002312_fighting.jpg,Bingsu/Human_Action_Recognition,fighting,0,0,0,0,0,0,0,0,0,0,0,0,0,0,0,0,0,1,1,0
data/external/actions/human_action_recognition/train/002313_clapping.jpg,Bingsu/Human_Action_Recognition,clapping,0,0,0,0,1,0,0,0,0,0,0,0,0,0,0,0,0,1,0,0
data/external/actions/human_action_recognition/train/002314_hugging.jpg,Bingsu/Human_Action_Recognition,hugging,1,0,0,0,0,0,0,0,0,0,0,0,0,0,0,0,1,0,0,0
data/external/actions/human_action_recognition/train/002315_hugging.jpg,Bingsu/Human_Action_Recognition,hugging,1,0,0,0,0,0,0,0,0,0,0,0,0,0,0,0,1,0,0,0
data/external/actions/human_action_recognition/train/002316_listening_to_music.jpg,Bingsu/Human_Action_Recognition,listening_to_music,0,1,0,0,0,0,0,0,0,0,0,0,0,0,0,0,1,0,0,0
data/external/actions/human_action_recognition/train/002317_eating.jpg,Bingsu/Human_Action_Recognition,eating,0,0,0,0,0,0,0,0,0,0,0,0,0,1,0,0,0,0,0,0
data/external/actions/human_action_recognition/train/002318_listening_to_music.jpg,Bingsu/Human_Action_Recognition,listening_to_music,0,1,0,0,0,0,0,0,0,0,0,0,0,0,0,0,1,0,0,0
data/external/actions/human_action_recognition/train/002319_calling.jpg,Bingsu/Human_Action_Recognition,calling,1,0,0,0,0,0,0,0,0,0,0,0,0,0,0,0,1,0,0,0
data/external/actions/human_action_recognition/train/002320_laughing.jpg,Bingsu/Human_Action_Recognition,laughing,1,0,0,0,0,0,0,0,0,0,0,0,0,0,0,0,1,0,0,0
data/external/actions/human_action_recognition/train/002321_eating.jpg,Bingsu/Human_Action_Recognition,eating,0,0,0,0,0,0,0,0,0,0,0,0,0,1,0,0,0,0,0,0
data/external/actions/human_action_recognition/train/002322_clapping.jpg,Bingsu/Human_Action_Recognition,clapping,0,0,0,0,1,0,0,0,0,0,0,0,0,0,0,0,0,1,0,0
data/external/actions/human_action_recognition/train/002323_using_laptop.jpg,Bingsu/Human_Action_Recognition,using_laptop,0,1,0,0,0,0,0,0,0,0,0,0,1,0,0,0,1,0,0,0
data/external/actions/human_action_recognition/train/002324_clapping.jpg,Bingsu/Human_Action_Recognition,clapping,0,0,0,0,1,0,0,0,0,0,0,0,0,0,0,0,0,1,0,0
data/external/actions/human_action_recognition/train/002325_sleeping.jpg,Bingsu/Human_Action_Recognition,sleeping,0,0,1,0,0,0,0,0,0,0,0,0,0,0,0,0,1,0,0,0
data/external/actions/human_action_recognition/train/002326_running.jpg,Bingsu/Human_Action_Recognition,running,0,0,0,0,0,0,1,0,0,0,0,0,0,0,0,0,0,1,1,0
data/external/actions/human_action_recognition/train/002327_running.jpg,Bingsu/Human_Action_Recognition,running,0,0,0,0,0,0,1,0,0,0,0,0,0,0,0,0,0,1,1,0
data/external/actions/human_action_recognition/train/002328_sleeping.jpg,Bingsu/Human_Action_Recognition,sleeping,0,0,1,0,0,0,0,0,0,0,0,0,0,0,0,0,1,0,0,0
data/external/actions/human_action_recognition/train/002329_using_laptop.jpg,Bingsu/Human_Action_Recognition,using_laptop,0,1,0,0,0,0,0,0,0,0,0,0,1,0,0,0,1,0,0,0
data/external/actions/human_action_recognition/train/002330_sitting.jpg,Bingsu/Human_Action_Recognition,sitting,0,1,0,0,0,0,0,0,0,0,0,0,0,0,0,0,1,0,0,0
data/external/actions/human_action_recognition/train/002331_fighting.jpg,Bingsu/Human_Action_Recognition,fighting,0,0,0,0,0,0,0,0,0,0,0,0,0,0,0,0,0,1,1,0
data/external/actions/human_action_recognition/train/002332_dancing.jpg,Bingsu/Human_Action_Recognition,dancing,0,0,0,0,0,0,0,0,0,0,1,0,0,0,0,0,0,1,0,0
data/external/actions/human_action_recognition/train/002333_hugging.jpg,Bingsu/Human_Action_Recognition,hugging,1,0,0,0,0,0,0,0,0,0,0,0,0,0,0,0,1,0,0,0
data/external/actions/human_action_recognition/train/002334_hugging.jpg,Bingsu/Human_Action_Recognition,hugging,1,0,0,0,0,0,0,0,0,0,0,0,0,0,0,0,1,0,0,0
data/external/actions/human_action_recognition/train/002335_using_laptop.jpg,Bingsu/Human_Action_Recognition,using_laptop,0,1,0,0,0,0,0,0,0,0,0,0,1,0,0,0,1,0,0,0
data/external/actions/human_action_recognition/train/002336_drinking.jpg,Bingsu/Human_Action_Recognition,drinking,0,0,0,0,0,0,0,0,0,0,0,0,0,0,1,0,0,0,0,0
data/external/actions/human_action_recognition/train/002337_laughing.jpg,Bingsu/Human_Action_Recognition,laughing,1,0,0,0,0,0,0,0,0,0,0,0,0,0,0,0,1,0,0,0
data/external/actions/human_action_recognition/train/002338_texting.jpg,Bingsu/Human_Action_Recognition,texting,0,1,0,0,0,0,0,0,0,0,0,0,0,0,0,0,1,0,0,0
data/external/actions/human_action_recognition/train/002339_fighting.jpg,Bingsu/Human_Action_Recognition,fighting,0,0,0,0,0,0,0,0,0,0,0,0,0,0,0,0,0,1,1,0
data/external/actions/human_action_recognition/train/002340_fighting.jpg,Bingsu/Human_Action_Recognition,fighting,0,0,0,0,0,0,0,0,0,0,0,0,0,0,0,0,0,1,1,0
data/external/actions/human_action_recognition/train/002341_running.jpg,Bingsu/Human_Action_Recognition,running,0,0,0,0,0,0,1,0,0,0,0,0,0,0,0,0,0,1,1,0
data/external/actions/human_action_recognition/train/002342_sitting.jpg,Bingsu/Human_Action_Recognition,sitting,0,1,0,0,0,0,0,0,0,0,0,0,0,0,0,0,1,0,0,0
data/external/actions/human_action_recognition/train/002343_sleeping.jpg,Bingsu/Human_Action_Recognition,sleeping,0,0,1,0,0,0,0,0,0,0,0,0,0,0,0,0,1,0,0,0
data/external/actions/human_action_recognition/train/002344_laughing.jpg,Bingsu/Human_Action_Recognition,laughing,1,0,0,0,0,0,0,0,0,0,0,0,0,0,0,0,1,0,0,0
data/external/actions/human_action_recognition/train/002345_dancing.jpg,Bingsu/Human_Action_Recognition,dancing,0,0,0,0,0,0,0,0,0,0,1,0,0,0,0,0,0,1,0,0
data/external/actions/human_action_recognition/train/002346_clapping.jpg,Bingsu/Human_Action_Recognition,clapping,0,0,0,0,1,0,0,0,0,0,0,0,0,0,0,0,0,1,0,0
data/external/actions/human_action_recognition/train/002347_texting.jpg,Bingsu/Human_Action_Recognition,texting,0,1,0,0,0,0,0,0,0,0,0,0,0,0,0,0,1,0,0,0
data/external/actions/human_action_recognition/train/002348_eating.jpg,Bingsu/Human_Action_Recognition,eating,0,0,0,0,0,0,0,0,0,0,0,0,0,1,0,0,0,0,0,0
data/external/actions/human_action_recognition/train/002349_cycling.jpg,Bingsu/Human_Action_Recognition,cycling,0,0,0,0,0,0,0,0,1,0,0,0,0,0,0,0,0,1,0,0
data/external/actions/human_action_recognition/train/002350_fighting.jpg,Bingsu/Human_Action_Recognition,fighting,0,0,0,0,0,0,0,0,0,0,0,0,0,0,0,0,0,1,1,0
data/external/actions/human_action_recognition/train/002351_fighting.jpg,Bingsu/Human_Action_Recognition,fighting,0,0,0,0,0,0,0,0,0,0,0,0,0,0,0,0,0,1,1,0
data/external/actions/human_action_recognition/train/002352_laughing.jpg,Bingsu/Human_Action_Recognition,laughing,1,0,0,0,0,0,0,0,0,0,0,0,0,0,0,0,1,0,0,0
data/external/actions/human_action_recognition/train/002353_running.jpg,Bingsu/Human_Action_Recognition,running,0,0,0,0,0,0,1,0,0,0,0,0,0,0,0,0,0,1,1,0
data/external/actions/human_action_recognition/train/002354_sitting.jpg,Bingsu/Human_Action_Recognition,sitting,0,1,0,0,0,0,0,0,0,0,0,0,0,0,0,0,1,0,0,0
data/external/actions/human_action_recognition/train/002355_cycling.jpg,Bingsu/Human_Action_Recognition,cycling,0,0,0,0,0,0,0,0,1,0,0,0,0,0,0,0,0,1,0,0
data/external/actions/human_action_recognition/train/002356_drinking.jpg,Bingsu/Human_Action_Recognition,drinking,0,0,0,0,0,0,0,0,0,0,0,0,0,0,1,0,0,0,0,0
data/external/actions/human_action_recognition/train/002357_using_laptop.jpg,Bingsu/Human_Action_Recognition,using_laptop,0,1,0,0,0,0,0,0,0,0,0,0,1,0,0,0,1,0,0,0
data/external/actions/human_action_recognition/train/002358_drinking.jpg,Bingsu/Human_Action_Recognition,drinking,0,0,0,0,0,0,0,0,0,0,0,0,0,0,1,0,0,0,0,0
data/external/actions/human_action_recognition/train/002359_hugging.jpg,Bingsu/Human_Action_Recognition,hugging,1,0,0,0,0,0,0,0,0,0,0,0,0,0,0,0,1,0,0,0
data/external/actions/human_action_recognition/train/002360_texting.jpg,Bingsu/Human_Action_Recognition,texting,0,1,0,0,0,0,0,0,0,0,0,0,0,0,0,0,1,0,0,0
data/external/actions/human_action_recognition/train/002361_fighting.jpg,Bingsu/Human_Action_Recognition,fighting,0,0,0,0,0,0,0,0,0,0,0,0,0,0,0,0,0,1,1,0
data/external/actions/human_action_recognition/train/002362_laughing.jpg,Bingsu/Human_Action_Recognition,laughing,1,0,0,0,0,0,0,0,0,0,0,0,0,0,0,0,1,0,0,0
data/external/actions/human_action_recognition/train/002363_clapping.jpg,Bingsu/Human_Action_Recognition,clapping,0,0,0,0,1,0,0,0,0,0,0,0,0,0,0,0,0,1,0,0
data/external/actions/human_action_recognition/train/002364_laughing.jpg,Bingsu/Human_Action_Recognition,laughing,1,0,0,0,0,0,0,0,0,0,0,0,0,0,0,0,1,0,0,0
data/external/actions/human_action_recognition/train/002365_listening_to_music.jpg,Bingsu/Human_Action_Recognition,listening_to_music,0,1,0,0,0,0,0,0,0,0,0,0,0,0,0,0,1,0,0,0
data/external/actions/human_action_recognition/train/002366_eating.jpg,Bingsu/Human_Action_Recognition,eating,0,0,0,0,0,0,0,0,0,0,0,0,0,1,0,0,0,0,0,0
data/external/actions/human_action_recognition/train/002367_running.jpg,Bingsu/Human_Action_Recognition,running,0,0,0,0,0,0,1,0,0,0,0,0,0,0,0,0,0,1,1,0
data/external/actions/human_action_recognition/train/002368_dancing.jpg,Bingsu/Human_Action_Recognition,dancing,0,0,0,0,0,0,0,0,0,0,1,0,0,0,0,0,0,1,0,0
data/external/actions/human_action_recognition/train/002369_fighting.jpg,Bingsu/Human_Action_Recognition,fighting,0,0,0,0,0,0,0,0,0,0,0,0,0,0,0,0,0,1,1,0
data/external/actions/human_action_recognition/train/002370_listening_to_music.jpg,Bingsu/Human_Action_Recognition,listening_to_music,0,1,0,0,0,0,0,0,0,0,0,0,0,0,0,0,1,0,0,0
data/external/actions/human_action_recognition/train/002371_sitting.jpg,Bingsu/Human_Action_Recognition,sitting,0,1,0,0,0,0,0,0,0,0,0,0,0,0,0,0,1,0,0,0
data/external/actions/human_action_recognition/train/002372_fighting.jpg,Bingsu/Human_Action_Recognition,fighting,0,0,0,0,0,0,0,0,0,0,0,0,0,0,0,0,0,1,1,0
data/external/actions/human_action_recognition/train/002373_drinking.jpg,Bingsu/Human_Action_Recognition,drinking,0,0,0,0,0,0,0,0,0,0,0,0,0,0,1,0,0,0,0,0
data/external/actions/human_action_recognition/train/002374_sleeping.jpg,Bingsu/Human_Action_Recognition,sleeping,0,0,1,0,0,0,0,0,0,0,0,0,0,0,0,0,1,0,0,0
data/external/actions/human_action_recognition/train/002375_hugging.jpg,Bingsu/Human_Action_Recognition,hugging,1,0,0,0,0,0,0,0,0,0,0,0,0,0,0,0,1,0,0,0
data/external/actions/human_action_recognition/train/002376_fighting.jpg,Bingsu/Human_Action_Recognition,fighting,0,0,0,0,0,0,0,0,0,0,0,0,0,0,0,0,0,1,1,0
data/external/actions/human_action_recognition/train/002377_drinking.jpg,Bingsu/Human_Action_Recognition,drinking,0,0,0,0,0,0,0,0,0,0,0,0,0,0,1,0,0,0,0,0
data/external/actions/human_action_recognition/train/002378_sitting.jpg,Bingsu/Human_Action_Recognition,sitting,0,1,0,0,0,0,0,0,0,0,0,0,0,0,0,0,1,0,0,0
data/external/actions/human_action_recognition/train/002379_calling.jpg,Bingsu/Human_Action_Recognition,calling,1,0,0,0,0,0,0,0,0,0,0,0,0,0,0,0,1,0,0,0
data/external/actions/human_action_recognition/train/002380_sitting.jpg,Bingsu/Human_Action_Recognition,sitting,0,1,0,0,0,0,0,0,0,0,0,0,0,0,0,0,1,0,0,0
data/external/actions/human_action_recognition/train/002381_hugging.jpg,Bingsu/Human_Action_Recognition,hugging,1,0,0,0,0,0,0,0,0,0,0,0,0,0,0,0,1,0,0,0
data/external/actions/human_action_recognition/train/002382_hugging.jpg,Bingsu/Human_Action_Recognition,hugging,1,0,0,0,0,0,0,0,0,0,0,0,0,0,0,0,1,0,0,0
data/external/actions/human_action_recognition/train/002383_drinking.jpg,Bingsu/Human_Action_Recognition,drinking,0,0,0,0,0,0,0,0,0,0,0,0,0,0,1,0,0,0,0,0
data/external/actions/human_action_recognition/train/002384_clapping.jpg,Bingsu/Human_Action_Recognition,clapping,0,0,0,0,1,0,0,0,0,0,0,0,0,0,0,0,0,1,0,0
data/external/actions/human_action_recognition/train/002385_eating.jpg,Bingsu/Human_Action_Recognition,eating,0,0,0,0,0,0,0,0,0,0,0,0,0,1,0,0,0,0,0,0
data/external/actions/human_action_recognition/train/002386_calling.jpg,Bingsu/Human_Action_Recognition,calling,1,0,0,0,0,0,0,0,0,0,0,0,0,0,0,0,1,0,0,0
data/external/actions/human_action_recognition/train/002387_hugging.jpg,Bingsu/Human_Action_Recognition,hugging,1,0,0,0,0,0,0,0,0,0,0,0,0,0,0,0,1,0,0,0
data/external/actions/human_action_recognition/train/002388_sleeping.jpg,Bingsu/Human_Action_Recognition,sleeping,0,0,1,0,0,0,0,0,0,0,0,0,0,0,0,0,1,0,0,0
data/external/actions/human_action_recognition/train/002389_texting.jpg,Bingsu/Human_Action_Recognition,texting,0,1,0,0,0,0,0,0,0,0,0,0,0,0,0,0,1,0,0,0
data/external/actions/human_action_recognition/train/002390_calling.jpg,Bingsu/Human_Action_Recognition,calling,1,0,0,0,0,0,0,0,0,0,0,0,0,0,0,0,1,0,0,0
data/external/actions/human_action_recognition/train/002391_cycling.jpg,Bingsu/Human_Action_Recognition,cycling,0,0,0,0,0,0,0,0,1,0,0,0,0,0,0,0,0,1,0,0
data/external/actions/human_action_recognition/train/002392_fighting.jpg,Bingsu/Human_Action_Recognition,fighting,0,0,0,0,0,0,0,0,0,0,0,0,0,0,0,0,0,1,1,0
data/external/actions/human_action_recognition/train/002393_dancing.jpg,Bingsu/Human_Action_Recognition,dancing,0,0,0,0,0,0,0,0,0,0,1,0,0,0,0,0,0,1,0,0
data/external/actions/human_action_recognition/train/002394_fighting.jpg,Bingsu/Human_Action_Recognition,fighting,0,0,0,0,0,0,0,0,0,0,0,0,0,0,0,0,0,1,1,0
data/external/actions/human_action_recognition/train/002395_laughing.jpg,Bingsu/Human_Action_Recognition,laughing,1,0,0,0,0,0,0,0,0,0,0,0,0,0,0,0,1,0,0,0
data/external/actions/human_action_recognition/train/002396_using_laptop.jpg,Bingsu/Human_Action_Recognition,using_laptop,0,1,0,0,0,0,0,0,0,0,0,0,1,0,0,0,1,0,0,0
data/external/actions/human_action_recognition/train/002397_clapping.jpg,Bingsu/Human_Action_Recognition,clapping,0,0,0,0,1,0,0,0,0,0,0,0,0,0,0,0,0,1,0,0
data/external/actions/human_action_recognition/train/002398_laughing.jpg,Bingsu/Human_Action_Recognition,laughing,1,0,0,0,0,0,0,0,0,0,0,0,0,0,0,0,1,0,0,0
data/external/actions/human_action_recognition/train/002399_sitting.jpg,Bingsu/Human_Action_Recognition,sitting,0,1,0,0,0,0,0,0,0,0,0,0,0,0,0,0,1,0,0,0
data/external/actions/human_action_recognition/train/002400_drinking.jpg,Bingsu/Human_Action_Recognition,drinking,0,0,0,0,0,0,0,0,0,0,0,0,0,0,1,0,0,0,0,0
data/external/actions/human_action_recognition/train/002401_hugging.jpg,Bingsu/Human_Action_Recognition,hugging,1,0,0,0,0,0,0,0,0,0,0,0,0,0,0,0,1,0,0,0
data/external/actions/human_action_recognition/train/002402_calling.jpg,Bingsu/Human_Action_Recognition,calling,1,0,0,0,0,0,0,0,0,0,0,0,0,0,0,0,1,0,0,0
data/external/actions/human_action_recognition/train/002403_calling.jpg,Bingsu/Human_Action_Recognition,calling,1,0,0,0,0,0,0,0,0,0,0,0,0,0,0,0,1,0,0,0
data/external/actions/human_action_recognition/train/002404_calling.jpg,Bingsu/Human_Action_Recognition,calling,1,0,0,0,0,0,0,0,0,0,0,0,0,0,0,0,1,0,0,0
data/external/actions/human_action_recognition/train/002405_hugging.jpg,Bingsu/Human_Action_Recognition,hugging,1,0,0,0,0,0,0,0,0,0,0,0,0,0,0,0,1,0,0,0
data/external/actions/human_action_recognition/train/002406_hugging.jpg,Bingsu/Human_Action_Recognition,hugging,1,0,0,0,0,0,0,0,0,0,0,0,0,0,0,0,1,0,0,0
data/external/actions/human_action_recognition/train/002407_sleeping.jpg,Bingsu/Human_Action_Recognition,sleeping,0,0,1,0,0,0,0,0,0,0,0,0,0,0,0,0,1,0,0,0
data/external/actions/human_action_recognition/train/002408_fighting.jpg,Bingsu/Human_Action_Recognition,fighting,0,0,0,0,0,0,0,0,0,0,0,0,0,0,0,0,0,1,1,0
data/external/actions/human_action_recognition/train/002409_sitting.jpg,Bingsu/Human_Action_Recognition,sitting,0,1,0,0,0,0,0,0,0,0,0,0,0,0,0,0,1,0,0,0
data/external/actions/human_action_recognition/train/002410_laughing.jpg,Bingsu/Human_Action_Recognition,laughing,1,0,0,0,0,0,0,0,0,0,0,0,0,0,0,0,1,0,0,0
data/external/actions/human_action_recognition/train/002411_clapping.jpg,Bingsu/Human_Action_Recognition,clapping,0,0,0,0,1,0,0,0,0,0,0,0,0,0,0,0,0,1,0,0
data/external/actions/human_action_recognition/train/002412_cycling.jpg,Bingsu/Human_Action_Recognition,cycling,0,0,0,0,0,0,0,0,1,0,0,0,0,0,0,0,0,1,0,0
data/external/actions/human_action_recognition/train/002413_listening_to_music.jpg,Bingsu/Human_Action_Recognition,listening_to_music,0,1,0,0,0,0,0,0,0,0,0,0,0,0,0,0,1,0,0,0
data/external/actions/human_action_recognition/train/002414_cycling.jpg,Bingsu/Human_Action_Recognition,cycling,0,0,0,0,0,0,0,0,1,0,0,0,0,0,0,0,0,1,0,0
data/external/actions/human_action_recognition/train/002415_fighting.jpg,Bingsu/Human_Action_Recognition,fighting,0,0,0,0,0,0,0,0,0,0,0,0,0,0,0,0,0,1,1,0
data/external/actions/human_action_recognition/train/002416_sitting.jpg,Bingsu/Human_Action_Recognition,sitting,0,1,0,0,0,0,0,0,0,0,0,0,0,0,0,0,1,0,0,0
data/external/actions/human_action_recognition/train/002417_clapping.jpg,Bingsu/Human_Action_Recognition,clapping,0,0,0,0,1,0,0,0,0,0,0,0,0,0,0,0,0,1,0,0
data/external/actions/human_action_recognition/train/002418_listening_to_music.jpg,Bingsu/Human_Action_Recognition,listening_to_music,0,1,0,0,0,0,0,0,0,0,0,0,0,0,0,0,1,0,0,0
data/external/actions/human_action_recognition/train/002419_clapping.jpg,Bingsu/Human_Action_Recognition,clapping,0,0,0,0,1,0,0,0,0,0,0,0,0,0,0,0,0,1,0,0
data/external/actions/human_action_recognition/train/002420_dancing.jpg,Bingsu/Human_Action_Recognition,dancing,0,0,0,0,0,0,0,0,0,0,1,0,0,0,0,0,0,1,0,0
data/external/actions/human_action_recognition/train/002421_using_laptop.jpg,Bingsu/Human_Action_Recognition,using_laptop,0,1,0,0,0,0,0,0,0,0,0,0,1,0,0,0,1,0,0,0
data/external/actions/human_action_recognition/train/002422_dancing.jpg,Bingsu/Human_Action_Recognition,dancing,0,0,0,0,0,0,0,0,0,0,1,0,0,0,0,0,0,1,0,0
data/external/actions/human_action_recognition/train/002423_laughing.jpg,Bingsu/Human_Action_Recognition,laughing,1,0,0,0,0,0,0,0,0,0,0,0,0,0,0,0,1,0,0,0
data/external/actions/human_action_recognition/train/002424_dancing.jpg,Bingsu/Human_Action_Recognition,dancing,0,0,0,0,0,0,0,0,0,0,1,0,0,0,0,0,0,1,0,0
data/external/actions/human_action_recognition/train/002425_sitting.jpg,Bingsu/Human_Action_Recognition,sitting,0,1,0,0,0,0,0,0,0,0,0,0,0,0,0,0,1,0,0,0
data/external/actions/human_action_recognition/train/002426_eating.jpg,Bingsu/Human_Action_Recognition,eating,0,0,0,0,0,0,0,0,0,0,0,0,0,1,0,0,0,0,0,0
data/external/actions/human_action_recognition/train/002427_eating.jpg,Bingsu/Human_Action_Recognition,eating,0,0,0,0,0,0,0,0,0,0,0,0,0,1,0,0,0,0,0,0
data/external/actions/human_action_recognition/train/002428_laughing.jpg,Bingsu/Human_Action_Recognition,laughing,1,0,0,0,0,0,0,0,0,0,0,0,0,0,0,0,1,0,0,0
data/external/actions/human_action_recognition/train/002429_running.jpg,Bingsu/Human_Action_Recognition,running,0,0,0,0,0,0,1,0,0,0,0,0,0,0,0,0,0,1,1,0
data/external/actions/human_action_recognition/train/002430_texting.jpg,Bingsu/Human_Action_Recognition,texting,0,1,0,0,0,0,0,0,0,0,0,0,0,0,0,0,1,0,0,0
data/external/actions/human_action_recognition/train/002431_using_laptop.jpg,Bingsu/Human_Action_Recognition,using_laptop,0,1,0,0,0,0,0,0,0,0,0,0,1,0,0,0,1,0,0,0
data/external/actions/human_action_recognition/train/002432_fighting.jpg,Bingsu/Human_Action_Recognition,fighting,0,0,0,0,0,0,0,0,0,0,0,0,0,0,0,0,0,1,1,0
data/external/actions/human_action_recognition/train/002433_hugging.jpg,Bingsu/Human_Action_Recognition,hugging,1,0,0,0,0,0,0,0,0,0,0,0,0,0,0,0,1,0,0,0
data/external/actions/human_action_recognition/train/002434_clapping.jpg,Bingsu/Human_Action_Recognition,clapping,0,0,0,0,1,0,0,0,0,0,0,0,0,0,0,0,0,1,0,0
data/external/actions/human_action_recognition/train/002435_running.jpg,Bingsu/Human_Action_Recognition,running,0,0,0,0,0,0,1,0,0,0,0,0,0,0,0,0,0,1,1,0
data/external/actions/human_action_recognition/train/002436_clapping.jpg,Bingsu/Human_Action_Recognition,clapping,0,0,0,0,1,0,0,0,0,0,0,0,0,0,0,0,0,1,0,0
data/external/actions/human_action_recognition/train/002437_laughing.jpg,Bingsu/Human_Action_Recognition,laughing,1,0,0,0,0,0,0,0,0,0,0,0,0,0,0,0,1,0,0,0
data/external/actions/human_action_recognition/train/002438_laughing.jpg,Bingsu/Human_Action_Recognition,laughing,1,0,0,0,0,0,0,0,0,0,0,0,0,0,0,0,1,0,0,0
data/external/actions/human_action_recognition/train/002439_texting.jpg,Bingsu/Human_Action_Recognition,texting,0,1,0,0,0,0,0,0,0,0,0,0,0,0,0,0,1,0,0,0
data/external/actions/human_action_recognition/train/002440_texting.jpg,Bingsu/Human_Action_Recognition,texting,0,1,0,0,0,0,0,0,0,0,0,0,0,0,0,0,1,0,0,0
data/external/actions/human_action_recognition/train/002441_texting.jpg,Bingsu/Human_Action_Recognition,texting,0,1,0,0,0,0,0,0,0,0,0,0,0,0,0,0,1,0,0,0
data/external/actions/human_action_recognition/train/002442_listening_to_music.jpg,Bingsu/Human_Action_Recognition,listening_to_music,0,1,0,0,0,0,0,0,0,0,0,0,0,0,0,0,1,0,0,0
data/external/actions/human_action_recognition/train/002443_cycling.jpg,Bingsu/Human_Action_Recognition,cycling,0,0,0,0,0,0,0,0,1,0,0,0,0,0,0,0,0,1,0,0
data/external/actions/human_action_recognition/train/002444_texting.jpg,Bingsu/Human_Action_Recognition,texting,0,1,0,0,0,0,0,0,0,0,0,0,0,0,0,0,1,0,0,0
data/external/actions/human_action_recognition/train/002445_texting.jpg,Bingsu/Human_Action_Recognition,texting,0,1,0,0,0,0,0,0,0,0,0,0,0,0,0,0,1,0,0,0
data/external/actions/human_action_recognition/train/002446_cycling.jpg,Bingsu/Human_Action_Recognition,cycling,0,0,0,0,0,0,0,0,1,0,0,0,0,0,0,0,0,1,0,0
data/external/actions/human_action_recognition/train/002447_drinking.jpg,Bingsu/Human_Action_Recognition,drinking,0,0,0,0,0,0,0,0,0,0,0,0,0,0,1,0,0,0,0,0
data/external/actions/human_action_recognition/train/002448_clapping.jpg,Bingsu/Human_Action_Recognition,clapping,0,0,0,0,1,0,0,0,0,0,0,0,0,0,0,0,0,1,0,0
data/external/actions/human_action_recognition/train/002449_drinking.jpg,Bingsu/Human_Action_Recognition,drinking,0,0,0,0,0,0,0,0,0,0,0,0,0,0,1,0,0,0,0,0
data/external/actions/human_action_recognition/train/002450_clapping.jpg,Bingsu/Human_Action_Recognition,clapping,0,0,0,0,1,0,0,0,0,0,0,0,0,0,0,0,0,1,0,0
data/external/actions/human_action_recognition/train/002451_using_laptop.jpg,Bingsu/Human_Action_Recognition,using_laptop,0,1,0,0,0,0,0,0,0,0,0,0,1,0,0,0,1,0,0,0
data/external/actions/human_action_recognition/train/002452_cycling.jpg,Bingsu/Human_Action_Recognition,cycling,0,0,0,0,0,0,0,0,1,0,0,0,0,0,0,0,0,1,0,0
data/external/actions/human_action_recognition/train/002453_using_laptop.jpg,Bingsu/Human_Action_Recognition,using_laptop,0,1,0,0,0,0,0,0,0,0,0,0,1,0,0,0,1,0,0,0
data/external/actions/human_action_recognition/train/002454_laughing.jpg,Bingsu/Human_Action_Recognition,laughing,1,0,0,0,0,0,0,0,0,0,0,0,0,0,0,0,1,0,0,0
data/external/actions/human_action_recognition/train/002455_dancing.jpg,Bingsu/Human_Action_Recognition,dancing,0,0,0,0,0,0,0,0,0,0,1,0,0,0,0,0,0,1,0,0
data/external/actions/human_action_recognition/train/002456_hugging.jpg,Bingsu/Human_Action_Recognition,hugging,1,0,0,0,0,0,0,0,0,0,0,0,0,0,0,0,1,0,0,0
data/external/actions/human_action_recognition/train/002457_eating.jpg,Bingsu/Human_Action_Recognition,eating,0,0,0,0,0,0,0,0,0,0,0,0,0,1,0,0,0,0,0,0
data/external/actions/human_action_recognition/train/002458_laughing.jpg,Bingsu/Human_Action_Recognition,laughing,1,0,0,0,0,0,0,0,0,0,0,0,0,0,0,0,1,0,0,0
data/external/actions/human_action_recognition/train/002459_listening_to_music.jpg,Bingsu/Human_Action_Recognition,listening_to_music,0,1,0,0,0,0,0,0,0,0,0,0,0,0,0,0,1,0,0,0
data/external/actions/human_action_recognition/train/002460_calling.jpg,Bingsu/Human_Action_Recognition,calling,1,0,0,0,0,0,0,0,0,0,0,0,0,0,0,0,1,0,0,0
data/external/actions/human_action_recognition/train/002461_sitting.jpg,Bingsu/Human_Action_Recognition,sitting,0,1,0,0,0,0,0,0,0,0,0,0,0,0,0,0,1,0,0,0
data/external/actions/human_action_recognition/train/002462_sitting.jpg,Bingsu/Human_Action_Recognition,sitting,0,1,0,0,0,0,0,0,0,0,0,0,0,0,0,0,1,0,0,0
data/external/actions/human_action_recognition/train/002463_running.jpg,Bingsu/Human_Action_Recognition,running,0,0,0,0,0,0,1,0,0,0,0,0,0,0,0,0,0,1,1,0
data/external/actions/human_action_recognition/train/002464_dancing.jpg,Bingsu/Human_Action_Recognition,dancing,0,0,0,0,0,0,0,0,0,0,1,0,0,0,0,0,0,1,0,0
data/external/actions/human_action_recognition/train/002465_cycling.jpg,Bingsu/Human_Action_Recognition,cycling,0,0,0,0,0,0,0,0,1,0,0,0,0,0,0,0,0,1,0,0
data/external/actions/human_action_recognition/train/002466_eating.jpg,Bingsu/Human_Action_Recognition,eating,0,0,0,0,0,0,0,0,0,0,0,0,0,1,0,0,0,0,0,0
data/external/actions/human_action_recognition/train/002467_eating.jpg,Bingsu/Human_Action_Recognition,eating,0,0,0,0,0,0,0,0,0,0,0,0,0,1,0,0,0,0,0,0
data/external/actions/human_action_recognition/train/002468_drinking.jpg,Bingsu/Human_Action_Recognition,drinking,0,0,0,0,0,0,0,0,0,0,0,0,0,0,1,0,0,0,0,0
data/external/actions/human_action_recognition/train/002469_dancing.jpg,Bingsu/Human_Action_Recognition,dancing,0,0,0,0,0,0,0,0,0,0,1,0,0,0,0,0,0,1,0,0
data/external/actions/human_action_recognition/train/002470_sleeping.jpg,Bingsu/Human_Action_Recognition,sleeping,0,0,1,0,0,0,0,0,0,0,0,0,0,0,0,0,1,0,0,0
data/external/actions/human_action_recognition/train/002471_calling.jpg,Bingsu/Human_Action_Recognition,calling,1,0,0,0,0,0,0,0,0,0,0,0,0,0,0,0,1,0,0,0
data/external/actions/human_action_recognition/train/002472_calling.jpg,Bingsu/Human_Action_Recognition,calling,1,0,0,0,0,0,0,0,0,0,0,0,0,0,0,0,1,0,0,0
data/external/actions/human_action_recognition/train/002473_hugging.jpg,Bingsu/Human_Action_Recognition,hugging,1,0,0,0,0,0,0,0,0,0,0,0,0,0,0,0,1,0,0,0
data/external/actions/human_action_recognition/train/002474_clapping.jpg,Bingsu/Human_Action_Recognition,clapping,0,0,0,0,1,0,0,0,0,0,0,0,0,0,0,0,0,1,0,0
data/external/actions/human_action_recognition/train/002475_eating.jpg,Bingsu/Human_Action_Recognition,eating,0,0,0,0,0,0,0,0,0,0,0,0,0,1,0,0,0,0,0,0
data/external/actions/human_action_recognition/train/002476_dancing.jpg,Bingsu/Human_Action_Recognition,dancing,0,0,0,0,0,0,0,0,0,0,1,0,0,0,0,0,0,1,0,0
data/external/actions/human_action_recognition/train/002477_eating.jpg,Bingsu/Human_Action_Recognition,eating,0,0,0,0,0,0,0,0,0,0,0,0,0,1,0,0,0,0,0,0
data/external/actions/human_action_recognition/train/002478_sleeping.jpg,Bingsu/Human_Action_Recognition,sleeping,0,0,1,0,0,0,0,0,0,0,0,0,0,0,0,0,1,0,0,0
data/external/actions/human_action_recognition/train/002479_running.jpg,Bingsu/Human_Action_Recognition,running,0,0,0,0,0,0,1,0,0,0,0,0,0,0,0,0,0,1,1,0
data/external/actions/human_action_recognition/train/002480_eating.jpg,Bingsu/Human_Action_Recognition,eating,0,0,0,0,0,0,0,0,0,0,0,0,0,1,0,0,0,0,0,0
data/external/actions/human_action_recognition/train/002481_using_laptop.jpg,Bingsu/Human_Action_Recognition,using_laptop,0,1,0,0,0,0,0,0,0,0,0,0,1,0,0,0,1,0,0,0
data/external/actions/human_action_recognition/train/002482_laughing.jpg,Bingsu/Human_Action_Recognition,laughing,1,0,0,0,0,0,0,0,0,0,0,0,0,0,0,0,1,0,0,0
data/external/actions/human_action_recognition/train/002483_laughing.jpg,Bingsu/Human_Action_Recognition,laughing,1,0,0,0,0,0,0,0,0,0,0,0,0,0,0,0,1,0,0,0
data/external/actions/human_action_recognition/train/002484_fighting.jpg,Bingsu/Human_Action_Recognition,fighting,0,0,0,0,0,0,0,0,0,0,0,0,0,0,0,0,0,1,1,0
data/external/actions/human_action_recognition/train/002485_texting.jpg,Bingsu/Human_Action_Recognition,texting,0,1,0,0,0,0,0,0,0,0,0,0,0,0,0,0,1,0,0,0
data/external/actions/human_action_recognition/train/002486_fighting.jpg,Bingsu/Human_Action_Recognition,fighting,0,0,0,0,0,0,0,0,0,0,0,0,0,0,0,0,0,1,1,0
data/external/actions/human_action_recognition/train/002487_sleeping.jpg,Bingsu/Human_Action_Recognition,sleeping,0,0,1,0,0,0,0,0,0,0,0,0,0,0,0,0,1,0,0,0
data/external/actions/human_action_recognition/train/002488_dancing.jpg,Bingsu/Human_Action_Recognition,dancing,0,0,0,0,0,0,0,0,0,0,1,0,0,0,0,0,0,1,0,0
data/external/actions/human_action_recognition/train/002489_texting.jpg,Bingsu/Human_Action_Recognition,texting,0,1,0,0,0,0,0,0,0,0,0,0,0,0,0,0,1,0,0,0
data/external/actions/human_action_recognition/train/002490_sitting.jpg,Bingsu/Human_Action_Recognition,sitting,0,1,0,0,0,0,0,0,0,0,0,0,0,0,0,0,1,0,0,0
data/external/actions/human_action_recognition/train/002491_dancing.jpg,Bingsu/Human_Action_Recognition,dancing,0,0,0,0,0,0,0,0,0,0,1,0,0,0,0,0,0,1,0,0
data/external/actions/human_action_recognition/train/002492_fighting.jpg,Bingsu/Human_Action_Recognition,fighting,0,0,0,0,0,0,0,0,0,0,0,0,0,0,0,0,0,1,1,0
data/external/actions/human_action_recognition/train/002493_calling.jpg,Bingsu/Human_Action_Recognition,calling,1,0,0,0,0,0,0,0,0,0,0,0,0,0,0,0,1,0,0,0
data/external/actions/human_action_recognition/train/002494_calling.jpg,Bingsu/Human_Action_Recognition,calling,1,0,0,0,0,0,0,0,0,0,0,0,0,0,0,0,1,0,0,0
data/external/actions/human_action_recognition/train/002495_dancing.jpg,Bingsu/Human_Action_Recognition,dancing,0,0,0,0,0,0,0,0,0,0,1,0,0,0,0,0,0,1,0,0
data/external/actions/human_action_recognition/train/002496_using_laptop.jpg,Bingsu/Human_Action_Recognition,using_laptop,0,1,0,0,0,0,0,0,0,0,0,0,1,0,0,0,1,0,0,0
data/external/actions/human_action_recognition/train/002497_clapping.jpg,Bingsu/Human_Action_Recognition,clapping,0,0,0,0,1,0,0,0,0,0,0,0,0,0,0,0,0,1,0,0
data/external/actions/human_action_recognition/train/002498_laughing.jpg,Bingsu/Human_Action_Recognition,laughing,1,0,0,0,0,0,0,0,0,0,0,0,0,0,0,0,1,0,0,0
data/external/actions/human_action_recognition/train/002499_calling.jpg,Bingsu/Human_Action_Recognition,calling,1,0,0,0,0,0,0,0,0,0,0,0,0,0,0,0,1,0,0,0
data/external/actions/human_action_recognition/train/002500_listening_to_music.jpg,Bingsu/Human_Action_Recognition,listening_to_music,0,1,0,0,0,0,0,0,0,0,0,0,0,0,0,0,1,0,0,0
data/external/actions/human_action_recognition/train/002501_calling.jpg,Bingsu/Human_Action_Recognition,calling,1,0,0,0,0,0,0,0,0,0,0,0,0,0,0,0,1,0,0,0
data/external/actions/human_action_recognition/train/002502_using_laptop.jpg,Bingsu/Human_Action_Recognition,using_laptop,0,1,0,0,0,0,0,0,0,0,0,0,1,0,0,0,1,0,0,0
data/external/actions/human_action_recognition/train/002503_fighting.jpg,Bingsu/Human_Action_Recognition,fighting,0,0,0,0,0,0,0,0,0,0,0,0,0,0,0,0,0,1,1,0
data/external/actions/human_action_recognition/train/002504_hugging.jpg,Bingsu/Human_Action_Recognition,hugging,1,0,0,0,0,0,0,0,0,0,0,0,0,0,0,0,1,0,0,0
data/external/actions/human_action_recognition/train/002505_hugging.jpg,Bingsu/Human_Action_Recognition,hugging,1,0,0,0,0,0,0,0,0,0,0,0,0,0,0,0,1,0,0,0
data/external/actions/human_action_recognition/train/002506_hugging.jpg,Bingsu/Human_Action_Recognition,hugging,1,0,0,0,0,0,0,0,0,0,0,0,0,0,0,0,1,0,0,0
data/external/actions/human_action_recognition/train/002507_eating.jpg,Bingsu/Human_Action_Recognition,eating,0,0,0,0,0,0,0,0,0,0,0,0,0,1,0,0,0,0,0,0
data/external/actions/human_action_recognition/train/002508_sleeping.jpg,Bingsu/Human_Action_Recognition,sleeping,0,0,1,0,0,0,0,0,0,0,0,0,0,0,0,0,1,0,0,0
data/external/actions/human_action_recognition/train/002509_running.jpg,Bingsu/Human_Action_Recognition,running,0,0,0,0,0,0,1,0,0,0,0,0,0,0,0,0,0,1,1,0
data/external/actions/human_action_recognition/train/002510_calling.jpg,Bingsu/Human_Action_Recognition,calling,1,0,0,0,0,0,0,0,0,0,0,0,0,0,0,0,1,0,0,0
data/external/actions/human_action_recognition/train/002511_sitting.jpg,Bingsu/Human_Action_Recognition,sitting,0,1,0,0,0,0,0,0,0,0,0,0,0,0,0,0,1,0,0,0
data/external/actions/human_action_recognition/train/002512_calling.jpg,Bingsu/Human_Action_Recognition,calling,1,0,0,0,0,0,0,0,0,0,0,0,0,0,0,0,1,0,0,0
data/external/actions/human_action_recognition/train/002513_fighting.jpg,Bingsu/Human_Action_Recognition,fighting,0,0,0,0,0,0,0,0,0,0,0,0,0,0,0,0,0,1,1,0
data/external/actions/human_action_recognition/train/002514_hugging.jpg,Bingsu/Human_Action_Recognition,hugging,1,0,0,0,0,0,0,0,0,0,0,0,0,0,0,0,1,0,0,0
data/external/actions/human_action_recognition/train/002515_calling.jpg,Bingsu/Human_Action_Recognition,calling,1,0,0,0,0,0,0,0,0,0,0,0,0,0,0,0,1,0,0,0
data/external/actions/human_action_recognition/train/002516_listening_to_music.jpg,Bingsu/Human_Action_Recognition,listening_to_music,0,1,0,0,0,0,0,0,0,0,0,0,0,0,0,0,1,0,0,0
data/external/actions/human_action_recognition/train/002517_eating.jpg,Bingsu/Human_Action_Recognition,eating,0,0,0,0,0,0,0,0,0,0,0,0,0,1,0,0,0,0,0,0
data/external/actions/human_action_recognition/train/002518_sitting.jpg,Bingsu/Human_Action_Recognition,sitting,0,1,0,0,0,0,0,0,0,0,0,0,0,0,0,0,1,0,0,0
data/external/actions/human_action_recognition/train/002519_laughing.jpg,Bingsu/Human_Action_Recognition,laughing,1,0,0,0,0,0,0,0,0,0,0,0,0,0,0,0,1,0,0,0
data/external/actions/human_action_recognition/train/002520_hugging.jpg,Bingsu/Human_Action_Recognition,hugging,1,0,0,0,0,0,0,0,0,0,0,0,0,0,0,0,1,0,0,0
data/external/actions/human_action_recognition/train/002521_running.jpg,Bingsu/Human_Action_Recognition,running,0,0,0,0,0,0,1,0,0,0,0,0,0,0,0,0,0,1,1,0
data/external/actions/human_action_recognition/train/002522_using_laptop.jpg,Bingsu/Human_Action_Recognition,using_laptop,0,1,0,0,0,0,0,0,0,0,0,0,1,0,0,0,1,0,0,0
data/external/actions/human_action_recognition/train/002523_cycling.jpg,Bingsu/Human_Action_Recognition,cycling,0,0,0,0,0,0,0,0,1,0,0,0,0,0,0,0,0,1,0,0
data/external/actions/human_action_recognition/train/002524_drinking.jpg,Bingsu/Human_Action_Recognition,drinking,0,0,0,0,0,0,0,0,0,0,0,0,0,0,1,0,0,0,0,0
data/external/actions/human_action_recognition/train/002525_drinking.jpg,Bingsu/Human_Action_Recognition,drinking,0,0,0,0,0,0,0,0,0,0,0,0,0,0,1,0,0,0,0,0
data/external/actions/human_action_recognition/train/002526_drinking.jpg,Bingsu/Human_Action_Recognition,drinking,0,0,0,0,0,0,0,0,0,0,0,0,0,0,1,0,0,0,0,0
data/external/actions/human_action_recognition/train/002527_drinking.jpg,Bingsu/Human_Action_Recognition,drinking,0,0,0,0,0,0,0,0,0,0,0,0,0,0,1,0,0,0,0,0
data/external/actions/human_action_recognition/train/002528_laughing.jpg,Bingsu/Human_Action_Recognition,laughing,1,0,0,0,0,0,0,0,0,0,0,0,0,0,0,0,1,0,0,0
data/external/actions/human_action_recognition/train/002529_cycling.jpg,Bingsu/Human_Action_Recognition,cycling,0,0,0,0,0,0,0,0,1,0,0,0,0,0,0,0,0,1,0,0
data/external/actions/human_action_recognition/train/002530_using_laptop.jpg,Bingsu/Human_Action_Recognition,using_laptop,0,1,0,0,0,0,0,0,0,0,0,0,1,0,0,0,1,0,0,0
data/external/actions/human_action_recognition/train/002531_laughing.jpg,Bingsu/Human_Action_Recognition,laughing,1,0,0,0,0,0,0,0,0,0,0,0,0,0,0,0,1,0,0,0
data/external/actions/human_action_recognition/train/002532_listening_to_music.jpg,Bingsu/Human_Action_Recognition,listening_to_music,0,1,0,0,0,0,0,0,0,0,0,0,0,0,0,0,1,0,0,0
data/external/actions/human_action_recognition/train/002533_using_laptop.jpg,Bingsu/Human_Action_Recognition,using_laptop,0,1,0,0,0,0,0,0,0,0,0,0,1,0,0,0,1,0,0,0
data/external/actions/human_action_recognition/train/002534_dancing.jpg,Bingsu/Human_Action_Recognition,dancing,0,0,0,0,0,0,0,0,0,0,1,0,0,0,0,0,0,1,0,0
data/external/actions/human_action_recognition/train/002535_drinking.jpg,Bingsu/Human_Action_Recognition,drinking,0,0,0,0,0,0,0,0,0,0,0,0,0,0,1,0,0,0,0,0
data/external/actions/human_action_recognition/train/002536_listening_to_music.jpg,Bingsu/Human_Action_Recognition,listening_to_music,0,1,0,0,0,0,0,0,0,0,0,0,0,0,0,0,1,0,0,0
data/external/actions/human_action_recognition/train/002537_sleeping.jpg,Bingsu/Human_Action_Recognition,sleeping,0,0,1,0,0,0,0,0,0,0,0,0,0,0,0,0,1,0,0,0
data/external/actions/human_action_recognition/train/002538_running.jpg,Bingsu/Human_Action_Recognition,running,0,0,0,0,0,0,1,0,0,0,0,0,0,0,0,0,0,1,1,0
data/external/actions/human_action_recognition/train/002539_calling.jpg,Bingsu/Human_Action_Recognition,calling,1,0,0,0,0,0,0,0,0,0,0,0,0,0,0,0,1,0,0,0
data/external/actions/human_action_recognition/train/002540_listening_to_music.jpg,Bingsu/Human_Action_Recognition,listening_to_music,0,1,0,0,0,0,0,0,0,0,0,0,0,0,0,0,1,0,0,0
data/external/actions/human_action_recognition/train/002541_hugging.jpg,Bingsu/Human_Action_Recognition,hugging,1,0,0,0,0,0,0,0,0,0,0,0,0,0,0,0,1,0,0,0
data/external/actions/human_action_recognition/train/002542_using_laptop.jpg,Bingsu/Human_Action_Recognition,using_laptop,0,1,0,0,0,0,0,0,0,0,0,0,1,0,0,0,1,0,0,0
data/external/actions/human_action_recognition/train/002543_listening_to_music.jpg,Bingsu/Human_Action_Recognition,listening_to_music,0,1,0,0,0,0,0,0,0,0,0,0,0,0,0,0,1,0,0,0
data/external/actions/human_action_recognition/train/002544_listening_to_music.jpg,Bingsu/Human_Action_Recognition,listening_to_music,0,1,0,0,0,0,0,0,0,0,0,0,0,0,0,0,1,0,0,0
data/external/actions/human_action_recognition/train/002545_listening_to_music.jpg,Bingsu/Human_Action_Recognition,listening_to_music,0,1,0,0,0,0,0,0,0,0,0,0,0,0,0,0,1,0,0,0
data/external/actions/human_action_recognition/train/002546_hugging.jpg,Bingsu/Human_Action_Recognition,hugging,1,0,0,0,0,0,0,0,0,0,0,0,0,0,0,0,1,0,0,0
data/external/actions/human_action_recognition/train/002547_clapping.jpg,Bingsu/Human_Action_Recognition,clapping,0,0,0,0,1,0,0,0,0,0,0,0,0,0,0,0,0,1,0,0
data/external/actions/human_action_recognition/train/002548_sitting.jpg,Bingsu/Human_Action_Recognition,sitting,0,1,0,0,0,0,0,0,0,0,0,0,0,0,0,0,1,0,0,0
data/external/actions/human_action_recognition/train/002549_hugging.jpg,Bingsu/Human_Action_Recognition,hugging,1,0,0,0,0,0,0,0,0,0,0,0,0,0,0,0,1,0,0,0
data/external/actions/human_action_recognition/train/002550_hugging.jpg,Bingsu/Human_Action_Recognition,hugging,1,0,0,0,0,0,0,0,0,0,0,0,0,0,0,0,1,0,0,0
data/external/actions/human_action_recognition/train/002551_using_laptop.jpg,Bingsu/Human_Action_Recognition,using_laptop,0,1,0,0,0,0,0,0,0,0,0,0,1,0,0,0,1,0,0,0
data/external/actions/human_action_recognition/train/002552_drinking.jpg,Bingsu/Human_Action_Recognition,drinking,0,0,0,0,0,0,0,0,0,0,0,0,0,0,1,0,0,0,0,0
data/external/actions/human_action_recognition/train/002553_cycling.jpg,Bingsu/Human_Action_Recognition,cycling,0,0,0,0,0,0,0,0,1,0,0,0,0,0,0,0,0,1,0,0
data/external/actions/human_action_recognition/train/002554_calling.jpg,Bingsu/Human_Action_Recognition,calling,1,0,0,0,0,0,0,0,0,0,0,0,0,0,0,0,1,0,0,0
data/external/actions/human_action_recognition/train/002555_texting.jpg,Bingsu/Human_Action_Recognition,texting,0,1,0,0,0,0,0,0,0,0,0,0,0,0,0,0,1,0,0,0
data/external/actions/human_action_recognition/train/002556_drinking.jpg,Bingsu/Human_Action_Recognition,drinking,0,0,0,0,0,0,0,0,0,0,0,0,0,0,1,0,0,0,0,0
data/external/actions/human_action_recognition/train/002557_texting.jpg,Bingsu/Human_Action_Recognition,texting,0,1,0,0,0,0,0,0,0,0,0,0,0,0,0,0,1,0,0,0
data/external/actions/human_action_recognition/train/002558_clapping.jpg,Bingsu/Human_Action_Recognition,clapping,0,0,0,0,1,0,0,0,0,0,0,0,0,0,0,0,0,1,0,0
data/external/actions/human_action_recognition/train/002559_eating.jpg,Bingsu/Human_Action_Recognition,eating,0,0,0,0,0,0,0,0,0,0,0,0,0,1,0,0,0,0,0,0
data/external/actions/human_action_recognition/train/002560_drinking.jpg,Bingsu/Human_Action_Recognition,drinking,0,0,0,0,0,0,0,0,0,0,0,0,0,0,1,0,0,0,0,0
data/external/actions/human_action_recognition/train/002561_eating.jpg,Bingsu/Human_Action_Recognition,eating,0,0,0,0,0,0,0,0,0,0,0,0,0,1,0,0,0,0,0,0
data/external/actions/human_action_recognition/train/002562_sitting.jpg,Bingsu/Human_Action_Recognition,sitting,0,1,0,0,0,0,0,0,0,0,0,0,0,0,0,0,1,0,0,0
data/external/actions/human_action_recognition/train/002563_cycling.jpg,Bingsu/Human_Action_Recognition,cycling,0,0,0,0,0,0,0,0,1,0,0,0,0,0,0,0,0,1,0,0
data/external/actions/human_action_recognition/train/002564_clapping.jpg,Bingsu/Human_Action_Recognition,clapping,0,0,0,0,1,0,0,0,0,0,0,0,0,0,0,0,0,1,0,0
data/external/actions/human_action_recognition/train/002565_drinking.jpg,Bingsu/Human_Action_Recognition,drinking,0,0,0,0,0,0,0,0,0,0,0,0,0,0,1,0,0,0,0,0
data/external/actions/human_action_recognition/train/002566_hugging.jpg,Bingsu/Human_Action_Recognition,hugging,1,0,0,0,0,0,0,0,0,0,0,0,0,0,0,0,1,0,0,0
data/external/actions/human_action_recognition/train/002567_sleeping.jpg,Bingsu/Human_Action_Recognition,sleeping,0,0,1,0,0,0,0,0,0,0,0,0,0,0,0,0,1,0,0,0
data/external/actions/human_action_recognition/train/002568_sleeping.jpg,Bingsu/Human_Action_Recognition,sleeping,0,0,1,0,0,0,0,0,0,0,0,0,0,0,0,0,1,0,0,0
data/external/actions/human_action_recognition/train/002569_listening_to_music.jpg,Bingsu/Human_Action_Recognition,listening_to_music,0,1,0,0,0,0,0,0,0,0,0,0,0,0,0,0,1,0,0,0
data/external/actions/human_action_recognition/train/002570_calling.jpg,Bingsu/Human_Action_Recognition,calling,1,0,0,0,0,0,0,0,0,0,0,0,0,0,0,0,1,0,0,0
data/external/actions/human_action_recognition/train/002571_clapping.jpg,Bingsu/Human_Action_Recognition,clapping,0,0,0,0,1,0,0,0,0,0,0,0,0,0,0,0,0,1,0,0
data/external/actions/human_action_recognition/train/002572_calling.jpg,Bingsu/Human_Action_Recognition,calling,1,0,0,0,0,0,0,0,0,0,0,0,0,0,0,0,1,0,0,0
data/external/actions/human_action_recognition/train/002573_listening_to_music.jpg,Bingsu/Human_Action_Recognition,listening_to_music,0,1,0,0,0,0,0,0,0,0,0,0,0,0,0,0,1,0,0,0
data/external/actions/human_action_recognition/train/002574_hugging.jpg,Bingsu/Human_Action_Recognition,hugging,1,0,0,0,0,0,0,0,0,0,0,0,0,0,0,0,1,0,0,0
data/external/actions/human_action_recognition/train/002575_running.jpg,Bingsu/Human_Action_Recognition,running,0,0,0,0,0,0,1,0,0,0,0,0,0,0,0,0,0,1,1,0
data/external/actions/human_action_recognition/train/002576_calling.jpg,Bingsu/Human_Action_Recognition,calling,1,0,0,0,0,0,0,0,0,0,0,0,0,0,0,0,1,0,0,0
data/external/actions/human_action_recognition/train/002577_cycling.jpg,Bingsu/Human_Action_Recognition,cycling,0,0,0,0,0,0,0,0,1,0,0,0,0,0,0,0,0,1,0,0
data/external/actions/human_action_recognition/train/002578_sleeping.jpg,Bingsu/Human_Action_Recognition,sleeping,0,0,1,0,0,0,0,0,0,0,0,0,0,0,0,0,1,0,0,0
data/external/actions/human_action_recognition/train/002579_drinking.jpg,Bingsu/Human_Action_Recognition,drinking,0,0,0,0,0,0,0,0,0,0,0,0,0,0,1,0,0,0,0,0
data/external/actions/human_action_recognition/train/002580_sitting.jpg,Bingsu/Human_Action_Recognition,sitting,0,1,0,0,0,0,0,0,0,0,0,0,0,0,0,0,1,0,0,0
data/external/actions/human_action_recognition/train/002581_fighting.jpg,Bingsu/Human_Action_Recognition,fighting,0,0,0,0,0,0,0,0,0,0,0,0,0,0,0,0,0,1,1,0
data/external/actions/human_action_recognition/train/002582_calling.jpg,Bingsu/Human_Action_Recognition,calling,1,0,0,0,0,0,0,0,0,0,0,0,0,0,0,0,1,0,0,0
data/external/actions/human_action_recognition/train/002583_running.jpg,Bingsu/Human_Action_Recognition,running,0,0,0,0,0,0,1,0,0,0,0,0,0,0,0,0,0,1,1,0
data/external/actions/human_action_recognition/train/002584_laughing.jpg,Bingsu/Human_Action_Recognition,laughing,1,0,0,0,0,0,0,0,0,0,0,0,0,0,0,0,1,0,0,0
data/external/actions/human_action_recognition/train/002585_sleeping.jpg,Bingsu/Human_Action_Recognition,sleeping,0,0,1,0,0,0,0,0,0,0,0,0,0,0,0,0,1,0,0,0
data/external/actions/human_action_recognition/train/002586_dancing.jpg,Bingsu/Human_Action_Recognition,dancing,0,0,0,0,0,0,0,0,0,0,1,0,0,0,0,0,0,1,0,0
data/external/actions/human_action_recognition/train/002587_calling.jpg,Bingsu/Human_Action_Recognition,calling,1,0,0,0,0,0,0,0,0,0,0,0,0,0,0,0,1,0,0,0
data/external/actions/human_action_recognition/train/002588_eating.jpg,Bingsu/Human_Action_Recognition,eating,0,0,0,0,0,0,0,0,0,0,0,0,0,1,0,0,0,0,0,0
data/external/actions/human_action_recognition/train/002589_eating.jpg,Bingsu/Human_Action_Recognition,eating,0,0,0,0,0,0,0,0,0,0,0,0,0,1,0,0,0,0,0,0
data/external/actions/human_action_recognition/train/002590_cycling.jpg,Bingsu/Human_Action_Recognition,cycling,0,0,0,0,0,0,0,0,1,0,0,0,0,0,0,0,0,1,0,0
data/external/actions/human_action_recognition/train/002591_texting.jpg,Bingsu/Human_Action_Recognition,texting,0,1,0,0,0,0,0,0,0,0,0,0,0,0,0,0,1,0,0,0
data/external/actions/human_action_recognition/train/002592_clapping.jpg,Bingsu/Human_Action_Recognition,clapping,0,0,0,0,1,0,0,0,0,0,0,0,0,0,0,0,0,1,0,0
data/external/actions/human_action_recognition/train/002593_running.jpg,Bingsu/Human_Action_Recognition,running,0,0,0,0,0,0,1,0,0,0,0,0,0,0,0,0,0,1,1,0
data/external/actions/human_action_recognition/train/002594_running.jpg,Bingsu/Human_Action_Recognition,running,0,0,0,0,0,0,1,0,0,0,0,0,0,0,0,0,0,1,1,0
data/external/actions/human_action_recognition/train/002595_sitting.jpg,Bingsu/Human_Action_Recognition,sitting,0,1,0,0,0,0,0,0,0,0,0,0,0,0,0,0,1,0,0,0
data/external/actions/human_action_recognition/train/002596_hugging.jpg,Bingsu/Human_Action_Recognition,hugging,1,0,0,0,0,0,0,0,0,0,0,0,0,0,0,0,1,0,0,0
data/external/actions/human_action_recognition/train/002597_listening_to_music.jpg,Bingsu/Human_Action_Recognition,listening_to_music,0,1,0,0,0,0,0,0,0,0,0,0,0,0,0,0,1,0,0,0
data/external/actions/human_action_recognition/train/002598_sleeping.jpg,Bingsu/Human_Action_Recognition,sleeping,0,0,1,0,0,0,0,0,0,0,0,0,0,0,0,0,1,0,0,0
data/external/actions/human_action_recognition/train/002599_listening_to_music.jpg,Bingsu/Human_Action_Recognition,listening_to_music,0,1,0,0,0,0,0,0,0,0,0,0,0,0,0,0,1,0,0,0
data/external/actions/human_action_recognition/train/002600_sleeping.jpg,Bingsu/Human_Action_Recognition,sleeping,0,0,1,0,0,0,0,0,0,0,0,0,0,0,0,0,1,0,0,0
data/external/actions/human_action_recognition/train/002601_sitting.jpg,Bingsu/Human_Action_Recognition,sitting,0,1,0,0,0,0,0,0,0,0,0,0,0,0,0,0,1,0,0,0
data/external/actions/human_action_recognition/train/002602_laughing.jpg,Bingsu/Human_Action_Recognition,laughing,1,0,0,0,0,0,0,0,0,0,0,0,0,0,0,0,1,0,0,0
data/external/actions/human_action_recognition/train/002603_drinking.jpg,Bingsu/Human_Action_Recognition,drinking,0,0,0,0,0,0,0,0,0,0,0,0,0,0,1,0,0,0,0,0
data/external/actions/human_action_recognition/train/002604_sitting.jpg,Bingsu/Human_Action_Recognition,sitting,0,1,0,0,0,0,0,0,0,0,0,0,0,0,0,0,1,0,0,0
data/external/actions/human_action_recognition/train/002605_hugging.jpg,Bingsu/Human_Action_Recognition,hugging,1,0,0,0,0,0,0,0,0,0,0,0,0,0,0,0,1,0,0,0
data/external/actions/human_action_recognition/train/002606_fighting.jpg,Bingsu/Human_Action_Recognition,fighting,0,0,0,0,0,0,0,0,0,0,0,0,0,0,0,0,0,1,1,0
data/external/actions/human_action_recognition/train/002607_using_laptop.jpg,Bingsu/Human_Action_Recognition,using_laptop,0,1,0,0,0,0,0,0,0,0,0,0,1,0,0,0,1,0,0,0
data/external/actions/human_action_recognition/train/002608_eating.jpg,Bingsu/Human_Action_Recognition,eating,0,0,0,0,0,0,0,0,0,0,0,0,0,1,0,0,0,0,0,0
data/external/actions/human_action_recognition/train/002609_sleeping.jpg,Bingsu/Human_Action_Recognition,sleeping,0,0,1,0,0,0,0,0,0,0,0,0,0,0,0,0,1,0,0,0
data/external/actions/human_action_recognition/train/002610_fighting.jpg,Bingsu/Human_Action_Recognition,fighting,0,0,0,0,0,0,0,0,0,0,0,0,0,0,0,0,0,1,1,0
data/external/actions/human_action_recognition/train/002611_running.jpg,Bingsu/Human_Action_Recognition,running,0,0,0,0,0,0,1,0,0,0,0,0,0,0,0,0,0,1,1,0
data/external/actions/human_action_recognition/train/002612_hugging.jpg,Bingsu/Human_Action_Recognition,hugging,1,0,0,0,0,0,0,0,0,0,0,0,0,0,0,0,1,0,0,0
data/external/actions/human_action_recognition/train/002613_drinking.jpg,Bingsu/Human_Action_Recognition,drinking,0,0,0,0,0,0,0,0,0,0,0,0,0,0,1,0,0,0,0,0
data/external/actions/human_action_recognition/train/002614_sitting.jpg,Bingsu/Human_Action_Recognition,sitting,0,1,0,0,0,0,0,0,0,0,0,0,0,0,0,0,1,0,0,0
data/external/actions/human_action_recognition/train/002615_calling.jpg,Bingsu/Human_Action_Recognition,calling,1,0,0,0,0,0,0,0,0,0,0,0,0,0,0,0,1,0,0,0
data/external/actions/human_action_recognition/train/002616_hugging.jpg,Bingsu/Human_Action_Recognition,hugging,1,0,0,0,0,0,0,0,0,0,0,0,0,0,0,0,1,0,0,0
data/external/actions/human_action_recognition/train/002617_sitting.jpg,Bingsu/Human_Action_Recognition,sitting,0,1,0,0,0,0,0,0,0,0,0,0,0,0,0,0,1,0,0,0
data/external/actions/human_action_recognition/train/002618_clapping.jpg,Bingsu/Human_Action_Recognition,clapping,0,0,0,0,1,0,0,0,0,0,0,0,0,0,0,0,0,1,0,0
data/external/actions/human_action_recognition/train/002619_laughing.jpg,Bingsu/Human_Action_Recognition,laughing,1,0,0,0,0,0,0,0,0,0,0,0,0,0,0,0,1,0,0,0
data/external/actions/human_action_recognition/train/002620_hugging.jpg,Bingsu/Human_Action_Recognition,hugging,1,0,0,0,0,0,0,0,0,0,0,0,0,0,0,0,1,0,0,0
data/external/actions/human_action_recognition/train/002621_sitting.jpg,Bingsu/Human_Action_Recognition,sitting,0,1,0,0,0,0,0,0,0,0,0,0,0,0,0,0,1,0,0,0
data/external/actions/human_action_recognition/train/002622_cycling.jpg,Bingsu/Human_Action_Recognition,cycling,0,0,0,0,0,0,0,0,1,0,0,0,0,0,0,0,0,1,0,0
data/external/actions/human_action_recognition/train/002623_calling.jpg,Bingsu/Human_Action_Recognition,calling,1,0,0,0,0,0,0,0,0,0,0,0,0,0,0,0,1,0,0,0
data/external/actions/human_action_recognition/train/002624_sitting.jpg,Bingsu/Human_Action_Recognition,sitting,0,1,0,0,0,0,0,0,0,0,0,0,0,0,0,0,1,0,0,0
data/external/actions/human_action_recognition/train/002625_listening_to_music.jpg,Bingsu/Human_Action_Recognition,listening_to_music,0,1,0,0,0,0,0,0,0,0,0,0,0,0,0,0,1,0,0,0
data/external/actions/human_action_recognition/train/002626_using_laptop.jpg,Bingsu/Human_Action_Recognition,using_laptop,0,1,0,0,0,0,0,0,0,0,0,0,1,0,0,0,1,0,0,0
data/external/actions/human_action_recognition/train/002627_fighting.jpg,Bingsu/Human_Action_Recognition,fighting,0,0,0,0,0,0,0,0,0,0,0,0,0,0,0,0,0,1,1,0
data/external/actions/human_action_recognition/train/002628_dancing.jpg,Bingsu/Human_Action_Recognition,dancing,0,0,0,0,0,0,0,0,0,0,1,0,0,0,0,0,0,1,0,0
data/external/actions/human_action_recognition/train/002629_drinking.jpg,Bingsu/Human_Action_Recognition,drinking,0,0,0,0,0,0,0,0,0,0,0,0,0,0,1,0,0,0,0,0
data/external/actions/human_action_recognition/train/002630_clapping.jpg,Bingsu/Human_Action_Recognition,clapping,0,0,0,0,1,0,0,0,0,0,0,0,0,0,0,0,0,1,0,0
data/external/actions/human_action_recognition/train/002631_calling.jpg,Bingsu/Human_Action_Recognition,calling,1,0,0,0,0,0,0,0,0,0,0,0,0,0,0,0,1,0,0,0
data/external/actions/human_action_recognition/train/002632_clapping.jpg,Bingsu/Human_Action_Recognition,clapping,0,0,0,0,1,0,0,0,0,0,0,0,0,0,0,0,0,1,0,0
data/external/actions/human_action_recognition/train/002633_clapping.jpg,Bingsu/Human_Action_Recognition,clapping,0,0,0,0,1,0,0,0,0,0,0,0,0,0,0,0,0,1,0,0
data/external/actions/human_action_recognition/train/002634_fighting.jpg,Bingsu/Human_Action_Recognition,fighting,0,0,0,0,0,0,0,0,0,0,0,0,0,0,0,0,0,1,1,0
data/external/actions/human_action_recognition/train/002635_sitting.jpg,Bingsu/Human_Action_Recognition,sitting,0,1,0,0,0,0,0,0,0,0,0,0,0,0,0,0,1,0,0,0
data/external/actions/human_action_recognition/train/002636_eating.jpg,Bingsu/Human_Action_Recognition,eating,0,0,0,0,0,0,0,0,0,0,0,0,0,1,0,0,0,0,0,0
data/external/actions/human_action_recognition/train/002637_cycling.jpg,Bingsu/Human_Action_Recognition,cycling,0,0,0,0,0,0,0,0,1,0,0,0,0,0,0,0,0,1,0,0
data/external/actions/human_action_recognition/train/002638_sleeping.jpg,Bingsu/Human_Action_Recognition,sleeping,0,0,1,0,0,0,0,0,0,0,0,0,0,0,0,0,1,0,0,0
data/external/actions/human_action_recognition/train/002639_calling.jpg,Bingsu/Human_Action_Recognition,calling,1,0,0,0,0,0,0,0,0,0,0,0,0,0,0,0,1,0,0,0
data/external/actions/human_action_recognition/train/002640_eating.jpg,Bingsu/Human_Action_Recognition,eating,0,0,0,0,0,0,0,0,0,0,0,0,0,1,0,0,0,0,0,0
data/external/actions/human_action_recognition/train/002641_calling.jpg,Bingsu/Human_Action_Recognition,calling,1,0,0,0,0,0,0,0,0,0,0,0,0,0,0,0,1,0,0,0
data/external/actions/human_action_recognition/train/002642_running.jpg,Bingsu/Human_Action_Recognition,running,0,0,0,0,0,0,1,0,0,0,0,0,0,0,0,0,0,1,1,0
data/external/actions/human_action_recognition/train/002643_eating.jpg,Bingsu/Human_Action_Recognition,eating,0,0,0,0,0,0,0,0,0,0,0,0,0,1,0,0,0,0,0,0
data/external/actions/human_action_recognition/train/002644_calling.jpg,Bingsu/Human_Action_Recognition,calling,1,0,0,0,0,0,0,0,0,0,0,0,0,0,0,0,1,0,0,0
data/external/actions/human_action_recognition/train/002645_laughing.jpg,Bingsu/Human_Action_Recognition,laughing,1,0,0,0,0,0,0,0,0,0,0,0,0,0,0,0,1,0,0,0
data/external/actions/human_action_recognition/train/002646_fighting.jpg,Bingsu/Human_Action_Recognition,fighting,0,0,0,0,0,0,0,0,0,0,0,0,0,0,0,0,0,1,1,0
data/external/actions/human_action_recognition/train/002647_sitting.jpg,Bingsu/Human_Action_Recognition,sitting,0,1,0,0,0,0,0,0,0,0,0,0,0,0,0,0,1,0,0,0
data/external/actions/human_action_recognition/train/002648_cycling.jpg,Bingsu/Human_Action_Recognition,cycling,0,0,0,0,0,0,0,0,1,0,0,0,0,0,0,0,0,1,0,0
data/external/actions/human_action_recognition/train/002649_hugging.jpg,Bingsu/Human_Action_Recognition,hugging,1,0,0,0,0,0,0,0,0,0,0,0,0,0,0,0,1,0,0,0
data/external/actions/human_action_recognition/train/002650_cycling.jpg,Bingsu/Human_Action_Recognition,cycling,0,0,0,0,0,0,0,0,1,0,0,0,0,0,0,0,0,1,0,0
data/external/actions/human_action_recognition/train/002651_sitting.jpg,Bingsu/Human_Action_Recognition,sitting,0,1,0,0,0,0,0,0,0,0,0,0,0,0,0,0,1,0,0,0
data/external/actions/human_action_recognition/train/002652_fighting.jpg,Bingsu/Human_Action_Recognition,fighting,0,0,0,0,0,0,0,0,0,0,0,0,0,0,0,0,0,1,1,0
data/external/actions/human_action_recognition/train/002653_calling.jpg,Bingsu/Human_Action_Recognition,calling,1,0,0,0,0,0,0,0,0,0,0,0,0,0,0,0,1,0,0,0
data/external/actions/human_action_recognition/train/002654_running.jpg,Bingsu/Human_Action_Recognition,running,0,0,0,0,0,0,1,0,0,0,0,0,0,0,0,0,0,1,1,0
data/external/actions/human_action_recognition/train/002655_texting.jpg,Bingsu/Human_Action_Recognition,texting,0,1,0,0,0,0,0,0,0,0,0,0,0,0,0,0,1,0,0,0
data/external/actions/human_action_recognition/train/002656_sitting.jpg,Bingsu/Human_Action_Recognition,sitting,0,1,0,0,0,0,0,0,0,0,0,0,0,0,0,0,1,0,0,0
data/external/actions/human_action_recognition/train/002657_sleeping.jpg,Bingsu/Human_Action_Recognition,sleeping,0,0,1,0,0,0,0,0,0,0,0,0,0,0,0,0,1,0,0,0
data/external/actions/human_action_recognition/train/002658_sitting.jpg,Bingsu/Human_Action_Recognition,sitting,0,1,0,0,0,0,0,0,0,0,0,0,0,0,0,0,1,0,0,0
data/external/actions/human_action_recognition/train/002659_texting.jpg,Bingsu/Human_Action_Recognition,texting,0,1,0,0,0,0,0,0,0,0,0,0,0,0,0,0,1,0,0,0
data/external/actions/human_action_recognition/train/002660_dancing.jpg,Bingsu/Human_Action_Recognition,dancing,0,0,0,0,0,0,0,0,0,0,1,0,0,0,0,0,0,1,0,0
data/external/actions/human_action_recognition/train/002661_running.jpg,Bingsu/Human_Action_Recognition,running,0,0,0,0,0,0,1,0,0,0,0,0,0,0,0,0,0,1,1,0
data/external/actions/human_action_recognition/train/002662_fighting.jpg,Bingsu/Human_Action_Recognition,fighting,0,0,0,0,0,0,0,0,0,0,0,0,0,0,0,0,0,1,1,0
data/external/actions/human_action_recognition/train/002663_clapping.jpg,Bingsu/Human_Action_Recognition,clapping,0,0,0,0,1,0,0,0,0,0,0,0,0,0,0,0,0,1,0,0
data/external/actions/human_action_recognition/train/002664_running.jpg,Bingsu/Human_Action_Recognition,running,0,0,0,0,0,0,1,0,0,0,0,0,0,0,0,0,0,1,1,0
data/external/actions/human_action_recognition/train/002665_texting.jpg,Bingsu/Human_Action_Recognition,texting,0,1,0,0,0,0,0,0,0,0,0,0,0,0,0,0,1,0,0,0
data/external/actions/human_action_recognition/train/002666_running.jpg,Bingsu/Human_Action_Recognition,running,0,0,0,0,0,0,1,0,0,0,0,0,0,0,0,0,0,1,1,0
data/external/actions/human_action_recognition/train/002667_texting.jpg,Bingsu/Human_Action_Recognition,texting,0,1,0,0,0,0,0,0,0,0,0,0,0,0,0,0,1,0,0,0
data/external/actions/human_action_recognition/train/002668_running.jpg,Bingsu/Human_Action_Recognition,running,0,0,0,0,0,0,1,0,0,0,0,0,0,0,0,0,0,1,1,0
data/external/actions/human_action_recognition/train/002669_laughing.jpg,Bingsu/Human_Action_Recognition,laughing,1,0,0,0,0,0,0,0,0,0,0,0,0,0,0,0,1,0,0,0
data/external/actions/human_action_recognition/train/002670_dancing.jpg,Bingsu/Human_Action_Recognition,dancing,0,0,0,0,0,0,0,0,0,0,1,0,0,0,0,0,0,1,0,0
data/external/actions/human_action_recognition/train/002671_clapping.jpg,Bingsu/Human_Action_Recognition,clapping,0,0,0,0,1,0,0,0,0,0,0,0,0,0,0,0,0,1,0,0
data/external/actions/human_action_recognition/train/002672_clapping.jpg,Bingsu/Human_Action_Recognition,clapping,0,0,0,0,1,0,0,0,0,0,0,0,0,0,0,0,0,1,0,0
data/external/actions/human_action_recognition/train/002673_sitting.jpg,Bingsu/Human_Action_Recognition,sitting,0,1,0,0,0,0,0,0,0,0,0,0,0,0,0,0,1,0,0,0
data/external/actions/human_action_recognition/train/002674_cycling.jpg,Bingsu/Human_Action_Recognition,cycling,0,0,0,0,0,0,0,0,1,0,0,0,0,0,0,0,0,1,0,0
data/external/actions/human_action_recognition/train/002675_eating.jpg,Bingsu/Human_Action_Recognition,eating,0,0,0,0,0,0,0,0,0,0,0,0,0,1,0,0,0,0,0,0
data/external/actions/human_action_recognition/train/002676_laughing.jpg,Bingsu/Human_Action_Recognition,laughing,1,0,0,0,0,0,0,0,0,0,0,0,0,0,0,0,1,0,0,0
data/external/actions/human_action_recognition/train/002677_calling.jpg,Bingsu/Human_Action_Recognition,calling,1,0,0,0,0,0,0,0,0,0,0,0,0,0,0,0,1,0,0,0
data/external/actions/human_action_recognition/train/002678_laughing.jpg,Bingsu/Human_Action_Recognition,laughing,1,0,0,0,0,0,0,0,0,0,0,0,0,0,0,0,1,0,0,0
data/external/actions/human_action_recognition/train/002679_hugging.jpg,Bingsu/Human_Action_Recognition,hugging,1,0,0,0,0,0,0,0,0,0,0,0,0,0,0,0,1,0,0,0
data/external/actions/human_action_recognition/train/002680_hugging.jpg,Bingsu/Human_Action_Recognition,hugging,1,0,0,0,0,0,0,0,0,0,0,0,0,0,0,0,1,0,0,0
data/external/actions/human_action_recognition/train/002681_sitting.jpg,Bingsu/Human_Action_Recognition,sitting,0,1,0,0,0,0,0,0,0,0,0,0,0,0,0,0,1,0,0,0
data/external/actions/human_action_recognition/train/002682_sleeping.jpg,Bingsu/Human_Action_Recognition,sleeping,0,0,1,0,0,0,0,0,0,0,0,0,0,0,0,0,1,0,0,0
data/external/actions/human_action_recognition/train/002683_drinking.jpg,Bingsu/Human_Action_Recognition,drinking,0,0,0,0,0,0,0,0,0,0,0,0,0,0,1,0,0,0,0,0
data/external/actions/human_action_recognition/train/002684_running.jpg,Bingsu/Human_Action_Recognition,running,0,0,0,0,0,0,1,0,0,0,0,0,0,0,0,0,0,1,1,0
data/external/actions/human_action_recognition/train/002685_sleeping.jpg,Bingsu/Human_Action_Recognition,sleeping,0,0,1,0,0,0,0,0,0,0,0,0,0,0,0,0,1,0,0,0
data/external/actions/human_action_recognition/train/002686_sleeping.jpg,Bingsu/Human_Action_Recognition,sleeping,0,0,1,0,0,0,0,0,0,0,0,0,0,0,0,0,1,0,0,0
data/external/actions/human_action_recognition/train/002687_sleeping.jpg,Bingsu/Human_Action_Recognition,sleeping,0,0,1,0,0,0,0,0,0,0,0,0,0,0,0,0,1,0,0,0
data/external/actions/human_action_recognition/train/002688_calling.jpg,Bingsu/Human_Action_Recognition,calling,1,0,0,0,0,0,0,0,0,0,0,0,0,0,0,0,1,0,0,0
data/external/actions/human_action_recognition/train/002689_sleeping.jpg,Bingsu/Human_Action_Recognition,sleeping,0,0,1,0,0,0,0,0,0,0,0,0,0,0,0,0,1,0,0,0
data/external/actions/human_action_recognition/train/002690_drinking.jpg,Bingsu/Human_Action_Recognition,drinking,0,0,0,0,0,0,0,0,0,0,0,0,0,0,1,0,0,0,0,0
data/external/actions/human_action_recognition/train/002691_using_laptop.jpg,Bingsu/Human_Action_Recognition,using_laptop,0,1,0,0,0,0,0,0,0,0,0,0,1,0,0,0,1,0,0,0
data/external/actions/human_action_recognition/train/002692_sitting.jpg,Bingsu/Human_Action_Recognition,sitting,0,1,0,0,0,0,0,0,0,0,0,0,0,0,0,0,1,0,0,0
data/external/actions/human_action_recognition/train/002693_running.jpg,Bingsu/Human_Action_Recognition,running,0,0,0,0,0,0,1,0,0,0,0,0,0,0,0,0,0,1,1,0
data/external/actions/human_action_recognition/train/002694_dancing.jpg,Bingsu/Human_Action_Recognition,dancing,0,0,0,0,0,0,0,0,0,0,1,0,0,0,0,0,0,1,0,0
data/external/actions/human_action_recognition/train/002695_clapping.jpg,Bingsu/Human_Action_Recognition,clapping,0,0,0,0,1,0,0,0,0,0,0,0,0,0,0,0,0,1,0,0
data/external/actions/human_action_recognition/train/002696_fighting.jpg,Bingsu/Human_Action_Recognition,fighting,0,0,0,0,0,0,0,0,0,0,0,0,0,0,0,0,0,1,1,0
data/external/actions/human_action_recognition/train/002697_eating.jpg,Bingsu/Human_Action_Recognition,eating,0,0,0,0,0,0,0,0,0,0,0,0,0,1,0,0,0,0,0,0
data/external/actions/human_action_recognition/train/002698_eating.jpg,Bingsu/Human_Action_Recognition,eating,0,0,0,0,0,0,0,0,0,0,0,0,0,1,0,0,0,0,0,0
data/external/actions/human_action_recognition/train/002699_sleeping.jpg,Bingsu/Human_Action_Recognition,sleeping,0,0,1,0,0,0,0,0,0,0,0,0,0,0,0,0,1,0,0,0
data/external/actions/human_action_recognition/train/002700_sleeping.jpg,Bingsu/Human_Action_Recognition,sleeping,0,0,1,0,0,0,0,0,0,0,0,0,0,0,0,0,1,0,0,0
data/external/actions/human_action_recognition/train/002701_texting.jpg,Bingsu/Human_Action_Recognition,texting,0,1,0,0,0,0,0,0,0,0,0,0,0,0,0,0,1,0,0,0
data/external/actions/human_action_recognition/train/002702_laughing.jpg,Bingsu/Human_Action_Recognition,laughing,1,0,0,0,0,0,0,0,0,0,0,0,0,0,0,0,1,0,0,0
data/external/actions/human_action_recognition/train/002703_dancing.jpg,Bingsu/Human_Action_Recognition,dancing,0,0,0,0,0,0,0,0,0,0,1,0,0,0,0,0,0,1,0,0
data/external/actions/human_action_recognition/train/002704_using_laptop.jpg,Bingsu/Human_Action_Recognition,using_laptop,0,1,0,0,0,0,0,0,0,0,0,0,1,0,0,0,1,0,0,0
data/external/actions/human_action_recognition/train/002705_texting.jpg,Bingsu/Human_Action_Recognition,texting,0,1,0,0,0,0,0,0,0,0,0,0,0,0,0,0,1,0,0,0
data/external/actions/human_action_recognition/train/002706_running.jpg,Bingsu/Human_Action_Recognition,running,0,0,0,0,0,0,1,0,0,0,0,0,0,0,0,0,0,1,1,0
data/external/actions/human_action_recognition/train/002707_fighting.jpg,Bingsu/Human_Action_Recognition,fighting,0,0,0,0,0,0,0,0,0,0,0,0,0,0,0,0,0,1,1,0
data/external/actions/human_action_recognition/train/002708_cycling.jpg,Bingsu/Human_Action_Recognition,cycling,0,0,0,0,0,0,0,0,1,0,0,0,0,0,0,0,0,1,0,0
data/external/actions/human_action_recognition/train/002709_cycling.jpg,Bingsu/Human_Action_Recognition,cycling,0,0,0,0,0,0,0,0,1,0,0,0,0,0,0,0,0,1,0,0
data/external/actions/human_action_recognition/train/002710_cycling.jpg,Bingsu/Human_Action_Recognition,cycling,0,0,0,0,0,0,0,0,1,0,0,0,0,0,0,0,0,1,0,0
data/external/actions/human_action_recognition/train/002711_sitting.jpg,Bingsu/Human_Action_Recognition,sitting,0,1,0,0,0,0,0,0,0,0,0,0,0,0,0,0,1,0,0,0
data/external/actions/human_action_recognition/train/002712_fighting.jpg,Bingsu/Human_Action_Recognition,fighting,0,0,0,0,0,0,0,0,0,0,0,0,0,0,0,0,0,1,1,0
data/external/actions/human_action_recognition/train/002713_cycling.jpg,Bingsu/Human_Action_Recognition,cycling,0,0,0,0,0,0,0,0,1,0,0,0,0,0,0,0,0,1,0,0
data/external/actions/human_action_recognition/train/002714_eating.jpg,Bingsu/Human_Action_Recognition,eating,0,0,0,0,0,0,0,0,0,0,0,0,0,1,0,0,0,0,0,0
data/external/actions/human_action_recognition/train/002715_clapping.jpg,Bingsu/Human_Action_Recognition,clapping,0,0,0,0,1,0,0,0,0,0,0,0,0,0,0,0,0,1,0,0
data/external/actions/human_action_recognition/train/002716_clapping.jpg,Bingsu/Human_Action_Recognition,clapping,0,0,0,0,1,0,0,0,0,0,0,0,0,0,0,0,0,1,0,0
data/external/actions/human_action_recognition/train/002717_running.jpg,Bingsu/Human_Action_Recognition,running,0,0,0,0,0,0,1,0,0,0,0,0,0,0,0,0,0,1,1,0
data/external/actions/human_action_recognition/train/002718_texting.jpg,Bingsu/Human_Action_Recognition,texting,0,1,0,0,0,0,0,0,0,0,0,0,0,0,0,0,1,0,0,0
data/external/actions/human_action_recognition/train/002719_sleeping.jpg,Bingsu/Human_Action_Recognition,sleeping,0,0,1,0,0,0,0,0,0,0,0,0,0,0,0,0,1,0,0,0
data/external/actions/human_action_recognition/train/002720_eating.jpg,Bingsu/Human_Action_Recognition,eating,0,0,0,0,0,0,0,0,0,0,0,0,0,1,0,0,0,0,0,0
data/external/actions/human_action_recognition/train/002721_texting.jpg,Bingsu/Human_Action_Recognition,texting,0,1,0,0,0,0,0,0,0,0,0,0,0,0,0,0,1,0,0,0
data/external/actions/human_action_recognition/train/002722_running.jpg,Bingsu/Human_Action_Recognition,running,0,0,0,0,0,0,1,0,0,0,0,0,0,0,0,0,0,1,1,0
data/external/actions/human_action_recognition/train/002723_laughing.jpg,Bingsu/Human_Action_Recognition,laughing,1,0,0,0,0,0,0,0,0,0,0,0,0,0,0,0,1,0,0,0
data/external/actions/human_action_recognition/train/002724_eating.jpg,Bingsu/Human_Action_Recognition,eating,0,0,0,0,0,0,0,0,0,0,0,0,0,1,0,0,0,0,0,0
data/external/actions/human_action_recognition/train/002725_fighting.jpg,Bingsu/Human_Action_Recognition,fighting,0,0,0,0,0,0,0,0,0,0,0,0,0,0,0,0,0,1,1,0
data/external/actions/human_action_recognition/train/002726_eating.jpg,Bingsu/Human_Action_Recognition,eating,0,0,0,0,0,0,0,0,0,0,0,0,0,1,0,0,0,0,0,0
data/external/actions/human_action_recognition/train/002727_laughing.jpg,Bingsu/Human_Action_Recognition,laughing,1,0,0,0,0,0,0,0,0,0,0,0,0,0,0,0,1,0,0,0
data/external/actions/human_action_recognition/train/002728_hugging.jpg,Bingsu/Human_Action_Recognition,hugging,1,0,0,0,0,0,0,0,0,0,0,0,0,0,0,0,1,0,0,0
data/external/actions/human_action_recognition/train/002729_clapping.jpg,Bingsu/Human_Action_Recognition,clapping,0,0,0,0,1,0,0,0,0,0,0,0,0,0,0,0,0,1,0,0
data/external/actions/human_action_recognition/train/002730_clapping.jpg,Bingsu/Human_Action_Recognition,clapping,0,0,0,0,1,0,0,0,0,0,0,0,0,0,0,0,0,1,0,0
data/external/actions/human_action_recognition/train/002731_drinking.jpg,Bingsu/Human_Action_Recognition,drinking,0,0,0,0,0,0,0,0,0,0,0,0,0,0,1,0,0,0,0,0
data/external/actions/human_action_recognition/train/002732_calling.jpg,Bingsu/Human_Action_Recognition,calling,1,0,0,0,0,0,0,0,0,0,0,0,0,0,0,0,1,0,0,0
data/external/actions/human_action_recognition/train/002733_hugging.jpg,Bingsu/Human_Action_Recognition,hugging,1,0,0,0,0,0,0,0,0,0,0,0,0,0,0,0,1,0,0,0
data/external/actions/human_action_recognition/train/002734_clapping.jpg,Bingsu/Human_Action_Recognition,clapping,0,0,0,0,1,0,0,0,0,0,0,0,0,0,0,0,0,1,0,0
data/external/actions/human_action_recognition/train/002735_laughing.jpg,Bingsu/Human_Action_Recognition,laughing,1,0,0,0,0,0,0,0,0,0,0,0,0,0,0,0,1,0,0,0
data/external/actions/human_action_recognition/train/002736_dancing.jpg,Bingsu/Human_Action_Recognition,dancing,0,0,0,0,0,0,0,0,0,0,1,0,0,0,0,0,0,1,0,0
data/external/actions/human_action_recognition/train/002737_running.jpg,Bingsu/Human_Action_Recognition,running,0,0,0,0,0,0,1,0,0,0,0,0,0,0,0,0,0,1,1,0
data/external/actions/human_action_recognition/train/002738_hugging.jpg,Bingsu/Human_Action_Recognition,hugging,1,0,0,0,0,0,0,0,0,0,0,0,0,0,0,0,1,0,0,0
data/external/actions/human_action_recognition/train/002739_listening_to_music.jpg,Bingsu/Human_Action_Recognition,listening_to_music,0,1,0,0,0,0,0,0,0,0,0,0,0,0,0,0,1,0,0,0
data/external/actions/human_action_recognition/train/002740_laughing.jpg,Bingsu/Human_Action_Recognition,laughing,1,0,0,0,0,0,0,0,0,0,0,0,0,0,0,0,1,0,0,0
data/external/actions/human_action_recognition/train/002741_eating.jpg,Bingsu/Human_Action_Recognition,eating,0,0,0,0,0,0,0,0,0,0,0,0,0,1,0,0,0,0,0,0
data/external/actions/human_action_recognition/train/002742_listening_to_music.jpg,Bingsu/Human_Action_Recognition,listening_to_music,0,1,0,0,0,0,0,0,0,0,0,0,0,0,0,0,1,0,0,0
data/external/actions/human_action_recognition/train/002743_running.jpg,Bingsu/Human_Action_Recognition,running,0,0,0,0,0,0,1,0,0,0,0,0,0,0,0,0,0,1,1,0
data/external/actions/human_action_recognition/train/002744_texting.jpg,Bingsu/Human_Action_Recognition,texting,0,1,0,0,0,0,0,0,0,0,0,0,0,0,0,0,1,0,0,0
data/external/actions/human_action_recognition/train/002745_listening_to_music.jpg,Bingsu/Human_Action_Recognition,listening_to_music,0,1,0,0,0,0,0,0,0,0,0,0,0,0,0,0,1,0,0,0
data/external/actions/human_action_recognition/train/002746_sleeping.jpg,Bingsu/Human_Action_Recognition,sleeping,0,0,1,0,0,0,0,0,0,0,0,0,0,0,0,0,1,0,0,0
data/external/actions/human_action_recognition/train/002747_texting.jpg,Bingsu/Human_Action_Recognition,texting,0,1,0,0,0,0,0,0,0,0,0,0,0,0,0,0,1,0,0,0
data/external/actions/human_action_recognition/train/002748_hugging.jpg,Bingsu/Human_Action_Recognition,hugging,1,0,0,0,0,0,0,0,0,0,0,0,0,0,0,0,1,0,0,0
data/external/actions/human_action_recognition/train/002749_clapping.jpg,Bingsu/Human_Action_Recognition,clapping,0,0,0,0,1,0,0,0,0,0,0,0,0,0,0,0,0,1,0,0
data/external/actions/human_action_recognition/train/002750_listening_to_music.jpg,Bingsu/Human_Action_Recognition,listening_to_music,0,1,0,0,0,0,0,0,0,0,0,0,0,0,0,0,1,0,0,0
data/external/actions/human_action_recognition/train/002751_eating.jpg,Bingsu/Human_Action_Recognition,eating,0,0,0,0,0,0,0,0,0,0,0,0,0,1,0,0,0,0,0,0
data/external/actions/human_action_recognition/train/002752_calling.jpg,Bingsu/Human_Action_Recognition,calling,1,0,0,0,0,0,0,0,0,0,0,0,0,0,0,0,1,0,0,0
data/external/actions/human_action_recognition/train/002753_laughing.jpg,Bingsu/Human_Action_Recognition,laughing,1,0,0,0,0,0,0,0,0,0,0,0,0,0,0,0,1,0,0,0
data/external/actions/human_action_recognition/train/002754_fighting.jpg,Bingsu/Human_Action_Recognition,fighting,0,0,0,0,0,0,0,0,0,0,0,0,0,0,0,0,0,1,1,0
data/external/actions/human_action_recognition/train/002755_sitting.jpg,Bingsu/Human_Action_Recognition,sitting,0,1,0,0,0,0,0,0,0,0,0,0,0,0,0,0,1,0,0,0
data/external/actions/human_action_recognition/train/002756_cycling.jpg,Bingsu/Human_Action_Recognition,cycling,0,0,0,0,0,0,0,0,1,0,0,0,0,0,0,0,0,1,0,0
data/external/actions/human_action_recognition/train/002757_calling.jpg,Bingsu/Human_Action_Recognition,calling,1,0,0,0,0,0,0,0,0,0,0,0,0,0,0,0,1,0,0,0
data/external/actions/human_action_recognition/train/002758_drinking.jpg,Bingsu/Human_Action_Recognition,drinking,0,0,0,0,0,0,0,0,0,0,0,0,0,0,1,0,0,0,0,0
data/external/actions/human_action_recognition/train/002759_listening_to_music.jpg,Bingsu/Human_Action_Recognition,listening_to_music,0,1,0,0,0,0,0,0,0,0,0,0,0,0,0,0,1,0,0,0
data/external/actions/human_action_recognition/train/002760_calling.jpg,Bingsu/Human_Action_Recognition,calling,1,0,0,0,0,0,0,0,0,0,0,0,0,0,0,0,1,0,0,0
data/external/actions/human_action_recognition/train/002761_drinking.jpg,Bingsu/Human_Action_Recognition,drinking,0,0,0,0,0,0,0,0,0,0,0,0,0,0,1,0,0,0,0,0
data/external/actions/human_action_recognition/train/002762_eating.jpg,Bingsu/Human_Action_Recognition,eating,0,0,0,0,0,0,0,0,0,0,0,0,0,1,0,0,0,0,0,0
data/external/actions/human_action_recognition/train/002763_eating.jpg,Bingsu/Human_Action_Recognition,eating,0,0,0,0,0,0,0,0,0,0,0,0,0,1,0,0,0,0,0,0
data/external/actions/human_action_recognition/train/002764_drinking.jpg,Bingsu/Human_Action_Recognition,drinking,0,0,0,0,0,0,0,0,0,0,0,0,0,0,1,0,0,0,0,0
data/external/actions/human_action_recognition/train/002765_laughing.jpg,Bingsu/Human_Action_Recognition,laughing,1,0,0,0,0,0,0,0,0,0,0,0,0,0,0,0,1,0,0,0
data/external/actions/human_action_recognition/train/002766_laughing.jpg,Bingsu/Human_Action_Recognition,laughing,1,0,0,0,0,0,0,0,0,0,0,0,0,0,0,0,1,0,0,0
data/external/actions/human_action_recognition/train/002767_laughing.jpg,Bingsu/Human_Action_Recognition,laughing,1,0,0,0,0,0,0,0,0,0,0,0,0,0,0,0,1,0,0,0
data/external/actions/human_action_recognition/train/002768_eating.jpg,Bingsu/Human_Action_Recognition,eating,0,0,0,0,0,0,0,0,0,0,0,0,0,1,0,0,0,0,0,0
data/external/actions/human_action_recognition/train/002769_texting.jpg,Bingsu/Human_Action_Recognition,texting,0,1,0,0,0,0,0,0,0,0,0,0,0,0,0,0,1,0,0,0
data/external/actions/human_action_recognition/train/002770_clapping.jpg,Bingsu/Human_Action_Recognition,clapping,0,0,0,0,1,0,0,0,0,0,0,0,0,0,0,0,0,1,0,0
data/external/actions/human_action_recognition/train/002771_eating.jpg,Bingsu/Human_Action_Recognition,eating,0,0,0,0,0,0,0,0,0,0,0,0,0,1,0,0,0,0,0,0
data/external/actions/human_action_recognition/train/002772_fighting.jpg,Bingsu/Human_Action_Recognition,fighting,0,0,0,0,0,0,0,0,0,0,0,0,0,0,0,0,0,1,1,0
data/external/actions/human_action_recognition/train/002773_using_laptop.jpg,Bingsu/Human_Action_Recognition,using_laptop,0,1,0,0,0,0,0,0,0,0,0,0,1,0,0,0,1,0,0,0
data/external/actions/human_action_recognition/train/002774_texting.jpg,Bingsu/Human_Action_Recognition,texting,0,1,0,0,0,0,0,0,0,0,0,0,0,0,0,0,1,0,0,0
data/external/actions/human_action_recognition/train/002775_using_laptop.jpg,Bingsu/Human_Action_Recognition,using_laptop,0,1,0,0,0,0,0,0,0,0,0,0,1,0,0,0,1,0,0,0
data/external/actions/human_action_recognition/train/002776_sitting.jpg,Bingsu/Human_Action_Recognition,sitting,0,1,0,0,0,0,0,0,0,0,0,0,0,0,0,0,1,0,0,0
data/external/actions/human_action_recognition/train/002777_cycling.jpg,Bingsu/Human_Action_Recognition,cycling,0,0,0,0,0,0,0,0,1,0,0,0,0,0,0,0,0,1,0,0
data/external/actions/human_action_recognition/train/002778_sleeping.jpg,Bingsu/Human_Action_Recognition,sleeping,0,0,1,0,0,0,0,0,0,0,0,0,0,0,0,0,1,0,0,0
data/external/actions/human_action_recognition/train/002779_drinking.jpg,Bingsu/Human_Action_Recognition,drinking,0,0,0,0,0,0,0,0,0,0,0,0,0,0,1,0,0,0,0,0
data/external/actions/human_action_recognition/train/002780_dancing.jpg,Bingsu/Human_Action_Recognition,dancing,0,0,0,0,0,0,0,0,0,0,1,0,0,0,0,0,0,1,0,0
data/external/actions/human_action_recognition/train/002781_laughing.jpg,Bingsu/Human_Action_Recognition,laughing,1,0,0,0,0,0,0,0,0,0,0,0,0,0,0,0,1,0,0,0
data/external/actions/human_action_recognition/train/002782_using_laptop.jpg,Bingsu/Human_Action_Recognition,using_laptop,0,1,0,0,0,0,0,0,0,0,0,0,1,0,0,0,1,0,0,0
data/external/actions/human_action_recognition/train/002783_sleeping.jpg,Bingsu/Human_Action_Recognition,sleeping,0,0,1,0,0,0,0,0,0,0,0,0,0,0,0,0,1,0,0,0
data/external/actions/human_action_recognition/train/002784_sleeping.jpg,Bingsu/Human_Action_Recognition,sleeping,0,0,1,0,0,0,0,0,0,0,0,0,0,0,0,0,1,0,0,0
data/external/actions/human_action_recognition/train/002785_listening_to_music.jpg,Bingsu/Human_Action_Recognition,listening_to_music,0,1,0,0,0,0,0,0,0,0,0,0,0,0,0,0,1,0,0,0
data/external/actions/human_action_recognition/train/002786_fighting.jpg,Bingsu/Human_Action_Recognition,fighting,0,0,0,0,0,0,0,0,0,0,0,0,0,0,0,0,0,1,1,0
data/external/actions/human_action_recognition/train/002787_calling.jpg,Bingsu/Human_Action_Recognition,calling,1,0,0,0,0,0,0,0,0,0,0,0,0,0,0,0,1,0,0,0
data/external/actions/human_action_recognition/train/002788_laughing.jpg,Bingsu/Human_Action_Recognition,laughing,1,0,0,0,0,0,0,0,0,0,0,0,0,0,0,0,1,0,0,0
data/external/actions/human_action_recognition/train/002789_clapping.jpg,Bingsu/Human_Action_Recognition,clapping,0,0,0,0,1,0,0,0,0,0,0,0,0,0,0,0,0,1,0,0
data/external/actions/human_action_recognition/train/002790_laughing.jpg,Bingsu/Human_Action_Recognition,laughing,1,0,0,0,0,0,0,0,0,0,0,0,0,0,0,0,1,0,0,0
data/external/actions/human_action_recognition/train/002791_sleeping.jpg,Bingsu/Human_Action_Recognition,sleeping,0,0,1,0,0,0,0,0,0,0,0,0,0,0,0,0,1,0,0,0
data/external/actions/human_action_recognition/train/002792_sitting.jpg,Bingsu/Human_Action_Recognition,sitting,0,1,0,0,0,0,0,0,0,0,0,0,0,0,0,0,1,0,0,0
data/external/actions/human_action_recognition/train/002793_sitting.jpg,Bingsu/Human_Action_Recognition,sitting,0,1,0,0,0,0,0,0,0,0,0,0,0,0,0,0,1,0,0,0
data/external/actions/human_action_recognition/train/002794_calling.jpg,Bingsu/Human_Action_Recognition,calling,1,0,0,0,0,0,0,0,0,0,0,0,0,0,0,0,1,0,0,0
data/external/actions/human_action_recognition/train/002795_sitting.jpg,Bingsu/Human_Action_Recognition,sitting,0,1,0,0,0,0,0,0,0,0,0,0,0,0,0,0,1,0,0,0
data/external/actions/human_action_recognition/train/002796_texting.jpg,Bingsu/Human_Action_Recognition,texting,0,1,0,0,0,0,0,0,0,0,0,0,0,0,0,0,1,0,0,0
data/external/actions/human_action_recognition/train/002797_running.jpg,Bingsu/Human_Action_Recognition,running,0,0,0,0,0,0,1,0,0,0,0,0,0,0,0,0,0,1,1,0
data/external/actions/human_action_recognition/train/002798_sleeping.jpg,Bingsu/Human_Action_Recognition,sleeping,0,0,1,0,0,0,0,0,0,0,0,0,0,0,0,0,1,0,0,0
data/external/actions/human_action_recognition/train/002799_cycling.jpg,Bingsu/Human_Action_Recognition,cycling,0,0,0,0,0,0,0,0,1,0,0,0,0,0,0,0,0,1,0,0
data/external/actions/human_action_recognition/train/002800_running.jpg,Bingsu/Human_Action_Recognition,running,0,0,0,0,0,0,1,0,0,0,0,0,0,0,0,0,0,1,1,0
data/external/actions/human_action_recognition/train/002801_texting.jpg,Bingsu/Human_Action_Recognition,texting,0,1,0,0,0,0,0,0,0,0,0,0,0,0,0,0,1,0,0,0
data/external/actions/human_action_recognition/train/002802_clapping.jpg,Bingsu/Human_Action_Recognition,clapping,0,0,0,0,1,0,0,0,0,0,0,0,0,0,0,0,0,1,0,0
data/external/actions/human_action_recognition/train/002803_calling.jpg,Bingsu/Human_Action_Recognition,calling,1,0,0,0,0,0,0,0,0,0,0,0,0,0,0,0,1,0,0,0
data/external/actions/human_action_recognition/train/002804_hugging.jpg,Bingsu/Human_Action_Recognition,hugging,1,0,0,0,0,0,0,0,0,0,0,0,0,0,0,0,1,0,0,0
data/external/actions/human_action_recognition/train/002805_dancing.jpg,Bingsu/Human_Action_Recognition,dancing,0,0,0,0,0,0,0,0,0,0,1,0,0,0,0,0,0,1,0,0
data/external/actions/human_action_recognition/train/002806_running.jpg,Bingsu/Human_Action_Recognition,running,0,0,0,0,0,0,1,0,0,0,0,0,0,0,0,0,0,1,1,0
data/external/actions/human_action_recognition/train/002807_sitting.jpg,Bingsu/Human_Action_Recognition,sitting,0,1,0,0,0,0,0,0,0,0,0,0,0,0,0,0,1,0,0,0
data/external/actions/human_action_recognition/train/002808_texting.jpg,Bingsu/Human_Action_Recognition,texting,0,1,0,0,0,0,0,0,0,0,0,0,0,0,0,0,1,0,0,0
data/external/actions/human_action_recognition/train/002809_cycling.jpg,Bingsu/Human_Action_Recognition,cycling,0,0,0,0,0,0,0,0,1,0,0,0,0,0,0,0,0,1,0,0
data/external/actions/human_action_recognition/train/002810_dancing.jpg,Bingsu/Human_Action_Recognition,dancing,0,0,0,0,0,0,0,0,0,0,1,0,0,0,0,0,0,1,0,0
data/external/actions/human_action_recognition/train/002811_laughing.jpg,Bingsu/Human_Action_Recognition,laughing,1,0,0,0,0,0,0,0,0,0,0,0,0,0,0,0,1,0,0,0
data/external/actions/human_action_recognition/train/002812_calling.jpg,Bingsu/Human_Action_Recognition,calling,1,0,0,0,0,0,0,0,0,0,0,0,0,0,0,0,1,0,0,0
data/external/actions/human_action_recognition/train/002813_cycling.jpg,Bingsu/Human_Action_Recognition,cycling,0,0,0,0,0,0,0,0,1,0,0,0,0,0,0,0,0,1,0,0
data/external/actions/human_action_recognition/train/002814_sitting.jpg,Bingsu/Human_Action_Recognition,sitting,0,1,0,0,0,0,0,0,0,0,0,0,0,0,0,0,1,0,0,0
data/external/actions/human_action_recognition/train/002815_clapping.jpg,Bingsu/Human_Action_Recognition,clapping,0,0,0,0,1,0,0,0,0,0,0,0,0,0,0,0,0,1,0,0
data/external/actions/human_action_recognition/train/002816_cycling.jpg,Bingsu/Human_Action_Recognition,cycling,0,0,0,0,0,0,0,0,1,0,0,0,0,0,0,0,0,1,0,0
data/external/actions/human_action_recognition/train/002817_cycling.jpg,Bingsu/Human_Action_Recognition,cycling,0,0,0,0,0,0,0,0,1,0,0,0,0,0,0,0,0,1,0,0
data/external/actions/human_action_recognition/train/002818_cycling.jpg,Bingsu/Human_Action_Recognition,cycling,0,0,0,0,0,0,0,0,1,0,0,0,0,0,0,0,0,1,0,0
data/external/actions/human_action_recognition/train/002819_running.jpg,Bingsu/Human_Action_Recognition,running,0,0,0,0,0,0,1,0,0,0,0,0,0,0,0,0,0,1,1,0
data/external/actions/human_action_recognition/train/002820_eating.jpg,Bingsu/Human_Action_Recognition,eating,0,0,0,0,0,0,0,0,0,0,0,0,0,1,0,0,0,0,0,0
data/external/actions/human_action_recognition/train/002821_using_laptop.jpg,Bingsu/Human_Action_Recognition,using_laptop,0,1,0,0,0,0,0,0,0,0,0,0,1,0,0,0,1,0,0,0
data/external/actions/human_action_recognition/train/002822_listening_to_music.jpg,Bingsu/Human_Action_Recognition,listening_to_music,0,1,0,0,0,0,0,0,0,0,0,0,0,0,0,0,1,0,0,0
data/external/actions/human_action_recognition/train/002823_texting.jpg,Bingsu/Human_Action_Recognition,texting,0,1,0,0,0,0,0,0,0,0,0,0,0,0,0,0,1,0,0,0
data/external/actions/human_action_recognition/train/002824_hugging.jpg,Bingsu/Human_Action_Recognition,hugging,1,0,0,0,0,0,0,0,0,0,0,0,0,0,0,0,1,0,0,0
data/external/actions/human_action_recognition/train/002825_clapping.jpg,Bingsu/Human_Action_Recognition,clapping,0,0,0,0,1,0,0,0,0,0,0,0,0,0,0,0,0,1,0,0
data/external/actions/human_action_recognition/train/002826_running.jpg,Bingsu/Human_Action_Recognition,running,0,0,0,0,0,0,1,0,0,0,0,0,0,0,0,0,0,1,1,0
data/external/actions/human_action_recognition/train/002827_sitting.jpg,Bingsu/Human_Action_Recognition,sitting,0,1,0,0,0,0,0,0,0,0,0,0,0,0,0,0,1,0,0,0
data/external/actions/human_action_recognition/train/002828_dancing.jpg,Bingsu/Human_Action_Recognition,dancing,0,0,0,0,0,0,0,0,0,0,1,0,0,0,0,0,0,1,0,0
data/external/actions/human_action_recognition/train/002829_dancing.jpg,Bingsu/Human_Action_Recognition,dancing,0,0,0,0,0,0,0,0,0,0,1,0,0,0,0,0,0,1,0,0
data/external/actions/human_action_recognition/train/002830_clapping.jpg,Bingsu/Human_Action_Recognition,clapping,0,0,0,0,1,0,0,0,0,0,0,0,0,0,0,0,0,1,0,0
data/external/actions/human_action_recognition/train/002831_cycling.jpg,Bingsu/Human_Action_Recognition,cycling,0,0,0,0,0,0,0,0,1,0,0,0,0,0,0,0,0,1,0,0
data/external/actions/human_action_recognition/train/002832_sleeping.jpg,Bingsu/Human_Action_Recognition,sleeping,0,0,1,0,0,0,0,0,0,0,0,0,0,0,0,0,1,0,0,0
data/external/actions/human_action_recognition/train/002833_calling.jpg,Bingsu/Human_Action_Recognition,calling,1,0,0,0,0,0,0,0,0,0,0,0,0,0,0,0,1,0,0,0
data/external/actions/human_action_recognition/train/002834_eating.jpg,Bingsu/Human_Action_Recognition,eating,0,0,0,0,0,0,0,0,0,0,0,0,0,1,0,0,0,0,0,0
data/external/actions/human_action_recognition/train/002835_clapping.jpg,Bingsu/Human_Action_Recognition,clapping,0,0,0,0,1,0,0,0,0,0,0,0,0,0,0,0,0,1,0,0
data/external/actions/human_action_recognition/train/002836_using_laptop.jpg,Bingsu/Human_Action_Recognition,using_laptop,0,1,0,0,0,0,0,0,0,0,0,0,1,0,0,0,1,0,0,0
data/external/actions/human_action_recognition/train/002837_laughing.jpg,Bingsu/Human_Action_Recognition,laughing,1,0,0,0,0,0,0,0,0,0,0,0,0,0,0,0,1,0,0,0
data/external/actions/human_action_recognition/train/002838_fighting.jpg,Bingsu/Human_Action_Recognition,fighting,0,0,0,0,0,0,0,0,0,0,0,0,0,0,0,0,0,1,1,0
data/external/actions/human_action_recognition/train/002839_sitting.jpg,Bingsu/Human_Action_Recognition,sitting,0,1,0,0,0,0,0,0,0,0,0,0,0,0,0,0,1,0,0,0
data/external/actions/human_action_recognition/train/002840_laughing.jpg,Bingsu/Human_Action_Recognition,laughing,1,0,0,0,0,0,0,0,0,0,0,0,0,0,0,0,1,0,0,0
data/external/actions/human_action_recognition/train/002841_cycling.jpg,Bingsu/Human_Action_Recognition,cycling,0,0,0,0,0,0,0,0,1,0,0,0,0,0,0,0,0,1,0,0
data/external/actions/human_action_recognition/train/002842_dancing.jpg,Bingsu/Human_Action_Recognition,dancing,0,0,0,0,0,0,0,0,0,0,1,0,0,0,0,0,0,1,0,0
data/external/actions/human_action_recognition/train/002843_fighting.jpg,Bingsu/Human_Action_Recognition,fighting,0,0,0,0,0,0,0,0,0,0,0,0,0,0,0,0,0,1,1,0
data/external/actions/human_action_recognition/train/002844_dancing.jpg,Bingsu/Human_Action_Recognition,dancing,0,0,0,0,0,0,0,0,0,0,1,0,0,0,0,0,0,1,0,0
data/external/actions/human_action_recognition/train/002845_dancing.jpg,Bingsu/Human_Action_Recognition,dancing,0,0,0,0,0,0,0,0,0,0,1,0,0,0,0,0,0,1,0,0
data/external/actions/human_action_recognition/train/002846_sitting.jpg,Bingsu/Human_Action_Recognition,sitting,0,1,0,0,0,0,0,0,0,0,0,0,0,0,0,0,1,0,0,0
data/external/actions/human_action_recognition/train/002847_listening_to_music.jpg,Bingsu/Human_Action_Recognition,listening_to_music,0,1,0,0,0,0,0,0,0,0,0,0,0,0,0,0,1,0,0,0
data/external/actions/human_action_recognition/train/002848_laughing.jpg,Bingsu/Human_Action_Recognition,laughing,1,0,0,0,0,0,0,0,0,0,0,0,0,0,0,0,1,0,0,0
data/external/actions/human_action_recognition/train/002849_drinking.jpg,Bingsu/Human_Action_Recognition,drinking,0,0,0,0,0,0,0,0,0,0,0,0,0,0,1,0,0,0,0,0
data/external/actions/human_action_recognition/train/002850_fighting.jpg,Bingsu/Human_Action_Recognition,fighting,0,0,0,0,0,0,0,0,0,0,0,0,0,0,0,0,0,1,1,0
data/external/actions/human_action_recognition/train/002851_sleeping.jpg,Bingsu/Human_Action_Recognition,sleeping,0,0,1,0,0,0,0,0,0,0,0,0,0,0,0,0,1,0,0,0
data/external/actions/human_action_recognition/train/002852_cycling.jpg,Bingsu/Human_Action_Recognition,cycling,0,0,0,0,0,0,0,0,1,0,0,0,0,0,0,0,0,1,0,0
data/external/actions/human_action_recognition/train/002853_dancing.jpg,Bingsu/Human_Action_Recognition,dancing,0,0,0,0,0,0,0,0,0,0,1,0,0,0,0,0,0,1,0,0
data/external/actions/human_action_recognition/train/002854_hugging.jpg,Bingsu/Human_Action_Recognition,hugging,1,0,0,0,0,0,0,0,0,0,0,0,0,0,0,0,1,0,0,0
data/external/actions/human_action_recognition/train/002855_using_laptop.jpg,Bingsu/Human_Action_Recognition,using_laptop,0,1,0,0,0,0,0,0,0,0,0,0,1,0,0,0,1,0,0,0
data/external/actions/human_action_recognition/train/002856_cycling.jpg,Bingsu/Human_Action_Recognition,cycling,0,0,0,0,0,0,0,0,1,0,0,0,0,0,0,0,0,1,0,0
data/external/actions/human_action_recognition/train/002857_drinking.jpg,Bingsu/Human_Action_Recognition,drinking,0,0,0,0,0,0,0,0,0,0,0,0,0,0,1,0,0,0,0,0
data/external/actions/human_action_recognition/train/002858_calling.jpg,Bingsu/Human_Action_Recognition,calling,1,0,0,0,0,0,0,0,0,0,0,0,0,0,0,0,1,0,0,0
data/external/actions/human_action_recognition/train/002859_running.jpg,Bingsu/Human_Action_Recognition,running,0,0,0,0,0,0,1,0,0,0,0,0,0,0,0,0,0,1,1,0
data/external/actions/human_action_recognition/train/002860_fighting.jpg,Bingsu/Human_Action_Recognition,fighting,0,0,0,0,0,0,0,0,0,0,0,0,0,0,0,0,0,1,1,0
data/external/actions/human_action_recognition/train/002861_sleeping.jpg,Bingsu/Human_Action_Recognition,sleeping,0,0,1,0,0,0,0,0,0,0,0,0,0,0,0,0,1,0,0,0
data/external/actions/human_action_recognition/train/002862_dancing.jpg,Bingsu/Human_Action_Recognition,dancing,0,0,0,0,0,0,0,0,0,0,1,0,0,0,0,0,0,1,0,0
data/external/actions/human_action_recognition/train/002863_listening_to_music.jpg,Bingsu/Human_Action_Recognition,listening_to_music,0,1,0,0,0,0,0,0,0,0,0,0,0,0,0,0,1,0,0,0
data/external/actions/human_action_recognition/train/002864_drinking.jpg,Bingsu/Human_Action_Recognition,drinking,0,0,0,0,0,0,0,0,0,0,0,0,0,0,1,0,0,0,0,0
data/external/actions/human_action_recognition/train/002865_calling.jpg,Bingsu/Human_Action_Recognition,calling,1,0,0,0,0,0,0,0,0,0,0,0,0,0,0,0,1,0,0,0
data/external/actions/human_action_recognition/train/002866_sleeping.jpg,Bingsu/Human_Action_Recognition,sleeping,0,0,1,0,0,0,0,0,0,0,0,0,0,0,0,0,1,0,0,0
data/external/actions/human_action_recognition/train/002867_dancing.jpg,Bingsu/Human_Action_Recognition,dancing,0,0,0,0,0,0,0,0,0,0,1,0,0,0,0,0,0,1,0,0
data/external/actions/human_action_recognition/train/002868_sleeping.jpg,Bingsu/Human_Action_Recognition,sleeping,0,0,1,0,0,0,0,0,0,0,0,0,0,0,0,0,1,0,0,0
data/external/actions/human_action_recognition/train/002869_calling.jpg,Bingsu/Human_Action_Recognition,calling,1,0,0,0,0,0,0,0,0,0,0,0,0,0,0,0,1,0,0,0
data/external/actions/human_action_recognition/train/002870_calling.jpg,Bingsu/Human_Action_Recognition,calling,1,0,0,0,0,0,0,0,0,0,0,0,0,0,0,0,1,0,0,0
data/external/actions/human_action_recognition/train/002871_calling.jpg,Bingsu/Human_Action_Recognition,calling,1,0,0,0,0,0,0,0,0,0,0,0,0,0,0,0,1,0,0,0
data/external/actions/human_action_recognition/train/002872_hugging.jpg,Bingsu/Human_Action_Recognition,hugging,1,0,0,0,0,0,0,0,0,0,0,0,0,0,0,0,1,0,0,0
data/external/actions/human_action_recognition/train/002873_dancing.jpg,Bingsu/Human_Action_Recognition,dancing,0,0,0,0,0,0,0,0,0,0,1,0,0,0,0,0,0,1,0,0
data/external/actions/human_action_recognition/train/002874_drinking.jpg,Bingsu/Human_Action_Recognition,drinking,0,0,0,0,0,0,0,0,0,0,0,0,0,0,1,0,0,0,0,0
data/external/actions/human_action_recognition/train/002875_hugging.jpg,Bingsu/Human_Action_Recognition,hugging,1,0,0,0,0,0,0,0,0,0,0,0,0,0,0,0,1,0,0,0
data/external/actions/human_action_recognition/train/002876_cycling.jpg,Bingsu/Human_Action_Recognition,cycling,0,0,0,0,0,0,0,0,1,0,0,0,0,0,0,0,0,1,0,0
data/external/actions/human_action_recognition/train/002877_fighting.jpg,Bingsu/Human_Action_Recognition,fighting,0,0,0,0,0,0,0,0,0,0,0,0,0,0,0,0,0,1,1,0
data/external/actions/human_action_recognition/train/002878_running.jpg,Bingsu/Human_Action_Recognition,running,0,0,0,0,0,0,1,0,0,0,0,0,0,0,0,0,0,1,1,0
data/external/actions/human_action_recognition/train/002879_eating.jpg,Bingsu/Human_Action_Recognition,eating,0,0,0,0,0,0,0,0,0,0,0,0,0,1,0,0,0,0,0,0
data/external/actions/human_action_recognition/train/002880_cycling.jpg,Bingsu/Human_Action_Recognition,cycling,0,0,0,0,0,0,0,0,1,0,0,0,0,0,0,0,0,1,0,0
data/external/actions/human_action_recognition/train/002881_listening_to_music.jpg,Bingsu/Human_Action_Recognition,listening_to_music,0,1,0,0,0,0,0,0,0,0,0,0,0,0,0,0,1,0,0,0
data/external/actions/human_action_recognition/train/002882_hugging.jpg,Bingsu/Human_Action_Recognition,hugging,1,0,0,0,0,0,0,0,0,0,0,0,0,0,0,0,1,0,0,0
data/external/actions/human_action_recognition/train/002883_texting.jpg,Bingsu/Human_Action_Recognition,texting,0,1,0,0,0,0,0,0,0,0,0,0,0,0,0,0,1,0,0,0
data/external/actions/human_action_recognition/train/002884_hugging.jpg,Bingsu/Human_Action_Recognition,hugging,1,0,0,0,0,0,0,0,0,0,0,0,0,0,0,0,1,0,0,0
data/external/actions/human_action_recognition/train/002885_fighting.jpg,Bingsu/Human_Action_Recognition,fighting,0,0,0,0,0,0,0,0,0,0,0,0,0,0,0,0,0,1,1,0
data/external/actions/human_action_recognition/train/002886_texting.jpg,Bingsu/Human_Action_Recognition,texting,0,1,0,0,0,0,0,0,0,0,0,0,0,0,0,0,1,0,0,0
data/external/actions/human_action_recognition/train/002887_sitting.jpg,Bingsu/Human_Action_Recognition,sitting,0,1,0,0,0,0,0,0,0,0,0,0,0,0,0,0,1,0,0,0
data/external/actions/human_action_recognition/train/002888_calling.jpg,Bingsu/Human_Action_Recognition,calling,1,0,0,0,0,0,0,0,0,0,0,0,0,0,0,0,1,0,0,0
data/external/actions/human_action_recognition/train/002889_laughing.jpg,Bingsu/Human_Action_Recognition,laughing,1,0,0,0,0,0,0,0,0,0,0,0,0,0,0,0,1,0,0,0
data/external/actions/human_action_recognition/train/002890_drinking.jpg,Bingsu/Human_Action_Recognition,drinking,0,0,0,0,0,0,0,0,0,0,0,0,0,0,1,0,0,0,0,0
data/external/actions/human_action_recognition/train/002891_eating.jpg,Bingsu/Human_Action_Recognition,eating,0,0,0,0,0,0,0,0,0,0,0,0,0,1,0,0,0,0,0,0
data/external/actions/human_action_recognition/train/002892_calling.jpg,Bingsu/Human_Action_Recognition,calling,1,0,0,0,0,0,0,0,0,0,0,0,0,0,0,0,1,0,0,0
data/external/actions/human_action_recognition/train/002893_clapping.jpg,Bingsu/Human_Action_Recognition,clapping,0,0,0,0,1,0,0,0,0,0,0,0,0,0,0,0,0,1,0,0
data/external/actions/human_action_recognition/train/002894_drinking.jpg,Bingsu/Human_Action_Recognition,drinking,0,0,0,0,0,0,0,0,0,0,0,0,0,0,1,0,0,0,0,0
data/external/actions/human_action_recognition/train/002895_texting.jpg,Bingsu/Human_Action_Recognition,texting,0,1,0,0,0,0,0,0,0,0,0,0,0,0,0,0,1,0,0,0
data/external/actions/human_action_recognition/train/002896_fighting.jpg,Bingsu/Human_Action_Recognition,fighting,0,0,0,0,0,0,0,0,0,0,0,0,0,0,0,0,0,1,1,0
data/external/actions/human_action_recognition/train/002897_fighting.jpg,Bingsu/Human_Action_Recognition,fighting,0,0,0,0,0,0,0,0,0,0,0,0,0,0,0,0,0,1,1,0
data/external/actions/human_action_recognition/train/002898_laughing.jpg,Bingsu/Human_Action_Recognition,laughing,1,0,0,0,0,0,0,0,0,0,0,0,0,0,0,0,1,0,0,0
data/external/actions/human_action_recognition/train/002899_drinking.jpg,Bingsu/Human_Action_Recognition,drinking,0,0,0,0,0,0,0,0,0,0,0,0,0,0,1,0,0,0,0,0
data/external/actions/human_action_recognition/train/002900_laughing.jpg,Bingsu/Human_Action_Recognition,laughing,1,0,0,0,0,0,0,0,0,0,0,0,0,0,0,0,1,0,0,0
data/external/actions/human_action_recognition/train/002901_drinking.jpg,Bingsu/Human_Action_Recognition,drinking,0,0,0,0,0,0,0,0,0,0,0,0,0,0,1,0,0,0,0,0
data/external/actions/human_action_recognition/train/002902_dancing.jpg,Bingsu/Human_Action_Recognition,dancing,0,0,0,0,0,0,0,0,0,0,1,0,0,0,0,0,0,1,0,0
data/external/actions/human_action_recognition/train/002903_clapping.jpg,Bingsu/Human_Action_Recognition,clapping,0,0,0,0,1,0,0,0,0,0,0,0,0,0,0,0,0,1,0,0
data/external/actions/human_action_recognition/train/002904_laughing.jpg,Bingsu/Human_Action_Recognition,laughing,1,0,0,0,0,0,0,0,0,0,0,0,0,0,0,0,1,0,0,0
data/external/actions/human_action_recognition/train/002905_sleeping.jpg,Bingsu/Human_Action_Recognition,sleeping,0,0,1,0,0,0,0,0,0,0,0,0,0,0,0,0,1,0,0,0
data/external/actions/human_action_recognition/train/002906_calling.jpg,Bingsu/Human_Action_Recognition,calling,1,0,0,0,0,0,0,0,0,0,0,0,0,0,0,0,1,0,0,0
data/external/actions/human_action_recognition/train/002907_laughing.jpg,Bingsu/Human_Action_Recognition,laughing,1,0,0,0,0,0,0,0,0,0,0,0,0,0,0,0,1,0,0,0
data/external/actions/human_action_recognition/train/002908_running.jpg,Bingsu/Human_Action_Recognition,running,0,0,0,0,0,0,1,0,0,0,0,0,0,0,0,0,0,1,1,0
data/external/actions/human_action_recognition/train/002909_fighting.jpg,Bingsu/Human_Action_Recognition,fighting,0,0,0,0,0,0,0,0,0,0,0,0,0,0,0,0,0,1,1,0
data/external/actions/human_action_recognition/train/002910_eating.jpg,Bingsu/Human_Action_Recognition,eating,0,0,0,0,0,0,0,0,0,0,0,0,0,1,0,0,0,0,0,0
data/external/actions/human_action_recognition/train/002911_dancing.jpg,Bingsu/Human_Action_Recognition,dancing,0,0,0,0,0,0,0,0,0,0,1,0,0,0,0,0,0,1,0,0
data/external/actions/human_action_recognition/train/002912_calling.jpg,Bingsu/Human_Action_Recognition,calling,1,0,0,0,0,0,0,0,0,0,0,0,0,0,0,0,1,0,0,0
data/external/actions/human_action_recognition/train/002913_laughing.jpg,Bingsu/Human_Action_Recognition,laughing,1,0,0,0,0,0,0,0,0,0,0,0,0,0,0,0,1,0,0,0
data/external/actions/human_action_recognition/train/002914_listening_to_music.jpg,Bingsu/Human_Action_Recognition,listening_to_music,0,1,0,0,0,0,0,0,0,0,0,0,0,0,0,0,1,0,0,0
data/external/actions/human_action_recognition/train/002915_drinking.jpg,Bingsu/Human_Action_Recognition,drinking,0,0,0,0,0,0,0,0,0,0,0,0,0,0,1,0,0,0,0,0
data/external/actions/human_action_recognition/train/002916_cycling.jpg,Bingsu/Human_Action_Recognition,cycling,0,0,0,0,0,0,0,0,1,0,0,0,0,0,0,0,0,1,0,0
data/external/actions/human_action_recognition/train/002917_laughing.jpg,Bingsu/Human_Action_Recognition,laughing,1,0,0,0,0,0,0,0,0,0,0,0,0,0,0,0,1,0,0,0
data/external/actions/human_action_recognition/train/002918_texting.jpg,Bingsu/Human_Action_Recognition,texting,0,1,0,0,0,0,0,0,0,0,0,0,0,0,0,0,1,0,0,0
data/external/actions/human_action_recognition/train/002919_drinking.jpg,Bingsu/Human_Action_Recognition,drinking,0,0,0,0,0,0,0,0,0,0,0,0,0,0,1,0,0,0,0,0
data/external/actions/human_action_recognition/train/002920_clapping.jpg,Bingsu/Human_Action_Recognition,clapping,0,0,0,0,1,0,0,0,0,0,0,0,0,0,0,0,0,1,0,0
data/external/actions/human_action_recognition/train/002921_cycling.jpg,Bingsu/Human_Action_Recognition,cycling,0,0,0,0,0,0,0,0,1,0,0,0,0,0,0,0,0,1,0,0
data/external/actions/human_action_recognition/train/002922_hugging.jpg,Bingsu/Human_Action_Recognition,hugging,1,0,0,0,0,0,0,0,0,0,0,0,0,0,0,0,1,0,0,0
data/external/actions/human_action_recognition/train/002923_calling.jpg,Bingsu/Human_Action_Recognition,calling,1,0,0,0,0,0,0,0,0,0,0,0,0,0,0,0,1,0,0,0
data/external/actions/human_action_recognition/train/002924_dancing.jpg,Bingsu/Human_Action_Recognition,dancing,0,0,0,0,0,0,0,0,0,0,1,0,0,0,0,0,0,1,0,0
data/external/actions/human_action_recognition/train/002925_laughing.jpg,Bingsu/Human_Action_Recognition,laughing,1,0,0,0,0,0,0,0,0,0,0,0,0,0,0,0,1,0,0,0
data/external/actions/human_action_recognition/train/002926_fighting.jpg,Bingsu/Human_Action_Recognition,fighting,0,0,0,0,0,0,0,0,0,0,0,0,0,0,0,0,0,1,1,0
data/external/actions/human_action_recognition/train/002927_drinking.jpg,Bingsu/Human_Action_Recognition,drinking,0,0,0,0,0,0,0,0,0,0,0,0,0,0,1,0,0,0,0,0
data/external/actions/human_action_recognition/train/002928_sleeping.jpg,Bingsu/Human_Action_Recognition,sleeping,0,0,1,0,0,0,0,0,0,0,0,0,0,0,0,0,1,0,0,0
data/external/actions/human_action_recognition/train/002929_sleeping.jpg,Bingsu/Human_Action_Recognition,sleeping,0,0,1,0,0,0,0,0,0,0,0,0,0,0,0,0,1,0,0,0
data/external/actions/human_action_recognition/train/002930_calling.jpg,Bingsu/Human_Action_Recognition,calling,1,0,0,0,0,0,0,0,0,0,0,0,0,0,0,0,1,0,0,0
data/external/actions/human_action_recognition/train/002931_dancing.jpg,Bingsu/Human_Action_Recognition,dancing,0,0,0,0,0,0,0,0,0,0,1,0,0,0,0,0,0,1,0,0
data/external/actions/human_action_recognition/train/002932_running.jpg,Bingsu/Human_Action_Recognition,running,0,0,0,0,0,0,1,0,0,0,0,0,0,0,0,0,0,1,1,0
data/external/actions/human_action_recognition/train/002933_sitting.jpg,Bingsu/Human_Action_Recognition,sitting,0,1,0,0,0,0,0,0,0,0,0,0,0,0,0,0,1,0,0,0
data/external/actions/human_action_recognition/train/002934_sitting.jpg,Bingsu/Human_Action_Recognition,sitting,0,1,0,0,0,0,0,0,0,0,0,0,0,0,0,0,1,0,0,0
data/external/actions/human_action_recognition/train/002935_drinking.jpg,Bingsu/Human_Action_Recognition,drinking,0,0,0,0,0,0,0,0,0,0,0,0,0,0,1,0,0,0,0,0
data/external/actions/human_action_recognition/train/002936_clapping.jpg,Bingsu/Human_Action_Recognition,clapping,0,0,0,0,1,0,0,0,0,0,0,0,0,0,0,0,0,1,0,0
data/external/actions/human_action_recognition/train/002937_dancing.jpg,Bingsu/Human_Action_Recognition,dancing,0,0,0,0,0,0,0,0,0,0,1,0,0,0,0,0,0,1,0,0
data/external/actions/human_action_recognition/train/002938_listening_to_music.jpg,Bingsu/Human_Action_Recognition,listening_to_music,0,1,0,0,0,0,0,0,0,0,0,0,0,0,0,0,1,0,0,0
data/external/actions/human_action_recognition/train/002939_sleeping.jpg,Bingsu/Human_Action_Recognition,sleeping,0,0,1,0,0,0,0,0,0,0,0,0,0,0,0,0,1,0,0,0
data/external/actions/human_action_recognition/train/002940_sitting.jpg,Bingsu/Human_Action_Recognition,sitting,0,1,0,0,0,0,0,0,0,0,0,0,0,0,0,0,1,0,0,0
data/external/actions/human_action_recognition/train/002941_sleeping.jpg,Bingsu/Human_Action_Recognition,sleeping,0,0,1,0,0,0,0,0,0,0,0,0,0,0,0,0,1,0,0,0
data/external/actions/human_action_recognition/train/002942_drinking.jpg,Bingsu/Human_Action_Recognition,drinking,0,0,0,0,0,0,0,0,0,0,0,0,0,0,1,0,0,0,0,0
data/external/actions/human_action_recognition/train/002943_running.jpg,Bingsu/Human_Action_Recognition,running,0,0,0,0,0,0,1,0,0,0,0,0,0,0,0,0,0,1,1,0
data/external/actions/human_action_recognition/train/002944_using_laptop.jpg,Bingsu/Human_Action_Recognition,using_laptop,0,1,0,0,0,0,0,0,0,0,0,0,1,0,0,0,1,0,0,0
data/external/actions/human_action_recognition/train/002945_sitting.jpg,Bingsu/Human_Action_Recognition,sitting,0,1,0,0,0,0,0,0,0,0,0,0,0,0,0,0,1,0,0,0
data/external/actions/human_action_recognition/train/002946_calling.jpg,Bingsu/Human_Action_Recognition,calling,1,0,0,0,0,0,0,0,0,0,0,0,0,0,0,0,1,0,0,0
data/external/actions/human_action_recognition/train/002947_laughing.jpg,Bingsu/Human_Action_Recognition,laughing,1,0,0,0,0,0,0,0,0,0,0,0,0,0,0,0,1,0,0,0
data/external/actions/human_action_recognition/train/002948_laughing.jpg,Bingsu/Human_Action_Recognition,laughing,1,0,0,0,0,0,0,0,0,0,0,0,0,0,0,0,1,0,0,0
data/external/actions/human_action_recognition/train/002949_texting.jpg,Bingsu/Human_Action_Recognition,texting,0,1,0,0,0,0,0,0,0,0,0,0,0,0,0,0,1,0,0,0
data/external/actions/human_action_recognition/train/002950_cycling.jpg,Bingsu/Human_Action_Recognition,cycling,0,0,0,0,0,0,0,0,1,0,0,0,0,0,0,0,0,1,0,0
data/external/actions/human_action_recognition/train/002951_dancing.jpg,Bingsu/Human_Action_Recognition,dancing,0,0,0,0,0,0,0,0,0,0,1,0,0,0,0,0,0,1,0,0
data/external/actions/human_action_recognition/train/002952_using_laptop.jpg,Bingsu/Human_Action_Recognition,using_laptop,0,1,0,0,0,0,0,0,0,0,0,0,1,0,0,0,1,0,0,0
data/external/actions/human_action_recognition/train/002953_using_laptop.jpg,Bingsu/Human_Action_Recognition,using_laptop,0,1,0,0,0,0,0,0,0,0,0,0,1,0,0,0,1,0,0,0
data/external/actions/human_action_recognition/train/002954_sitting.jpg,Bingsu/Human_Action_Recognition,sitting,0,1,0,0,0,0,0,0,0,0,0,0,0,0,0,0,1,0,0,0
data/external/actions/human_action_recognition/train/002955_eating.jpg,Bingsu/Human_Action_Recognition,eating,0,0,0,0,0,0,0,0,0,0,0,0,0,1,0,0,0,0,0,0
data/external/actions/human_action_recognition/train/002956_texting.jpg,Bingsu/Human_Action_Recognition,texting,0,1,0,0,0,0,0,0,0,0,0,0,0,0,0,0,1,0,0,0
data/external/actions/human_action_recognition/train/002957_clapping.jpg,Bingsu/Human_Action_Recognition,clapping,0,0,0,0,1,0,0,0,0,0,0,0,0,0,0,0,0,1,0,0
data/external/actions/human_action_recognition/train/002958_using_laptop.jpg,Bingsu/Human_Action_Recognition,using_laptop,0,1,0,0,0,0,0,0,0,0,0,0,1,0,0,0,1,0,0,0
data/external/actions/human_action_recognition/train/002959_clapping.jpg,Bingsu/Human_Action_Recognition,clapping,0,0,0,0,1,0,0,0,0,0,0,0,0,0,0,0,0,1,0,0
data/external/actions/human_action_recognition/train/002960_eating.jpg,Bingsu/Human_Action_Recognition,eating,0,0,0,0,0,0,0,0,0,0,0,0,0,1,0,0,0,0,0,0
data/external/actions/human_action_recognition/train/002961_clapping.jpg,Bingsu/Human_Action_Recognition,clapping,0,0,0,0,1,0,0,0,0,0,0,0,0,0,0,0,0,1,0,0
data/external/actions/human_action_recognition/train/002962_texting.jpg,Bingsu/Human_Action_Recognition,texting,0,1,0,0,0,0,0,0,0,0,0,0,0,0,0,0,1,0,0,0
data/external/actions/human_action_recognition/train/002963_sleeping.jpg,Bingsu/Human_Action_Recognition,sleeping,0,0,1,0,0,0,0,0,0,0,0,0,0,0,0,0,1,0,0,0
data/external/actions/human_action_recognition/train/002964_cycling.jpg,Bingsu/Human_Action_Recognition,cycling,0,0,0,0,0,0,0,0,1,0,0,0,0,0,0,0,0,1,0,0
data/external/actions/human_action_recognition/train/002965_clapping.jpg,Bingsu/Human_Action_Recognition,clapping,0,0,0,0,1,0,0,0,0,0,0,0,0,0,0,0,0,1,0,0
data/external/actions/human_action_recognition/train/002966_hugging.jpg,Bingsu/Human_Action_Recognition,hugging,1,0,0,0,0,0,0,0,0,0,0,0,0,0,0,0,1,0,0,0
data/external/actions/human_action_recognition/train/002967_eating.jpg,Bingsu/Human_Action_Recognition,eating,0,0,0,0,0,0,0,0,0,0,0,0,0,1,0,0,0,0,0,0
data/external/actions/human_action_recognition/train/002968_running.jpg,Bingsu/Human_Action_Recognition,running,0,0,0,0,0,0,1,0,0,0,0,0,0,0,0,0,0,1,1,0
data/external/actions/human_action_recognition/train/002969_eating.jpg,Bingsu/Human_Action_Recognition,eating,0,0,0,0,0,0,0,0,0,0,0,0,0,1,0,0,0,0,0,0
data/external/actions/human_action_recognition/train/002970_eating.jpg,Bingsu/Human_Action_Recognition,eating,0,0,0,0,0,0,0,0,0,0,0,0,0,1,0,0,0,0,0,0
data/external/actions/human_action_recognition/train/002971_listening_to_music.jpg,Bingsu/Human_Action_Recognition,listening_to_music,0,1,0,0,0,0,0,0,0,0,0,0,0,0,0,0,1,0,0,0
data/external/actions/human_action_recognition/train/002972_texting.jpg,Bingsu/Human_Action_Recognition,texting,0,1,0,0,0,0,0,0,0,0,0,0,0,0,0,0,1,0,0,0
data/external/actions/human_action_recognition/train/002973_clapping.jpg,Bingsu/Human_Action_Recognition,clapping,0,0,0,0,1,0,0,0,0,0,0,0,0,0,0,0,0,1,0,0
data/external/actions/human_action_recognition/train/002974_dancing.jpg,Bingsu/Human_Action_Recognition,dancing,0,0,0,0,0,0,0,0,0,0,1,0,0,0,0,0,0,1,0,0
data/external/actions/human_action_recognition/train/002975_laughing.jpg,Bingsu/Human_Action_Recognition,laughing,1,0,0,0,0,0,0,0,0,0,0,0,0,0,0,0,1,0,0,0
data/external/actions/human_action_recognition/train/002976_calling.jpg,Bingsu/Human_Action_Recognition,calling,1,0,0,0,0,0,0,0,0,0,0,0,0,0,0,0,1,0,0,0
data/external/actions/human_action_recognition/train/002977_laughing.jpg,Bingsu/Human_Action_Recognition,laughing,1,0,0,0,0,0,0,0,0,0,0,0,0,0,0,0,1,0,0,0
data/external/actions/human_action_recognition/train/002978_sleeping.jpg,Bingsu/Human_Action_Recognition,sleeping,0,0,1,0,0,0,0,0,0,0,0,0,0,0,0,0,1,0,0,0
data/external/actions/human_action_recognition/train/002979_eating.jpg,Bingsu/Human_Action_Recognition,eating,0,0,0,0,0,0,0,0,0,0,0,0,0,1,0,0,0,0,0,0
data/external/actions/human_action_recognition/train/002980_dancing.jpg,Bingsu/Human_Action_Recognition,dancing,0,0,0,0,0,0,0,0,0,0,1,0,0,0,0,0,0,1,0,0
data/external/actions/human_action_recognition/train/002981_texting.jpg,Bingsu/Human_Action_Recognition,texting,0,1,0,0,0,0,0,0,0,0,0,0,0,0,0,0,1,0,0,0
data/external/actions/human_action_recognition/train/002982_sleeping.jpg,Bingsu/Human_Action_Recognition,sleeping,0,0,1,0,0,0,0,0,0,0,0,0,0,0,0,0,1,0,0,0
data/external/actions/human_action_recognition/train/002983_eating.jpg,Bingsu/Human_Action_Recognition,eating,0,0,0,0,0,0,0,0,0,0,0,0,0,1,0,0,0,0,0,0
data/external/actions/human_action_recognition/train/002984_eating.jpg,Bingsu/Human_Action_Recognition,eating,0,0,0,0,0,0,0,0,0,0,0,0,0,1,0,0,0,0,0,0
data/external/actions/human_action_recognition/train/002985_fighting.jpg,Bingsu/Human_Action_Recognition,fighting,0,0,0,0,0,0,0,0,0,0,0,0,0,0,0,0,0,1,1,0
data/external/actions/human_action_recognition/train/002986_listening_to_music.jpg,Bingsu/Human_Action_Recognition,listening_to_music,0,1,0,0,0,0,0,0,0,0,0,0,0,0,0,0,1,0,0,0
data/external/actions/human_action_recognition/train/002987_texting.jpg,Bingsu/Human_Action_Recognition,texting,0,1,0,0,0,0,0,0,0,0,0,0,0,0,0,0,1,0,0,0
data/external/actions/human_action_recognition/train/002988_hugging.jpg,Bingsu/Human_Action_Recognition,hugging,1,0,0,0,0,0,0,0,0,0,0,0,0,0,0,0,1,0,0,0
data/external/actions/human_action_recognition/train/002989_listening_to_music.jpg,Bingsu/Human_Action_Recognition,listening_to_music,0,1,0,0,0,0,0,0,0,0,0,0,0,0,0,0,1,0,0,0
data/external/actions/human_action_recognition/train/002990_clapping.jpg,Bingsu/Human_Action_Recognition,clapping,0,0,0,0,1,0,0,0,0,0,0,0,0,0,0,0,0,1,0,0
data/external/actions/human_action_recognition/train/002991_texting.jpg,Bingsu/Human_Action_Recognition,texting,0,1,0,0,0,0,0,0,0,0,0,0,0,0,0,0,1,0,0,0
data/external/actions/human_action_recognition/train/002992_fighting.jpg,Bingsu/Human_Action_Recognition,fighting,0,0,0,0,0,0,0,0,0,0,0,0,0,0,0,0,0,1,1,0
data/external/actions/human_action_recognition/train/002993_fighting.jpg,Bingsu/Human_Action_Recognition,fighting,0,0,0,0,0,0,0,0,0,0,0,0,0,0,0,0,0,1,1,0
data/external/actions/human_action_recognition/train/002994_using_laptop.jpg,Bingsu/Human_Action_Recognition,using_laptop,0,1,0,0,0,0,0,0,0,0,0,0,1,0,0,0,1,0,0,0
data/external/actions/human_action_recognition/train/002995_running.jpg,Bingsu/Human_Action_Recognition,running,0,0,0,0,0,0,1,0,0,0,0,0,0,0,0,0,0,1,1,0
data/external/actions/human_action_recognition/train/002996_eating.jpg,Bingsu/Human_Action_Recognition,eating,0,0,0,0,0,0,0,0,0,0,0,0,0,1,0,0,0,0,0,0
data/external/actions/human_action_recognition/train/002997_calling.jpg,Bingsu/Human_Action_Recognition,calling,1,0,0,0,0,0,0,0,0,0,0,0,0,0,0,0,1,0,0,0
data/external/actions/human_action_recognition/train/002998_sitting.jpg,Bingsu/Human_Action_Recognition,sitting,0,1,0,0,0,0,0,0,0,0,0,0,0,0,0,0,1,0,0,0
data/external/actions/human_action_recognition/train/002999_calling.jpg,Bingsu/Human_Action_Recognition,calling,1,0,0,0,0,0,0,0,0,0,0,0,0,0,0,0,1,0,0,0
data/external/actions/human_action_recognition/train/003000_running.jpg,Bingsu/Human_Action_Recognition,running,0,0,0,0,0,0,1,0,0,0,0,0,0,0,0,0,0,1,1,0
data/external/actions/human_action_recognition/train/003001_fighting.jpg,Bingsu/Human_Action_Recognition,fighting,0,0,0,0,0,0,0,0,0,0,0,0,0,0,0,0,0,1,1,0
data/external/actions/human_action_recognition/train/003002_fighting.jpg,Bingsu/Human_Action_Recognition,fighting,0,0,0,0,0,0,0,0,0,0,0,0,0,0,0,0,0,1,1,0
data/external/actions/human_action_recognition/train/003003_cycling.jpg,Bingsu/Human_Action_Recognition,cycling,0,0,0,0,0,0,0,0,1,0,0,0,0,0,0,0,0,1,0,0
data/external/actions/human_action_recognition/train/003004_listening_to_music.jpg,Bingsu/Human_Action_Recognition,listening_to_music,0,1,0,0,0,0,0,0,0,0,0,0,0,0,0,0,1,0,0,0
data/external/actions/human_action_recognition/train/003005_listening_to_music.jpg,Bingsu/Human_Action_Recognition,listening_to_music,0,1,0,0,0,0,0,0,0,0,0,0,0,0,0,0,1,0,0,0
data/external/actions/human_action_recognition/train/003006_sleeping.jpg,Bingsu/Human_Action_Recognition,sleeping,0,0,1,0,0,0,0,0,0,0,0,0,0,0,0,0,1,0,0,0
data/external/actions/human_action_recognition/train/003007_laughing.jpg,Bingsu/Human_Action_Recognition,laughing,1,0,0,0,0,0,0,0,0,0,0,0,0,0,0,0,1,0,0,0
data/external/actions/human_action_recognition/train/003008_fighting.jpg,Bingsu/Human_Action_Recognition,fighting,0,0,0,0,0,0,0,0,0,0,0,0,0,0,0,0,0,1,1,0
data/external/actions/human_action_recognition/train/003009_eating.jpg,Bingsu/Human_Action_Recognition,eating,0,0,0,0,0,0,0,0,0,0,0,0,0,1,0,0,0,0,0,0
data/external/actions/human_action_recognition/train/003010_listening_to_music.jpg,Bingsu/Human_Action_Recognition,listening_to_music,0,1,0,0,0,0,0,0,0,0,0,0,0,0,0,0,1,0,0,0
data/external/actions/human_action_recognition/train/003011_dancing.jpg,Bingsu/Human_Action_Recognition,dancing,0,0,0,0,0,0,0,0,0,0,1,0,0,0,0,0,0,1,0,0
data/external/actions/human_action_recognition/train/003012_texting.jpg,Bingsu/Human_Action_Recognition,texting,0,1,0,0,0,0,0,0,0,0,0,0,0,0,0,0,1,0,0,0
data/external/actions/human_action_recognition/train/003013_laughing.jpg,Bingsu/Human_Action_Recognition,laughing,1,0,0,0,0,0,0,0,0,0,0,0,0,0,0,0,1,0,0,0
data/external/actions/human_action_recognition/train/003014_dancing.jpg,Bingsu/Human_Action_Recognition,dancing,0,0,0,0,0,0,0,0,0,0,1,0,0,0,0,0,0,1,0,0
data/external/actions/human_action_recognition/train/003015_eating.jpg,Bingsu/Human_Action_Recognition,eating,0,0,0,0,0,0,0,0,0,0,0,0,0,1,0,0,0,0,0,0
data/external/actions/human_action_recognition/train/003016_sitting.jpg,Bingsu/Human_Action_Recognition,sitting,0,1,0,0,0,0,0,0,0,0,0,0,0,0,0,0,1,0,0,0
data/external/actions/human_action_recognition/train/003017_listening_to_music.jpg,Bingsu/Human_Action_Recognition,listening_to_music,0,1,0,0,0,0,0,0,0,0,0,0,0,0,0,0,1,0,0,0
data/external/actions/human_action_recognition/train/003018_listening_to_music.jpg,Bingsu/Human_Action_Recognition,listening_to_music,0,1,0,0,0,0,0,0,0,0,0,0,0,0,0,0,1,0,0,0
data/external/actions/human_action_recognition/train/003019_dancing.jpg,Bingsu/Human_Action_Recognition,dancing,0,0,0,0,0,0,0,0,0,0,1,0,0,0,0,0,0,1,0,0
data/external/actions/human_action_recognition/train/003020_sleeping.jpg,Bingsu/Human_Action_Recognition,sleeping,0,0,1,0,0,0,0,0,0,0,0,0,0,0,0,0,1,0,0,0
data/external/actions/human_action_recognition/train/003021_dancing.jpg,Bingsu/Human_Action_Recognition,dancing,0,0,0,0,0,0,0,0,0,0,1,0,0,0,0,0,0,1,0,0
data/external/actions/human_action_recognition/train/003022_sitting.jpg,Bingsu/Human_Action_Recognition,sitting,0,1,0,0,0,0,0,0,0,0,0,0,0,0,0,0,1,0,0,0
data/external/actions/human_action_recognition/train/003023_dancing.jpg,Bingsu/Human_Action_Recognition,dancing,0,0,0,0,0,0,0,0,0,0,1,0,0,0,0,0,0,1,0,0
data/external/actions/human_action_recognition/train/003024_calling.jpg,Bingsu/Human_Action_Recognition,calling,1,0,0,0,0,0,0,0,0,0,0,0,0,0,0,0,1,0,0,0
data/external/actions/human_action_recognition/train/003025_hugging.jpg,Bingsu/Human_Action_Recognition,hugging,1,0,0,0,0,0,0,0,0,0,0,0,0,0,0,0,1,0,0,0
data/external/actions/human_action_recognition/train/003026_fighting.jpg,Bingsu/Human_Action_Recognition,fighting,0,0,0,0,0,0,0,0,0,0,0,0,0,0,0,0,0,1,1,0
data/external/actions/human_action_recognition/train/003027_running.jpg,Bingsu/Human_Action_Recognition,running,0,0,0,0,0,0,1,0,0,0,0,0,0,0,0,0,0,1,1,0
data/external/actions/human_action_recognition/train/003028_drinking.jpg,Bingsu/Human_Action_Recognition,drinking,0,0,0,0,0,0,0,0,0,0,0,0,0,0,1,0,0,0,0,0
data/external/actions/human_action_recognition/train/003029_eating.jpg,Bingsu/Human_Action_Recognition,eating,0,0,0,0,0,0,0,0,0,0,0,0,0,1,0,0,0,0,0,0
data/external/actions/human_action_recognition/train/003030_fighting.jpg,Bingsu/Human_Action_Recognition,fighting,0,0,0,0,0,0,0,0,0,0,0,0,0,0,0,0,0,1,1,0
data/external/actions/human_action_recognition/train/003031_cycling.jpg,Bingsu/Human_Action_Recognition,cycling,0,0,0,0,0,0,0,0,1,0,0,0,0,0,0,0,0,1,0,0
data/external/actions/human_action_recognition/train/003032_laughing.jpg,Bingsu/Human_Action_Recognition,laughing,1,0,0,0,0,0,0,0,0,0,0,0,0,0,0,0,1,0,0,0
data/external/actions/human_action_recognition/train/003033_clapping.jpg,Bingsu/Human_Action_Recognition,clapping,0,0,0,0,1,0,0,0,0,0,0,0,0,0,0,0,0,1,0,0
data/external/actions/human_action_recognition/train/003034_fighting.jpg,Bingsu/Human_Action_Recognition,fighting,0,0,0,0,0,0,0,0,0,0,0,0,0,0,0,0,0,1,1,0
data/external/actions/human_action_recognition/train/003035_drinking.jpg,Bingsu/Human_Action_Recognition,drinking,0,0,0,0,0,0,0,0,0,0,0,0,0,0,1,0,0,0,0,0
data/external/actions/human_action_recognition/train/003036_hugging.jpg,Bingsu/Human_Action_Recognition,hugging,1,0,0,0,0,0,0,0,0,0,0,0,0,0,0,0,1,0,0,0
data/external/actions/human_action_recognition/train/003037_cycling.jpg,Bingsu/Human_Action_Recognition,cycling,0,0,0,0,0,0,0,0,1,0,0,0,0,0,0,0,0,1,0,0
data/external/actions/human_action_recognition/train/003038_dancing.jpg,Bingsu/Human_Action_Recognition,dancing,0,0,0,0,0,0,0,0,0,0,1,0,0,0,0,0,0,1,0,0
data/external/actions/human_action_recognition/train/003039_eating.jpg,Bingsu/Human_Action_Recognition,eating,0,0,0,0,0,0,0,0,0,0,0,0,0,1,0,0,0,0,0,0
data/external/actions/human_action_recognition/train/003040_running.jpg,Bingsu/Human_Action_Recognition,running,0,0,0,0,0,0,1,0,0,0,0,0,0,0,0,0,0,1,1,0
data/external/actions/human_action_recognition/train/003041_hugging.jpg,Bingsu/Human_Action_Recognition,hugging,1,0,0,0,0,0,0,0,0,0,0,0,0,0,0,0,1,0,0,0
data/external/actions/human_action_recognition/train/003042_hugging.jpg,Bingsu/Human_Action_Recognition,hugging,1,0,0,0,0,0,0,0,0,0,0,0,0,0,0,0,1,0,0,0
data/external/actions/human_action_recognition/train/003043_hugging.jpg,Bingsu/Human_Action_Recognition,hugging,1,0,0,0,0,0,0,0,0,0,0,0,0,0,0,0,1,0,0,0
data/external/actions/human_action_recognition/train/003044_listening_to_music.jpg,Bingsu/Human_Action_Recognition,listening_to_music,0,1,0,0,0,0,0,0,0,0,0,0,0,0,0,0,1,0,0,0
data/external/actions/human_action_recognition/train/003045_running.jpg,Bingsu/Human_Action_Recognition,running,0,0,0,0,0,0,1,0,0,0,0,0,0,0,0,0,0,1,1,0
data/external/actions/human_action_recognition/train/003046_using_laptop.jpg,Bingsu/Human_Action_Recognition,using_laptop,0,1,0,0,0,0,0,0,0,0,0,0,1,0,0,0,1,0,0,0
data/external/actions/human_action_recognition/train/003047_listening_to_music.jpg,Bingsu/Human_Action_Recognition,listening_to_music,0,1,0,0,0,0,0,0,0,0,0,0,0,0,0,0,1,0,0,0
data/external/actions/human_action_recognition/train/003048_clapping.jpg,Bingsu/Human_Action_Recognition,clapping,0,0,0,0,1,0,0,0,0,0,0,0,0,0,0,0,0,1,0,0
data/external/actions/human_action_recognition/train/003049_running.jpg,Bingsu/Human_Action_Recognition,running,0,0,0,0,0,0,1,0,0,0,0,0,0,0,0,0,0,1,1,0
data/external/actions/human_action_recognition/train/003050_eating.jpg,Bingsu/Human_Action_Recognition,eating,0,0,0,0,0,0,0,0,0,0,0,0,0,1,0,0,0,0,0,0
data/external/actions/human_action_recognition/train/003051_sitting.jpg,Bingsu/Human_Action_Recognition,sitting,0,1,0,0,0,0,0,0,0,0,0,0,0,0,0,0,1,0,0,0
data/external/actions/human_action_recognition/train/003052_cycling.jpg,Bingsu/Human_Action_Recognition,cycling,0,0,0,0,0,0,0,0,1,0,0,0,0,0,0,0,0,1,0,0
data/external/actions/human_action_recognition/train/003053_laughing.jpg,Bingsu/Human_Action_Recognition,laughing,1,0,0,0,0,0,0,0,0,0,0,0,0,0,0,0,1,0,0,0
data/external/actions/human_action_recognition/train/003054_calling.jpg,Bingsu/Human_Action_Recognition,calling,1,0,0,0,0,0,0,0,0,0,0,0,0,0,0,0,1,0,0,0
data/external/actions/human_action_recognition/train/003055_running.jpg,Bingsu/Human_Action_Recognition,running,0,0,0,0,0,0,1,0,0,0,0,0,0,0,0,0,0,1,1,0
data/external/actions/human_action_recognition/train/003056_calling.jpg,Bingsu/Human_Action_Recognition,calling,1,0,0,0,0,0,0,0,0,0,0,0,0,0,0,0,1,0,0,0
data/external/actions/human_action_recognition/train/003057_running.jpg,Bingsu/Human_Action_Recognition,running,0,0,0,0,0,0,1,0,0,0,0,0,0,0,0,0,0,1,1,0
data/external/actions/human_action_recognition/train/003058_hugging.jpg,Bingsu/Human_Action_Recognition,hugging,1,0,0,0,0,0,0,0,0,0,0,0,0,0,0,0,1,0,0,0
data/external/actions/human_action_recognition/train/003059_using_laptop.jpg,Bingsu/Human_Action_Recognition,using_laptop,0,1,0,0,0,0,0,0,0,0,0,0,1,0,0,0,1,0,0,0
data/external/actions/human_action_recognition/train/003060_listening_to_music.jpg,Bingsu/Human_Action_Recognition,listening_to_music,0,1,0,0,0,0,0,0,0,0,0,0,0,0,0,0,1,0,0,0
data/external/actions/human_action_recognition/train/003061_sitting.jpg,Bingsu/Human_Action_Recognition,sitting,0,1,0,0,0,0,0,0,0,0,0,0,0,0,0,0,1,0,0,0
data/external/actions/human_action_recognition/train/003062_clapping.jpg,Bingsu/Human_Action_Recognition,clapping,0,0,0,0,1,0,0,0,0,0,0,0,0,0,0,0,0,1,0,0
data/external/actions/human_action_recognition/train/003063_sleeping.jpg,Bingsu/Human_Action_Recognition,sleeping,0,0,1,0,0,0,0,0,0,0,0,0,0,0,0,0,1,0,0,0
data/external/actions/human_action_recognition/train/003064_sleeping.jpg,Bingsu/Human_Action_Recognition,sleeping,0,0,1,0,0,0,0,0,0,0,0,0,0,0,0,0,1,0,0,0
data/external/actions/human_action_recognition/train/003065_eating.jpg,Bingsu/Human_Action_Recognition,eating,0,0,0,0,0,0,0,0,0,0,0,0,0,1,0,0,0,0,0,0
data/external/actions/human_action_recognition/train/003066_listening_to_music.jpg,Bingsu/Human_Action_Recognition,listening_to_music,0,1,0,0,0,0,0,0,0,0,0,0,0,0,0,0,1,0,0,0
data/external/actions/human_action_recognition/train/003067_drinking.jpg,Bingsu/Human_Action_Recognition,drinking,0,0,0,0,0,0,0,0,0,0,0,0,0,0,1,0,0,0,0,0
data/external/actions/human_action_recognition/train/003068_calling.jpg,Bingsu/Human_Action_Recognition,calling,1,0,0,0,0,0,0,0,0,0,0,0,0,0,0,0,1,0,0,0
data/external/actions/human_action_recognition/train/003069_drinking.jpg,Bingsu/Human_Action_Recognition,drinking,0,0,0,0,0,0,0,0,0,0,0,0,0,0,1,0,0,0,0,0
data/external/actions/human_action_recognition/train/003070_clapping.jpg,Bingsu/Human_Action_Recognition,clapping,0,0,0,0,1,0,0,0,0,0,0,0,0,0,0,0,0,1,0,0
data/external/actions/human_action_recognition/train/003071_laughing.jpg,Bingsu/Human_Action_Recognition,laughing,1,0,0,0,0,0,0,0,0,0,0,0,0,0,0,0,1,0,0,0
data/external/actions/human_action_recognition/train/003072_using_laptop.jpg,Bingsu/Human_Action_Recognition,using_laptop,0,1,0,0,0,0,0,0,0,0,0,0,1,0,0,0,1,0,0,0
data/external/actions/human_action_recognition/train/003073_texting.jpg,Bingsu/Human_Action_Recognition,texting,0,1,0,0,0,0,0,0,0,0,0,0,0,0,0,0,1,0,0,0
data/external/actions/human_action_recognition/train/003074_laughing.jpg,Bingsu/Human_Action_Recognition,laughing,1,0,0,0,0,0,0,0,0,0,0,0,0,0,0,0,1,0,0,0
data/external/actions/human_action_recognition/train/003075_cycling.jpg,Bingsu/Human_Action_Recognition,cycling,0,0,0,0,0,0,0,0,1,0,0,0,0,0,0,0,0,1,0,0
data/external/actions/human_action_recognition/train/003076_cycling.jpg,Bingsu/Human_Action_Recognition,cycling,0,0,0,0,0,0,0,0,1,0,0,0,0,0,0,0,0,1,0,0
data/external/actions/human_action_recognition/train/003077_laughing.jpg,Bingsu/Human_Action_Recognition,laughing,1,0,0,0,0,0,0,0,0,0,0,0,0,0,0,0,1,0,0,0
data/external/actions/human_action_recognition/train/003078_drinking.jpg,Bingsu/Human_Action_Recognition,drinking,0,0,0,0,0,0,0,0,0,0,0,0,0,0,1,0,0,0,0,0
data/external/actions/human_action_recognition/train/003079_cycling.jpg,Bingsu/Human_Action_Recognition,cycling,0,0,0,0,0,0,0,0,1,0,0,0,0,0,0,0,0,1,0,0
data/external/actions/human_action_recognition/train/003080_fighting.jpg,Bingsu/Human_Action_Recognition,fighting,0,0,0,0,0,0,0,0,0,0,0,0,0,0,0,0,0,1,1,0
data/external/actions/human_action_recognition/train/003081_hugging.jpg,Bingsu/Human_Action_Recognition,hugging,1,0,0,0,0,0,0,0,0,0,0,0,0,0,0,0,1,0,0,0
data/external/actions/human_action_recognition/train/003082_dancing.jpg,Bingsu/Human_Action_Recognition,dancing,0,0,0,0,0,0,0,0,0,0,1,0,0,0,0,0,0,1,0,0
data/external/actions/human_action_recognition/train/003083_hugging.jpg,Bingsu/Human_Action_Recognition,hugging,1,0,0,0,0,0,0,0,0,0,0,0,0,0,0,0,1,0,0,0
data/external/actions/human_action_recognition/train/003084_eating.jpg,Bingsu/Human_Action_Recognition,eating,0,0,0,0,0,0,0,0,0,0,0,0,0,1,0,0,0,0,0,0
data/external/actions/human_action_recognition/train/003085_texting.jpg,Bingsu/Human_Action_Recognition,texting,0,1,0,0,0,0,0,0,0,0,0,0,0,0,0,0,1,0,0,0
data/external/actions/human_action_recognition/train/003086_eating.jpg,Bingsu/Human_Action_Recognition,eating,0,0,0,0,0,0,0,0,0,0,0,0,0,1,0,0,0,0,0,0
data/external/actions/human_action_recognition/train/003087_sitting.jpg,Bingsu/Human_Action_Recognition,sitting,0,1,0,0,0,0,0,0,0,0,0,0,0,0,0,0,1,0,0,0
data/external/actions/human_action_recognition/train/003088_fighting.jpg,Bingsu/Human_Action_Recognition,fighting,0,0,0,0,0,0,0,0,0,0,0,0,0,0,0,0,0,1,1,0
data/external/actions/human_action_recognition/train/003089_drinking.jpg,Bingsu/Human_Action_Recognition,drinking,0,0,0,0,0,0,0,0,0,0,0,0,0,0,1,0,0,0,0,0
data/external/actions/human_action_recognition/train/003090_laughing.jpg,Bingsu/Human_Action_Recognition,laughing,1,0,0,0,0,0,0,0,0,0,0,0,0,0,0,0,1,0,0,0
data/external/actions/human_action_recognition/train/003091_texting.jpg,Bingsu/Human_Action_Recognition,texting,0,1,0,0,0,0,0,0,0,0,0,0,0,0,0,0,1,0,0,0
data/external/actions/human_action_recognition/train/003092_drinking.jpg,Bingsu/Human_Action_Recognition,drinking,0,0,0,0,0,0,0,0,0,0,0,0,0,0,1,0,0,0,0,0
data/external/actions/human_action_recognition/train/003093_sitting.jpg,Bingsu/Human_Action_Recognition,sitting,0,1,0,0,0,0,0,0,0,0,0,0,0,0,0,0,1,0,0,0
data/external/actions/human_action_recognition/train/003094_dancing.jpg,Bingsu/Human_Action_Recognition,dancing,0,0,0,0,0,0,0,0,0,0,1,0,0,0,0,0,0,1,0,0
data/external/actions/human_action_recognition/train/003095_dancing.jpg,Bingsu/Human_Action_Recognition,dancing,0,0,0,0,0,0,0,0,0,0,1,0,0,0,0,0,0,1,0,0
data/external/actions/human_action_recognition/train/003096_dancing.jpg,Bingsu/Human_Action_Recognition,dancing,0,0,0,0,0,0,0,0,0,0,1,0,0,0,0,0,0,1,0,0
data/external/actions/human_action_recognition/train/003097_cycling.jpg,Bingsu/Human_Action_Recognition,cycling,0,0,0,0,0,0,0,0,1,0,0,0,0,0,0,0,0,1,0,0
data/external/actions/human_action_recognition/train/003098_laughing.jpg,Bingsu/Human_Action_Recognition,laughing,1,0,0,0,0,0,0,0,0,0,0,0,0,0,0,0,1,0,0,0
data/external/actions/human_action_recognition/train/003099_eating.jpg,Bingsu/Human_Action_Recognition,eating,0,0,0,0,0,0,0,0,0,0,0,0,0,1,0,0,0,0,0,0
data/external/actions/human_action_recognition/train/003100_laughing.jpg,Bingsu/Human_Action_Recognition,laughing,1,0,0,0,0,0,0,0,0,0,0,0,0,0,0,0,1,0,0,0
data/external/actions/human_action_recognition/train/003101_calling.jpg,Bingsu/Human_Action_Recognition,calling,1,0,0,0,0,0,0,0,0,0,0,0,0,0,0,0,1,0,0,0
data/external/actions/human_action_recognition/train/003102_drinking.jpg,Bingsu/Human_Action_Recognition,drinking,0,0,0,0,0,0,0,0,0,0,0,0,0,0,1,0,0,0,0,0
data/external/actions/human_action_recognition/train/003103_running.jpg,Bingsu/Human_Action_Recognition,running,0,0,0,0,0,0,1,0,0,0,0,0,0,0,0,0,0,1,1,0
data/external/actions/human_action_recognition/train/003104_listening_to_music.jpg,Bingsu/Human_Action_Recognition,listening_to_music,0,1,0,0,0,0,0,0,0,0,0,0,0,0,0,0,1,0,0,0
data/external/actions/human_action_recognition/train/003105_fighting.jpg,Bingsu/Human_Action_Recognition,fighting,0,0,0,0,0,0,0,0,0,0,0,0,0,0,0,0,0,1,1,0
data/external/actions/human_action_recognition/train/003106_fighting.jpg,Bingsu/Human_Action_Recognition,fighting,0,0,0,0,0,0,0,0,0,0,0,0,0,0,0,0,0,1,1,0
data/external/actions/human_action_recognition/train/003107_fighting.jpg,Bingsu/Human_Action_Recognition,fighting,0,0,0,0,0,0,0,0,0,0,0,0,0,0,0,0,0,1,1,0
data/external/actions/human_action_recognition/train/003108_laughing.jpg,Bingsu/Human_Action_Recognition,laughing,1,0,0,0,0,0,0,0,0,0,0,0,0,0,0,0,1,0,0,0
data/external/actions/human_action_recognition/train/003109_laughing.jpg,Bingsu/Human_Action_Recognition,laughing,1,0,0,0,0,0,0,0,0,0,0,0,0,0,0,0,1,0,0,0
data/external/actions/human_action_recognition/train/003110_listening_to_music.jpg,Bingsu/Human_Action_Recognition,listening_to_music,0,1,0,0,0,0,0,0,0,0,0,0,0,0,0,0,1,0,0,0
data/external/actions/human_action_recognition/train/003111_using_laptop.jpg,Bingsu/Human_Action_Recognition,using_laptop,0,1,0,0,0,0,0,0,0,0,0,0,1,0,0,0,1,0,0,0
data/external/actions/human_action_recognition/train/003112_dancing.jpg,Bingsu/Human_Action_Recognition,dancing,0,0,0,0,0,0,0,0,0,0,1,0,0,0,0,0,0,1,0,0
data/external/actions/human_action_recognition/train/003113_texting.jpg,Bingsu/Human_Action_Recognition,texting,0,1,0,0,0,0,0,0,0,0,0,0,0,0,0,0,1,0,0,0
data/external/actions/human_action_recognition/train/003114_sitting.jpg,Bingsu/Human_Action_Recognition,sitting,0,1,0,0,0,0,0,0,0,0,0,0,0,0,0,0,1,0,0,0
data/external/actions/human_action_recognition/train/003115_clapping.jpg,Bingsu/Human_Action_Recognition,clapping,0,0,0,0,1,0,0,0,0,0,0,0,0,0,0,0,0,1,0,0
data/external/actions/human_action_recognition/train/003116_sleeping.jpg,Bingsu/Human_Action_Recognition,sleeping,0,0,1,0,0,0,0,0,0,0,0,0,0,0,0,0,1,0,0,0
data/external/actions/human_action_recognition/train/003117_running.jpg,Bingsu/Human_Action_Recognition,running,0,0,0,0,0,0,1,0,0,0,0,0,0,0,0,0,0,1,1,0
data/external/actions/human_action_recognition/train/003118_laughing.jpg,Bingsu/Human_Action_Recognition,laughing,1,0,0,0,0,0,0,0,0,0,0,0,0,0,0,0,1,0,0,0
data/external/actions/human_action_recognition/train/003119_using_laptop.jpg,Bingsu/Human_Action_Recognition,using_laptop,0,1,0,0,0,0,0,0,0,0,0,0,1,0,0,0,1,0,0,0
data/external/actions/human_action_recognition/train/003120_hugging.jpg,Bingsu/Human_Action_Recognition,hugging,1,0,0,0,0,0,0,0,0,0,0,0,0,0,0,0,1,0,0,0
data/external/actions/human_action_recognition/train/003121_dancing.jpg,Bingsu/Human_Action_Recognition,dancing,0,0,0,0,0,0,0,0,0,0,1,0,0,0,0,0,0,1,0,0
data/external/actions/human_action_recognition/train/003122_cycling.jpg,Bingsu/Human_Action_Recognition,cycling,0,0,0,0,0,0,0,0,1,0,0,0,0,0,0,0,0,1,0,0
data/external/actions/human_action_recognition/train/003123_hugging.jpg,Bingsu/Human_Action_Recognition,hugging,1,0,0,0,0,0,0,0,0,0,0,0,0,0,0,0,1,0,0,0
data/external/actions/human_action_recognition/train/003124_sitting.jpg,Bingsu/Human_Action_Recognition,sitting,0,1,0,0,0,0,0,0,0,0,0,0,0,0,0,0,1,0,0,0
data/external/actions/human_action_recognition/train/003125_hugging.jpg,Bingsu/Human_Action_Recognition,hugging,1,0,0,0,0,0,0,0,0,0,0,0,0,0,0,0,1,0,0,0
data/external/actions/human_action_recognition/train/003126_laughing.jpg,Bingsu/Human_Action_Recognition,laughing,1,0,0,0,0,0,0,0,0,0,0,0,0,0,0,0,1,0,0,0
data/external/actions/human_action_recognition/train/003127_using_laptop.jpg,Bingsu/Human_Action_Recognition,using_laptop,0,1,0,0,0,0,0,0,0,0,0,0,1,0,0,0,1,0,0,0
data/external/actions/human_action_recognition/train/003128_laughing.jpg,Bingsu/Human_Action_Recognition,laughing,1,0,0,0,0,0,0,0,0,0,0,0,0,0,0,0,1,0,0,0
data/external/actions/human_action_recognition/train/003129_using_laptop.jpg,Bingsu/Human_Action_Recognition,using_laptop,0,1,0,0,0,0,0,0,0,0,0,0,1,0,0,0,1,0,0,0
data/external/actions/human_action_recognition/train/003130_using_laptop.jpg,Bingsu/Human_Action_Recognition,using_laptop,0,1,0,0,0,0,0,0,0,0,0,0,1,0,0,0,1,0,0,0
data/external/actions/human_action_recognition/train/003131_dancing.jpg,Bingsu/Human_Action_Recognition,dancing,0,0,0,0,0,0,0,0,0,0,1,0,0,0,0,0,0,1,0,0
data/external/actions/human_action_recognition/train/003132_running.jpg,Bingsu/Human_Action_Recognition,running,0,0,0,0,0,0,1,0,0,0,0,0,0,0,0,0,0,1,1,0
data/external/actions/human_action_recognition/train/003133_fighting.jpg,Bingsu/Human_Action_Recognition,fighting,0,0,0,0,0,0,0,0,0,0,0,0,0,0,0,0,0,1,1,0
data/external/actions/human_action_recognition/train/003134_calling.jpg,Bingsu/Human_Action_Recognition,calling,1,0,0,0,0,0,0,0,0,0,0,0,0,0,0,0,1,0,0,0
data/external/actions/human_action_recognition/train/003135_eating.jpg,Bingsu/Human_Action_Recognition,eating,0,0,0,0,0,0,0,0,0,0,0,0,0,1,0,0,0,0,0,0
data/external/actions/human_action_recognition/train/003136_listening_to_music.jpg,Bingsu/Human_Action_Recognition,listening_to_music,0,1,0,0,0,0,0,0,0,0,0,0,0,0,0,0,1,0,0,0
data/external/actions/human_action_recognition/train/003137_clapping.jpg,Bingsu/Human_Action_Recognition,clapping,0,0,0,0,1,0,0,0,0,0,0,0,0,0,0,0,0,1,0,0
data/external/actions/human_action_recognition/train/003138_dancing.jpg,Bingsu/Human_Action_Recognition,dancing,0,0,0,0,0,0,0,0,0,0,1,0,0,0,0,0,0,1,0,0
data/external/actions/human_action_recognition/train/003139_calling.jpg,Bingsu/Human_Action_Recognition,calling,1,0,0,0,0,0,0,0,0,0,0,0,0,0,0,0,1,0,0,0
data/external/actions/human_action_recognition/train/003140_drinking.jpg,Bingsu/Human_Action_Recognition,drinking,0,0,0,0,0,0,0,0,0,0,0,0,0,0,1,0,0,0,0,0
data/external/actions/human_action_recognition/train/003141_running.jpg,Bingsu/Human_Action_Recognition,running,0,0,0,0,0,0,1,0,0,0,0,0,0,0,0,0,0,1,1,0
data/external/actions/human_action_recognition/train/003142_texting.jpg,Bingsu/Human_Action_Recognition,texting,0,1,0,0,0,0,0,0,0,0,0,0,0,0,0,0,1,0,0,0
data/external/actions/human_action_recognition/train/003143_listening_to_music.jpg,Bingsu/Human_Action_Recognition,listening_to_music,0,1,0,0,0,0,0,0,0,0,0,0,0,0,0,0,1,0,0,0
data/external/actions/human_action_recognition/train/003144_clapping.jpg,Bingsu/Human_Action_Recognition,clapping,0,0,0,0,1,0,0,0,0,0,0,0,0,0,0,0,0,1,0,0
data/external/actions/human_action_recognition/train/003145_clapping.jpg,Bingsu/Human_Action_Recognition,clapping,0,0,0,0,1,0,0,0,0,0,0,0,0,0,0,0,0,1,0,0
data/external/actions/human_action_recognition/train/003146_fighting.jpg,Bingsu/Human_Action_Recognition,fighting,0,0,0,0,0,0,0,0,0,0,0,0,0,0,0,0,0,1,1,0
data/external/actions/human_action_recognition/train/003147_cycling.jpg,Bingsu/Human_Action_Recognition,cycling,0,0,0,0,0,0,0,0,1,0,0,0,0,0,0,0,0,1,0,0
data/external/actions/human_action_recognition/train/003148_drinking.jpg,Bingsu/Human_Action_Recognition,drinking,0,0,0,0,0,0,0,0,0,0,0,0,0,0,1,0,0,0,0,0
data/external/actions/human_action_recognition/train/003149_running.jpg,Bingsu/Human_Action_Recognition,running,0,0,0,0,0,0,1,0,0,0,0,0,0,0,0,0,0,1,1,0
data/external/actions/human_action_recognition/train/003150_sitting.jpg,Bingsu/Human_Action_Recognition,sitting,0,1,0,0,0,0,0,0,0,0,0,0,0,0,0,0,1,0,0,0
data/external/actions/human_action_recognition/train/003151_cycling.jpg,Bingsu/Human_Action_Recognition,cycling,0,0,0,0,0,0,0,0,1,0,0,0,0,0,0,0,0,1,0,0
data/external/actions/human_action_recognition/train/003152_using_laptop.jpg,Bingsu/Human_Action_Recognition,using_laptop,0,1,0,0,0,0,0,0,0,0,0,0,1,0,0,0,1,0,0,0
data/external/actions/human_action_recognition/train/003153_laughing.jpg,Bingsu/Human_Action_Recognition,laughing,1,0,0,0,0,0,0,0,0,0,0,0,0,0,0,0,1,0,0,0
data/external/actions/human_action_recognition/train/003154_calling.jpg,Bingsu/Human_Action_Recognition,calling,1,0,0,0,0,0,0,0,0,0,0,0,0,0,0,0,1,0,0,0
data/external/actions/human_action_recognition/train/003155_dancing.jpg,Bingsu/Human_Action_Recognition,dancing,0,0,0,0,0,0,0,0,0,0,1,0,0,0,0,0,0,1,0,0
data/external/actions/human_action_recognition/train/003156_listening_to_music.jpg,Bingsu/Human_Action_Recognition,listening_to_music,0,1,0,0,0,0,0,0,0,0,0,0,0,0,0,0,1,0,0,0
data/external/actions/human_action_recognition/train/003157_running.jpg,Bingsu/Human_Action_Recognition,running,0,0,0,0,0,0,1,0,0,0,0,0,0,0,0,0,0,1,1,0
data/external/actions/human_action_recognition/train/003158_running.jpg,Bingsu/Human_Action_Recognition,running,0,0,0,0,0,0,1,0,0,0,0,0,0,0,0,0,0,1,1,0
data/external/actions/human_action_recognition/train/003159_drinking.jpg,Bingsu/Human_Action_Recognition,drinking,0,0,0,0,0,0,0,0,0,0,0,0,0,0,1,0,0,0,0,0
data/external/actions/human_action_recognition/train/003160_texting.jpg,Bingsu/Human_Action_Recognition,texting,0,1,0,0,0,0,0,0,0,0,0,0,0,0,0,0,1,0,0,0
data/external/actions/human_action_recognition/train/003161_drinking.jpg,Bingsu/Human_Action_Recognition,drinking,0,0,0,0,0,0,0,0,0,0,0,0,0,0,1,0,0,0,0,0
data/external/actions/human_action_recognition/train/003162_sleeping.jpg,Bingsu/Human_Action_Recognition,sleeping,0,0,1,0,0,0,0,0,0,0,0,0,0,0,0,0,1,0,0,0
data/external/actions/human_action_recognition/train/003163_using_laptop.jpg,Bingsu/Human_Action_Recognition,using_laptop,0,1,0,0,0,0,0,0,0,0,0,0,1,0,0,0,1,0,0,0
data/external/actions/human_action_recognition/train/003164_using_laptop.jpg,Bingsu/Human_Action_Recognition,using_laptop,0,1,0,0,0,0,0,0,0,0,0,0,1,0,0,0,1,0,0,0
data/external/actions/human_action_recognition/train/003165_texting.jpg,Bingsu/Human_Action_Recognition,texting,0,1,0,0,0,0,0,0,0,0,0,0,0,0,0,0,1,0,0,0
data/external/actions/human_action_recognition/train/003166_dancing.jpg,Bingsu/Human_Action_Recognition,dancing,0,0,0,0,0,0,0,0,0,0,1,0,0,0,0,0,0,1,0,0
data/external/actions/human_action_recognition/train/003167_listening_to_music.jpg,Bingsu/Human_Action_Recognition,listening_to_music,0,1,0,0,0,0,0,0,0,0,0,0,0,0,0,0,1,0,0,0
data/external/actions/human_action_recognition/train/003168_texting.jpg,Bingsu/Human_Action_Recognition,texting,0,1,0,0,0,0,0,0,0,0,0,0,0,0,0,0,1,0,0,0
data/external/actions/human_action_recognition/train/003169_fighting.jpg,Bingsu/Human_Action_Recognition,fighting,0,0,0,0,0,0,0,0,0,0,0,0,0,0,0,0,0,1,1,0
data/external/actions/human_action_recognition/train/003170_using_laptop.jpg,Bingsu/Human_Action_Recognition,using_laptop,0,1,0,0,0,0,0,0,0,0,0,0,1,0,0,0,1,0,0,0
data/external/actions/human_action_recognition/train/003171_clapping.jpg,Bingsu/Human_Action_Recognition,clapping,0,0,0,0,1,0,0,0,0,0,0,0,0,0,0,0,0,1,0,0
data/external/actions/human_action_recognition/train/003172_cycling.jpg,Bingsu/Human_Action_Recognition,cycling,0,0,0,0,0,0,0,0,1,0,0,0,0,0,0,0,0,1,0,0
data/external/actions/human_action_recognition/train/003173_sitting.jpg,Bingsu/Human_Action_Recognition,sitting,0,1,0,0,0,0,0,0,0,0,0,0,0,0,0,0,1,0,0,0
data/external/actions/human_action_recognition/train/003174_calling.jpg,Bingsu/Human_Action_Recognition,calling,1,0,0,0,0,0,0,0,0,0,0,0,0,0,0,0,1,0,0,0
data/external/actions/human_action_recognition/train/003175_listening_to_music.jpg,Bingsu/Human_Action_Recognition,listening_to_music,0,1,0,0,0,0,0,0,0,0,0,0,0,0,0,0,1,0,0,0
data/external/actions/human_action_recognition/train/003176_running.jpg,Bingsu/Human_Action_Recognition,running,0,0,0,0,0,0,1,0,0,0,0,0,0,0,0,0,0,1,1,0
data/external/actions/human_action_recognition/train/003177_sitting.jpg,Bingsu/Human_Action_Recognition,sitting,0,1,0,0,0,0,0,0,0,0,0,0,0,0,0,0,1,0,0,0
data/external/actions/human_action_recognition/train/003178_clapping.jpg,Bingsu/Human_Action_Recognition,clapping,0,0,0,0,1,0,0,0,0,0,0,0,0,0,0,0,0,1,0,0
data/external/actions/human_action_recognition/train/003179_laughing.jpg,Bingsu/Human_Action_Recognition,laughing,1,0,0,0,0,0,0,0,0,0,0,0,0,0,0,0,1,0,0,0
data/external/actions/human_action_recognition/train/003180_hugging.jpg,Bingsu/Human_Action_Recognition,hugging,1,0,0,0,0,0,0,0,0,0,0,0,0,0,0,0,1,0,0,0
data/external/actions/human_action_recognition/train/003181_eating.jpg,Bingsu/Human_Action_Recognition,eating,0,0,0,0,0,0,0,0,0,0,0,0,0,1,0,0,0,0,0,0
data/external/actions/human_action_recognition/train/003182_dancing.jpg,Bingsu/Human_Action_Recognition,dancing,0,0,0,0,0,0,0,0,0,0,1,0,0,0,0,0,0,1,0,0
data/external/actions/human_action_recognition/train/003183_texting.jpg,Bingsu/Human_Action_Recognition,texting,0,1,0,0,0,0,0,0,0,0,0,0,0,0,0,0,1,0,0,0
data/external/actions/human_action_recognition/train/003184_running.jpg,Bingsu/Human_Action_Recognition,running,0,0,0,0,0,0,1,0,0,0,0,0,0,0,0,0,0,1,1,0
data/external/actions/human_action_recognition/train/003185_hugging.jpg,Bingsu/Human_Action_Recognition,hugging,1,0,0,0,0,0,0,0,0,0,0,0,0,0,0,0,1,0,0,0
data/external/actions/human_action_recognition/train/003186_sitting.jpg,Bingsu/Human_Action_Recognition,sitting,0,1,0,0,0,0,0,0,0,0,0,0,0,0,0,0,1,0,0,0
data/external/actions/human_action_recognition/train/003187_using_laptop.jpg,Bingsu/Human_Action_Recognition,using_laptop,0,1,0,0,0,0,0,0,0,0,0,0,1,0,0,0,1,0,0,0
data/external/actions/human_action_recognition/train/003188_dancing.jpg,Bingsu/Human_Action_Recognition,dancing,0,0,0,0,0,0,0,0,0,0,1,0,0,0,0,0,0,1,0,0
data/external/actions/human_action_recognition/train/003189_drinking.jpg,Bingsu/Human_Action_Recognition,drinking,0,0,0,0,0,0,0,0,0,0,0,0,0,0,1,0,0,0,0,0
data/external/actions/human_action_recognition/train/003190_cycling.jpg,Bingsu/Human_Action_Recognition,cycling,0,0,0,0,0,0,0,0,1,0,0,0,0,0,0,0,0,1,0,0
data/external/actions/human_action_recognition/train/003191_drinking.jpg,Bingsu/Human_Action_Recognition,drinking,0,0,0,0,0,0,0,0,0,0,0,0,0,0,1,0,0,0,0,0
data/external/actions/human_action_recognition/train/003192_texting.jpg,Bingsu/Human_Action_Recognition,texting,0,1,0,0,0,0,0,0,0,0,0,0,0,0,0,0,1,0,0,0
data/external/actions/human_action_recognition/train/003193_calling.jpg,Bingsu/Human_Action_Recognition,calling,1,0,0,0,0,0,0,0,0,0,0,0,0,0,0,0,1,0,0,0
data/external/actions/human_action_recognition/train/003194_cycling.jpg,Bingsu/Human_Action_Recognition,cycling,0,0,0,0,0,0,0,0,1,0,0,0,0,0,0,0,0,1,0,0
data/external/actions/human_action_recognition/train/003195_hugging.jpg,Bingsu/Human_Action_Recognition,hugging,1,0,0,0,0,0,0,0,0,0,0,0,0,0,0,0,1,0,0,0
data/external/actions/human_action_recognition/train/003196_calling.jpg,Bingsu/Human_Action_Recognition,calling,1,0,0,0,0,0,0,0,0,0,0,0,0,0,0,0,1,0,0,0
data/external/actions/human_action_recognition/train/003197_sitting.jpg,Bingsu/Human_Action_Recognition,sitting,0,1,0,0,0,0,0,0,0,0,0,0,0,0,0,0,1,0,0,0
data/external/actions/human_action_recognition/train/003198_cycling.jpg,Bingsu/Human_Action_Recognition,cycling,0,0,0,0,0,0,0,0,1,0,0,0,0,0,0,0,0,1,0,0
data/external/actions/human_action_recognition/train/003199_sitting.jpg,Bingsu/Human_Action_Recognition,sitting,0,1,0,0,0,0,0,0,0,0,0,0,0,0,0,0,1,0,0,0
data/external/actions/human_action_recognition/train/003200_calling.jpg,Bingsu/Human_Action_Recognition,calling,1,0,0,0,0,0,0,0,0,0,0,0,0,0,0,0,1,0,0,0
data/external/actions/human_action_recognition/train/003201_fighting.jpg,Bingsu/Human_Action_Recognition,fighting,0,0,0,0,0,0,0,0,0,0,0,0,0,0,0,0,0,1,1,0
data/external/actions/human_action_recognition/train/003202_laughing.jpg,Bingsu/Human_Action_Recognition,laughing,1,0,0,0,0,0,0,0,0,0,0,0,0,0,0,0,1,0,0,0
data/external/actions/human_action_recognition/train/003203_texting.jpg,Bingsu/Human_Action_Recognition,texting,0,1,0,0,0,0,0,0,0,0,0,0,0,0,0,0,1,0,0,0
data/external/actions/human_action_recognition/train/003204_running.jpg,Bingsu/Human_Action_Recognition,running,0,0,0,0,0,0,1,0,0,0,0,0,0,0,0,0,0,1,1,0
data/external/actions/human_action_recognition/train/003205_laughing.jpg,Bingsu/Human_Action_Recognition,laughing,1,0,0,0,0,0,0,0,0,0,0,0,0,0,0,0,1,0,0,0
data/external/actions/human_action_recognition/train/003206_using_laptop.jpg,Bingsu/Human_Action_Recognition,using_laptop,0,1,0,0,0,0,0,0,0,0,0,0,1,0,0,0,1,0,0,0
data/external/actions/human_action_recognition/train/003207_clapping.jpg,Bingsu/Human_Action_Recognition,clapping,0,0,0,0,1,0,0,0,0,0,0,0,0,0,0,0,0,1,0,0
data/external/actions/human_action_recognition/train/003208_laughing.jpg,Bingsu/Human_Action_Recognition,laughing,1,0,0,0,0,0,0,0,0,0,0,0,0,0,0,0,1,0,0,0
data/external/actions/human_action_recognition/train/003209_sleeping.jpg,Bingsu/Human_Action_Recognition,sleeping,0,0,1,0,0,0,0,0,0,0,0,0,0,0,0,0,1,0,0,0
data/external/actions/human_action_recognition/train/003210_laughing.jpg,Bingsu/Human_Action_Recognition,laughing,1,0,0,0,0,0,0,0,0,0,0,0,0,0,0,0,1,0,0,0
data/external/actions/human_action_recognition/train/003211_dancing.jpg,Bingsu/Human_Action_Recognition,dancing,0,0,0,0,0,0,0,0,0,0,1,0,0,0,0,0,0,1,0,0
data/external/actions/human_action_recognition/train/003212_eating.jpg,Bingsu/Human_Action_Recognition,eating,0,0,0,0,0,0,0,0,0,0,0,0,0,1,0,0,0,0,0,0
data/external/actions/human_action_recognition/train/003213_texting.jpg,Bingsu/Human_Action_Recognition,texting,0,1,0,0,0,0,0,0,0,0,0,0,0,0,0,0,1,0,0,0
data/external/actions/human_action_recognition/train/003214_listening_to_music.jpg,Bingsu/Human_Action_Recognition,listening_to_music,0,1,0,0,0,0,0,0,0,0,0,0,0,0,0,0,1,0,0,0
data/external/actions/human_action_recognition/train/003215_dancing.jpg,Bingsu/Human_Action_Recognition,dancing,0,0,0,0,0,0,0,0,0,0,1,0,0,0,0,0,0,1,0,0
data/external/actions/human_action_recognition/train/003216_laughing.jpg,Bingsu/Human_Action_Recognition,laughing,1,0,0,0,0,0,0,0,0,0,0,0,0,0,0,0,1,0,0,0
data/external/actions/human_action_recognition/train/003217_clapping.jpg,Bingsu/Human_Action_Recognition,clapping,0,0,0,0,1,0,0,0,0,0,0,0,0,0,0,0,0,1,0,0
data/external/actions/human_action_recognition/train/003218_dancing.jpg,Bingsu/Human_Action_Recognition,dancing,0,0,0,0,0,0,0,0,0,0,1,0,0,0,0,0,0,1,0,0
data/external/actions/human_action_recognition/train/003219_using_laptop.jpg,Bingsu/Human_Action_Recognition,using_laptop,0,1,0,0,0,0,0,0,0,0,0,0,1,0,0,0,1,0,0,0
data/external/actions/human_action_recognition/train/003220_hugging.jpg,Bingsu/Human_Action_Recognition,hugging,1,0,0,0,0,0,0,0,0,0,0,0,0,0,0,0,1,0,0,0
data/external/actions/human_action_recognition/train/003221_cycling.jpg,Bingsu/Human_Action_Recognition,cycling,0,0,0,0,0,0,0,0,1,0,0,0,0,0,0,0,0,1,0,0
data/external/actions/human_action_recognition/train/003222_listening_to_music.jpg,Bingsu/Human_Action_Recognition,listening_to_music,0,1,0,0,0,0,0,0,0,0,0,0,0,0,0,0,1,0,0,0
data/external/actions/human_action_recognition/train/003223_fighting.jpg,Bingsu/Human_Action_Recognition,fighting,0,0,0,0,0,0,0,0,0,0,0,0,0,0,0,0,0,1,1,0
data/external/actions/human_action_recognition/train/003224_drinking.jpg,Bingsu/Human_Action_Recognition,drinking,0,0,0,0,0,0,0,0,0,0,0,0,0,0,1,0,0,0,0,0
data/external/actions/human_action_recognition/train/003225_clapping.jpg,Bingsu/Human_Action_Recognition,clapping,0,0,0,0,1,0,0,0,0,0,0,0,0,0,0,0,0,1,0,0
data/external/actions/human_action_recognition/train/003226_drinking.jpg,Bingsu/Human_Action_Recognition,drinking,0,0,0,0,0,0,0,0,0,0,0,0,0,0,1,0,0,0,0,0
data/external/actions/human_action_recognition/train/003227_using_laptop.jpg,Bingsu/Human_Action_Recognition,using_laptop,0,1,0,0,0,0,0,0,0,0,0,0,1,0,0,0,1,0,0,0
data/external/actions/human_action_recognition/train/003228_using_laptop.jpg,Bingsu/Human_Action_Recognition,using_laptop,0,1,0,0,0,0,0,0,0,0,0,0,1,0,0,0,1,0,0,0
data/external/actions/human_action_recognition/train/003229_eating.jpg,Bingsu/Human_Action_Recognition,eating,0,0,0,0,0,0,0,0,0,0,0,0,0,1,0,0,0,0,0,0
data/external/actions/human_action_recognition/train/003230_sleeping.jpg,Bingsu/Human_Action_Recognition,sleeping,0,0,1,0,0,0,0,0,0,0,0,0,0,0,0,0,1,0,0,0
data/external/actions/human_action_recognition/train/003231_cycling.jpg,Bingsu/Human_Action_Recognition,cycling,0,0,0,0,0,0,0,0,1,0,0,0,0,0,0,0,0,1,0,0
data/external/actions/human_action_recognition/train/003232_eating.jpg,Bingsu/Human_Action_Recognition,eating,0,0,0,0,0,0,0,0,0,0,0,0,0,1,0,0,0,0,0,0
data/external/actions/human_action_recognition/train/003233_fighting.jpg,Bingsu/Human_Action_Recognition,fighting,0,0,0,0,0,0,0,0,0,0,0,0,0,0,0,0,0,1,1,0
data/external/actions/human_action_recognition/train/003234_fighting.jpg,Bingsu/Human_Action_Recognition,fighting,0,0,0,0,0,0,0,0,0,0,0,0,0,0,0,0,0,1,1,0
data/external/actions/human_action_recognition/train/003235_eating.jpg,Bingsu/Human_Action_Recognition,eating,0,0,0,0,0,0,0,0,0,0,0,0,0,1,0,0,0,0,0,0
data/external/actions/human_action_recognition/train/003236_eating.jpg,Bingsu/Human_Action_Recognition,eating,0,0,0,0,0,0,0,0,0,0,0,0,0,1,0,0,0,0,0,0
data/external/actions/human_action_recognition/train/003237_dancing.jpg,Bingsu/Human_Action_Recognition,dancing,0,0,0,0,0,0,0,0,0,0,1,0,0,0,0,0,0,1,0,0
data/external/actions/human_action_recognition/train/003238_sleeping.jpg,Bingsu/Human_Action_Recognition,sleeping,0,0,1,0,0,0,0,0,0,0,0,0,0,0,0,0,1,0,0,0
data/external/actions/human_action_recognition/train/003239_cycling.jpg,Bingsu/Human_Action_Recognition,cycling,0,0,0,0,0,0,0,0,1,0,0,0,0,0,0,0,0,1,0,0
data/external/actions/human_action_recognition/train/003240_calling.jpg,Bingsu/Human_Action_Recognition,calling,1,0,0,0,0,0,0,0,0,0,0,0,0,0,0,0,1,0,0,0
data/external/actions/human_action_recognition/train/003241_laughing.jpg,Bingsu/Human_Action_Recognition,laughing,1,0,0,0,0,0,0,0,0,0,0,0,0,0,0,0,1,0,0,0
data/external/actions/human_action_recognition/train/003242_sitting.jpg,Bingsu/Human_Action_Recognition,sitting,0,1,0,0,0,0,0,0,0,0,0,0,0,0,0,0,1,0,0,0
data/external/actions/human_action_recognition/train/003243_clapping.jpg,Bingsu/Human_Action_Recognition,clapping,0,0,0,0,1,0,0,0,0,0,0,0,0,0,0,0,0,1,0,0
data/external/actions/human_action_recognition/train/003244_laughing.jpg,Bingsu/Human_Action_Recognition,laughing,1,0,0,0,0,0,0,0,0,0,0,0,0,0,0,0,1,0,0,0
data/external/actions/human_action_recognition/train/003245_calling.jpg,Bingsu/Human_Action_Recognition,calling,1,0,0,0,0,0,0,0,0,0,0,0,0,0,0,0,1,0,0,0
data/external/actions/human_action_recognition/train/003246_drinking.jpg,Bingsu/Human_Action_Recognition,drinking,0,0,0,0,0,0,0,0,0,0,0,0,0,0,1,0,0,0,0,0
data/external/actions/human_action_recognition/train/003247_listening_to_music.jpg,Bingsu/Human_Action_Recognition,listening_to_music,0,1,0,0,0,0,0,0,0,0,0,0,0,0,0,0,1,0,0,0
data/external/actions/human_action_recognition/train/003248_calling.jpg,Bingsu/Human_Action_Recognition,calling,1,0,0,0,0,0,0,0,0,0,0,0,0,0,0,0,1,0,0,0
data/external/actions/human_action_recognition/train/003249_laughing.jpg,Bingsu/Human_Action_Recognition,laughing,1,0,0,0,0,0,0,0,0,0,0,0,0,0,0,0,1,0,0,0
data/external/actions/human_action_recognition/train/003250_laughing.jpg,Bingsu/Human_Action_Recognition,laughing,1,0,0,0,0,0,0,0,0,0,0,0,0,0,0,0,1,0,0,0
data/external/actions/human_action_recognition/train/003251_eating.jpg,Bingsu/Human_Action_Recognition,eating,0,0,0,0,0,0,0,0,0,0,0,0,0,1,0,0,0,0,0,0
data/external/actions/human_action_recognition/train/003252_running.jpg,Bingsu/Human_Action_Recognition,running,0,0,0,0,0,0,1,0,0,0,0,0,0,0,0,0,0,1,1,0
data/external/actions/human_action_recognition/train/003253_listening_to_music.jpg,Bingsu/Human_Action_Recognition,listening_to_music,0,1,0,0,0,0,0,0,0,0,0,0,0,0,0,0,1,0,0,0
data/external/actions/human_action_recognition/train/003254_sleeping.jpg,Bingsu/Human_Action_Recognition,sleeping,0,0,1,0,0,0,0,0,0,0,0,0,0,0,0,0,1,0,0,0
data/external/actions/human_action_recognition/train/003255_eating.jpg,Bingsu/Human_Action_Recognition,eating,0,0,0,0,0,0,0,0,0,0,0,0,0,1,0,0,0,0,0,0
data/external/actions/human_action_recognition/train/003256_laughing.jpg,Bingsu/Human_Action_Recognition,laughing,1,0,0,0,0,0,0,0,0,0,0,0,0,0,0,0,1,0,0,0
data/external/actions/human_action_recognition/train/003257_running.jpg,Bingsu/Human_Action_Recognition,running,0,0,0,0,0,0,1,0,0,0,0,0,0,0,0,0,0,1,1,0
data/external/actions/human_action_recognition/train/003258_clapping.jpg,Bingsu/Human_Action_Recognition,clapping,0,0,0,0,1,0,0,0,0,0,0,0,0,0,0,0,0,1,0,0
data/external/actions/human_action_recognition/train/003259_fighting.jpg,Bingsu/Human_Action_Recognition,fighting,0,0,0,0,0,0,0,0,0,0,0,0,0,0,0,0,0,1,1,0
data/external/actions/human_action_recognition/train/003260_dancing.jpg,Bingsu/Human_Action_Recognition,dancing,0,0,0,0,0,0,0,0,0,0,1,0,0,0,0,0,0,1,0,0
data/external/actions/human_action_recognition/train/003261_running.jpg,Bingsu/Human_Action_Recognition,running,0,0,0,0,0,0,1,0,0,0,0,0,0,0,0,0,0,1,1,0
data/external/actions/human_action_recognition/train/003262_fighting.jpg,Bingsu/Human_Action_Recognition,fighting,0,0,0,0,0,0,0,0,0,0,0,0,0,0,0,0,0,1,1,0
data/external/actions/human_action_recognition/train/003263_eating.jpg,Bingsu/Human_Action_Recognition,eating,0,0,0,0,0,0,0,0,0,0,0,0,0,1,0,0,0,0,0,0
data/external/actions/human_action_recognition/train/003264_eating.jpg,Bingsu/Human_Action_Recognition,eating,0,0,0,0,0,0,0,0,0,0,0,0,0,1,0,0,0,0,0,0
data/external/actions/human_action_recognition/train/003265_clapping.jpg,Bingsu/Human_Action_Recognition,clapping,0,0,0,0,1,0,0,0,0,0,0,0,0,0,0,0,0,1,0,0
data/external/actions/human_action_recognition/train/003266_hugging.jpg,Bingsu/Human_Action_Recognition,hugging,1,0,0,0,0,0,0,0,0,0,0,0,0,0,0,0,1,0,0,0
data/external/actions/human_action_recognition/train/003267_laughing.jpg,Bingsu/Human_Action_Recognition,laughing,1,0,0,0,0,0,0,0,0,0,0,0,0,0,0,0,1,0,0,0
data/external/actions/human_action_recognition/train/003268_calling.jpg,Bingsu/Human_Action_Recognition,calling,1,0,0,0,0,0,0,0,0,0,0,0,0,0,0,0,1,0,0,0
data/external/actions/human_action_recognition/train/003269_laughing.jpg,Bingsu/Human_Action_Recognition,laughing,1,0,0,0,0,0,0,0,0,0,0,0,0,0,0,0,1,0,0,0
data/external/actions/human_action_recognition/train/003270_dancing.jpg,Bingsu/Human_Action_Recognition,dancing,0,0,0,0,0,0,0,0,0,0,1,0,0,0,0,0,0,1,0,0
data/external/actions/human_action_recognition/train/003271_drinking.jpg,Bingsu/Human_Action_Recognition,drinking,0,0,0,0,0,0,0,0,0,0,0,0,0,0,1,0,0,0,0,0
data/external/actions/human_action_recognition/train/003272_sleeping.jpg,Bingsu/Human_Action_Recognition,sleeping,0,0,1,0,0,0,0,0,0,0,0,0,0,0,0,0,1,0,0,0
data/external/actions/human_action_recognition/train/003273_sleeping.jpg,Bingsu/Human_Action_Recognition,sleeping,0,0,1,0,0,0,0,0,0,0,0,0,0,0,0,0,1,0,0,0
data/external/actions/human_action_recognition/train/003274_hugging.jpg,Bingsu/Human_Action_Recognition,hugging,1,0,0,0,0,0,0,0,0,0,0,0,0,0,0,0,1,0,0,0
data/external/actions/human_action_recognition/train/003275_calling.jpg,Bingsu/Human_Action_Recognition,calling,1,0,0,0,0,0,0,0,0,0,0,0,0,0,0,0,1,0,0,0
data/external/actions/human_action_recognition/train/003276_hugging.jpg,Bingsu/Human_Action_Recognition,hugging,1,0,0,0,0,0,0,0,0,0,0,0,0,0,0,0,1,0,0,0
data/external/actions/human_action_recognition/train/003277_dancing.jpg,Bingsu/Human_Action_Recognition,dancing,0,0,0,0,0,0,0,0,0,0,1,0,0,0,0,0,0,1,0,0
data/external/actions/human_action_recognition/train/003278_using_laptop.jpg,Bingsu/Human_Action_Recognition,using_laptop,0,1,0,0,0,0,0,0,0,0,0,0,1,0,0,0,1,0,0,0
data/external/actions/human_action_recognition/train/003279_sitting.jpg,Bingsu/Human_Action_Recognition,sitting,0,1,0,0,0,0,0,0,0,0,0,0,0,0,0,0,1,0,0,0
data/external/actions/human_action_recognition/train/003280_calling.jpg,Bingsu/Human_Action_Recognition,calling,1,0,0,0,0,0,0,0,0,0,0,0,0,0,0,0,1,0,0,0
data/external/actions/human_action_recognition/train/003281_texting.jpg,Bingsu/Human_Action_Recognition,texting,0,1,0,0,0,0,0,0,0,0,0,0,0,0,0,0,1,0,0,0
data/external/actions/human_action_recognition/train/003282_eating.jpg,Bingsu/Human_Action_Recognition,eating,0,0,0,0,0,0,0,0,0,0,0,0,0,1,0,0,0,0,0,0
data/external/actions/human_action_recognition/train/003283_running.jpg,Bingsu/Human_Action_Recognition,running,0,0,0,0,0,0,1,0,0,0,0,0,0,0,0,0,0,1,1,0
data/external/actions/human_action_recognition/train/003284_calling.jpg,Bingsu/Human_Action_Recognition,calling,1,0,0,0,0,0,0,0,0,0,0,0,0,0,0,0,1,0,0,0
data/external/actions/human_action_recognition/train/003285_eating.jpg,Bingsu/Human_Action_Recognition,eating,0,0,0,0,0,0,0,0,0,0,0,0,0,1,0,0,0,0,0,0
data/external/actions/human_action_recognition/train/003286_cycling.jpg,Bingsu/Human_Action_Recognition,cycling,0,0,0,0,0,0,0,0,1,0,0,0,0,0,0,0,0,1,0,0
data/external/actions/human_action_recognition/train/003287_texting.jpg,Bingsu/Human_Action_Recognition,texting,0,1,0,0,0,0,0,0,0,0,0,0,0,0,0,0,1,0,0,0
data/external/actions/human_action_recognition/train/003288_sitting.jpg,Bingsu/Human_Action_Recognition,sitting,0,1,0,0,0,0,0,0,0,0,0,0,0,0,0,0,1,0,0,0
data/external/actions/human_action_recognition/train/003289_cycling.jpg,Bingsu/Human_Action_Recognition,cycling,0,0,0,0,0,0,0,0,1,0,0,0,0,0,0,0,0,1,0,0
data/external/actions/human_action_recognition/train/003290_sitting.jpg,Bingsu/Human_Action_Recognition,sitting,0,1,0,0,0,0,0,0,0,0,0,0,0,0,0,0,1,0,0,0
data/external/actions/human_action_recognition/train/003291_dancing.jpg,Bingsu/Human_Action_Recognition,dancing,0,0,0,0,0,0,0,0,0,0,1,0,0,0,0,0,0,1,0,0
data/external/actions/human_action_recognition/train/003292_texting.jpg,Bingsu/Human_Action_Recognition,texting,0,1,0,0,0,0,0,0,0,0,0,0,0,0,0,0,1,0,0,0
data/external/actions/human_action_recognition/train/003293_using_laptop.jpg,Bingsu/Human_Action_Recognition,using_laptop,0,1,0,0,0,0,0,0,0,0,0,0,1,0,0,0,1,0,0,0
data/external/actions/human_action_recognition/train/003294_texting.jpg,Bingsu/Human_Action_Recognition,texting,0,1,0,0,0,0,0,0,0,0,0,0,0,0,0,0,1,0,0,0
data/external/actions/human_action_recognition/train/003295_calling.jpg,Bingsu/Human_Action_Recognition,calling,1,0,0,0,0,0,0,0,0,0,0,0,0,0,0,0,1,0,0,0
data/external/actions/human_action_recognition/train/003296_using_laptop.jpg,Bingsu/Human_Action_Recognition,using_laptop,0,1,0,0,0,0,0,0,0,0,0,0,1,0,0,0,1,0,0,0
data/external/actions/human_action_recognition/train/003297_cycling.jpg,Bingsu/Human_Action_Recognition,cycling,0,0,0,0,0,0,0,0,1,0,0,0,0,0,0,0,0,1,0,0
data/external/actions/human_action_recognition/train/003298_running.jpg,Bingsu/Human_Action_Recognition,running,0,0,0,0,0,0,1,0,0,0,0,0,0,0,0,0,0,1,1,0
data/external/actions/human_action_recognition/train/003299_eating.jpg,Bingsu/Human_Action_Recognition,eating,0,0,0,0,0,0,0,0,0,0,0,0,0,1,0,0,0,0,0,0
data/external/actions/human_action_recognition/train/003300_fighting.jpg,Bingsu/Human_Action_Recognition,fighting,0,0,0,0,0,0,0,0,0,0,0,0,0,0,0,0,0,1,1,0
data/external/actions/human_action_recognition/train/003301_clapping.jpg,Bingsu/Human_Action_Recognition,clapping,0,0,0,0,1,0,0,0,0,0,0,0,0,0,0,0,0,1,0,0
data/external/actions/human_action_recognition/train/003302_listening_to_music.jpg,Bingsu/Human_Action_Recognition,listening_to_music,0,1,0,0,0,0,0,0,0,0,0,0,0,0,0,0,1,0,0,0
data/external/actions/human_action_recognition/train/003303_hugging.jpg,Bingsu/Human_Action_Recognition,hugging,1,0,0,0,0,0,0,0,0,0,0,0,0,0,0,0,1,0,0,0
data/external/actions/human_action_recognition/train/003304_calling.jpg,Bingsu/Human_Action_Recognition,calling,1,0,0,0,0,0,0,0,0,0,0,0,0,0,0,0,1,0,0,0
data/external/actions/human_action_recognition/train/003305_dancing.jpg,Bingsu/Human_Action_Recognition,dancing,0,0,0,0,0,0,0,0,0,0,1,0,0,0,0,0,0,1,0,0
data/external/actions/human_action_recognition/train/003306_sleeping.jpg,Bingsu/Human_Action_Recognition,sleeping,0,0,1,0,0,0,0,0,0,0,0,0,0,0,0,0,1,0,0,0
data/external/actions/human_action_recognition/train/003307_drinking.jpg,Bingsu/Human_Action_Recognition,drinking,0,0,0,0,0,0,0,0,0,0,0,0,0,0,1,0,0,0,0,0
data/external/actions/human_action_recognition/train/003308_laughing.jpg,Bingsu/Human_Action_Recognition,laughing,1,0,0,0,0,0,0,0,0,0,0,0,0,0,0,0,1,0,0,0
data/external/actions/human_action_recognition/train/003309_using_laptop.jpg,Bingsu/Human_Action_Recognition,using_laptop,0,1,0,0,0,0,0,0,0,0,0,0,1,0,0,0,1,0,0,0
data/external/actions/human_action_recognition/train/003310_calling.jpg,Bingsu/Human_Action_Recognition,calling,1,0,0,0,0,0,0,0,0,0,0,0,0,0,0,0,1,0,0,0
data/external/actions/human_action_recognition/train/003311_laughing.jpg,Bingsu/Human_Action_Recognition,laughing,1,0,0,0,0,0,0,0,0,0,0,0,0,0,0,0,1,0,0,0
data/external/actions/human_action_recognition/train/003312_eating.jpg,Bingsu/Human_Action_Recognition,eating,0,0,0,0,0,0,0,0,0,0,0,0,0,1,0,0,0,0,0,0
data/external/actions/human_action_recognition/train/003313_sleeping.jpg,Bingsu/Human_Action_Recognition,sleeping,0,0,1,0,0,0,0,0,0,0,0,0,0,0,0,0,1,0,0,0
data/external/actions/human_action_recognition/train/003314_sitting.jpg,Bingsu/Human_Action_Recognition,sitting,0,1,0,0,0,0,0,0,0,0,0,0,0,0,0,0,1,0,0,0
data/external/actions/human_action_recognition/train/003315_sitting.jpg,Bingsu/Human_Action_Recognition,sitting,0,1,0,0,0,0,0,0,0,0,0,0,0,0,0,0,1,0,0,0
data/external/actions/human_action_recognition/train/003316_cycling.jpg,Bingsu/Human_Action_Recognition,cycling,0,0,0,0,0,0,0,0,1,0,0,0,0,0,0,0,0,1,0,0
data/external/actions/human_action_recognition/train/003317_hugging.jpg,Bingsu/Human_Action_Recognition,hugging,1,0,0,0,0,0,0,0,0,0,0,0,0,0,0,0,1,0,0,0
data/external/actions/human_action_recognition/train/003318_sleeping.jpg,Bingsu/Human_Action_Recognition,sleeping,0,0,1,0,0,0,0,0,0,0,0,0,0,0,0,0,1,0,0,0
data/external/actions/human_action_recognition/train/003319_calling.jpg,Bingsu/Human_Action_Recognition,calling,1,0,0,0,0,0,0,0,0,0,0,0,0,0,0,0,1,0,0,0
data/external/actions/human_action_recognition/train/003320_dancing.jpg,Bingsu/Human_Action_Recognition,dancing,0,0,0,0,0,0,0,0,0,0,1,0,0,0,0,0,0,1,0,0
data/external/actions/human_action_recognition/train/003321_dancing.jpg,Bingsu/Human_Action_Recognition,dancing,0,0,0,0,0,0,0,0,0,0,1,0,0,0,0,0,0,1,0,0
data/external/actions/human_action_recognition/train/003322_running.jpg,Bingsu/Human_Action_Recognition,running,0,0,0,0,0,0,1,0,0,0,0,0,0,0,0,0,0,1,1,0
data/external/actions/human_action_recognition/train/003323_eating.jpg,Bingsu/Human_Action_Recognition,eating,0,0,0,0,0,0,0,0,0,0,0,0,0,1,0,0,0,0,0,0
data/external/actions/human_action_recognition/train/003324_running.jpg,Bingsu/Human_Action_Recognition,running,0,0,0,0,0,0,1,0,0,0,0,0,0,0,0,0,0,1,1,0
data/external/actions/human_action_recognition/train/003325_clapping.jpg,Bingsu/Human_Action_Recognition,clapping,0,0,0,0,1,0,0,0,0,0,0,0,0,0,0,0,0,1,0,0
data/external/actions/human_action_recognition/train/003326_cycling.jpg,Bingsu/Human_Action_Recognition,cycling,0,0,0,0,0,0,0,0,1,0,0,0,0,0,0,0,0,1,0,0
data/external/actions/human_action_recognition/train/003327_dancing.jpg,Bingsu/Human_Action_Recognition,dancing,0,0,0,0,0,0,0,0,0,0,1,0,0,0,0,0,0,1,0,0
data/external/actions/human_action_recognition/train/003328_using_laptop.jpg,Bingsu/Human_Action_Recognition,using_laptop,0,1,0,0,0,0,0,0,0,0,0,0,1,0,0,0,1,0,0,0
data/external/actions/human_action_recognition/train/003329_running.jpg,Bingsu/Human_Action_Recognition,running,0,0,0,0,0,0,1,0,0,0,0,0,0,0,0,0,0,1,1,0
data/external/actions/human_action_recognition/train/003330_sleeping.jpg,Bingsu/Human_Action_Recognition,sleeping,0,0,1,0,0,0,0,0,0,0,0,0,0,0,0,0,1,0,0,0
data/external/actions/human_action_recognition/train/003331_calling.jpg,Bingsu/Human_Action_Recognition,calling,1,0,0,0,0,0,0,0,0,0,0,0,0,0,0,0,1,0,0,0
data/external/actions/human_action_recognition/train/003332_drinking.jpg,Bingsu/Human_Action_Recognition,drinking,0,0,0,0,0,0,0,0,0,0,0,0,0,0,1,0,0,0,0,0
data/external/actions/human_action_recognition/train/003333_drinking.jpg,Bingsu/Human_Action_Recognition,drinking,0,0,0,0,0,0,0,0,0,0,0,0,0,0,1,0,0,0,0,0
data/external/actions/human_action_recognition/train/003334_using_laptop.jpg,Bingsu/Human_Action_Recognition,using_laptop,0,1,0,0,0,0,0,0,0,0,0,0,1,0,0,0,1,0,0,0
data/external/actions/human_action_recognition/train/003335_hugging.jpg,Bingsu/Human_Action_Recognition,hugging,1,0,0,0,0,0,0,0,0,0,0,0,0,0,0,0,1,0,0,0
data/external/actions/human_action_recognition/train/003336_sleeping.jpg,Bingsu/Human_Action_Recognition,sleeping,0,0,1,0,0,0,0,0,0,0,0,0,0,0,0,0,1,0,0,0
data/external/actions/human_action_recognition/train/003337_running.jpg,Bingsu/Human_Action_Recognition,running,0,0,0,0,0,0,1,0,0,0,0,0,0,0,0,0,0,1,1,0
data/external/actions/human_action_recognition/train/003338_clapping.jpg,Bingsu/Human_Action_Recognition,clapping,0,0,0,0,1,0,0,0,0,0,0,0,0,0,0,0,0,1,0,0
data/external/actions/human_action_recognition/train/003339_fighting.jpg,Bingsu/Human_Action_Recognition,fighting,0,0,0,0,0,0,0,0,0,0,0,0,0,0,0,0,0,1,1,0
data/external/actions/human_action_recognition/train/003340_hugging.jpg,Bingsu/Human_Action_Recognition,hugging,1,0,0,0,0,0,0,0,0,0,0,0,0,0,0,0,1,0,0,0
data/external/actions/human_action_recognition/train/003341_sleeping.jpg,Bingsu/Human_Action_Recognition,sleeping,0,0,1,0,0,0,0,0,0,0,0,0,0,0,0,0,1,0,0,0
data/external/actions/human_action_recognition/train/003342_cycling.jpg,Bingsu/Human_Action_Recognition,cycling,0,0,0,0,0,0,0,0,1,0,0,0,0,0,0,0,0,1,0,0
data/external/actions/human_action_recognition/train/003343_sitting.jpg,Bingsu/Human_Action_Recognition,sitting,0,1,0,0,0,0,0,0,0,0,0,0,0,0,0,0,1,0,0,0
data/external/actions/human_action_recognition/train/003344_laughing.jpg,Bingsu/Human_Action_Recognition,laughing,1,0,0,0,0,0,0,0,0,0,0,0,0,0,0,0,1,0,0,0
data/external/actions/human_action_recognition/train/003345_laughing.jpg,Bingsu/Human_Action_Recognition,laughing,1,0,0,0,0,0,0,0,0,0,0,0,0,0,0,0,1,0,0,0
data/external/actions/human_action_recognition/train/003346_clapping.jpg,Bingsu/Human_Action_Recognition,clapping,0,0,0,0,1,0,0,0,0,0,0,0,0,0,0,0,0,1,0,0
data/external/actions/human_action_recognition/train/003347_hugging.jpg,Bingsu/Human_Action_Recognition,hugging,1,0,0,0,0,0,0,0,0,0,0,0,0,0,0,0,1,0,0,0
data/external/actions/human_action_recognition/train/003348_clapping.jpg,Bingsu/Human_Action_Recognition,clapping,0,0,0,0,1,0,0,0,0,0,0,0,0,0,0,0,0,1,0,0
data/external/actions/human_action_recognition/train/003349_hugging.jpg,Bingsu/Human_Action_Recognition,hugging,1,0,0,0,0,0,0,0,0,0,0,0,0,0,0,0,1,0,0,0
data/external/actions/human_action_recognition/train/003350_clapping.jpg,Bingsu/Human_Action_Recognition,clapping,0,0,0,0,1,0,0,0,0,0,0,0,0,0,0,0,0,1,0,0
data/external/actions/human_action_recognition/train/003351_hugging.jpg,Bingsu/Human_Action_Recognition,hugging,1,0,0,0,0,0,0,0,0,0,0,0,0,0,0,0,1,0,0,0
data/external/actions/human_action_recognition/train/003352_cycling.jpg,Bingsu/Human_Action_Recognition,cycling,0,0,0,0,0,0,0,0,1,0,0,0,0,0,0,0,0,1,0,0
data/external/actions/human_action_recognition/train/003353_fighting.jpg,Bingsu/Human_Action_Recognition,fighting,0,0,0,0,0,0,0,0,0,0,0,0,0,0,0,0,0,1,1,0
data/external/actions/human_action_recognition/train/003354_drinking.jpg,Bingsu/Human_Action_Recognition,drinking,0,0,0,0,0,0,0,0,0,0,0,0,0,0,1,0,0,0,0,0
data/external/actions/human_action_recognition/train/003355_dancing.jpg,Bingsu/Human_Action_Recognition,dancing,0,0,0,0,0,0,0,0,0,0,1,0,0,0,0,0,0,1,0,0
data/external/actions/human_action_recognition/train/003356_dancing.jpg,Bingsu/Human_Action_Recognition,dancing,0,0,0,0,0,0,0,0,0,0,1,0,0,0,0,0,0,1,0,0
data/external/actions/human_action_recognition/train/003357_calling.jpg,Bingsu/Human_Action_Recognition,calling,1,0,0,0,0,0,0,0,0,0,0,0,0,0,0,0,1,0,0,0
data/external/actions/human_action_recognition/train/003358_sleeping.jpg,Bingsu/Human_Action_Recognition,sleeping,0,0,1,0,0,0,0,0,0,0,0,0,0,0,0,0,1,0,0,0
data/external/actions/human_action_recognition/train/003359_sitting.jpg,Bingsu/Human_Action_Recognition,sitting,0,1,0,0,0,0,0,0,0,0,0,0,0,0,0,0,1,0,0,0
data/external/actions/human_action_recognition/train/003360_laughing.jpg,Bingsu/Human_Action_Recognition,laughing,1,0,0,0,0,0,0,0,0,0,0,0,0,0,0,0,1,0,0,0
data/external/actions/human_action_recognition/train/003361_laughing.jpg,Bingsu/Human_Action_Recognition,laughing,1,0,0,0,0,0,0,0,0,0,0,0,0,0,0,0,1,0,0,0
data/external/actions/human_action_recognition/train/003362_clapping.jpg,Bingsu/Human_Action_Recognition,clapping,0,0,0,0,1,0,0,0,0,0,0,0,0,0,0,0,0,1,0,0
data/external/actions/human_action_recognition/train/003363_dancing.jpg,Bingsu/Human_Action_Recognition,dancing,0,0,0,0,0,0,0,0,0,0,1,0,0,0,0,0,0,1,0,0
data/external/actions/human_action_recognition/train/003364_listening_to_music.jpg,Bingsu/Human_Action_Recognition,listening_to_music,0,1,0,0,0,0,0,0,0,0,0,0,0,0,0,0,1,0,0,0
data/external/actions/human_action_recognition/train/003365_cycling.jpg,Bingsu/Human_Action_Recognition,cycling,0,0,0,0,0,0,0,0,1,0,0,0,0,0,0,0,0,1,0,0
data/external/actions/human_action_recognition/train/003366_clapping.jpg,Bingsu/Human_Action_Recognition,clapping,0,0,0,0,1,0,0,0,0,0,0,0,0,0,0,0,0,1,0,0
data/external/actions/human_action_recognition/train/003367_laughing.jpg,Bingsu/Human_Action_Recognition,laughing,1,0,0,0,0,0,0,0,0,0,0,0,0,0,0,0,1,0,0,0
data/external/actions/human_action_recognition/train/003368_hugging.jpg,Bingsu/Human_Action_Recognition,hugging,1,0,0,0,0,0,0,0,0,0,0,0,0,0,0,0,1,0,0,0
data/external/actions/human_action_recognition/train/003369_sitting.jpg,Bingsu/Human_Action_Recognition,sitting,0,1,0,0,0,0,0,0,0,0,0,0,0,0,0,0,1,0,0,0
data/external/actions/human_action_recognition/train/003370_using_laptop.jpg,Bingsu/Human_Action_Recognition,using_laptop,0,1,0,0,0,0,0,0,0,0,0,0,1,0,0,0,1,0,0,0
data/external/actions/human_action_recognition/train/003371_cycling.jpg,Bingsu/Human_Action_Recognition,cycling,0,0,0,0,0,0,0,0,1,0,0,0,0,0,0,0,0,1,0,0
data/external/actions/human_action_recognition/train/003372_dancing.jpg,Bingsu/Human_Action_Recognition,dancing,0,0,0,0,0,0,0,0,0,0,1,0,0,0,0,0,0,1,0,0
data/external/actions/human_action_recognition/train/003373_dancing.jpg,Bingsu/Human_Action_Recognition,dancing,0,0,0,0,0,0,0,0,0,0,1,0,0,0,0,0,0,1,0,0
data/external/actions/human_action_recognition/train/003374_laughing.jpg,Bingsu/Human_Action_Recognition,laughing,1,0,0,0,0,0,0,0,0,0,0,0,0,0,0,0,1,0,0,0
data/external/actions/human_action_recognition/train/003375_running.jpg,Bingsu/Human_Action_Recognition,running,0,0,0,0,0,0,1,0,0,0,0,0,0,0,0,0,0,1,1,0
data/external/actions/human_action_recognition/train/003376_cycling.jpg,Bingsu/Human_Action_Recognition,cycling,0,0,0,0,0,0,0,0,1,0,0,0,0,0,0,0,0,1,0,0
data/external/actions/human_action_recognition/train/003377_clapping.jpg,Bingsu/Human_Action_Recognition,clapping,0,0,0,0,1,0,0,0,0,0,0,0,0,0,0,0,0,1,0,0
data/external/actions/human_action_recognition/train/003378_calling.jpg,Bingsu/Human_Action_Recognition,calling,1,0,0,0,0,0,0,0,0,0,0,0,0,0,0,0,1,0,0,0
data/external/actions/human_action_recognition/train/003379_using_laptop.jpg,Bingsu/Human_Action_Recognition,using_laptop,0,1,0,0,0,0,0,0,0,0,0,0,1,0,0,0,1,0,0,0
data/external/actions/human_action_recognition/train/003380_hugging.jpg,Bingsu/Human_Action_Recognition,hugging,1,0,0,0,0,0,0,0,0,0,0,0,0,0,0,0,1,0,0,0
data/external/actions/human_action_recognition/train/003381_sitting.jpg,Bingsu/Human_Action_Recognition,sitting,0,1,0,0,0,0,0,0,0,0,0,0,0,0,0,0,1,0,0,0
data/external/actions/human_action_recognition/train/003382_cycling.jpg,Bingsu/Human_Action_Recognition,cycling,0,0,0,0,0,0,0,0,1,0,0,0,0,0,0,0,0,1,0,0
data/external/actions/human_action_recognition/train/003383_drinking.jpg,Bingsu/Human_Action_Recognition,drinking,0,0,0,0,0,0,0,0,0,0,0,0,0,0,1,0,0,0,0,0
data/external/actions/human_action_recognition/train/003384_sleeping.jpg,Bingsu/Human_Action_Recognition,sleeping,0,0,1,0,0,0,0,0,0,0,0,0,0,0,0,0,1,0,0,0
data/external/actions/human_action_recognition/train/003385_texting.jpg,Bingsu/Human_Action_Recognition,texting,0,1,0,0,0,0,0,0,0,0,0,0,0,0,0,0,1,0,0,0
data/external/actions/human_action_recognition/train/003386_listening_to_music.jpg,Bingsu/Human_Action_Recognition,listening_to_music,0,1,0,0,0,0,0,0,0,0,0,0,0,0,0,0,1,0,0,0
data/external/actions/human_action_recognition/train/003387_hugging.jpg,Bingsu/Human_Action_Recognition,hugging,1,0,0,0,0,0,0,0,0,0,0,0,0,0,0,0,1,0,0,0
data/external/actions/human_action_recognition/train/003388_hugging.jpg,Bingsu/Human_Action_Recognition,hugging,1,0,0,0,0,0,0,0,0,0,0,0,0,0,0,0,1,0,0,0
data/external/actions/human_action_recognition/train/003389_sleeping.jpg,Bingsu/Human_Action_Recognition,sleeping,0,0,1,0,0,0,0,0,0,0,0,0,0,0,0,0,1,0,0,0
data/external/actions/human_action_recognition/train/003390_eating.jpg,Bingsu/Human_Action_Recognition,eating,0,0,0,0,0,0,0,0,0,0,0,0,0,1,0,0,0,0,0,0
data/external/actions/human_action_recognition/train/003391_sleeping.jpg,Bingsu/Human_Action_Recognition,sleeping,0,0,1,0,0,0,0,0,0,0,0,0,0,0,0,0,1,0,0,0
data/external/actions/human_action_recognition/train/003392_calling.jpg,Bingsu/Human_Action_Recognition,calling,1,0,0,0,0,0,0,0,0,0,0,0,0,0,0,0,1,0,0,0
data/external/actions/human_action_recognition/train/003393_laughing.jpg,Bingsu/Human_Action_Recognition,laughing,1,0,0,0,0,0,0,0,0,0,0,0,0,0,0,0,1,0,0,0
data/external/actions/human_action_recognition/train/003394_fighting.jpg,Bingsu/Human_Action_Recognition,fighting,0,0,0,0,0,0,0,0,0,0,0,0,0,0,0,0,0,1,1,0
data/external/actions/human_action_recognition/train/003395_dancing.jpg,Bingsu/Human_Action_Recognition,dancing,0,0,0,0,0,0,0,0,0,0,1,0,0,0,0,0,0,1,0,0
data/external/actions/human_action_recognition/train/003396_fighting.jpg,Bingsu/Human_Action_Recognition,fighting,0,0,0,0,0,0,0,0,0,0,0,0,0,0,0,0,0,1,1,0
data/external/actions/human_action_recognition/train/003397_calling.jpg,Bingsu/Human_Action_Recognition,calling,1,0,0,0,0,0,0,0,0,0,0,0,0,0,0,0,1,0,0,0
data/external/actions/human_action_recognition/train/003398_listening_to_music.jpg,Bingsu/Human_Action_Recognition,listening_to_music,0,1,0,0,0,0,0,0,0,0,0,0,0,0,0,0,1,0,0,0
data/external/actions/human_action_recognition/train/003399_dancing.jpg,Bingsu/Human_Action_Recognition,dancing,0,0,0,0,0,0,0,0,0,0,1,0,0,0,0,0,0,1,0,0
data/external/actions/human_action_recognition/train/003400_cycling.jpg,Bingsu/Human_Action_Recognition,cycling,0,0,0,0,0,0,0,0,1,0,0,0,0,0,0,0,0,1,0,0
data/external/actions/human_action_recognition/train/003401_clapping.jpg,Bingsu/Human_Action_Recognition,clapping,0,0,0,0,1,0,0,0,0,0,0,0,0,0,0,0,0,1,0,0
data/external/actions/human_action_recognition/train/003402_dancing.jpg,Bingsu/Human_Action_Recognition,dancing,0,0,0,0,0,0,0,0,0,0,1,0,0,0,0,0,0,1,0,0
data/external/actions/human_action_recognition/train/003403_texting.jpg,Bingsu/Human_Action_Recognition,texting,0,1,0,0,0,0,0,0,0,0,0,0,0,0,0,0,1,0,0,0
data/external/actions/human_action_recognition/train/003404_running.jpg,Bingsu/Human_Action_Recognition,running,0,0,0,0,0,0,1,0,0,0,0,0,0,0,0,0,0,1,1,0
data/external/actions/human_action_recognition/train/003405_texting.jpg,Bingsu/Human_Action_Recognition,texting,0,1,0,0,0,0,0,0,0,0,0,0,0,0,0,0,1,0,0,0
data/external/actions/human_action_recognition/train/003406_cycling.jpg,Bingsu/Human_Action_Recognition,cycling,0,0,0,0,0,0,0,0,1,0,0,0,0,0,0,0,0,1,0,0
data/external/actions/human_action_recognition/train/003407_eating.jpg,Bingsu/Human_Action_Recognition,eating,0,0,0,0,0,0,0,0,0,0,0,0,0,1,0,0,0,0,0,0
data/external/actions/human_action_recognition/train/003408_cycling.jpg,Bingsu/Human_Action_Recognition,cycling,0,0,0,0,0,0,0,0,1,0,0,0,0,0,0,0,0,1,0,0
data/external/actions/human_action_recognition/train/003409_texting.jpg,Bingsu/Human_Action_Recognition,texting,0,1,0,0,0,0,0,0,0,0,0,0,0,0,0,0,1,0,0,0
data/external/actions/human_action_recognition/train/003410_texting.jpg,Bingsu/Human_Action_Recognition,texting,0,1,0,0,0,0,0,0,0,0,0,0,0,0,0,0,1,0,0,0
data/external/actions/human_action_recognition/train/003411_drinking.jpg,Bingsu/Human_Action_Recognition,drinking,0,0,0,0,0,0,0,0,0,0,0,0,0,0,1,0,0,0,0,0
data/external/actions/human_action_recognition/train/003412_dancing.jpg,Bingsu/Human_Action_Recognition,dancing,0,0,0,0,0,0,0,0,0,0,1,0,0,0,0,0,0,1,0,0
data/external/actions/human_action_recognition/train/003413_dancing.jpg,Bingsu/Human_Action_Recognition,dancing,0,0,0,0,0,0,0,0,0,0,1,0,0,0,0,0,0,1,0,0
data/external/actions/human_action_recognition/train/003414_laughing.jpg,Bingsu/Human_Action_Recognition,laughing,1,0,0,0,0,0,0,0,0,0,0,0,0,0,0,0,1,0,0,0
data/external/actions/human_action_recognition/train/003415_drinking.jpg,Bingsu/Human_Action_Recognition,drinking,0,0,0,0,0,0,0,0,0,0,0,0,0,0,1,0,0,0,0,0
data/external/actions/human_action_recognition/train/003416_running.jpg,Bingsu/Human_Action_Recognition,running,0,0,0,0,0,0,1,0,0,0,0,0,0,0,0,0,0,1,1,0
data/external/actions/human_action_recognition/train/003417_fighting.jpg,Bingsu/Human_Action_Recognition,fighting,0,0,0,0,0,0,0,0,0,0,0,0,0,0,0,0,0,1,1,0
data/external/actions/human_action_recognition/train/003418_cycling.jpg,Bingsu/Human_Action_Recognition,cycling,0,0,0,0,0,0,0,0,1,0,0,0,0,0,0,0,0,1,0,0
data/external/actions/human_action_recognition/train/003419_eating.jpg,Bingsu/Human_Action_Recognition,eating,0,0,0,0,0,0,0,0,0,0,0,0,0,1,0,0,0,0,0,0
data/external/actions/human_action_recognition/train/003420_using_laptop.jpg,Bingsu/Human_Action_Recognition,using_laptop,0,1,0,0,0,0,0,0,0,0,0,0,1,0,0,0,1,0,0,0
data/external/actions/human_action_recognition/train/003421_eating.jpg,Bingsu/Human_Action_Recognition,eating,0,0,0,0,0,0,0,0,0,0,0,0,0,1,0,0,0,0,0,0
data/external/actions/human_action_recognition/train/003422_texting.jpg,Bingsu/Human_Action_Recognition,texting,0,1,0,0,0,0,0,0,0,0,0,0,0,0,0,0,1,0,0,0
data/external/actions/human_action_recognition/train/003423_hugging.jpg,Bingsu/Human_Action_Recognition,hugging,1,0,0,0,0,0,0,0,0,0,0,0,0,0,0,0,1,0,0,0
data/external/actions/human_action_recognition/train/003424_listening_to_music.jpg,Bingsu/Human_Action_Recognition,listening_to_music,0,1,0,0,0,0,0,0,0,0,0,0,0,0,0,0,1,0,0,0
data/external/actions/human_action_recognition/train/003425_hugging.jpg,Bingsu/Human_Action_Recognition,hugging,1,0,0,0,0,0,0,0,0,0,0,0,0,0,0,0,1,0,0,0
data/external/actions/human_action_recognition/train/003426_sitting.jpg,Bingsu/Human_Action_Recognition,sitting,0,1,0,0,0,0,0,0,0,0,0,0,0,0,0,0,1,0,0,0
data/external/actions/human_action_recognition/train/003427_running.jpg,Bingsu/Human_Action_Recognition,running,0,0,0,0,0,0,1,0,0,0,0,0,0,0,0,0,0,1,1,0
data/external/actions/human_action_recognition/train/003428_drinking.jpg,Bingsu/Human_Action_Recognition,drinking,0,0,0,0,0,0,0,0,0,0,0,0,0,0,1,0,0,0,0,0
data/external/actions/human_action_recognition/train/003429_clapping.jpg,Bingsu/Human_Action_Recognition,clapping,0,0,0,0,1,0,0,0,0,0,0,0,0,0,0,0,0,1,0,0
data/external/actions/human_action_recognition/train/003430_using_laptop.jpg,Bingsu/Human_Action_Recognition,using_laptop,0,1,0,0,0,0,0,0,0,0,0,0,1,0,0,0,1,0,0,0
data/external/actions/human_action_recognition/train/003431_fighting.jpg,Bingsu/Human_Action_Recognition,fighting,0,0,0,0,0,0,0,0,0,0,0,0,0,0,0,0,0,1,1,0
data/external/actions/human_action_recognition/train/003432_laughing.jpg,Bingsu/Human_Action_Recognition,laughing,1,0,0,0,0,0,0,0,0,0,0,0,0,0,0,0,1,0,0,0
data/external/actions/human_action_recognition/train/003433_laughing.jpg,Bingsu/Human_Action_Recognition,laughing,1,0,0,0,0,0,0,0,0,0,0,0,0,0,0,0,1,0,0,0
data/external/actions/human_action_recognition/train/003434_hugging.jpg,Bingsu/Human_Action_Recognition,hugging,1,0,0,0,0,0,0,0,0,0,0,0,0,0,0,0,1,0,0,0
data/external/actions/human_action_recognition/train/003435_laughing.jpg,Bingsu/Human_Action_Recognition,laughing,1,0,0,0,0,0,0,0,0,0,0,0,0,0,0,0,1,0,0,0
data/external/actions/human_action_recognition/train/003436_eating.jpg,Bingsu/Human_Action_Recognition,eating,0,0,0,0,0,0,0,0,0,0,0,0,0,1,0,0,0,0,0,0
data/external/actions/human_action_recognition/train/003437_sitting.jpg,Bingsu/Human_Action_Recognition,sitting,0,1,0,0,0,0,0,0,0,0,0,0,0,0,0,0,1,0,0,0
data/external/actions/human_action_recognition/train/003438_hugging.jpg,Bingsu/Human_Action_Recognition,hugging,1,0,0,0,0,0,0,0,0,0,0,0,0,0,0,0,1,0,0,0
data/external/actions/human_action_recognition/train/003439_sleeping.jpg,Bingsu/Human_Action_Recognition,sleeping,0,0,1,0,0,0,0,0,0,0,0,0,0,0,0,0,1,0,0,0
data/external/actions/human_action_recognition/train/003440_hugging.jpg,Bingsu/Human_Action_Recognition,hugging,1,0,0,0,0,0,0,0,0,0,0,0,0,0,0,0,1,0,0,0
data/external/actions/human_action_recognition/train/003441_listening_to_music.jpg,Bingsu/Human_Action_Recognition,listening_to_music,0,1,0,0,0,0,0,0,0,0,0,0,0,0,0,0,1,0,0,0
data/external/actions/human_action_recognition/train/003442_running.jpg,Bingsu/Human_Action_Recognition,running,0,0,0,0,0,0,1,0,0,0,0,0,0,0,0,0,0,1,1,0
data/external/actions/human_action_recognition/train/003443_eating.jpg,Bingsu/Human_Action_Recognition,eating,0,0,0,0,0,0,0,0,0,0,0,0,0,1,0,0,0,0,0,0
data/external/actions/human_action_recognition/train/003444_sleeping.jpg,Bingsu/Human_Action_Recognition,sleeping,0,0,1,0,0,0,0,0,0,0,0,0,0,0,0,0,1,0,0,0
data/external/actions/human_action_recognition/train/003445_drinking.jpg,Bingsu/Human_Action_Recognition,drinking,0,0,0,0,0,0,0,0,0,0,0,0,0,0,1,0,0,0,0,0
data/external/actions/human_action_recognition/train/003446_dancing.jpg,Bingsu/Human_Action_Recognition,dancing,0,0,0,0,0,0,0,0,0,0,1,0,0,0,0,0,0,1,0,0
data/external/actions/human_action_recognition/train/003447_using_laptop.jpg,Bingsu/Human_Action_Recognition,using_laptop,0,1,0,0,0,0,0,0,0,0,0,0,1,0,0,0,1,0,0,0
data/external/actions/human_action_recognition/train/003448_fighting.jpg,Bingsu/Human_Action_Recognition,fighting,0,0,0,0,0,0,0,0,0,0,0,0,0,0,0,0,0,1,1,0
data/external/actions/human_action_recognition/train/003449_calling.jpg,Bingsu/Human_Action_Recognition,calling,1,0,0,0,0,0,0,0,0,0,0,0,0,0,0,0,1,0,0,0
data/external/actions/human_action_recognition/train/003450_sitting.jpg,Bingsu/Human_Action_Recognition,sitting,0,1,0,0,0,0,0,0,0,0,0,0,0,0,0,0,1,0,0,0
data/external/actions/human_action_recognition/train/003451_drinking.jpg,Bingsu/Human_Action_Recognition,drinking,0,0,0,0,0,0,0,0,0,0,0,0,0,0,1,0,0,0,0,0
data/external/actions/human_action_recognition/train/003452_calling.jpg,Bingsu/Human_Action_Recognition,calling,1,0,0,0,0,0,0,0,0,0,0,0,0,0,0,0,1,0,0,0
data/external/actions/human_action_recognition/train/003453_hugging.jpg,Bingsu/Human_Action_Recognition,hugging,1,0,0,0,0,0,0,0,0,0,0,0,0,0,0,0,1,0,0,0
data/external/actions/human_action_recognition/train/003454_clapping.jpg,Bingsu/Human_Action_Recognition,clapping,0,0,0,0,1,0,0,0,0,0,0,0,0,0,0,0,0,1,0,0
data/external/actions/human_action_recognition/train/003455_fighting.jpg,Bingsu/Human_Action_Recognition,fighting,0,0,0,0,0,0,0,0,0,0,0,0,0,0,0,0,0,1,1,0
data/external/actions/human_action_recognition/train/003456_listening_to_music.jpg,Bingsu/Human_Action_Recognition,listening_to_music,0,1,0,0,0,0,0,0,0,0,0,0,0,0,0,0,1,0,0,0
data/external/actions/human_action_recognition/train/003457_using_laptop.jpg,Bingsu/Human_Action_Recognition,using_laptop,0,1,0,0,0,0,0,0,0,0,0,0,1,0,0,0,1,0,0,0
data/external/actions/human_action_recognition/train/003458_calling.jpg,Bingsu/Human_Action_Recognition,calling,1,0,0,0,0,0,0,0,0,0,0,0,0,0,0,0,1,0,0,0
data/external/actions/human_action_recognition/train/003459_listening_to_music.jpg,Bingsu/Human_Action_Recognition,listening_to_music,0,1,0,0,0,0,0,0,0,0,0,0,0,0,0,0,1,0,0,0
data/external/actions/human_action_recognition/train/003460_drinking.jpg,Bingsu/Human_Action_Recognition,drinking,0,0,0,0,0,0,0,0,0,0,0,0,0,0,1,0,0,0,0,0
data/external/actions/human_action_recognition/train/003461_dancing.jpg,Bingsu/Human_Action_Recognition,dancing,0,0,0,0,0,0,0,0,0,0,1,0,0,0,0,0,0,1,0,0
data/external/actions/human_action_recognition/train/003462_dancing.jpg,Bingsu/Human_Action_Recognition,dancing,0,0,0,0,0,0,0,0,0,0,1,0,0,0,0,0,0,1,0,0
data/external/actions/human_action_recognition/train/003463_drinking.jpg,Bingsu/Human_Action_Recognition,drinking,0,0,0,0,0,0,0,0,0,0,0,0,0,0,1,0,0,0,0,0
data/external/actions/human_action_recognition/train/003464_clapping.jpg,Bingsu/Human_Action_Recognition,clapping,0,0,0,0,1,0,0,0,0,0,0,0,0,0,0,0,0,1,0,0
data/external/actions/human_action_recognition/train/003465_laughing.jpg,Bingsu/Human_Action_Recognition,laughing,1,0,0,0,0,0,0,0,0,0,0,0,0,0,0,0,1,0,0,0
data/external/actions/human_action_recognition/train/003466_clapping.jpg,Bingsu/Human_Action_Recognition,clapping,0,0,0,0,1,0,0,0,0,0,0,0,0,0,0,0,0,1,0,0
data/external/actions/human_action_recognition/train/003467_calling.jpg,Bingsu/Human_Action_Recognition,calling,1,0,0,0,0,0,0,0,0,0,0,0,0,0,0,0,1,0,0,0
data/external/actions/human_action_recognition/train/003468_hugging.jpg,Bingsu/Human_Action_Recognition,hugging,1,0,0,0,0,0,0,0,0,0,0,0,0,0,0,0,1,0,0,0
data/external/actions/human_action_recognition/train/003469_clapping.jpg,Bingsu/Human_Action_Recognition,clapping,0,0,0,0,1,0,0,0,0,0,0,0,0,0,0,0,0,1,0,0
data/external/actions/human_action_recognition/train/003470_fighting.jpg,Bingsu/Human_Action_Recognition,fighting,0,0,0,0,0,0,0,0,0,0,0,0,0,0,0,0,0,1,1,0
data/external/actions/human_action_recognition/train/003471_hugging.jpg,Bingsu/Human_Action_Recognition,hugging,1,0,0,0,0,0,0,0,0,0,0,0,0,0,0,0,1,0,0,0
data/external/actions/human_action_recognition/train/003472_drinking.jpg,Bingsu/Human_Action_Recognition,drinking,0,0,0,0,0,0,0,0,0,0,0,0,0,0,1,0,0,0,0,0
data/external/actions/human_action_recognition/train/003473_sitting.jpg,Bingsu/Human_Action_Recognition,sitting,0,1,0,0,0,0,0,0,0,0,0,0,0,0,0,0,1,0,0,0
data/external/actions/human_action_recognition/train/003474_dancing.jpg,Bingsu/Human_Action_Recognition,dancing,0,0,0,0,0,0,0,0,0,0,1,0,0,0,0,0,0,1,0,0
data/external/actions/human_action_recognition/train/003475_cycling.jpg,Bingsu/Human_Action_Recognition,cycling,0,0,0,0,0,0,0,0,1,0,0,0,0,0,0,0,0,1,0,0
data/external/actions/human_action_recognition/train/003476_calling.jpg,Bingsu/Human_Action_Recognition,calling,1,0,0,0,0,0,0,0,0,0,0,0,0,0,0,0,1,0,0,0
data/external/actions/human_action_recognition/train/003477_cycling.jpg,Bingsu/Human_Action_Recognition,cycling,0,0,0,0,0,0,0,0,1,0,0,0,0,0,0,0,0,1,0,0
data/external/actions/human_action_recognition/train/003478_running.jpg,Bingsu/Human_Action_Recognition,running,0,0,0,0,0,0,1,0,0,0,0,0,0,0,0,0,0,1,1,0
data/external/actions/human_action_recognition/train/003479_drinking.jpg,Bingsu/Human_Action_Recognition,drinking,0,0,0,0,0,0,0,0,0,0,0,0,0,0,1,0,0,0,0,0
data/external/actions/human_action_recognition/train/003480_running.jpg,Bingsu/Human_Action_Recognition,running,0,0,0,0,0,0,1,0,0,0,0,0,0,0,0,0,0,1,1,0
data/external/actions/human_action_recognition/train/003481_dancing.jpg,Bingsu/Human_Action_Recognition,dancing,0,0,0,0,0,0,0,0,0,0,1,0,0,0,0,0,0,1,0,0
data/external/actions/human_action_recognition/train/003482_drinking.jpg,Bingsu/Human_Action_Recognition,drinking,0,0,0,0,0,0,0,0,0,0,0,0,0,0,1,0,0,0,0,0
data/external/actions/human_action_recognition/train/003483_texting.jpg,Bingsu/Human_Action_Recognition,texting,0,1,0,0,0,0,0,0,0,0,0,0,0,0,0,0,1,0,0,0
data/external/actions/human_action_recognition/train/003484_laughing.jpg,Bingsu/Human_Action_Recognition,laughing,1,0,0,0,0,0,0,0,0,0,0,0,0,0,0,0,1,0,0,0
data/external/actions/human_action_recognition/train/003485_calling.jpg,Bingsu/Human_Action_Recognition,calling,1,0,0,0,0,0,0,0,0,0,0,0,0,0,0,0,1,0,0,0
data/external/actions/human_action_recognition/train/003486_dancing.jpg,Bingsu/Human_Action_Recognition,dancing,0,0,0,0,0,0,0,0,0,0,1,0,0,0,0,0,0,1,0,0
data/external/actions/human_action_recognition/train/003487_dancing.jpg,Bingsu/Human_Action_Recognition,dancing,0,0,0,0,0,0,0,0,0,0,1,0,0,0,0,0,0,1,0,0
data/external/actions/human_action_recognition/train/003488_fighting.jpg,Bingsu/Human_Action_Recognition,fighting,0,0,0,0,0,0,0,0,0,0,0,0,0,0,0,0,0,1,1,0
data/external/actions/human_action_recognition/train/003489_texting.jpg,Bingsu/Human_Action_Recognition,texting,0,1,0,0,0,0,0,0,0,0,0,0,0,0,0,0,1,0,0,0
data/external/actions/human_action_recognition/train/003490_using_laptop.jpg,Bingsu/Human_Action_Recognition,using_laptop,0,1,0,0,0,0,0,0,0,0,0,0,1,0,0,0,1,0,0,0
data/external/actions/human_action_recognition/train/003491_listening_to_music.jpg,Bingsu/Human_Action_Recognition,listening_to_music,0,1,0,0,0,0,0,0,0,0,0,0,0,0,0,0,1,0,0,0
data/external/actions/human_action_recognition/train/003492_dancing.jpg,Bingsu/Human_Action_Recognition,dancing,0,0,0,0,0,0,0,0,0,0,1,0,0,0,0,0,0,1,0,0
data/external/actions/human_action_recognition/train/003493_sitting.jpg,Bingsu/Human_Action_Recognition,sitting,0,1,0,0,0,0,0,0,0,0,0,0,0,0,0,0,1,0,0,0
data/external/actions/human_action_recognition/train/003494_sitting.jpg,Bingsu/Human_Action_Recognition,sitting,0,1,0,0,0,0,0,0,0,0,0,0,0,0,0,0,1,0,0,0
data/external/actions/human_action_recognition/train/003495_cycling.jpg,Bingsu/Human_Action_Recognition,cycling,0,0,0,0,0,0,0,0,1,0,0,0,0,0,0,0,0,1,0,0
data/external/actions/human_action_recognition/train/003496_sitting.jpg,Bingsu/Human_Action_Recognition,sitting,0,1,0,0,0,0,0,0,0,0,0,0,0,0,0,0,1,0,0,0
data/external/actions/human_action_recognition/train/003497_eating.jpg,Bingsu/Human_Action_Recognition,eating,0,0,0,0,0,0,0,0,0,0,0,0,0,1,0,0,0,0,0,0
data/external/actions/human_action_recognition/train/003498_sitting.jpg,Bingsu/Human_Action_Recognition,sitting,0,1,0,0,0,0,0,0,0,0,0,0,0,0,0,0,1,0,0,0
data/external/actions/human_action_recognition/train/003499_dancing.jpg,Bingsu/Human_Action_Recognition,dancing,0,0,0,0,0,0,0,0,0,0,1,0,0,0,0,0,0,1,0,0
data/external/actions/human_action_recognition/train/003500_eating.jpg,Bingsu/Human_Action_Recognition,eating,0,0,0,0,0,0,0,0,0,0,0,0,0,1,0,0,0,0,0,0
data/external/actions/human_action_recognition/train/003501_cycling.jpg,Bingsu/Human_Action_Recognition,cycling,0,0,0,0,0,0,0,0,1,0,0,0,0,0,0,0,0,1,0,0
data/external/actions/human_action_recognition/train/003502_clapping.jpg,Bingsu/Human_Action_Recognition,clapping,0,0,0,0,1,0,0,0,0,0,0,0,0,0,0,0,0,1,0,0
data/external/actions/human_action_recognition/train/003503_cycling.jpg,Bingsu/Human_Action_Recognition,cycling,0,0,0,0,0,0,0,0,1,0,0,0,0,0,0,0,0,1,0,0
data/external/actions/human_action_recognition/train/003504_clapping.jpg,Bingsu/Human_Action_Recognition,clapping,0,0,0,0,1,0,0,0,0,0,0,0,0,0,0,0,0,1,0,0
data/external/actions/human_action_recognition/train/003505_drinking.jpg,Bingsu/Human_Action_Recognition,drinking,0,0,0,0,0,0,0,0,0,0,0,0,0,0,1,0,0,0,0,0
data/external/actions/human_action_recognition/train/003506_laughing.jpg,Bingsu/Human_Action_Recognition,laughing,1,0,0,0,0,0,0,0,0,0,0,0,0,0,0,0,1,0,0,0
data/external/actions/human_action_recognition/train/003507_texting.jpg,Bingsu/Human_Action_Recognition,texting,0,1,0,0,0,0,0,0,0,0,0,0,0,0,0,0,1,0,0,0
data/external/actions/human_action_recognition/train/003508_fighting.jpg,Bingsu/Human_Action_Recognition,fighting,0,0,0,0,0,0,0,0,0,0,0,0,0,0,0,0,0,1,1,0
data/external/actions/human_action_recognition/train/003509_cycling.jpg,Bingsu/Human_Action_Recognition,cycling,0,0,0,0,0,0,0,0,1,0,0,0,0,0,0,0,0,1,0,0
data/external/actions/human_action_recognition/train/003510_calling.jpg,Bingsu/Human_Action_Recognition,calling,1,0,0,0,0,0,0,0,0,0,0,0,0,0,0,0,1,0,0,0
data/external/actions/human_action_recognition/train/003511_texting.jpg,Bingsu/Human_Action_Recognition,texting,0,1,0,0,0,0,0,0,0,0,0,0,0,0,0,0,1,0,0,0
data/external/actions/human_action_recognition/train/003512_clapping.jpg,Bingsu/Human_Action_Recognition,clapping,0,0,0,0,1,0,0,0,0,0,0,0,0,0,0,0,0,1,0,0
data/external/actions/human_action_recognition/train/003513_cycling.jpg,Bingsu/Human_Action_Recognition,cycling,0,0,0,0,0,0,0,0,1,0,0,0,0,0,0,0,0,1,0,0
data/external/actions/human_action_recognition/train/003514_running.jpg,Bingsu/Human_Action_Recognition,running,0,0,0,0,0,0,1,0,0,0,0,0,0,0,0,0,0,1,1,0
data/external/actions/human_action_recognition/train/003515_eating.jpg,Bingsu/Human_Action_Recognition,eating,0,0,0,0,0,0,0,0,0,0,0,0,0,1,0,0,0,0,0,0
data/external/actions/human_action_recognition/train/003516_laughing.jpg,Bingsu/Human_Action_Recognition,laughing,1,0,0,0,0,0,0,0,0,0,0,0,0,0,0,0,1,0,0,0
data/external/actions/human_action_recognition/train/003517_sleeping.jpg,Bingsu/Human_Action_Recognition,sleeping,0,0,1,0,0,0,0,0,0,0,0,0,0,0,0,0,1,0,0,0
data/external/actions/human_action_recognition/train/003518_fighting.jpg,Bingsu/Human_Action_Recognition,fighting,0,0,0,0,0,0,0,0,0,0,0,0,0,0,0,0,0,1,1,0
data/external/actions/human_action_recognition/train/003519_cycling.jpg,Bingsu/Human_Action_Recognition,cycling,0,0,0,0,0,0,0,0,1,0,0,0,0,0,0,0,0,1,0,0
data/external/actions/human_action_recognition/train/003520_cycling.jpg,Bingsu/Human_Action_Recognition,cycling,0,0,0,0,0,0,0,0,1,0,0,0,0,0,0,0,0,1,0,0
data/external/actions/human_action_recognition/train/003521_dancing.jpg,Bingsu/Human_Action_Recognition,dancing,0,0,0,0,0,0,0,0,0,0,1,0,0,0,0,0,0,1,0,0
data/external/actions/human_action_recognition/train/003522_eating.jpg,Bingsu/Human_Action_Recognition,eating,0,0,0,0,0,0,0,0,0,0,0,0,0,1,0,0,0,0,0,0
data/external/actions/human_action_recognition/train/003523_listening_to_music.jpg,Bingsu/Human_Action_Recognition,listening_to_music,0,1,0,0,0,0,0,0,0,0,0,0,0,0,0,0,1,0,0,0
data/external/actions/human_action_recognition/train/003524_texting.jpg,Bingsu/Human_Action_Recognition,texting,0,1,0,0,0,0,0,0,0,0,0,0,0,0,0,0,1,0,0,0
data/external/actions/human_action_recognition/train/003525_sleeping.jpg,Bingsu/Human_Action_Recognition,sleeping,0,0,1,0,0,0,0,0,0,0,0,0,0,0,0,0,1,0,0,0
data/external/actions/human_action_recognition/train/003526_drinking.jpg,Bingsu/Human_Action_Recognition,drinking,0,0,0,0,0,0,0,0,0,0,0,0,0,0,1,0,0,0,0,0
data/external/actions/human_action_recognition/train/003527_listening_to_music.jpg,Bingsu/Human_Action_Recognition,listening_to_music,0,1,0,0,0,0,0,0,0,0,0,0,0,0,0,0,1,0,0,0
data/external/actions/human_action_recognition/train/003528_sleeping.jpg,Bingsu/Human_Action_Recognition,sleeping,0,0,1,0,0,0,0,0,0,0,0,0,0,0,0,0,1,0,0,0
data/external/actions/human_action_recognition/train/003529_eating.jpg,Bingsu/Human_Action_Recognition,eating,0,0,0,0,0,0,0,0,0,0,0,0,0,1,0,0,0,0,0,0
data/external/actions/human_action_recognition/train/003530_running.jpg,Bingsu/Human_Action_Recognition,running,0,0,0,0,0,0,1,0,0,0,0,0,0,0,0,0,0,1,1,0
data/external/actions/human_action_recognition/train/003531_calling.jpg,Bingsu/Human_Action_Recognition,calling,1,0,0,0,0,0,0,0,0,0,0,0,0,0,0,0,1,0,0,0
data/external/actions/human_action_recognition/train/003532_calling.jpg,Bingsu/Human_Action_Recognition,calling,1,0,0,0,0,0,0,0,0,0,0,0,0,0,0,0,1,0,0,0
data/external/actions/human_action_recognition/train/003533_cycling.jpg,Bingsu/Human_Action_Recognition,cycling,0,0,0,0,0,0,0,0,1,0,0,0,0,0,0,0,0,1,0,0
data/external/actions/human_action_recognition/train/003534_sleeping.jpg,Bingsu/Human_Action_Recognition,sleeping,0,0,1,0,0,0,0,0,0,0,0,0,0,0,0,0,1,0,0,0
data/external/actions/human_action_recognition/train/003535_clapping.jpg,Bingsu/Human_Action_Recognition,clapping,0,0,0,0,1,0,0,0,0,0,0,0,0,0,0,0,0,1,0,0
data/external/actions/human_action_recognition/train/003536_fighting.jpg,Bingsu/Human_Action_Recognition,fighting,0,0,0,0,0,0,0,0,0,0,0,0,0,0,0,0,0,1,1,0
data/external/actions/human_action_recognition/train/003537_hugging.jpg,Bingsu/Human_Action_Recognition,hugging,1,0,0,0,0,0,0,0,0,0,0,0,0,0,0,0,1,0,0,0
data/external/actions/human_action_recognition/train/003538_running.jpg,Bingsu/Human_Action_Recognition,running,0,0,0,0,0,0,1,0,0,0,0,0,0,0,0,0,0,1,1,0
data/external/actions/human_action_recognition/train/003539_using_laptop.jpg,Bingsu/Human_Action_Recognition,using_laptop,0,1,0,0,0,0,0,0,0,0,0,0,1,0,0,0,1,0,0,0
data/external/actions/human_action_recognition/train/003540_dancing.jpg,Bingsu/Human_Action_Recognition,dancing,0,0,0,0,0,0,0,0,0,0,1,0,0,0,0,0,0,1,0,0
data/external/actions/human_action_recognition/train/003541_sitting.jpg,Bingsu/Human_Action_Recognition,sitting,0,1,0,0,0,0,0,0,0,0,0,0,0,0,0,0,1,0,0,0
data/external/actions/human_action_recognition/train/003542_texting.jpg,Bingsu/Human_Action_Recognition,texting,0,1,0,0,0,0,0,0,0,0,0,0,0,0,0,0,1,0,0,0
data/external/actions/human_action_recognition/train/003543_sleeping.jpg,Bingsu/Human_Action_Recognition,sleeping,0,0,1,0,0,0,0,0,0,0,0,0,0,0,0,0,1,0,0,0
data/external/actions/human_action_recognition/train/003544_cycling.jpg,Bingsu/Human_Action_Recognition,cycling,0,0,0,0,0,0,0,0,1,0,0,0,0,0,0,0,0,1,0,0
data/external/actions/human_action_recognition/train/003545_cycling.jpg,Bingsu/Human_Action_Recognition,cycling,0,0,0,0,0,0,0,0,1,0,0,0,0,0,0,0,0,1,0,0
data/external/actions/human_action_recognition/train/003546_drinking.jpg,Bingsu/Human_Action_Recognition,drinking,0,0,0,0,0,0,0,0,0,0,0,0,0,0,1,0,0,0,0,0
data/external/actions/human_action_recognition/train/003547_clapping.jpg,Bingsu/Human_Action_Recognition,clapping,0,0,0,0,1,0,0,0,0,0,0,0,0,0,0,0,0,1,0,0
data/external/actions/human_action_recognition/train/003548_using_laptop.jpg,Bingsu/Human_Action_Recognition,using_laptop,0,1,0,0,0,0,0,0,0,0,0,0,1,0,0,0,1,0,0,0
data/external/actions/human_action_recognition/train/003549_cycling.jpg,Bingsu/Human_Action_Recognition,cycling,0,0,0,0,0,0,0,0,1,0,0,0,0,0,0,0,0,1,0,0
data/external/actions/human_action_recognition/train/003550_calling.jpg,Bingsu/Human_Action_Recognition,calling,1,0,0,0,0,0,0,0,0,0,0,0,0,0,0,0,1,0,0,0
data/external/actions/human_action_recognition/train/003551_dancing.jpg,Bingsu/Human_Action_Recognition,dancing,0,0,0,0,0,0,0,0,0,0,1,0,0,0,0,0,0,1,0,0
data/external/actions/human_action_recognition/train/003552_clapping.jpg,Bingsu/Human_Action_Recognition,clapping,0,0,0,0,1,0,0,0,0,0,0,0,0,0,0,0,0,1,0,0
data/external/actions/human_action_recognition/train/003553_sleeping.jpg,Bingsu/Human_Action_Recognition,sleeping,0,0,1,0,0,0,0,0,0,0,0,0,0,0,0,0,1,0,0,0
data/external/actions/human_action_recognition/train/003554_sitting.jpg,Bingsu/Human_Action_Recognition,sitting,0,1,0,0,0,0,0,0,0,0,0,0,0,0,0,0,1,0,0,0
data/external/actions/human_action_recognition/train/003555_eating.jpg,Bingsu/Human_Action_Recognition,eating,0,0,0,0,0,0,0,0,0,0,0,0,0,1,0,0,0,0,0,0
data/external/actions/human_action_recognition/train/003556_listening_to_music.jpg,Bingsu/Human_Action_Recognition,listening_to_music,0,1,0,0,0,0,0,0,0,0,0,0,0,0,0,0,1,0,0,0
data/external/actions/human_action_recognition/train/003557_hugging.jpg,Bingsu/Human_Action_Recognition,hugging,1,0,0,0,0,0,0,0,0,0,0,0,0,0,0,0,1,0,0,0
data/external/actions/human_action_recognition/train/003558_texting.jpg,Bingsu/Human_Action_Recognition,texting,0,1,0,0,0,0,0,0,0,0,0,0,0,0,0,0,1,0,0,0
data/external/actions/human_action_recognition/train/003559_fighting.jpg,Bingsu/Human_Action_Recognition,fighting,0,0,0,0,0,0,0,0,0,0,0,0,0,0,0,0,0,1,1,0
data/external/actions/human_action_recognition/train/003560_drinking.jpg,Bingsu/Human_Action_Recognition,drinking,0,0,0,0,0,0,0,0,0,0,0,0,0,0,1,0,0,0,0,0
data/external/actions/human_action_recognition/train/003561_sleeping.jpg,Bingsu/Human_Action_Recognition,sleeping,0,0,1,0,0,0,0,0,0,0,0,0,0,0,0,0,1,0,0,0
data/external/actions/human_action_recognition/train/003562_dancing.jpg,Bingsu/Human_Action_Recognition,dancing,0,0,0,0,0,0,0,0,0,0,1,0,0,0,0,0,0,1,0,0
data/external/actions/human_action_recognition/train/003563_sleeping.jpg,Bingsu/Human_Action_Recognition,sleeping,0,0,1,0,0,0,0,0,0,0,0,0,0,0,0,0,1,0,0,0
data/external/actions/human_action_recognition/train/003564_clapping.jpg,Bingsu/Human_Action_Recognition,clapping,0,0,0,0,1,0,0,0,0,0,0,0,0,0,0,0,0,1,0,0
data/external/actions/human_action_recognition/train/003565_using_laptop.jpg,Bingsu/Human_Action_Recognition,using_laptop,0,1,0,0,0,0,0,0,0,0,0,0,1,0,0,0,1,0,0,0
data/external/actions/human_action_recognition/train/003566_hugging.jpg,Bingsu/Human_Action_Recognition,hugging,1,0,0,0,0,0,0,0,0,0,0,0,0,0,0,0,1,0,0,0
data/external/actions/human_action_recognition/train/003567_running.jpg,Bingsu/Human_Action_Recognition,running,0,0,0,0,0,0,1,0,0,0,0,0,0,0,0,0,0,1,1,0
data/external/actions/human_action_recognition/train/003568_dancing.jpg,Bingsu/Human_Action_Recognition,dancing,0,0,0,0,0,0,0,0,0,0,1,0,0,0,0,0,0,1,0,0
data/external/actions/human_action_recognition/train/003569_listening_to_music.jpg,Bingsu/Human_Action_Recognition,listening_to_music,0,1,0,0,0,0,0,0,0,0,0,0,0,0,0,0,1,0,0,0
data/external/actions/human_action_recognition/train/003570_clapping.jpg,Bingsu/Human_Action_Recognition,clapping,0,0,0,0,1,0,0,0,0,0,0,0,0,0,0,0,0,1,0,0
data/external/actions/human_action_recognition/train/003571_calling.jpg,Bingsu/Human_Action_Recognition,calling,1,0,0,0,0,0,0,0,0,0,0,0,0,0,0,0,1,0,0,0
data/external/actions/human_action_recognition/train/003572_running.jpg,Bingsu/Human_Action_Recognition,running,0,0,0,0,0,0,1,0,0,0,0,0,0,0,0,0,0,1,1,0
data/external/actions/human_action_recognition/train/003573_sitting.jpg,Bingsu/Human_Action_Recognition,sitting,0,1,0,0,0,0,0,0,0,0,0,0,0,0,0,0,1,0,0,0
data/external/actions/human_action_recognition/train/003574_sleeping.jpg,Bingsu/Human_Action_Recognition,sleeping,0,0,1,0,0,0,0,0,0,0,0,0,0,0,0,0,1,0,0,0
data/external/actions/human_action_recognition/train/003575_hugging.jpg,Bingsu/Human_Action_Recognition,hugging,1,0,0,0,0,0,0,0,0,0,0,0,0,0,0,0,1,0,0,0
data/external/actions/human_action_recognition/train/003576_calling.jpg,Bingsu/Human_Action_Recognition,calling,1,0,0,0,0,0,0,0,0,0,0,0,0,0,0,0,1,0,0,0
data/external/actions/human_action_recognition/train/003577_fighting.jpg,Bingsu/Human_Action_Recognition,fighting,0,0,0,0,0,0,0,0,0,0,0,0,0,0,0,0,0,1,1,0
data/external/actions/human_action_recognition/train/003578_laughing.jpg,Bingsu/Human_Action_Recognition,laughing,1,0,0,0,0,0,0,0,0,0,0,0,0,0,0,0,1,0,0,0
data/external/actions/human_action_recognition/train/003579_sitting.jpg,Bingsu/Human_Action_Recognition,sitting,0,1,0,0,0,0,0,0,0,0,0,0,0,0,0,0,1,0,0,0
data/external/actions/human_action_recognition/train/003580_laughing.jpg,Bingsu/Human_Action_Recognition,laughing,1,0,0,0,0,0,0,0,0,0,0,0,0,0,0,0,1,0,0,0
data/external/actions/human_action_recognition/train/003581_texting.jpg,Bingsu/Human_Action_Recognition,texting,0,1,0,0,0,0,0,0,0,0,0,0,0,0,0,0,1,0,0,0
data/external/actions/human_action_recognition/train/003582_hugging.jpg,Bingsu/Human_Action_Recognition,hugging,1,0,0,0,0,0,0,0,0,0,0,0,0,0,0,0,1,0,0,0
data/external/actions/human_action_recognition/train/003583_dancing.jpg,Bingsu/Human_Action_Recognition,dancing,0,0,0,0,0,0,0,0,0,0,1,0,0,0,0,0,0,1,0,0
data/external/actions/human_action_recognition/train/003584_drinking.jpg,Bingsu/Human_Action_Recognition,drinking,0,0,0,0,0,0,0,0,0,0,0,0,0,0,1,0,0,0,0,0
data/external/actions/human_action_recognition/train/003585_listening_to_music.jpg,Bingsu/Human_Action_Recognition,listening_to_music,0,1,0,0,0,0,0,0,0,0,0,0,0,0,0,0,1,0,0,0
data/external/actions/human_action_recognition/train/003586_clapping.jpg,Bingsu/Human_Action_Recognition,clapping,0,0,0,0,1,0,0,0,0,0,0,0,0,0,0,0,0,1,0,0
data/external/actions/human_action_recognition/train/003587_fighting.jpg,Bingsu/Human_Action_Recognition,fighting,0,0,0,0,0,0,0,0,0,0,0,0,0,0,0,0,0,1,1,0
data/external/actions/human_action_recognition/train/003588_running.jpg,Bingsu/Human_Action_Recognition,running,0,0,0,0,0,0,1,0,0,0,0,0,0,0,0,0,0,1,1,0
data/external/actions/human_action_recognition/train/003589_running.jpg,Bingsu/Human_Action_Recognition,running,0,0,0,0,0,0,1,0,0,0,0,0,0,0,0,0,0,1,1,0
data/external/actions/human_action_recognition/train/003590_dancing.jpg,Bingsu/Human_Action_Recognition,dancing,0,0,0,0,0,0,0,0,0,0,1,0,0,0,0,0,0,1,0,0
data/external/actions/human_action_recognition/train/003591_using_laptop.jpg,Bingsu/Human_Action_Recognition,using_laptop,0,1,0,0,0,0,0,0,0,0,0,0,1,0,0,0,1,0,0,0
data/external/actions/human_action_recognition/train/003592_cycling.jpg,Bingsu/Human_Action_Recognition,cycling,0,0,0,0,0,0,0,0,1,0,0,0,0,0,0,0,0,1,0,0
data/external/actions/human_action_recognition/train/003593_fighting.jpg,Bingsu/Human_Action_Recognition,fighting,0,0,0,0,0,0,0,0,0,0,0,0,0,0,0,0,0,1,1,0
data/external/actions/human_action_recognition/train/003594_using_laptop.jpg,Bingsu/Human_Action_Recognition,using_laptop,0,1,0,0,0,0,0,0,0,0,0,0,1,0,0,0,1,0,0,0
data/external/actions/human_action_recognition/train/003595_texting.jpg,Bingsu/Human_Action_Recognition,texting,0,1,0,0,0,0,0,0,0,0,0,0,0,0,0,0,1,0,0,0
data/external/actions/human_action_recognition/train/003596_sitting.jpg,Bingsu/Human_Action_Recognition,sitting,0,1,0,0,0,0,0,0,0,0,0,0,0,0,0,0,1,0,0,0
data/external/actions/human_action_recognition/train/003597_laughing.jpg,Bingsu/Human_Action_Recognition,laughing,1,0,0,0,0,0,0,0,0,0,0,0,0,0,0,0,1,0,0,0
data/external/actions/human_action_recognition/train/003598_sitting.jpg,Bingsu/Human_Action_Recognition,sitting,0,1,0,0,0,0,0,0,0,0,0,0,0,0,0,0,1,0,0,0
data/external/actions/human_action_recognition/train/003599_drinking.jpg,Bingsu/Human_Action_Recognition,drinking,0,0,0,0,0,0,0,0,0,0,0,0,0,0,1,0,0,0,0,0
data/external/actions/human_action_recognition/train/003600_drinking.jpg,Bingsu/Human_Action_Recognition,drinking,0,0,0,0,0,0,0,0,0,0,0,0,0,0,1,0,0,0,0,0
data/external/actions/human_action_recognition/train/003601_listening_to_music.jpg,Bingsu/Human_Action_Recognition,listening_to_music,0,1,0,0,0,0,0,0,0,0,0,0,0,0,0,0,1,0,0,0
data/external/actions/human_action_recognition/train/003602_fighting.jpg,Bingsu/Human_Action_Recognition,fighting,0,0,0,0,0,0,0,0,0,0,0,0,0,0,0,0,0,1,1,0
data/external/actions/human_action_recognition/train/003603_calling.jpg,Bingsu/Human_Action_Recognition,calling,1,0,0,0,0,0,0,0,0,0,0,0,0,0,0,0,1,0,0,0
data/external/actions/human_action_recognition/train/003604_cycling.jpg,Bingsu/Human_Action_Recognition,cycling,0,0,0,0,0,0,0,0,1,0,0,0,0,0,0,0,0,1,0,0
data/external/actions/human_action_recognition/train/003605_sitting.jpg,Bingsu/Human_Action_Recognition,sitting,0,1,0,0,0,0,0,0,0,0,0,0,0,0,0,0,1,0,0,0
data/external/actions/human_action_recognition/train/003606_hugging.jpg,Bingsu/Human_Action_Recognition,hugging,1,0,0,0,0,0,0,0,0,0,0,0,0,0,0,0,1,0,0,0
data/external/actions/human_action_recognition/train/003607_listening_to_music.jpg,Bingsu/Human_Action_Recognition,listening_to_music,0,1,0,0,0,0,0,0,0,0,0,0,0,0,0,0,1,0,0,0
data/external/actions/human_action_recognition/train/003608_clapping.jpg,Bingsu/Human_Action_Recognition,clapping,0,0,0,0,1,0,0,0,0,0,0,0,0,0,0,0,0,1,0,0
data/external/actions/human_action_recognition/train/003609_hugging.jpg,Bingsu/Human_Action_Recognition,hugging,1,0,0,0,0,0,0,0,0,0,0,0,0,0,0,0,1,0,0,0
data/external/actions/human_action_recognition/train/003610_hugging.jpg,Bingsu/Human_Action_Recognition,hugging,1,0,0,0,0,0,0,0,0,0,0,0,0,0,0,0,1,0,0,0
data/external/actions/human_action_recognition/train/003611_calling.jpg,Bingsu/Human_Action_Recognition,calling,1,0,0,0,0,0,0,0,0,0,0,0,0,0,0,0,1,0,0,0
data/external/actions/human_action_recognition/train/003612_eating.jpg,Bingsu/Human_Action_Recognition,eating,0,0,0,0,0,0,0,0,0,0,0,0,0,1,0,0,0,0,0,0
data/external/actions/human_action_recognition/train/003613_dancing.jpg,Bingsu/Human_Action_Recognition,dancing,0,0,0,0,0,0,0,0,0,0,1,0,0,0,0,0,0,1,0,0
data/external/actions/human_action_recognition/train/003614_clapping.jpg,Bingsu/Human_Action_Recognition,clapping,0,0,0,0,1,0,0,0,0,0,0,0,0,0,0,0,0,1,0,0
data/external/actions/human_action_recognition/train/003615_eating.jpg,Bingsu/Human_Action_Recognition,eating,0,0,0,0,0,0,0,0,0,0,0,0,0,1,0,0,0,0,0,0
data/external/actions/human_action_recognition/train/003616_texting.jpg,Bingsu/Human_Action_Recognition,texting,0,1,0,0,0,0,0,0,0,0,0,0,0,0,0,0,1,0,0,0
data/external/actions/human_action_recognition/train/003617_calling.jpg,Bingsu/Human_Action_Recognition,calling,1,0,0,0,0,0,0,0,0,0,0,0,0,0,0,0,1,0,0,0
data/external/actions/human_action_recognition/train/003618_using_laptop.jpg,Bingsu/Human_Action_Recognition,using_laptop,0,1,0,0,0,0,0,0,0,0,0,0,1,0,0,0,1,0,0,0
data/external/actions/human_action_recognition/train/003619_calling.jpg,Bingsu/Human_Action_Recognition,calling,1,0,0,0,0,0,0,0,0,0,0,0,0,0,0,0,1,0,0,0
data/external/actions/human_action_recognition/train/003620_sleeping.jpg,Bingsu/Human_Action_Recognition,sleeping,0,0,1,0,0,0,0,0,0,0,0,0,0,0,0,0,1,0,0,0
data/external/actions/human_action_recognition/train/003621_hugging.jpg,Bingsu/Human_Action_Recognition,hugging,1,0,0,0,0,0,0,0,0,0,0,0,0,0,0,0,1,0,0,0
data/external/actions/human_action_recognition/train/003622_cycling.jpg,Bingsu/Human_Action_Recognition,cycling,0,0,0,0,0,0,0,0,1,0,0,0,0,0,0,0,0,1,0,0
data/external/actions/human_action_recognition/train/003623_clapping.jpg,Bingsu/Human_Action_Recognition,clapping,0,0,0,0,1,0,0,0,0,0,0,0,0,0,0,0,0,1,0,0
data/external/actions/human_action_recognition/train/003624_calling.jpg,Bingsu/Human_Action_Recognition,calling,1,0,0,0,0,0,0,0,0,0,0,0,0,0,0,0,1,0,0,0
data/external/actions/human_action_recognition/train/003625_dancing.jpg,Bingsu/Human_Action_Recognition,dancing,0,0,0,0,0,0,0,0,0,0,1,0,0,0,0,0,0,1,0,0
data/external/actions/human_action_recognition/train/003626_laughing.jpg,Bingsu/Human_Action_Recognition,laughing,1,0,0,0,0,0,0,0,0,0,0,0,0,0,0,0,1,0,0,0
data/external/actions/human_action_recognition/train/003627_fighting.jpg,Bingsu/Human_Action_Recognition,fighting,0,0,0,0,0,0,0,0,0,0,0,0,0,0,0,0,0,1,1,0
data/external/actions/human_action_recognition/train/003628_dancing.jpg,Bingsu/Human_Action_Recognition,dancing,0,0,0,0,0,0,0,0,0,0,1,0,0,0,0,0,0,1,0,0
data/external/actions/human_action_recognition/train/003629_fighting.jpg,Bingsu/Human_Action_Recognition,fighting,0,0,0,0,0,0,0,0,0,0,0,0,0,0,0,0,0,1,1,0
data/external/actions/human_action_recognition/train/003630_running.jpg,Bingsu/Human_Action_Recognition,running,0,0,0,0,0,0,1,0,0,0,0,0,0,0,0,0,0,1,1,0
data/external/actions/human_action_recognition/train/003631_dancing.jpg,Bingsu/Human_Action_Recognition,dancing,0,0,0,0,0,0,0,0,0,0,1,0,0,0,0,0,0,1,0,0
data/external/actions/human_action_recognition/train/003632_clapping.jpg,Bingsu/Human_Action_Recognition,clapping,0,0,0,0,1,0,0,0,0,0,0,0,0,0,0,0,0,1,0,0
data/external/actions/human_action_recognition/train/003633_eating.jpg,Bingsu/Human_Action_Recognition,eating,0,0,0,0,0,0,0,0,0,0,0,0,0,1,0,0,0,0,0,0
data/external/actions/human_action_recognition/train/003634_dancing.jpg,Bingsu/Human_Action_Recognition,dancing,0,0,0,0,0,0,0,0,0,0,1,0,0,0,0,0,0,1,0,0
data/external/actions/human_action_recognition/train/003635_calling.jpg,Bingsu/Human_Action_Recognition,calling,1,0,0,0,0,0,0,0,0,0,0,0,0,0,0,0,1,0,0,0
data/external/actions/human_action_recognition/train/003636_calling.jpg,Bingsu/Human_Action_Recognition,calling,1,0,0,0,0,0,0,0,0,0,0,0,0,0,0,0,1,0,0,0
data/external/actions/human_action_recognition/train/003637_sitting.jpg,Bingsu/Human_Action_Recognition,sitting,0,1,0,0,0,0,0,0,0,0,0,0,0,0,0,0,1,0,0,0
data/external/actions/human_action_recognition/train/003638_hugging.jpg,Bingsu/Human_Action_Recognition,hugging,1,0,0,0,0,0,0,0,0,0,0,0,0,0,0,0,1,0,0,0
data/external/actions/human_action_recognition/train/003639_calling.jpg,Bingsu/Human_Action_Recognition,calling,1,0,0,0,0,0,0,0,0,0,0,0,0,0,0,0,1,0,0,0
data/external/actions/human_action_recognition/train/003640_dancing.jpg,Bingsu/Human_Action_Recognition,dancing,0,0,0,0,0,0,0,0,0,0,1,0,0,0,0,0,0,1,0,0
data/external/actions/human_action_recognition/train/003641_cycling.jpg,Bingsu/Human_Action_Recognition,cycling,0,0,0,0,0,0,0,0,1,0,0,0,0,0,0,0,0,1,0,0
data/external/actions/human_action_recognition/train/003642_listening_to_music.jpg,Bingsu/Human_Action_Recognition,listening_to_music,0,1,0,0,0,0,0,0,0,0,0,0,0,0,0,0,1,0,0,0
data/external/actions/human_action_recognition/train/003643_eating.jpg,Bingsu/Human_Action_Recognition,eating,0,0,0,0,0,0,0,0,0,0,0,0,0,1,0,0,0,0,0,0
data/external/actions/human_action_recognition/train/003644_clapping.jpg,Bingsu/Human_Action_Recognition,clapping,0,0,0,0,1,0,0,0,0,0,0,0,0,0,0,0,0,1,0,0
data/external/actions/human_action_recognition/train/003645_calling.jpg,Bingsu/Human_Action_Recognition,calling,1,0,0,0,0,0,0,0,0,0,0,0,0,0,0,0,1,0,0,0
data/external/actions/human_action_recognition/train/003646_cycling.jpg,Bingsu/Human_Action_Recognition,cycling,0,0,0,0,0,0,0,0,1,0,0,0,0,0,0,0,0,1,0,0
data/external/actions/human_action_recognition/train/003647_running.jpg,Bingsu/Human_Action_Recognition,running,0,0,0,0,0,0,1,0,0,0,0,0,0,0,0,0,0,1,1,0
data/external/actions/human_action_recognition/train/003648_clapping.jpg,Bingsu/Human_Action_Recognition,clapping,0,0,0,0,1,0,0,0,0,0,0,0,0,0,0,0,0,1,0,0
data/external/actions/human_action_recognition/train/003649_calling.jpg,Bingsu/Human_Action_Recognition,calling,1,0,0,0,0,0,0,0,0,0,0,0,0,0,0,0,1,0,0,0
data/external/actions/human_action_recognition/train/003650_fighting.jpg,Bingsu/Human_Action_Recognition,fighting,0,0,0,0,0,0,0,0,0,0,0,0,0,0,0,0,0,1,1,0
data/external/actions/human_action_recognition/train/003651_texting.jpg,Bingsu/Human_Action_Recognition,texting,0,1,0,0,0,0,0,0,0,0,0,0,0,0,0,0,1,0,0,0
data/external/actions/human_action_recognition/train/003652_calling.jpg,Bingsu/Human_Action_Recognition,calling,1,0,0,0,0,0,0,0,0,0,0,0,0,0,0,0,1,0,0,0
data/external/actions/human_action_recognition/train/003653_texting.jpg,Bingsu/Human_Action_Recognition,texting,0,1,0,0,0,0,0,0,0,0,0,0,0,0,0,0,1,0,0,0
data/external/actions/human_action_recognition/train/003654_eating.jpg,Bingsu/Human_Action_Recognition,eating,0,0,0,0,0,0,0,0,0,0,0,0,0,1,0,0,0,0,0,0
data/external/actions/human_action_recognition/train/003655_laughing.jpg,Bingsu/Human_Action_Recognition,laughing,1,0,0,0,0,0,0,0,0,0,0,0,0,0,0,0,1,0,0,0
data/external/actions/human_action_recognition/train/003656_fighting.jpg,Bingsu/Human_Action_Recognition,fighting,0,0,0,0,0,0,0,0,0,0,0,0,0,0,0,0,0,1,1,0
data/external/actions/human_action_recognition/train/003657_hugging.jpg,Bingsu/Human_Action_Recognition,hugging,1,0,0,0,0,0,0,0,0,0,0,0,0,0,0,0,1,0,0,0
data/external/actions/human_action_recognition/train/003658_clapping.jpg,Bingsu/Human_Action_Recognition,clapping,0,0,0,0,1,0,0,0,0,0,0,0,0,0,0,0,0,1,0,0
data/external/actions/human_action_recognition/train/003659_cycling.jpg,Bingsu/Human_Action_Recognition,cycling,0,0,0,0,0,0,0,0,1,0,0,0,0,0,0,0,0,1,0,0
data/external/actions/human_action_recognition/train/003660_eating.jpg,Bingsu/Human_Action_Recognition,eating,0,0,0,0,0,0,0,0,0,0,0,0,0,1,0,0,0,0,0,0
data/external/actions/human_action_recognition/train/003661_fighting.jpg,Bingsu/Human_Action_Recognition,fighting,0,0,0,0,0,0,0,0,0,0,0,0,0,0,0,0,0,1,1,0
data/external/actions/human_action_recognition/train/003662_running.jpg,Bingsu/Human_Action_Recognition,running,0,0,0,0,0,0,1,0,0,0,0,0,0,0,0,0,0,1,1,0
data/external/actions/human_action_recognition/train/003663_sitting.jpg,Bingsu/Human_Action_Recognition,sitting,0,1,0,0,0,0,0,0,0,0,0,0,0,0,0,0,1,0,0,0
data/external/actions/human_action_recognition/train/003664_fighting.jpg,Bingsu/Human_Action_Recognition,fighting,0,0,0,0,0,0,0,0,0,0,0,0,0,0,0,0,0,1,1,0
data/external/actions/human_action_recognition/train/003665_listening_to_music.jpg,Bingsu/Human_Action_Recognition,listening_to_music,0,1,0,0,0,0,0,0,0,0,0,0,0,0,0,0,1,0,0,0
data/external/actions/human_action_recognition/train/003666_cycling.jpg,Bingsu/Human_Action_Recognition,cycling,0,0,0,0,0,0,0,0,1,0,0,0,0,0,0,0,0,1,0,0
data/external/actions/human_action_recognition/train/003667_hugging.jpg,Bingsu/Human_Action_Recognition,hugging,1,0,0,0,0,0,0,0,0,0,0,0,0,0,0,0,1,0,0,0
data/external/actions/human_action_recognition/train/003668_laughing.jpg,Bingsu/Human_Action_Recognition,laughing,1,0,0,0,0,0,0,0,0,0,0,0,0,0,0,0,1,0,0,0
data/external/actions/human_action_recognition/train/003669_sleeping.jpg,Bingsu/Human_Action_Recognition,sleeping,0,0,1,0,0,0,0,0,0,0,0,0,0,0,0,0,1,0,0,0
data/external/actions/human_action_recognition/train/003670_sitting.jpg,Bingsu/Human_Action_Recognition,sitting,0,1,0,0,0,0,0,0,0,0,0,0,0,0,0,0,1,0,0,0
data/external/actions/human_action_recognition/train/003671_cycling.jpg,Bingsu/Human_Action_Recognition,cycling,0,0,0,0,0,0,0,0,1,0,0,0,0,0,0,0,0,1,0,0
data/external/actions/human_action_recognition/train/003672_cycling.jpg,Bingsu/Human_Action_Recognition,cycling,0,0,0,0,0,0,0,0,1,0,0,0,0,0,0,0,0,1,0,0
data/external/actions/human_action_recognition/train/003673_eating.jpg,Bingsu/Human_Action_Recognition,eating,0,0,0,0,0,0,0,0,0,0,0,0,0,1,0,0,0,0,0,0
data/external/actions/human_action_recognition/train/003674_cycling.jpg,Bingsu/Human_Action_Recognition,cycling,0,0,0,0,0,0,0,0,1,0,0,0,0,0,0,0,0,1,0,0
data/external/actions/human_action_recognition/train/003675_fighting.jpg,Bingsu/Human_Action_Recognition,fighting,0,0,0,0,0,0,0,0,0,0,0,0,0,0,0,0,0,1,1,0
data/external/actions/human_action_recognition/train/003676_eating.jpg,Bingsu/Human_Action_Recognition,eating,0,0,0,0,0,0,0,0,0,0,0,0,0,1,0,0,0,0,0,0
data/external/actions/human_action_recognition/train/003677_calling.jpg,Bingsu/Human_Action_Recognition,calling,1,0,0,0,0,0,0,0,0,0,0,0,0,0,0,0,1,0,0,0
data/external/actions/human_action_recognition/train/003678_sleeping.jpg,Bingsu/Human_Action_Recognition,sleeping,0,0,1,0,0,0,0,0,0,0,0,0,0,0,0,0,1,0,0,0
data/external/actions/human_action_recognition/train/003679_texting.jpg,Bingsu/Human_Action_Recognition,texting,0,1,0,0,0,0,0,0,0,0,0,0,0,0,0,0,1,0,0,0
data/external/actions/human_action_recognition/train/003680_running.jpg,Bingsu/Human_Action_Recognition,running,0,0,0,0,0,0,1,0,0,0,0,0,0,0,0,0,0,1,1,0
data/external/actions/human_action_recognition/train/003681_cycling.jpg,Bingsu/Human_Action_Recognition,cycling,0,0,0,0,0,0,0,0,1,0,0,0,0,0,0,0,0,1,0,0
data/external/actions/human_action_recognition/train/003682_calling.jpg,Bingsu/Human_Action_Recognition,calling,1,0,0,0,0,0,0,0,0,0,0,0,0,0,0,0,1,0,0,0
data/external/actions/human_action_recognition/train/003683_clapping.jpg,Bingsu/Human_Action_Recognition,clapping,0,0,0,0,1,0,0,0,0,0,0,0,0,0,0,0,0,1,0,0
data/external/actions/human_action_recognition/train/003684_clapping.jpg,Bingsu/Human_Action_Recognition,clapping,0,0,0,0,1,0,0,0,0,0,0,0,0,0,0,0,0,1,0,0
data/external/actions/human_action_recognition/train/003685_texting.jpg,Bingsu/Human_Action_Recognition,texting,0,1,0,0,0,0,0,0,0,0,0,0,0,0,0,0,1,0,0,0
data/external/actions/human_action_recognition/train/003686_running.jpg,Bingsu/Human_Action_Recognition,running,0,0,0,0,0,0,1,0,0,0,0,0,0,0,0,0,0,1,1,0
data/external/actions/human_action_recognition/train/003687_fighting.jpg,Bingsu/Human_Action_Recognition,fighting,0,0,0,0,0,0,0,0,0,0,0,0,0,0,0,0,0,1,1,0
data/external/actions/human_action_recognition/train/003688_sitting.jpg,Bingsu/Human_Action_Recognition,sitting,0,1,0,0,0,0,0,0,0,0,0,0,0,0,0,0,1,0,0,0
data/external/actions/human_action_recognition/train/003689_dancing.jpg,Bingsu/Human_Action_Recognition,dancing,0,0,0,0,0,0,0,0,0,0,1,0,0,0,0,0,0,1,0,0
data/external/actions/human_action_recognition/train/003690_listening_to_music.jpg,Bingsu/Human_Action_Recognition,listening_to_music,0,1,0,0,0,0,0,0,0,0,0,0,0,0,0,0,1,0,0,0
data/external/actions/human_action_recognition/train/003691_drinking.jpg,Bingsu/Human_Action_Recognition,drinking,0,0,0,0,0,0,0,0,0,0,0,0,0,0,1,0,0,0,0,0
data/external/actions/human_action_recognition/train/003692_cycling.jpg,Bingsu/Human_Action_Recognition,cycling,0,0,0,0,0,0,0,0,1,0,0,0,0,0,0,0,0,1,0,0
data/external/actions/human_action_recognition/train/003693_listening_to_music.jpg,Bingsu/Human_Action_Recognition,listening_to_music,0,1,0,0,0,0,0,0,0,0,0,0,0,0,0,0,1,0,0,0
data/external/actions/human_action_recognition/train/003694_fighting.jpg,Bingsu/Human_Action_Recognition,fighting,0,0,0,0,0,0,0,0,0,0,0,0,0,0,0,0,0,1,1,0
data/external/actions/human_action_recognition/train/003695_fighting.jpg,Bingsu/Human_Action_Recognition,fighting,0,0,0,0,0,0,0,0,0,0,0,0,0,0,0,0,0,1,1,0
data/external/actions/human_action_recognition/train/003696_dancing.jpg,Bingsu/Human_Action_Recognition,dancing,0,0,0,0,0,0,0,0,0,0,1,0,0,0,0,0,0,1,0,0
data/external/actions/human_action_recognition/train/003697_laughing.jpg,Bingsu/Human_Action_Recognition,laughing,1,0,0,0,0,0,0,0,0,0,0,0,0,0,0,0,1,0,0,0
data/external/actions/human_action_recognition/train/003698_drinking.jpg,Bingsu/Human_Action_Recognition,drinking,0,0,0,0,0,0,0,0,0,0,0,0,0,0,1,0,0,0,0,0
data/external/actions/human_action_recognition/train/003699_eating.jpg,Bingsu/Human_Action_Recognition,eating,0,0,0,0,0,0,0,0,0,0,0,0,0,1,0,0,0,0,0,0
data/external/actions/human_action_recognition/train/003700_drinking.jpg,Bingsu/Human_Action_Recognition,drinking,0,0,0,0,0,0,0,0,0,0,0,0,0,0,1,0,0,0,0,0
data/external/actions/human_action_recognition/train/003701_drinking.jpg,Bingsu/Human_Action_Recognition,drinking,0,0,0,0,0,0,0,0,0,0,0,0,0,0,1,0,0,0,0,0
data/external/actions/human_action_recognition/train/003702_texting.jpg,Bingsu/Human_Action_Recognition,texting,0,1,0,0,0,0,0,0,0,0,0,0,0,0,0,0,1,0,0,0
data/external/actions/human_action_recognition/train/003703_drinking.jpg,Bingsu/Human_Action_Recognition,drinking,0,0,0,0,0,0,0,0,0,0,0,0,0,0,1,0,0,0,0,0
data/external/actions/human_action_recognition/train/003704_drinking.jpg,Bingsu/Human_Action_Recognition,drinking,0,0,0,0,0,0,0,0,0,0,0,0,0,0,1,0,0,0,0,0
data/external/actions/human_action_recognition/train/003705_fighting.jpg,Bingsu/Human_Action_Recognition,fighting,0,0,0,0,0,0,0,0,0,0,0,0,0,0,0,0,0,1,1,0
data/external/actions/human_action_recognition/train/003706_dancing.jpg,Bingsu/Human_Action_Recognition,dancing,0,0,0,0,0,0,0,0,0,0,1,0,0,0,0,0,0,1,0,0
data/external/actions/human_action_recognition/train/003707_hugging.jpg,Bingsu/Human_Action_Recognition,hugging,1,0,0,0,0,0,0,0,0,0,0,0,0,0,0,0,1,0,0,0
data/external/actions/human_action_recognition/train/003708_fighting.jpg,Bingsu/Human_Action_Recognition,fighting,0,0,0,0,0,0,0,0,0,0,0,0,0,0,0,0,0,1,1,0
data/external/actions/human_action_recognition/train/003709_fighting.jpg,Bingsu/Human_Action_Recognition,fighting,0,0,0,0,0,0,0,0,0,0,0,0,0,0,0,0,0,1,1,0
data/external/actions/human_action_recognition/train/003710_cycling.jpg,Bingsu/Human_Action_Recognition,cycling,0,0,0,0,0,0,0,0,1,0,0,0,0,0,0,0,0,1,0,0
data/external/actions/human_action_recognition/train/003711_running.jpg,Bingsu/Human_Action_Recognition,running,0,0,0,0,0,0,1,0,0,0,0,0,0,0,0,0,0,1,1,0
data/external/actions/human_action_recognition/train/003712_sleeping.jpg,Bingsu/Human_Action_Recognition,sleeping,0,0,1,0,0,0,0,0,0,0,0,0,0,0,0,0,1,0,0,0
data/external/actions/human_action_recognition/train/003713_dancing.jpg,Bingsu/Human_Action_Recognition,dancing,0,0,0,0,0,0,0,0,0,0,1,0,0,0,0,0,0,1,0,0
data/external/actions/human_action_recognition/train/003714_cycling.jpg,Bingsu/Human_Action_Recognition,cycling,0,0,0,0,0,0,0,0,1,0,0,0,0,0,0,0,0,1,0,0
data/external/actions/human_action_recognition/train/003715_sitting.jpg,Bingsu/Human_Action_Recognition,sitting,0,1,0,0,0,0,0,0,0,0,0,0,0,0,0,0,1,0,0,0
data/external/actions/human_action_recognition/train/003716_sleeping.jpg,Bingsu/Human_Action_Recognition,sleeping,0,0,1,0,0,0,0,0,0,0,0,0,0,0,0,0,1,0,0,0
data/external/actions/human_action_recognition/train/003717_laughing.jpg,Bingsu/Human_Action_Recognition,laughing,1,0,0,0,0,0,0,0,0,0,0,0,0,0,0,0,1,0,0,0
data/external/actions/human_action_recognition/train/003718_drinking.jpg,Bingsu/Human_Action_Recognition,drinking,0,0,0,0,0,0,0,0,0,0,0,0,0,0,1,0,0,0,0,0
data/external/actions/human_action_recognition/train/003719_listening_to_music.jpg,Bingsu/Human_Action_Recognition,listening_to_music,0,1,0,0,0,0,0,0,0,0,0,0,0,0,0,0,1,0,0,0
data/external/actions/human_action_recognition/train/003720_laughing.jpg,Bingsu/Human_Action_Recognition,laughing,1,0,0,0,0,0,0,0,0,0,0,0,0,0,0,0,1,0,0,0
data/external/actions/human_action_recognition/train/003721_fighting.jpg,Bingsu/Human_Action_Recognition,fighting,0,0,0,0,0,0,0,0,0,0,0,0,0,0,0,0,0,1,1,0
data/external/actions/human_action_recognition/train/003722_drinking.jpg,Bingsu/Human_Action_Recognition,drinking,0,0,0,0,0,0,0,0,0,0,0,0,0,0,1,0,0,0,0,0
data/external/actions/human_action_recognition/train/003723_texting.jpg,Bingsu/Human_Action_Recognition,texting,0,1,0,0,0,0,0,0,0,0,0,0,0,0,0,0,1,0,0,0
data/external/actions/human_action_recognition/train/003724_listening_to_music.jpg,Bingsu/Human_Action_Recognition,listening_to_music,0,1,0,0,0,0,0,0,0,0,0,0,0,0,0,0,1,0,0,0
data/external/actions/human_action_recognition/train/003725_using_laptop.jpg,Bingsu/Human_Action_Recognition,using_laptop,0,1,0,0,0,0,0,0,0,0,0,0,1,0,0,0,1,0,0,0
data/external/actions/human_action_recognition/train/003726_laughing.jpg,Bingsu/Human_Action_Recognition,laughing,1,0,0,0,0,0,0,0,0,0,0,0,0,0,0,0,1,0,0,0
data/external/actions/human_action_recognition/train/003727_drinking.jpg,Bingsu/Human_Action_Recognition,drinking,0,0,0,0,0,0,0,0,0,0,0,0,0,0,1,0,0,0,0,0
data/external/actions/human_action_recognition/train/003728_using_laptop.jpg,Bingsu/Human_Action_Recognition,using_laptop,0,1,0,0,0,0,0,0,0,0,0,0,1,0,0,0,1,0,0,0
data/external/actions/human_action_recognition/train/003729_laughing.jpg,Bingsu/Human_Action_Recognition,laughing,1,0,0,0,0,0,0,0,0,0,0,0,0,0,0,0,1,0,0,0
data/external/actions/human_action_recognition/train/003730_clapping.jpg,Bingsu/Human_Action_Recognition,clapping,0,0,0,0,1,0,0,0,0,0,0,0,0,0,0,0,0,1,0,0
data/external/actions/human_action_recognition/train/003731_sleeping.jpg,Bingsu/Human_Action_Recognition,sleeping,0,0,1,0,0,0,0,0,0,0,0,0,0,0,0,0,1,0,0,0
data/external/actions/human_action_recognition/train/003732_fighting.jpg,Bingsu/Human_Action_Recognition,fighting,0,0,0,0,0,0,0,0,0,0,0,0,0,0,0,0,0,1,1,0
data/external/actions/human_action_recognition/train/003733_sitting.jpg,Bingsu/Human_Action_Recognition,sitting,0,1,0,0,0,0,0,0,0,0,0,0,0,0,0,0,1,0,0,0
data/external/actions/human_action_recognition/train/003734_eating.jpg,Bingsu/Human_Action_Recognition,eating,0,0,0,0,0,0,0,0,0,0,0,0,0,1,0,0,0,0,0,0
data/external/actions/human_action_recognition/train/003735_laughing.jpg,Bingsu/Human_Action_Recognition,laughing,1,0,0,0,0,0,0,0,0,0,0,0,0,0,0,0,1,0,0,0
data/external/actions/human_action_recognition/train/003736_cycling.jpg,Bingsu/Human_Action_Recognition,cycling,0,0,0,0,0,0,0,0,1,0,0,0,0,0,0,0,0,1,0,0
data/external/actions/human_action_recognition/train/003737_sitting.jpg,Bingsu/Human_Action_Recognition,sitting,0,1,0,0,0,0,0,0,0,0,0,0,0,0,0,0,1,0,0,0
data/external/actions/human_action_recognition/train/003738_dancing.jpg,Bingsu/Human_Action_Recognition,dancing,0,0,0,0,0,0,0,0,0,0,1,0,0,0,0,0,0,1,0,0
data/external/actions/human_action_recognition/train/003739_hugging.jpg,Bingsu/Human_Action_Recognition,hugging,1,0,0,0,0,0,0,0,0,0,0,0,0,0,0,0,1,0,0,0
data/external/actions/human_action_recognition/train/003740_listening_to_music.jpg,Bingsu/Human_Action_Recognition,listening_to_music,0,1,0,0,0,0,0,0,0,0,0,0,0,0,0,0,1,0,0,0
data/external/actions/human_action_recognition/train/003741_eating.jpg,Bingsu/Human_Action_Recognition,eating,0,0,0,0,0,0,0,0,0,0,0,0,0,1,0,0,0,0,0,0
data/external/actions/human_action_recognition/train/003742_cycling.jpg,Bingsu/Human_Action_Recognition,cycling,0,0,0,0,0,0,0,0,1,0,0,0,0,0,0,0,0,1,0,0
data/external/actions/human_action_recognition/train/003743_sitting.jpg,Bingsu/Human_Action_Recognition,sitting,0,1,0,0,0,0,0,0,0,0,0,0,0,0,0,0,1,0,0,0
data/external/actions/human_action_recognition/train/003744_dancing.jpg,Bingsu/Human_Action_Recognition,dancing,0,0,0,0,0,0,0,0,0,0,1,0,0,0,0,0,0,1,0,0
data/external/actions/human_action_recognition/train/003745_clapping.jpg,Bingsu/Human_Action_Recognition,clapping,0,0,0,0,1,0,0,0,0,0,0,0,0,0,0,0,0,1,0,0
data/external/actions/human_action_recognition/train/003746_sleeping.jpg,Bingsu/Human_Action_Recognition,sleeping,0,0,1,0,0,0,0,0,0,0,0,0,0,0,0,0,1,0,0,0
data/external/actions/human_action_recognition/train/003747_texting.jpg,Bingsu/Human_Action_Recognition,texting,0,1,0,0,0,0,0,0,0,0,0,0,0,0,0,0,1,0,0,0
data/external/actions/human_action_recognition/train/003748_clapping.jpg,Bingsu/Human_Action_Recognition,clapping,0,0,0,0,1,0,0,0,0,0,0,0,0,0,0,0,0,1,0,0
data/external/actions/human_action_recognition/train/003749_sleeping.jpg,Bingsu/Human_Action_Recognition,sleeping,0,0,1,0,0,0,0,0,0,0,0,0,0,0,0,0,1,0,0,0
data/external/actions/human_action_recognition/train/003750_sleeping.jpg,Bingsu/Human_Action_Recognition,sleeping,0,0,1,0,0,0,0,0,0,0,0,0,0,0,0,0,1,0,0,0
data/external/actions/human_action_recognition/train/003751_running.jpg,Bingsu/Human_Action_Recognition,running,0,0,0,0,0,0,1,0,0,0,0,0,0,0,0,0,0,1,1,0
data/external/actions/human_action_recognition/train/003752_clapping.jpg,Bingsu/Human_Action_Recognition,clapping,0,0,0,0,1,0,0,0,0,0,0,0,0,0,0,0,0,1,0,0
data/external/actions/human_action_recognition/train/003753_cycling.jpg,Bingsu/Human_Action_Recognition,cycling,0,0,0,0,0,0,0,0,1,0,0,0,0,0,0,0,0,1,0,0
data/external/actions/human_action_recognition/train/003754_texting.jpg,Bingsu/Human_Action_Recognition,texting,0,1,0,0,0,0,0,0,0,0,0,0,0,0,0,0,1,0,0,0
data/external/actions/human_action_recognition/train/003755_calling.jpg,Bingsu/Human_Action_Recognition,calling,1,0,0,0,0,0,0,0,0,0,0,0,0,0,0,0,1,0,0,0
data/external/actions/human_action_recognition/train/003756_laughing.jpg,Bingsu/Human_Action_Recognition,laughing,1,0,0,0,0,0,0,0,0,0,0,0,0,0,0,0,1,0,0,0
data/external/actions/human_action_recognition/train/003757_running.jpg,Bingsu/Human_Action_Recognition,running,0,0,0,0,0,0,1,0,0,0,0,0,0,0,0,0,0,1,1,0
data/external/actions/human_action_recognition/train/003758_using_laptop.jpg,Bingsu/Human_Action_Recognition,using_laptop,0,1,0,0,0,0,0,0,0,0,0,0,1,0,0,0,1,0,0,0
data/external/actions/human_action_recognition/train/003759_calling.jpg,Bingsu/Human_Action_Recognition,calling,1,0,0,0,0,0,0,0,0,0,0,0,0,0,0,0,1,0,0,0
data/external/actions/human_action_recognition/train/003760_dancing.jpg,Bingsu/Human_Action_Recognition,dancing,0,0,0,0,0,0,0,0,0,0,1,0,0,0,0,0,0,1,0,0
data/external/actions/human_action_recognition/train/003761_sleeping.jpg,Bingsu/Human_Action_Recognition,sleeping,0,0,1,0,0,0,0,0,0,0,0,0,0,0,0,0,1,0,0,0
data/external/actions/human_action_recognition/train/003762_cycling.jpg,Bingsu/Human_Action_Recognition,cycling,0,0,0,0,0,0,0,0,1,0,0,0,0,0,0,0,0,1,0,0
data/external/actions/human_action_recognition/train/003763_running.jpg,Bingsu/Human_Action_Recognition,running,0,0,0,0,0,0,1,0,0,0,0,0,0,0,0,0,0,1,1,0
data/external/actions/human_action_recognition/train/003764_eating.jpg,Bingsu/Human_Action_Recognition,eating,0,0,0,0,0,0,0,0,0,0,0,0,0,1,0,0,0,0,0,0
data/external/actions/human_action_recognition/train/003765_using_laptop.jpg,Bingsu/Human_Action_Recognition,using_laptop,0,1,0,0,0,0,0,0,0,0,0,0,1,0,0,0,1,0,0,0
data/external/actions/human_action_recognition/train/003766_using_laptop.jpg,Bingsu/Human_Action_Recognition,using_laptop,0,1,0,0,0,0,0,0,0,0,0,0,1,0,0,0,1,0,0,0
data/external/actions/human_action_recognition/train/003767_fighting.jpg,Bingsu/Human_Action_Recognition,fighting,0,0,0,0,0,0,0,0,0,0,0,0,0,0,0,0,0,1,1,0
data/external/actions/human_action_recognition/train/003768_using_laptop.jpg,Bingsu/Human_Action_Recognition,using_laptop,0,1,0,0,0,0,0,0,0,0,0,0,1,0,0,0,1,0,0,0
data/external/actions/human_action_recognition/train/003769_sleeping.jpg,Bingsu/Human_Action_Recognition,sleeping,0,0,1,0,0,0,0,0,0,0,0,0,0,0,0,0,1,0,0,0
data/external/actions/human_action_recognition/train/003770_texting.jpg,Bingsu/Human_Action_Recognition,texting,0,1,0,0,0,0,0,0,0,0,0,0,0,0,0,0,1,0,0,0
data/external/actions/human_action_recognition/train/003771_running.jpg,Bingsu/Human_Action_Recognition,running,0,0,0,0,0,0,1,0,0,0,0,0,0,0,0,0,0,1,1,0
data/external/actions/human_action_recognition/train/003772_clapping.jpg,Bingsu/Human_Action_Recognition,clapping,0,0,0,0,1,0,0,0,0,0,0,0,0,0,0,0,0,1,0,0
data/external/actions/human_action_recognition/train/003773_sitting.jpg,Bingsu/Human_Action_Recognition,sitting,0,1,0,0,0,0,0,0,0,0,0,0,0,0,0,0,1,0,0,0
data/external/actions/human_action_recognition/train/003774_eating.jpg,Bingsu/Human_Action_Recognition,eating,0,0,0,0,0,0,0,0,0,0,0,0,0,1,0,0,0,0,0,0
data/external/actions/human_action_recognition/train/003775_clapping.jpg,Bingsu/Human_Action_Recognition,clapping,0,0,0,0,1,0,0,0,0,0,0,0,0,0,0,0,0,1,0,0
data/external/actions/human_action_recognition/train/003776_texting.jpg,Bingsu/Human_Action_Recognition,texting,0,1,0,0,0,0,0,0,0,0,0,0,0,0,0,0,1,0,0,0
data/external/actions/human_action_recognition/train/003777_running.jpg,Bingsu/Human_Action_Recognition,running,0,0,0,0,0,0,1,0,0,0,0,0,0,0,0,0,0,1,1,0
data/external/actions/human_action_recognition/train/003778_sitting.jpg,Bingsu/Human_Action_Recognition,sitting,0,1,0,0,0,0,0,0,0,0,0,0,0,0,0,0,1,0,0,0
data/external/actions/human_action_recognition/train/003779_running.jpg,Bingsu/Human_Action_Recognition,running,0,0,0,0,0,0,1,0,0,0,0,0,0,0,0,0,0,1,1,0
data/external/actions/human_action_recognition/train/003780_texting.jpg,Bingsu/Human_Action_Recognition,texting,0,1,0,0,0,0,0,0,0,0,0,0,0,0,0,0,1,0,0,0
data/external/actions/human_action_recognition/train/003781_sleeping.jpg,Bingsu/Human_Action_Recognition,sleeping,0,0,1,0,0,0,0,0,0,0,0,0,0,0,0,0,1,0,0,0
data/external/actions/human_action_recognition/train/003782_drinking.jpg,Bingsu/Human_Action_Recognition,drinking,0,0,0,0,0,0,0,0,0,0,0,0,0,0,1,0,0,0,0,0
data/external/actions/human_action_recognition/train/003783_cycling.jpg,Bingsu/Human_Action_Recognition,cycling,0,0,0,0,0,0,0,0,1,0,0,0,0,0,0,0,0,1,0,0
data/external/actions/human_action_recognition/train/003784_using_laptop.jpg,Bingsu/Human_Action_Recognition,using_laptop,0,1,0,0,0,0,0,0,0,0,0,0,1,0,0,0,1,0,0,0
data/external/actions/human_action_recognition/train/003785_calling.jpg,Bingsu/Human_Action_Recognition,calling,1,0,0,0,0,0,0,0,0,0,0,0,0,0,0,0,1,0,0,0
data/external/actions/human_action_recognition/train/003786_listening_to_music.jpg,Bingsu/Human_Action_Recognition,listening_to_music,0,1,0,0,0,0,0,0,0,0,0,0,0,0,0,0,1,0,0,0
data/external/actions/human_action_recognition/train/003787_listening_to_music.jpg,Bingsu/Human_Action_Recognition,listening_to_music,0,1,0,0,0,0,0,0,0,0,0,0,0,0,0,0,1,0,0,0
data/external/actions/human_action_recognition/train/003788_sitting.jpg,Bingsu/Human_Action_Recognition,sitting,0,1,0,0,0,0,0,0,0,0,0,0,0,0,0,0,1,0,0,0
data/external/actions/human_action_recognition/train/003789_sleeping.jpg,Bingsu/Human_Action_Recognition,sleeping,0,0,1,0,0,0,0,0,0,0,0,0,0,0,0,0,1,0,0,0
data/external/actions/human_action_recognition/train/003790_sitting.jpg,Bingsu/Human_Action_Recognition,sitting,0,1,0,0,0,0,0,0,0,0,0,0,0,0,0,0,1,0,0,0
data/external/actions/human_action_recognition/train/003791_sitting.jpg,Bingsu/Human_Action_Recognition,sitting,0,1,0,0,0,0,0,0,0,0,0,0,0,0,0,0,1,0,0,0
data/external/actions/human_action_recognition/train/003792_eating.jpg,Bingsu/Human_Action_Recognition,eating,0,0,0,0,0,0,0,0,0,0,0,0,0,1,0,0,0,0,0,0
data/external/actions/human_action_recognition/train/003793_sleeping.jpg,Bingsu/Human_Action_Recognition,sleeping,0,0,1,0,0,0,0,0,0,0,0,0,0,0,0,0,1,0,0,0
data/external/actions/human_action_recognition/train/003794_drinking.jpg,Bingsu/Human_Action_Recognition,drinking,0,0,0,0,0,0,0,0,0,0,0,0,0,0,1,0,0,0,0,0
data/external/actions/human_action_recognition/train/003795_cycling.jpg,Bingsu/Human_Action_Recognition,cycling,0,0,0,0,0,0,0,0,1,0,0,0,0,0,0,0,0,1,0,0
data/external/actions/human_action_recognition/train/003796_fighting.jpg,Bingsu/Human_Action_Recognition,fighting,0,0,0,0,0,0,0,0,0,0,0,0,0,0,0,0,0,1,1,0
data/external/actions/human_action_recognition/train/003797_cycling.jpg,Bingsu/Human_Action_Recognition,cycling,0,0,0,0,0,0,0,0,1,0,0,0,0,0,0,0,0,1,0,0
data/external/actions/human_action_recognition/train/003798_calling.jpg,Bingsu/Human_Action_Recognition,calling,1,0,0,0,0,0,0,0,0,0,0,0,0,0,0,0,1,0,0,0
data/external/actions/human_action_recognition/train/003799_drinking.jpg,Bingsu/Human_Action_Recognition,drinking,0,0,0,0,0,0,0,0,0,0,0,0,0,0,1,0,0,0,0,0
data/external/actions/human_action_recognition/train/003800_running.jpg,Bingsu/Human_Action_Recognition,running,0,0,0,0,0,0,1,0,0,0,0,0,0,0,0,0,0,1,1,0
data/external/actions/human_action_recognition/train/003801_drinking.jpg,Bingsu/Human_Action_Recognition,drinking,0,0,0,0,0,0,0,0,0,0,0,0,0,0,1,0,0,0,0,0
data/external/actions/human_action_recognition/train/003802_fighting.jpg,Bingsu/Human_Action_Recognition,fighting,0,0,0,0,0,0,0,0,0,0,0,0,0,0,0,0,0,1,1,0
data/external/actions/human_action_recognition/train/003803_texting.jpg,Bingsu/Human_Action_Recognition,texting,0,1,0,0,0,0,0,0,0,0,0,0,0,0,0,0,1,0,0,0
data/external/actions/human_action_recognition/train/003804_fighting.jpg,Bingsu/Human_Action_Recognition,fighting,0,0,0,0,0,0,0,0,0,0,0,0,0,0,0,0,0,1,1,0
data/external/actions/human_action_recognition/train/003805_using_laptop.jpg,Bingsu/Human_Action_Recognition,using_laptop,0,1,0,0,0,0,0,0,0,0,0,0,1,0,0,0,1,0,0,0
data/external/actions/human_action_recognition/train/003806_calling.jpg,Bingsu/Human_Action_Recognition,calling,1,0,0,0,0,0,0,0,0,0,0,0,0,0,0,0,1,0,0,0
data/external/actions/human_action_recognition/train/003807_running.jpg,Bingsu/Human_Action_Recognition,running,0,0,0,0,0,0,1,0,0,0,0,0,0,0,0,0,0,1,1,0
data/external/actions/human_action_recognition/train/003808_sleeping.jpg,Bingsu/Human_Action_Recognition,sleeping,0,0,1,0,0,0,0,0,0,0,0,0,0,0,0,0,1,0,0,0
data/external/actions/human_action_recognition/train/003809_laughing.jpg,Bingsu/Human_Action_Recognition,laughing,1,0,0,0,0,0,0,0,0,0,0,0,0,0,0,0,1,0,0,0
data/external/actions/human_action_recognition/train/003810_listening_to_music.jpg,Bingsu/Human_Action_Recognition,listening_to_music,0,1,0,0,0,0,0,0,0,0,0,0,0,0,0,0,1,0,0,0
data/external/actions/human_action_recognition/train/003811_cycling.jpg,Bingsu/Human_Action_Recognition,cycling,0,0,0,0,0,0,0,0,1,0,0,0,0,0,0,0,0,1,0,0
data/external/actions/human_action_recognition/train/003812_drinking.jpg,Bingsu/Human_Action_Recognition,drinking,0,0,0,0,0,0,0,0,0,0,0,0,0,0,1,0,0,0,0,0
data/external/actions/human_action_recognition/train/003813_cycling.jpg,Bingsu/Human_Action_Recognition,cycling,0,0,0,0,0,0,0,0,1,0,0,0,0,0,0,0,0,1,0,0
data/external/actions/human_action_recognition/train/003814_using_laptop.jpg,Bingsu/Human_Action_Recognition,using_laptop,0,1,0,0,0,0,0,0,0,0,0,0,1,0,0,0,1,0,0,0
data/external/actions/human_action_recognition/train/003815_sleeping.jpg,Bingsu/Human_Action_Recognition,sleeping,0,0,1,0,0,0,0,0,0,0,0,0,0,0,0,0,1,0,0,0
data/external/actions/human_action_recognition/train/003816_drinking.jpg,Bingsu/Human_Action_Recognition,drinking,0,0,0,0,0,0,0,0,0,0,0,0,0,0,1,0,0,0,0,0
data/external/actions/human_action_recognition/train/003817_using_laptop.jpg,Bingsu/Human_Action_Recognition,using_laptop,0,1,0,0,0,0,0,0,0,0,0,0,1,0,0,0,1,0,0,0
data/external/actions/human_action_recognition/train/003818_calling.jpg,Bingsu/Human_Action_Recognition,calling,1,0,0,0,0,0,0,0,0,0,0,0,0,0,0,0,1,0,0,0
data/external/actions/human_action_recognition/train/003819_sleeping.jpg,Bingsu/Human_Action_Recognition,sleeping,0,0,1,0,0,0,0,0,0,0,0,0,0,0,0,0,1,0,0,0
data/external/actions/human_action_recognition/train/003820_using_laptop.jpg,Bingsu/Human_Action_Recognition,using_laptop,0,1,0,0,0,0,0,0,0,0,0,0,1,0,0,0,1,0,0,0
data/external/actions/human_action_recognition/train/003821_listening_to_music.jpg,Bingsu/Human_Action_Recognition,listening_to_music,0,1,0,0,0,0,0,0,0,0,0,0,0,0,0,0,1,0,0,0
data/external/actions/human_action_recognition/train/003822_running.jpg,Bingsu/Human_Action_Recognition,running,0,0,0,0,0,0,1,0,0,0,0,0,0,0,0,0,0,1,1,0
data/external/actions/human_action_recognition/train/003823_calling.jpg,Bingsu/Human_Action_Recognition,calling,1,0,0,0,0,0,0,0,0,0,0,0,0,0,0,0,1,0,0,0
data/external/actions/human_action_recognition/train/003824_sleeping.jpg,Bingsu/Human_Action_Recognition,sleeping,0,0,1,0,0,0,0,0,0,0,0,0,0,0,0,0,1,0,0,0
data/external/actions/human_action_recognition/train/003825_laughing.jpg,Bingsu/Human_Action_Recognition,laughing,1,0,0,0,0,0,0,0,0,0,0,0,0,0,0,0,1,0,0,0
data/external/actions/human_action_recognition/train/003826_hugging.jpg,Bingsu/Human_Action_Recognition,hugging,1,0,0,0,0,0,0,0,0,0,0,0,0,0,0,0,1,0,0,0
data/external/actions/human_action_recognition/train/003827_drinking.jpg,Bingsu/Human_Action_Recognition,drinking,0,0,0,0,0,0,0,0,0,0,0,0,0,0,1,0,0,0,0,0
data/external/actions/human_action_recognition/train/003828_sitting.jpg,Bingsu/Human_Action_Recognition,sitting,0,1,0,0,0,0,0,0,0,0,0,0,0,0,0,0,1,0,0,0
data/external/actions/human_action_recognition/train/003829_listening_to_music.jpg,Bingsu/Human_Action_Recognition,listening_to_music,0,1,0,0,0,0,0,0,0,0,0,0,0,0,0,0,1,0,0,0
data/external/actions/human_action_recognition/train/003830_fighting.jpg,Bingsu/Human_Action_Recognition,fighting,0,0,0,0,0,0,0,0,0,0,0,0,0,0,0,0,0,1,1,0
data/external/actions/human_action_recognition/train/003831_running.jpg,Bingsu/Human_Action_Recognition,running,0,0,0,0,0,0,1,0,0,0,0,0,0,0,0,0,0,1,1,0
data/external/actions/human_action_recognition/train/003832_dancing.jpg,Bingsu/Human_Action_Recognition,dancing,0,0,0,0,0,0,0,0,0,0,1,0,0,0,0,0,0,1,0,0
data/external/actions/human_action_recognition/train/003833_cycling.jpg,Bingsu/Human_Action_Recognition,cycling,0,0,0,0,0,0,0,0,1,0,0,0,0,0,0,0,0,1,0,0
data/external/actions/human_action_recognition/train/003834_fighting.jpg,Bingsu/Human_Action_Recognition,fighting,0,0,0,0,0,0,0,0,0,0,0,0,0,0,0,0,0,1,1,0
data/external/actions/human_action_recognition/train/003835_sleeping.jpg,Bingsu/Human_Action_Recognition,sleeping,0,0,1,0,0,0,0,0,0,0,0,0,0,0,0,0,1,0,0,0
data/external/actions/human_action_recognition/train/003836_running.jpg,Bingsu/Human_Action_Recognition,running,0,0,0,0,0,0,1,0,0,0,0,0,0,0,0,0,0,1,1,0
data/external/actions/human_action_recognition/train/003837_hugging.jpg,Bingsu/Human_Action_Recognition,hugging,1,0,0,0,0,0,0,0,0,0,0,0,0,0,0,0,1,0,0,0
data/external/actions/human_action_recognition/train/003838_calling.jpg,Bingsu/Human_Action_Recognition,calling,1,0,0,0,0,0,0,0,0,0,0,0,0,0,0,0,1,0,0,0
data/external/actions/human_action_recognition/train/003839_eating.jpg,Bingsu/Human_Action_Recognition,eating,0,0,0,0,0,0,0,0,0,0,0,0,0,1,0,0,0,0,0,0
data/external/actions/human_action_recognition/train/003840_running.jpg,Bingsu/Human_Action_Recognition,running,0,0,0,0,0,0,1,0,0,0,0,0,0,0,0,0,0,1,1,0
data/external/actions/human_action_recognition/train/003841_sitting.jpg,Bingsu/Human_Action_Recognition,sitting,0,1,0,0,0,0,0,0,0,0,0,0,0,0,0,0,1,0,0,0
data/external/actions/human_action_recognition/train/003842_running.jpg,Bingsu/Human_Action_Recognition,running,0,0,0,0,0,0,1,0,0,0,0,0,0,0,0,0,0,1,1,0
data/external/actions/human_action_recognition/train/003843_calling.jpg,Bingsu/Human_Action_Recognition,calling,1,0,0,0,0,0,0,0,0,0,0,0,0,0,0,0,1,0,0,0
data/external/actions/human_action_recognition/train/003844_drinking.jpg,Bingsu/Human_Action_Recognition,drinking,0,0,0,0,0,0,0,0,0,0,0,0,0,0,1,0,0,0,0,0
data/external/actions/human_action_recognition/train/003845_listening_to_music.jpg,Bingsu/Human_Action_Recognition,listening_to_music,0,1,0,0,0,0,0,0,0,0,0,0,0,0,0,0,1,0,0,0
data/external/actions/human_action_recognition/train/003846_calling.jpg,Bingsu/Human_Action_Recognition,calling,1,0,0,0,0,0,0,0,0,0,0,0,0,0,0,0,1,0,0,0
data/external/actions/human_action_recognition/train/003847_texting.jpg,Bingsu/Human_Action_Recognition,texting,0,1,0,0,0,0,0,0,0,0,0,0,0,0,0,0,1,0,0,0
data/external/actions/human_action_recognition/train/003848_drinking.jpg,Bingsu/Human_Action_Recognition,drinking,0,0,0,0,0,0,0,0,0,0,0,0,0,0,1,0,0,0,0,0
data/external/actions/human_action_recognition/train/003849_laughing.jpg,Bingsu/Human_Action_Recognition,laughing,1,0,0,0,0,0,0,0,0,0,0,0,0,0,0,0,1,0,0,0
data/external/actions/human_action_recognition/train/003850_laughing.jpg,Bingsu/Human_Action_Recognition,laughing,1,0,0,0,0,0,0,0,0,0,0,0,0,0,0,0,1,0,0,0
data/external/actions/human_action_recognition/train/003851_laughing.jpg,Bingsu/Human_Action_Recognition,laughing,1,0,0,0,0,0,0,0,0,0,0,0,0,0,0,0,1,0,0,0
data/external/actions/human_action_recognition/train/003852_hugging.jpg,Bingsu/Human_Action_Recognition,hugging,1,0,0,0,0,0,0,0,0,0,0,0,0,0,0,0,1,0,0,0
data/external/actions/human_action_recognition/train/003853_running.jpg,Bingsu/Human_Action_Recognition,running,0,0,0,0,0,0,1,0,0,0,0,0,0,0,0,0,0,1,1,0
data/external/actions/human_action_recognition/train/003854_using_laptop.jpg,Bingsu/Human_Action_Recognition,using_laptop,0,1,0,0,0,0,0,0,0,0,0,0,1,0,0,0,1,0,0,0
data/external/actions/human_action_recognition/train/003855_dancing.jpg,Bingsu/Human_Action_Recognition,dancing,0,0,0,0,0,0,0,0,0,0,1,0,0,0,0,0,0,1,0,0
data/external/actions/human_action_recognition/train/003856_running.jpg,Bingsu/Human_Action_Recognition,running,0,0,0,0,0,0,1,0,0,0,0,0,0,0,0,0,0,1,1,0
data/external/actions/human_action_recognition/train/003857_dancing.jpg,Bingsu/Human_Action_Recognition,dancing,0,0,0,0,0,0,0,0,0,0,1,0,0,0,0,0,0,1,0,0
data/external/actions/human_action_recognition/train/003858_sleeping.jpg,Bingsu/Human_Action_Recognition,sleeping,0,0,1,0,0,0,0,0,0,0,0,0,0,0,0,0,1,0,0,0
data/external/actions/human_action_recognition/train/003859_listening_to_music.jpg,Bingsu/Human_Action_Recognition,listening_to_music,0,1,0,0,0,0,0,0,0,0,0,0,0,0,0,0,1,0,0,0
data/external/actions/human_action_recognition/train/003860_calling.jpg,Bingsu/Human_Action_Recognition,calling,1,0,0,0,0,0,0,0,0,0,0,0,0,0,0,0,1,0,0,0
data/external/actions/human_action_recognition/train/003861_using_laptop.jpg,Bingsu/Human_Action_Recognition,using_laptop,0,1,0,0,0,0,0,0,0,0,0,0,1,0,0,0,1,0,0,0
data/external/actions/human_action_recognition/train/003862_eating.jpg,Bingsu/Human_Action_Recognition,eating,0,0,0,0,0,0,0,0,0,0,0,0,0,1,0,0,0,0,0,0
data/external/actions/human_action_recognition/train/003863_using_laptop.jpg,Bingsu/Human_Action_Recognition,using_laptop,0,1,0,0,0,0,0,0,0,0,0,0,1,0,0,0,1,0,0,0
data/external/actions/human_action_recognition/train/003864_sitting.jpg,Bingsu/Human_Action_Recognition,sitting,0,1,0,0,0,0,0,0,0,0,0,0,0,0,0,0,1,0,0,0
data/external/actions/human_action_recognition/train/003865_cycling.jpg,Bingsu/Human_Action_Recognition,cycling,0,0,0,0,0,0,0,0,1,0,0,0,0,0,0,0,0,1,0,0
data/external/actions/human_action_recognition/train/003866_using_laptop.jpg,Bingsu/Human_Action_Recognition,using_laptop,0,1,0,0,0,0,0,0,0,0,0,0,1,0,0,0,1,0,0,0
data/external/actions/human_action_recognition/train/003867_running.jpg,Bingsu/Human_Action_Recognition,running,0,0,0,0,0,0,1,0,0,0,0,0,0,0,0,0,0,1,1,0
data/external/actions/human_action_recognition/train/003868_using_laptop.jpg,Bingsu/Human_Action_Recognition,using_laptop,0,1,0,0,0,0,0,0,0,0,0,0,1,0,0,0,1,0,0,0
data/external/actions/human_action_recognition/train/003869_listening_to_music.jpg,Bingsu/Human_Action_Recognition,listening_to_music,0,1,0,0,0,0,0,0,0,0,0,0,0,0,0,0,1,0,0,0
data/external/actions/human_action_recognition/train/003870_listening_to_music.jpg,Bingsu/Human_Action_Recognition,listening_to_music,0,1,0,0,0,0,0,0,0,0,0,0,0,0,0,0,1,0,0,0
data/external/actions/human_action_recognition/train/003871_sleeping.jpg,Bingsu/Human_Action_Recognition,sleeping,0,0,1,0,0,0,0,0,0,0,0,0,0,0,0,0,1,0,0,0
data/external/actions/human_action_recognition/train/003872_sleeping.jpg,Bingsu/Human_Action_Recognition,sleeping,0,0,1,0,0,0,0,0,0,0,0,0,0,0,0,0,1,0,0,0
data/external/actions/human_action_recognition/train/003873_using_laptop.jpg,Bingsu/Human_Action_Recognition,using_laptop,0,1,0,0,0,0,0,0,0,0,0,0,1,0,0,0,1,0,0,0
data/external/actions/human_action_recognition/train/003874_calling.jpg,Bingsu/Human_Action_Recognition,calling,1,0,0,0,0,0,0,0,0,0,0,0,0,0,0,0,1,0,0,0
data/external/actions/human_action_recognition/train/003875_hugging.jpg,Bingsu/Human_Action_Recognition,hugging,1,0,0,0,0,0,0,0,0,0,0,0,0,0,0,0,1,0,0,0
data/external/actions/human_action_recognition/train/003876_clapping.jpg,Bingsu/Human_Action_Recognition,clapping,0,0,0,0,1,0,0,0,0,0,0,0,0,0,0,0,0,1,0,0
data/external/actions/human_action_recognition/train/003877_cycling.jpg,Bingsu/Human_Action_Recognition,cycling,0,0,0,0,0,0,0,0,1,0,0,0,0,0,0,0,0,1,0,0
data/external/actions/human_action_recognition/train/003878_drinking.jpg,Bingsu/Human_Action_Recognition,drinking,0,0,0,0,0,0,0,0,0,0,0,0,0,0,1,0,0,0,0,0
data/external/actions/human_action_recognition/train/003879_texting.jpg,Bingsu/Human_Action_Recognition,texting,0,1,0,0,0,0,0,0,0,0,0,0,0,0,0,0,1,0,0,0
data/external/actions/human_action_recognition/train/003880_using_laptop.jpg,Bingsu/Human_Action_Recognition,using_laptop,0,1,0,0,0,0,0,0,0,0,0,0,1,0,0,0,1,0,0,0
data/external/actions/human_action_recognition/train/003881_listening_to_music.jpg,Bingsu/Human_Action_Recognition,listening_to_music,0,1,0,0,0,0,0,0,0,0,0,0,0,0,0,0,1,0,0,0
data/external/actions/human_action_recognition/train/003882_sitting.jpg,Bingsu/Human_Action_Recognition,sitting,0,1,0,0,0,0,0,0,0,0,0,0,0,0,0,0,1,0,0,0
data/external/actions/human_action_recognition/train/003883_calling.jpg,Bingsu/Human_Action_Recognition,calling,1,0,0,0,0,0,0,0,0,0,0,0,0,0,0,0,1,0,0,0
data/external/actions/human_action_recognition/train/003884_calling.jpg,Bingsu/Human_Action_Recognition,calling,1,0,0,0,0,0,0,0,0,0,0,0,0,0,0,0,1,0,0,0
data/external/actions/human_action_recognition/train/003885_texting.jpg,Bingsu/Human_Action_Recognition,texting,0,1,0,0,0,0,0,0,0,0,0,0,0,0,0,0,1,0,0,0
data/external/actions/human_action_recognition/train/003886_hugging.jpg,Bingsu/Human_Action_Recognition,hugging,1,0,0,0,0,0,0,0,0,0,0,0,0,0,0,0,1,0,0,0
data/external/actions/human_action_recognition/train/003887_clapping.jpg,Bingsu/Human_Action_Recognition,clapping,0,0,0,0,1,0,0,0,0,0,0,0,0,0,0,0,0,1,0,0
data/external/actions/human_action_recognition/train/003888_dancing.jpg,Bingsu/Human_Action_Recognition,dancing,0,0,0,0,0,0,0,0,0,0,1,0,0,0,0,0,0,1,0,0
data/external/actions/human_action_recognition/train/003889_sleeping.jpg,Bingsu/Human_Action_Recognition,sleeping,0,0,1,0,0,0,0,0,0,0,0,0,0,0,0,0,1,0,0,0
data/external/actions/human_action_recognition/train/003890_clapping.jpg,Bingsu/Human_Action_Recognition,clapping,0,0,0,0,1,0,0,0,0,0,0,0,0,0,0,0,0,1,0,0
data/external/actions/human_action_recognition/train/003891_sitting.jpg,Bingsu/Human_Action_Recognition,sitting,0,1,0,0,0,0,0,0,0,0,0,0,0,0,0,0,1,0,0,0
data/external/actions/human_action_recognition/train/003892_clapping.jpg,Bingsu/Human_Action_Recognition,clapping,0,0,0,0,1,0,0,0,0,0,0,0,0,0,0,0,0,1,0,0
data/external/actions/human_action_recognition/train/003893_clapping.jpg,Bingsu/Human_Action_Recognition,clapping,0,0,0,0,1,0,0,0,0,0,0,0,0,0,0,0,0,1,0,0
data/external/actions/human_action_recognition/train/003894_dancing.jpg,Bingsu/Human_Action_Recognition,dancing,0,0,0,0,0,0,0,0,0,0,1,0,0,0,0,0,0,1,0,0
data/external/actions/human_action_recognition/train/003895_hugging.jpg,Bingsu/Human_Action_Recognition,hugging,1,0,0,0,0,0,0,0,0,0,0,0,0,0,0,0,1,0,0,0
data/external/actions/human_action_recognition/train/003896_texting.jpg,Bingsu/Human_Action_Recognition,texting,0,1,0,0,0,0,0,0,0,0,0,0,0,0,0,0,1,0,0,0
data/external/actions/human_action_recognition/train/003897_sleeping.jpg,Bingsu/Human_Action_Recognition,sleeping,0,0,1,0,0,0,0,0,0,0,0,0,0,0,0,0,1,0,0,0
data/external/actions/human_action_recognition/train/003898_hugging.jpg,Bingsu/Human_Action_Recognition,hugging,1,0,0,0,0,0,0,0,0,0,0,0,0,0,0,0,1,0,0,0
data/external/actions/human_action_recognition/train/003899_cycling.jpg,Bingsu/Human_Action_Recognition,cycling,0,0,0,0,0,0,0,0,1,0,0,0,0,0,0,0,0,1,0,0
data/external/actions/human_action_recognition/train/003900_clapping.jpg,Bingsu/Human_Action_Recognition,clapping,0,0,0,0,1,0,0,0,0,0,0,0,0,0,0,0,0,1,0,0
data/external/actions/human_action_recognition/train/003901_laughing.jpg,Bingsu/Human_Action_Recognition,laughing,1,0,0,0,0,0,0,0,0,0,0,0,0,0,0,0,1,0,0,0
data/external/actions/human_action_recognition/train/003902_sitting.jpg,Bingsu/Human_Action_Recognition,sitting,0,1,0,0,0,0,0,0,0,0,0,0,0,0,0,0,1,0,0,0
data/external/actions/human_action_recognition/train/003903_sitting.jpg,Bingsu/Human_Action_Recognition,sitting,0,1,0,0,0,0,0,0,0,0,0,0,0,0,0,0,1,0,0,0
data/external/actions/human_action_recognition/train/003904_eating.jpg,Bingsu/Human_Action_Recognition,eating,0,0,0,0,0,0,0,0,0,0,0,0,0,1,0,0,0,0,0,0
data/external/actions/human_action_recognition/train/003905_clapping.jpg,Bingsu/Human_Action_Recognition,clapping,0,0,0,0,1,0,0,0,0,0,0,0,0,0,0,0,0,1,0,0
data/external/actions/human_action_recognition/train/003906_dancing.jpg,Bingsu/Human_Action_Recognition,dancing,0,0,0,0,0,0,0,0,0,0,1,0,0,0,0,0,0,1,0,0
data/external/actions/human_action_recognition/train/003907_laughing.jpg,Bingsu/Human_Action_Recognition,laughing,1,0,0,0,0,0,0,0,0,0,0,0,0,0,0,0,1,0,0,0
data/external/actions/human_action_recognition/train/003908_hugging.jpg,Bingsu/Human_Action_Recognition,hugging,1,0,0,0,0,0,0,0,0,0,0,0,0,0,0,0,1,0,0,0
data/external/actions/human_action_recognition/train/003909_using_laptop.jpg,Bingsu/Human_Action_Recognition,using_laptop,0,1,0,0,0,0,0,0,0,0,0,0,1,0,0,0,1,0,0,0
data/external/actions/human_action_recognition/train/003910_running.jpg,Bingsu/Human_Action_Recognition,running,0,0,0,0,0,0,1,0,0,0,0,0,0,0,0,0,0,1,1,0
data/external/actions/human_action_recognition/train/003911_eating.jpg,Bingsu/Human_Action_Recognition,eating,0,0,0,0,0,0,0,0,0,0,0,0,0,1,0,0,0,0,0,0
data/external/actions/human_action_recognition/train/003912_sleeping.jpg,Bingsu/Human_Action_Recognition,sleeping,0,0,1,0,0,0,0,0,0,0,0,0,0,0,0,0,1,0,0,0
data/external/actions/human_action_recognition/train/003913_dancing.jpg,Bingsu/Human_Action_Recognition,dancing,0,0,0,0,0,0,0,0,0,0,1,0,0,0,0,0,0,1,0,0
data/external/actions/human_action_recognition/train/003914_fighting.jpg,Bingsu/Human_Action_Recognition,fighting,0,0,0,0,0,0,0,0,0,0,0,0,0,0,0,0,0,1,1,0
data/external/actions/human_action_recognition/train/003915_texting.jpg,Bingsu/Human_Action_Recognition,texting,0,1,0,0,0,0,0,0,0,0,0,0,0,0,0,0,1,0,0,0
data/external/actions/human_action_recognition/train/003916_drinking.jpg,Bingsu/Human_Action_Recognition,drinking,0,0,0,0,0,0,0,0,0,0,0,0,0,0,1,0,0,0,0,0
data/external/actions/human_action_recognition/train/003917_drinking.jpg,Bingsu/Human_Action_Recognition,drinking,0,0,0,0,0,0,0,0,0,0,0,0,0,0,1,0,0,0,0,0
data/external/actions/human_action_recognition/train/003918_laughing.jpg,Bingsu/Human_Action_Recognition,laughing,1,0,0,0,0,0,0,0,0,0,0,0,0,0,0,0,1,0,0,0
data/external/actions/human_action_recognition/train/003919_dancing.jpg,Bingsu/Human_Action_Recognition,dancing,0,0,0,0,0,0,0,0,0,0,1,0,0,0,0,0,0,1,0,0
data/external/actions/human_action_recognition/train/003920_texting.jpg,Bingsu/Human_Action_Recognition,texting,0,1,0,0,0,0,0,0,0,0,0,0,0,0,0,0,1,0,0,0
data/external/actions/human_action_recognition/train/003921_clapping.jpg,Bingsu/Human_Action_Recognition,clapping,0,0,0,0,1,0,0,0,0,0,0,0,0,0,0,0,0,1,0,0
data/external/actions/human_action_recognition/train/003922_cycling.jpg,Bingsu/Human_Action_Recognition,cycling,0,0,0,0,0,0,0,0,1,0,0,0,0,0,0,0,0,1,0,0
data/external/actions/human_action_recognition/train/003923_listening_to_music.jpg,Bingsu/Human_Action_Recognition,listening_to_music,0,1,0,0,0,0,0,0,0,0,0,0,0,0,0,0,1,0,0,0
data/external/actions/human_action_recognition/train/003924_listening_to_music.jpg,Bingsu/Human_Action_Recognition,listening_to_music,0,1,0,0,0,0,0,0,0,0,0,0,0,0,0,0,1,0,0,0
data/external/actions/human_action_recognition/train/003925_drinking.jpg,Bingsu/Human_Action_Recognition,drinking,0,0,0,0,0,0,0,0,0,0,0,0,0,0,1,0,0,0,0,0
data/external/actions/human_action_recognition/train/003926_calling.jpg,Bingsu/Human_Action_Recognition,calling,1,0,0,0,0,0,0,0,0,0,0,0,0,0,0,0,1,0,0,0
data/external/actions/human_action_recognition/train/003927_fighting.jpg,Bingsu/Human_Action_Recognition,fighting,0,0,0,0,0,0,0,0,0,0,0,0,0,0,0,0,0,1,1,0
data/external/actions/human_action_recognition/train/003928_running.jpg,Bingsu/Human_Action_Recognition,running,0,0,0,0,0,0,1,0,0,0,0,0,0,0,0,0,0,1,1,0
data/external/actions/human_action_recognition/train/003929_drinking.jpg,Bingsu/Human_Action_Recognition,drinking,0,0,0,0,0,0,0,0,0,0,0,0,0,0,1,0,0,0,0,0
data/external/actions/human_action_recognition/train/003930_sitting.jpg,Bingsu/Human_Action_Recognition,sitting,0,1,0,0,0,0,0,0,0,0,0,0,0,0,0,0,1,0,0,0
data/external/actions/human_action_recognition/train/003931_drinking.jpg,Bingsu/Human_Action_Recognition,drinking,0,0,0,0,0,0,0,0,0,0,0,0,0,0,1,0,0,0,0,0
data/external/actions/human_action_recognition/train/003932_using_laptop.jpg,Bingsu/Human_Action_Recognition,using_laptop,0,1,0,0,0,0,0,0,0,0,0,0,1,0,0,0,1,0,0,0
data/external/actions/human_action_recognition/train/003933_drinking.jpg,Bingsu/Human_Action_Recognition,drinking,0,0,0,0,0,0,0,0,0,0,0,0,0,0,1,0,0,0,0,0
data/external/actions/human_action_recognition/train/003934_fighting.jpg,Bingsu/Human_Action_Recognition,fighting,0,0,0,0,0,0,0,0,0,0,0,0,0,0,0,0,0,1,1,0
data/external/actions/human_action_recognition/train/003935_drinking.jpg,Bingsu/Human_Action_Recognition,drinking,0,0,0,0,0,0,0,0,0,0,0,0,0,0,1,0,0,0,0,0
data/external/actions/human_action_recognition/train/003936_clapping.jpg,Bingsu/Human_Action_Recognition,clapping,0,0,0,0,1,0,0,0,0,0,0,0,0,0,0,0,0,1,0,0
data/external/actions/human_action_recognition/train/003937_cycling.jpg,Bingsu/Human_Action_Recognition,cycling,0,0,0,0,0,0,0,0,1,0,0,0,0,0,0,0,0,1,0,0
data/external/actions/human_action_recognition/train/003938_texting.jpg,Bingsu/Human_Action_Recognition,texting,0,1,0,0,0,0,0,0,0,0,0,0,0,0,0,0,1,0,0,0
data/external/actions/human_action_recognition/train/003939_calling.jpg,Bingsu/Human_Action_Recognition,calling,1,0,0,0,0,0,0,0,0,0,0,0,0,0,0,0,1,0,0,0
data/external/actions/human_action_recognition/train/003940_calling.jpg,Bingsu/Human_Action_Recognition,calling,1,0,0,0,0,0,0,0,0,0,0,0,0,0,0,0,1,0,0,0
data/external/actions/human_action_recognition/train/003941_hugging.jpg,Bingsu/Human_Action_Recognition,hugging,1,0,0,0,0,0,0,0,0,0,0,0,0,0,0,0,1,0,0,0
data/external/actions/human_action_recognition/train/003942_dancing.jpg,Bingsu/Human_Action_Recognition,dancing,0,0,0,0,0,0,0,0,0,0,1,0,0,0,0,0,0,1,0,0
data/external/actions/human_action_recognition/train/003943_sitting.jpg,Bingsu/Human_Action_Recognition,sitting,0,1,0,0,0,0,0,0,0,0,0,0,0,0,0,0,1,0,0,0
data/external/actions/human_action_recognition/train/003944_sleeping.jpg,Bingsu/Human_Action_Recognition,sleeping,0,0,1,0,0,0,0,0,0,0,0,0,0,0,0,0,1,0,0,0
data/external/actions/human_action_recognition/train/003945_cycling.jpg,Bingsu/Human_Action_Recognition,cycling,0,0,0,0,0,0,0,0,1,0,0,0,0,0,0,0,0,1,0,0
data/external/actions/human_action_recognition/train/003946_sleeping.jpg,Bingsu/Human_Action_Recognition,sleeping,0,0,1,0,0,0,0,0,0,0,0,0,0,0,0,0,1,0,0,0
data/external/actions/human_action_recognition/train/003947_laughing.jpg,Bingsu/Human_Action_Recognition,laughing,1,0,0,0,0,0,0,0,0,0,0,0,0,0,0,0,1,0,0,0
data/external/actions/human_action_recognition/train/003948_using_laptop.jpg,Bingsu/Human_Action_Recognition,using_laptop,0,1,0,0,0,0,0,0,0,0,0,0,1,0,0,0,1,0,0,0
data/external/actions/human_action_recognition/train/003949_laughing.jpg,Bingsu/Human_Action_Recognition,laughing,1,0,0,0,0,0,0,0,0,0,0,0,0,0,0,0,1,0,0,0
data/external/actions/human_action_recognition/train/003950_eating.jpg,Bingsu/Human_Action_Recognition,eating,0,0,0,0,0,0,0,0,0,0,0,0,0,1,0,0,0,0,0,0
data/external/actions/human_action_recognition/train/003951_texting.jpg,Bingsu/Human_Action_Recognition,texting,0,1,0,0,0,0,0,0,0,0,0,0,0,0,0,0,1,0,0,0
data/external/actions/human_action_recognition/train/003952_clapping.jpg,Bingsu/Human_Action_Recognition,clapping,0,0,0,0,1,0,0,0,0,0,0,0,0,0,0,0,0,1,0,0
data/external/actions/human_action_recognition/train/003953_sitting.jpg,Bingsu/Human_Action_Recognition,sitting,0,1,0,0,0,0,0,0,0,0,0,0,0,0,0,0,1,0,0,0
data/external/actions/human_action_recognition/train/003954_running.jpg,Bingsu/Human_Action_Recognition,running,0,0,0,0,0,0,1,0,0,0,0,0,0,0,0,0,0,1,1,0
data/external/actions/human_action_recognition/train/003955_laughing.jpg,Bingsu/Human_Action_Recognition,laughing,1,0,0,0,0,0,0,0,0,0,0,0,0,0,0,0,1,0,0,0
data/external/actions/human_action_recognition/train/003956_calling.jpg,Bingsu/Human_Action_Recognition,calling,1,0,0,0,0,0,0,0,0,0,0,0,0,0,0,0,1,0,0,0
data/external/actions/human_action_recognition/train/003957_fighting.jpg,Bingsu/Human_Action_Recognition,fighting,0,0,0,0,0,0,0,0,0,0,0,0,0,0,0,0,0,1,1,0
data/external/actions/human_action_recognition/train/003958_fighting.jpg,Bingsu/Human_Action_Recognition,fighting,0,0,0,0,0,0,0,0,0,0,0,0,0,0,0,0,0,1,1,0
data/external/actions/human_action_recognition/train/003959_eating.jpg,Bingsu/Human_Action_Recognition,eating,0,0,0,0,0,0,0,0,0,0,0,0,0,1,0,0,0,0,0,0
data/external/actions/human_action_recognition/train/003960_sleeping.jpg,Bingsu/Human_Action_Recognition,sleeping,0,0,1,0,0,0,0,0,0,0,0,0,0,0,0,0,1,0,0,0
data/external/actions/human_action_recognition/train/003961_laughing.jpg,Bingsu/Human_Action_Recognition,laughing,1,0,0,0,0,0,0,0,0,0,0,0,0,0,0,0,1,0,0,0
data/external/actions/human_action_recognition/train/003962_calling.jpg,Bingsu/Human_Action_Recognition,calling,1,0,0,0,0,0,0,0,0,0,0,0,0,0,0,0,1,0,0,0
data/external/actions/human_action_recognition/train/003963_using_laptop.jpg,Bingsu/Human_Action_Recognition,using_laptop,0,1,0,0,0,0,0,0,0,0,0,0,1,0,0,0,1,0,0,0
data/external/actions/human_action_recognition/train/003964_calling.jpg,Bingsu/Human_Action_Recognition,calling,1,0,0,0,0,0,0,0,0,0,0,0,0,0,0,0,1,0,0,0
data/external/actions/human_action_recognition/train/003965_calling.jpg,Bingsu/Human_Action_Recognition,calling,1,0,0,0,0,0,0,0,0,0,0,0,0,0,0,0,1,0,0,0
data/external/actions/human_action_recognition/train/003966_calling.jpg,Bingsu/Human_Action_Recognition,calling,1,0,0,0,0,0,0,0,0,0,0,0,0,0,0,0,1,0,0,0
data/external/actions/human_action_recognition/train/003967_dancing.jpg,Bingsu/Human_Action_Recognition,dancing,0,0,0,0,0,0,0,0,0,0,1,0,0,0,0,0,0,1,0,0
data/external/actions/human_action_recognition/train/003968_laughing.jpg,Bingsu/Human_Action_Recognition,laughing,1,0,0,0,0,0,0,0,0,0,0,0,0,0,0,0,1,0,0,0
data/external/actions/human_action_recognition/train/003969_running.jpg,Bingsu/Human_Action_Recognition,running,0,0,0,0,0,0,1,0,0,0,0,0,0,0,0,0,0,1,1,0
data/external/actions/human_action_recognition/train/003970_drinking.jpg,Bingsu/Human_Action_Recognition,drinking,0,0,0,0,0,0,0,0,0,0,0,0,0,0,1,0,0,0,0,0
data/external/actions/human_action_recognition/train/003971_using_laptop.jpg,Bingsu/Human_Action_Recognition,using_laptop,0,1,0,0,0,0,0,0,0,0,0,0,1,0,0,0,1,0,0,0
data/external/actions/human_action_recognition/train/003972_calling.jpg,Bingsu/Human_Action_Recognition,calling,1,0,0,0,0,0,0,0,0,0,0,0,0,0,0,0,1,0,0,0
data/external/actions/human_action_recognition/train/003973_cycling.jpg,Bingsu/Human_Action_Recognition,cycling,0,0,0,0,0,0,0,0,1,0,0,0,0,0,0,0,0,1,0,0
data/external/actions/human_action_recognition/train/003974_calling.jpg,Bingsu/Human_Action_Recognition,calling,1,0,0,0,0,0,0,0,0,0,0,0,0,0,0,0,1,0,0,0
data/external/actions/human_action_recognition/train/003975_eating.jpg,Bingsu/Human_Action_Recognition,eating,0,0,0,0,0,0,0,0,0,0,0,0,0,1,0,0,0,0,0,0
data/external/actions/human_action_recognition/train/003976_dancing.jpg,Bingsu/Human_Action_Recognition,dancing,0,0,0,0,0,0,0,0,0,0,1,0,0,0,0,0,0,1,0,0
data/external/actions/human_action_recognition/train/003977_using_laptop.jpg,Bingsu/Human_Action_Recognition,using_laptop,0,1,0,0,0,0,0,0,0,0,0,0,1,0,0,0,1,0,0,0
data/external/actions/human_action_recognition/train/003978_cycling.jpg,Bingsu/Human_Action_Recognition,cycling,0,0,0,0,0,0,0,0,1,0,0,0,0,0,0,0,0,1,0,0
data/external/actions/human_action_recognition/train/003979_listening_to_music.jpg,Bingsu/Human_Action_Recognition,listening_to_music,0,1,0,0,0,0,0,0,0,0,0,0,0,0,0,0,1,0,0,0
data/external/actions/human_action_recognition/train/003980_texting.jpg,Bingsu/Human_Action_Recognition,texting,0,1,0,0,0,0,0,0,0,0,0,0,0,0,0,0,1,0,0,0
data/external/actions/human_action_recognition/train/003981_fighting.jpg,Bingsu/Human_Action_Recognition,fighting,0,0,0,0,0,0,0,0,0,0,0,0,0,0,0,0,0,1,1,0
data/external/actions/human_action_recognition/train/003982_laughing.jpg,Bingsu/Human_Action_Recognition,laughing,1,0,0,0,0,0,0,0,0,0,0,0,0,0,0,0,1,0,0,0
data/external/actions/human_action_recognition/train/003983_texting.jpg,Bingsu/Human_Action_Recognition,texting,0,1,0,0,0,0,0,0,0,0,0,0,0,0,0,0,1,0,0,0
data/external/actions/human_action_recognition/train/003984_running.jpg,Bingsu/Human_Action_Recognition,running,0,0,0,0,0,0,1,0,0,0,0,0,0,0,0,0,0,1,1,0
data/external/actions/human_action_recognition/train/003985_texting.jpg,Bingsu/Human_Action_Recognition,texting,0,1,0,0,0,0,0,0,0,0,0,0,0,0,0,0,1,0,0,0
data/external/actions/human_action_recognition/train/003986_laughing.jpg,Bingsu/Human_Action_Recognition,laughing,1,0,0,0,0,0,0,0,0,0,0,0,0,0,0,0,1,0,0,0
data/external/actions/human_action_recognition/train/003987_dancing.jpg,Bingsu/Human_Action_Recognition,dancing,0,0,0,0,0,0,0,0,0,0,1,0,0,0,0,0,0,1,0,0
data/external/actions/human_action_recognition/train/003988_hugging.jpg,Bingsu/Human_Action_Recognition,hugging,1,0,0,0,0,0,0,0,0,0,0,0,0,0,0,0,1,0,0,0
data/external/actions/human_action_recognition/train/003989_clapping.jpg,Bingsu/Human_Action_Recognition,clapping,0,0,0,0,1,0,0,0,0,0,0,0,0,0,0,0,0,1,0,0
data/external/actions/human_action_recognition/train/003990_calling.jpg,Bingsu/Human_Action_Recognition,calling,1,0,0,0,0,0,0,0,0,0,0,0,0,0,0,0,1,0,0,0
data/external/actions/human_action_recognition/train/003991_drinking.jpg,Bingsu/Human_Action_Recognition,drinking,0,0,0,0,0,0,0,0,0,0,0,0,0,0,1,0,0,0,0,0
data/external/actions/human_action_recognition/train/003992_texting.jpg,Bingsu/Human_Action_Recognition,texting,0,1,0,0,0,0,0,0,0,0,0,0,0,0,0,0,1,0,0,0
data/external/actions/human_action_recognition/train/003993_fighting.jpg,Bingsu/Human_Action_Recognition,fighting,0,0,0,0,0,0,0,0,0,0,0,0,0,0,0,0,0,1,1,0
data/external/actions/human_action_recognition/train/003994_cycling.jpg,Bingsu/Human_Action_Recognition,cycling,0,0,0,0,0,0,0,0,1,0,0,0,0,0,0,0,0,1,0,0
data/external/actions/human_action_recognition/train/003995_clapping.jpg,Bingsu/Human_Action_Recognition,clapping,0,0,0,0,1,0,0,0,0,0,0,0,0,0,0,0,0,1,0,0
data/external/actions/human_action_recognition/train/003996_listening_to_music.jpg,Bingsu/Human_Action_Recognition,listening_to_music,0,1,0,0,0,0,0,0,0,0,0,0,0,0,0,0,1,0,0,0
data/external/actions/human_action_recognition/train/003997_hugging.jpg,Bingsu/Human_Action_Recognition,hugging,1,0,0,0,0,0,0,0,0,0,0,0,0,0,0,0,1,0,0,0
data/external/actions/human_action_recognition/train/003998_dancing.jpg,Bingsu/Human_Action_Recognition,dancing,0,0,0,0,0,0,0,0,0,0,1,0,0,0,0,0,0,1,0,0
data/external/actions/human_action_recognition/train/003999_dancing.jpg,Bingsu/Human_Action_Recognition,dancing,0,0,0,0,0,0,0,0,0,0,1,0,0,0,0,0,0,1,0,0
data/external/actions/human_action_recognition/train/004000_sitting.jpg,Bingsu/Human_Action_Recognition,sitting,0,1,0,0,0,0,0,0,0,0,0,0,0,0,0,0,1,0,0,0
data/external/actions/human_action_recognition/train/004001_hugging.jpg,Bingsu/Human_Action_Recognition,hugging,1,0,0,0,0,0,0,0,0,0,0,0,0,0,0,0,1,0,0,0
data/external/actions/human_action_recognition/train/004002_sitting.jpg,Bingsu/Human_Action_Recognition,sitting,0,1,0,0,0,0,0,0,0,0,0,0,0,0,0,0,1,0,0,0
data/external/actions/human_action_recognition/train/004003_sleeping.jpg,Bingsu/Human_Action_Recognition,sleeping,0,0,1,0,0,0,0,0,0,0,0,0,0,0,0,0,1,0,0,0
data/external/actions/human_action_recognition/train/004004_sitting.jpg,Bingsu/Human_Action_Recognition,sitting,0,1,0,0,0,0,0,0,0,0,0,0,0,0,0,0,1,0,0,0
data/external/actions/human_action_recognition/train/004005_fighting.jpg,Bingsu/Human_Action_Recognition,fighting,0,0,0,0,0,0,0,0,0,0,0,0,0,0,0,0,0,1,1,0
data/external/actions/human_action_recognition/train/004006_laughing.jpg,Bingsu/Human_Action_Recognition,laughing,1,0,0,0,0,0,0,0,0,0,0,0,0,0,0,0,1,0,0,0
data/external/actions/human_action_recognition/train/004007_calling.jpg,Bingsu/Human_Action_Recognition,calling,1,0,0,0,0,0,0,0,0,0,0,0,0,0,0,0,1,0,0,0
data/external/actions/human_action_recognition/train/004008_laughing.jpg,Bingsu/Human_Action_Recognition,laughing,1,0,0,0,0,0,0,0,0,0,0,0,0,0,0,0,1,0,0,0
data/external/actions/human_action_recognition/train/004009_sitting.jpg,Bingsu/Human_Action_Recognition,sitting,0,1,0,0,0,0,0,0,0,0,0,0,0,0,0,0,1,0,0,0
data/external/actions/human_action_recognition/train/004010_listening_to_music.jpg,Bingsu/Human_Action_Recognition,listening_to_music,0,1,0,0,0,0,0,0,0,0,0,0,0,0,0,0,1,0,0,0
data/external/actions/human_action_recognition/train/004011_sitting.jpg,Bingsu/Human_Action_Recognition,sitting,0,1,0,0,0,0,0,0,0,0,0,0,0,0,0,0,1,0,0,0
data/external/actions/human_action_recognition/train/004012_clapping.jpg,Bingsu/Human_Action_Recognition,clapping,0,0,0,0,1,0,0,0,0,0,0,0,0,0,0,0,0,1,0,0
data/external/actions/human_action_recognition/train/004013_running.jpg,Bingsu/Human_Action_Recognition,running,0,0,0,0,0,0,1,0,0,0,0,0,0,0,0,0,0,1,1,0
data/external/actions/human_action_recognition/train/004014_hugging.jpg,Bingsu/Human_Action_Recognition,hugging,1,0,0,0,0,0,0,0,0,0,0,0,0,0,0,0,1,0,0,0
data/external/actions/human_action_recognition/train/004015_clapping.jpg,Bingsu/Human_Action_Recognition,clapping,0,0,0,0,1,0,0,0,0,0,0,0,0,0,0,0,0,1,0,0
data/external/actions/human_action_recognition/train/004016_drinking.jpg,Bingsu/Human_Action_Recognition,drinking,0,0,0,0,0,0,0,0,0,0,0,0,0,0,1,0,0,0,0,0
data/external/actions/human_action_recognition/train/004017_calling.jpg,Bingsu/Human_Action_Recognition,calling,1,0,0,0,0,0,0,0,0,0,0,0,0,0,0,0,1,0,0,0
data/external/actions/human_action_recognition/train/004018_sitting.jpg,Bingsu/Human_Action_Recognition,sitting,0,1,0,0,0,0,0,0,0,0,0,0,0,0,0,0,1,0,0,0
data/external/actions/human_action_recognition/train/004019_drinking.jpg,Bingsu/Human_Action_Recognition,drinking,0,0,0,0,0,0,0,0,0,0,0,0,0,0,1,0,0,0,0,0
data/external/actions/human_action_recognition/train/004020_sleeping.jpg,Bingsu/Human_Action_Recognition,sleeping,0,0,1,0,0,0,0,0,0,0,0,0,0,0,0,0,1,0,0,0
data/external/actions/human_action_recognition/train/004021_using_laptop.jpg,Bingsu/Human_Action_Recognition,using_laptop,0,1,0,0,0,0,0,0,0,0,0,0,1,0,0,0,1,0,0,0
data/external/actions/human_action_recognition/train/004022_running.jpg,Bingsu/Human_Action_Recognition,running,0,0,0,0,0,0,1,0,0,0,0,0,0,0,0,0,0,1,1,0
data/external/actions/human_action_recognition/train/004023_sitting.jpg,Bingsu/Human_Action_Recognition,sitting,0,1,0,0,0,0,0,0,0,0,0,0,0,0,0,0,1,0,0,0
data/external/actions/human_action_recognition/train/004024_laughing.jpg,Bingsu/Human_Action_Recognition,laughing,1,0,0,0,0,0,0,0,0,0,0,0,0,0,0,0,1,0,0,0
data/external/actions/human_action_recognition/train/004025_dancing.jpg,Bingsu/Human_Action_Recognition,dancing,0,0,0,0,0,0,0,0,0,0,1,0,0,0,0,0,0,1,0,0
data/external/actions/human_action_recognition/train/004026_fighting.jpg,Bingsu/Human_Action_Recognition,fighting,0,0,0,0,0,0,0,0,0,0,0,0,0,0,0,0,0,1,1,0
data/external/actions/human_action_recognition/train/004027_dancing.jpg,Bingsu/Human_Action_Recognition,dancing,0,0,0,0,0,0,0,0,0,0,1,0,0,0,0,0,0,1,0,0
data/external/actions/human_action_recognition/train/004028_sleeping.jpg,Bingsu/Human_Action_Recognition,sleeping,0,0,1,0,0,0,0,0,0,0,0,0,0,0,0,0,1,0,0,0
data/external/actions/human_action_recognition/train/004029_dancing.jpg,Bingsu/Human_Action_Recognition,dancing,0,0,0,0,0,0,0,0,0,0,1,0,0,0,0,0,0,1,0,0
data/external/actions/human_action_recognition/train/004030_calling.jpg,Bingsu/Human_Action_Recognition,calling,1,0,0,0,0,0,0,0,0,0,0,0,0,0,0,0,1,0,0,0
data/external/actions/human_action_recognition/train/004031_running.jpg,Bingsu/Human_Action_Recognition,running,0,0,0,0,0,0,1,0,0,0,0,0,0,0,0,0,0,1,1,0
data/external/actions/human_action_recognition/train/004032_clapping.jpg,Bingsu/Human_Action_Recognition,clapping,0,0,0,0,1,0,0,0,0,0,0,0,0,0,0,0,0,1,0,0
data/external/actions/human_action_recognition/train/004033_using_laptop.jpg,Bingsu/Human_Action_Recognition,using_laptop,0,1,0,0,0,0,0,0,0,0,0,0,1,0,0,0,1,0,0,0
data/external/actions/human_action_recognition/train/004034_cycling.jpg,Bingsu/Human_Action_Recognition,cycling,0,0,0,0,0,0,0,0,1,0,0,0,0,0,0,0,0,1,0,0
data/external/actions/human_action_recognition/train/004035_listening_to_music.jpg,Bingsu/Human_Action_Recognition,listening_to_music,0,1,0,0,0,0,0,0,0,0,0,0,0,0,0,0,1,0,0,0
data/external/actions/human_action_recognition/train/004036_eating.jpg,Bingsu/Human_Action_Recognition,eating,0,0,0,0,0,0,0,0,0,0,0,0,0,1,0,0,0,0,0,0
data/external/actions/human_action_recognition/train/004037_eating.jpg,Bingsu/Human_Action_Recognition,eating,0,0,0,0,0,0,0,0,0,0,0,0,0,1,0,0,0,0,0,0
data/external/actions/human_action_recognition/train/004038_laughing.jpg,Bingsu/Human_Action_Recognition,laughing,1,0,0,0,0,0,0,0,0,0,0,0,0,0,0,0,1,0,0,0
data/external/actions/human_action_recognition/train/004039_eating.jpg,Bingsu/Human_Action_Recognition,eating,0,0,0,0,0,0,0,0,0,0,0,0,0,1,0,0,0,0,0,0
data/external/actions/human_action_recognition/train/004040_laughing.jpg,Bingsu/Human_Action_Recognition,laughing,1,0,0,0,0,0,0,0,0,0,0,0,0,0,0,0,1,0,0,0
data/external/actions/human_action_recognition/train/004041_eating.jpg,Bingsu/Human_Action_Recognition,eating,0,0,0,0,0,0,0,0,0,0,0,0,0,1,0,0,0,0,0,0
data/external/actions/human_action_recognition/train/004042_calling.jpg,Bingsu/Human_Action_Recognition,calling,1,0,0,0,0,0,0,0,0,0,0,0,0,0,0,0,1,0,0,0
data/external/actions/human_action_recognition/train/004043_texting.jpg,Bingsu/Human_Action_Recognition,texting,0,1,0,0,0,0,0,0,0,0,0,0,0,0,0,0,1,0,0,0
data/external/actions/human_action_recognition/train/004044_running.jpg,Bingsu/Human_Action_Recognition,running,0,0,0,0,0,0,1,0,0,0,0,0,0,0,0,0,0,1,1,0
data/external/actions/human_action_recognition/train/004045_clapping.jpg,Bingsu/Human_Action_Recognition,clapping,0,0,0,0,1,0,0,0,0,0,0,0,0,0,0,0,0,1,0,0
data/external/actions/human_action_recognition/train/004046_texting.jpg,Bingsu/Human_Action_Recognition,texting,0,1,0,0,0,0,0,0,0,0,0,0,0,0,0,0,1,0,0,0
data/external/actions/human_action_recognition/train/004047_sitting.jpg,Bingsu/Human_Action_Recognition,sitting,0,1,0,0,0,0,0,0,0,0,0,0,0,0,0,0,1,0,0,0
data/external/actions/human_action_recognition/train/004048_eating.jpg,Bingsu/Human_Action_Recognition,eating,0,0,0,0,0,0,0,0,0,0,0,0,0,1,0,0,0,0,0,0
data/external/actions/human_action_recognition/train/004049_dancing.jpg,Bingsu/Human_Action_Recognition,dancing,0,0,0,0,0,0,0,0,0,0,1,0,0,0,0,0,0,1,0,0
data/external/actions/human_action_recognition/train/004050_sitting.jpg,Bingsu/Human_Action_Recognition,sitting,0,1,0,0,0,0,0,0,0,0,0,0,0,0,0,0,1,0,0,0
data/external/actions/human_action_recognition/train/004051_clapping.jpg,Bingsu/Human_Action_Recognition,clapping,0,0,0,0,1,0,0,0,0,0,0,0,0,0,0,0,0,1,0,0
data/external/actions/human_action_recognition/train/004052_cycling.jpg,Bingsu/Human_Action_Recognition,cycling,0,0,0,0,0,0,0,0,1,0,0,0,0,0,0,0,0,1,0,0
data/external/actions/human_action_recognition/train/004053_laughing.jpg,Bingsu/Human_Action_Recognition,laughing,1,0,0,0,0,0,0,0,0,0,0,0,0,0,0,0,1,0,0,0
data/external/actions/human_action_recognition/train/004054_eating.jpg,Bingsu/Human_Action_Recognition,eating,0,0,0,0,0,0,0,0,0,0,0,0,0,1,0,0,0,0,0,0
data/external/actions/human_action_recognition/train/004055_fighting.jpg,Bingsu/Human_Action_Recognition,fighting,0,0,0,0,0,0,0,0,0,0,0,0,0,0,0,0,0,1,1,0
data/external/actions/human_action_recognition/train/004056_texting.jpg,Bingsu/Human_Action_Recognition,texting,0,1,0,0,0,0,0,0,0,0,0,0,0,0,0,0,1,0,0,0
data/external/actions/human_action_recognition/train/004057_hugging.jpg,Bingsu/Human_Action_Recognition,hugging,1,0,0,0,0,0,0,0,0,0,0,0,0,0,0,0,1,0,0,0
data/external/actions/human_action_recognition/train/004058_texting.jpg,Bingsu/Human_Action_Recognition,texting,0,1,0,0,0,0,0,0,0,0,0,0,0,0,0,0,1,0,0,0
data/external/actions/human_action_recognition/train/004059_dancing.jpg,Bingsu/Human_Action_Recognition,dancing,0,0,0,0,0,0,0,0,0,0,1,0,0,0,0,0,0,1,0,0
data/external/actions/human_action_recognition/train/004060_eating.jpg,Bingsu/Human_Action_Recognition,eating,0,0,0,0,0,0,0,0,0,0,0,0,0,1,0,0,0,0,0,0
data/external/actions/human_action_recognition/train/004061_using_laptop.jpg,Bingsu/Human_Action_Recognition,using_laptop,0,1,0,0,0,0,0,0,0,0,0,0,1,0,0,0,1,0,0,0
data/external/actions/human_action_recognition/train/004062_drinking.jpg,Bingsu/Human_Action_Recognition,drinking,0,0,0,0,0,0,0,0,0,0,0,0,0,0,1,0,0,0,0,0
data/external/actions/human_action_recognition/train/004063_laughing.jpg,Bingsu/Human_Action_Recognition,laughing,1,0,0,0,0,0,0,0,0,0,0,0,0,0,0,0,1,0,0,0
data/external/actions/human_action_recognition/train/004064_eating.jpg,Bingsu/Human_Action_Recognition,eating,0,0,0,0,0,0,0,0,0,0,0,0,0,1,0,0,0,0,0,0
data/external/actions/human_action_recognition/train/004065_hugging.jpg,Bingsu/Human_Action_Recognition,hugging,1,0,0,0,0,0,0,0,0,0,0,0,0,0,0,0,1,0,0,0
data/external/actions/human_action_recognition/train/004066_laughing.jpg,Bingsu/Human_Action_Recognition,laughing,1,0,0,0,0,0,0,0,0,0,0,0,0,0,0,0,1,0,0,0
data/external/actions/human_action_recognition/train/004067_cycling.jpg,Bingsu/Human_Action_Recognition,cycling,0,0,0,0,0,0,0,0,1,0,0,0,0,0,0,0,0,1,0,0
data/external/actions/human_action_recognition/train/004068_hugging.jpg,Bingsu/Human_Action_Recognition,hugging,1,0,0,0,0,0,0,0,0,0,0,0,0,0,0,0,1,0,0,0
data/external/actions/human_action_recognition/train/004069_using_laptop.jpg,Bingsu/Human_Action_Recognition,using_laptop,0,1,0,0,0,0,0,0,0,0,0,0,1,0,0,0,1,0,0,0
data/external/actions/human_action_recognition/train/004070_cycling.jpg,Bingsu/Human_Action_Recognition,cycling,0,0,0,0,0,0,0,0,1,0,0,0,0,0,0,0,0,1,0,0
data/external/actions/human_action_recognition/train/004071_cycling.jpg,Bingsu/Human_Action_Recognition,cycling,0,0,0,0,0,0,0,0,1,0,0,0,0,0,0,0,0,1,0,0
data/external/actions/human_action_recognition/train/004072_clapping.jpg,Bingsu/Human_Action_Recognition,clapping,0,0,0,0,1,0,0,0,0,0,0,0,0,0,0,0,0,1,0,0
data/external/actions/human_action_recognition/train/004073_eating.jpg,Bingsu/Human_Action_Recognition,eating,0,0,0,0,0,0,0,0,0,0,0,0,0,1,0,0,0,0,0,0
data/external/actions/human_action_recognition/train/004074_using_laptop.jpg,Bingsu/Human_Action_Recognition,using_laptop,0,1,0,0,0,0,0,0,0,0,0,0,1,0,0,0,1,0,0,0
data/external/actions/human_action_recognition/train/004075_calling.jpg,Bingsu/Human_Action_Recognition,calling,1,0,0,0,0,0,0,0,0,0,0,0,0,0,0,0,1,0,0,0
data/external/actions/human_action_recognition/train/004076_using_laptop.jpg,Bingsu/Human_Action_Recognition,using_laptop,0,1,0,0,0,0,0,0,0,0,0,0,1,0,0,0,1,0,0,0
data/external/actions/human_action_recognition/train/004077_using_laptop.jpg,Bingsu/Human_Action_Recognition,using_laptop,0,1,0,0,0,0,0,0,0,0,0,0,1,0,0,0,1,0,0,0
data/external/actions/human_action_recognition/train/004078_drinking.jpg,Bingsu/Human_Action_Recognition,drinking,0,0,0,0,0,0,0,0,0,0,0,0,0,0,1,0,0,0,0,0
data/external/actions/human_action_recognition/train/004079_sitting.jpg,Bingsu/Human_Action_Recognition,sitting,0,1,0,0,0,0,0,0,0,0,0,0,0,0,0,0,1,0,0,0
data/external/actions/human_action_recognition/train/004080_running.jpg,Bingsu/Human_Action_Recognition,running,0,0,0,0,0,0,1,0,0,0,0,0,0,0,0,0,0,1,1,0
data/external/actions/human_action_recognition/train/004081_fighting.jpg,Bingsu/Human_Action_Recognition,fighting,0,0,0,0,0,0,0,0,0,0,0,0,0,0,0,0,0,1,1,0
data/external/actions/human_action_recognition/train/004082_hugging.jpg,Bingsu/Human_Action_Recognition,hugging,1,0,0,0,0,0,0,0,0,0,0,0,0,0,0,0,1,0,0,0
data/external/actions/human_action_recognition/train/004083_eating.jpg,Bingsu/Human_Action_Recognition,eating,0,0,0,0,0,0,0,0,0,0,0,0,0,1,0,0,0,0,0,0
data/external/actions/human_action_recognition/train/004084_calling.jpg,Bingsu/Human_Action_Recognition,calling,1,0,0,0,0,0,0,0,0,0,0,0,0,0,0,0,1,0,0,0
data/external/actions/human_action_recognition/train/004085_running.jpg,Bingsu/Human_Action_Recognition,running,0,0,0,0,0,0,1,0,0,0,0,0,0,0,0,0,0,1,1,0
data/external/actions/human_action_recognition/train/004086_listening_to_music.jpg,Bingsu/Human_Action_Recognition,listening_to_music,0,1,0,0,0,0,0,0,0,0,0,0,0,0,0,0,1,0,0,0
data/external/actions/human_action_recognition/train/004087_dancing.jpg,Bingsu/Human_Action_Recognition,dancing,0,0,0,0,0,0,0,0,0,0,1,0,0,0,0,0,0,1,0,0
data/external/actions/human_action_recognition/train/004088_hugging.jpg,Bingsu/Human_Action_Recognition,hugging,1,0,0,0,0,0,0,0,0,0,0,0,0,0,0,0,1,0,0,0
data/external/actions/human_action_recognition/train/004089_listening_to_music.jpg,Bingsu/Human_Action_Recognition,listening_to_music,0,1,0,0,0,0,0,0,0,0,0,0,0,0,0,0,1,0,0,0
data/external/actions/human_action_recognition/train/004090_drinking.jpg,Bingsu/Human_Action_Recognition,drinking,0,0,0,0,0,0,0,0,0,0,0,0,0,0,1,0,0,0,0,0
data/external/actions/human_action_recognition/train/004091_running.jpg,Bingsu/Human_Action_Recognition,running,0,0,0,0,0,0,1,0,0,0,0,0,0,0,0,0,0,1,1,0
data/external/actions/human_action_recognition/train/004092_laughing.jpg,Bingsu/Human_Action_Recognition,laughing,1,0,0,0,0,0,0,0,0,0,0,0,0,0,0,0,1,0,0,0
data/external/actions/human_action_recognition/train/004093_running.jpg,Bingsu/Human_Action_Recognition,running,0,0,0,0,0,0,1,0,0,0,0,0,0,0,0,0,0,1,1,0
data/external/actions/human_action_recognition/train/004094_calling.jpg,Bingsu/Human_Action_Recognition,calling,1,0,0,0,0,0,0,0,0,0,0,0,0,0,0,0,1,0,0,0
data/external/actions/human_action_recognition/train/004095_running.jpg,Bingsu/Human_Action_Recognition,running,0,0,0,0,0,0,1,0,0,0,0,0,0,0,0,0,0,1,1,0
data/external/actions/human_action_recognition/train/004096_running.jpg,Bingsu/Human_Action_Recognition,running,0,0,0,0,0,0,1,0,0,0,0,0,0,0,0,0,0,1,1,0
data/external/actions/human_action_recognition/train/004097_drinking.jpg,Bingsu/Human_Action_Recognition,drinking,0,0,0,0,0,0,0,0,0,0,0,0,0,0,1,0,0,0,0,0
data/external/actions/human_action_recognition/train/004098_drinking.jpg,Bingsu/Human_Action_Recognition,drinking,0,0,0,0,0,0,0,0,0,0,0,0,0,0,1,0,0,0,0,0
data/external/actions/human_action_recognition/train/004099_running.jpg,Bingsu/Human_Action_Recognition,running,0,0,0,0,0,0,1,0,0,0,0,0,0,0,0,0,0,1,1,0
data/external/actions/human_action_recognition/train/004100_clapping.jpg,Bingsu/Human_Action_Recognition,clapping,0,0,0,0,1,0,0,0,0,0,0,0,0,0,0,0,0,1,0,0
data/external/actions/human_action_recognition/train/004101_clapping.jpg,Bingsu/Human_Action_Recognition,clapping,0,0,0,0,1,0,0,0,0,0,0,0,0,0,0,0,0,1,0,0
data/external/actions/human_action_recognition/train/004102_hugging.jpg,Bingsu/Human_Action_Recognition,hugging,1,0,0,0,0,0,0,0,0,0,0,0,0,0,0,0,1,0,0,0
data/external/actions/human_action_recognition/train/004103_using_laptop.jpg,Bingsu/Human_Action_Recognition,using_laptop,0,1,0,0,0,0,0,0,0,0,0,0,1,0,0,0,1,0,0,0
data/external/actions/human_action_recognition/train/004104_calling.jpg,Bingsu/Human_Action_Recognition,calling,1,0,0,0,0,0,0,0,0,0,0,0,0,0,0,0,1,0,0,0
data/external/actions/human_action_recognition/train/004105_texting.jpg,Bingsu/Human_Action_Recognition,texting,0,1,0,0,0,0,0,0,0,0,0,0,0,0,0,0,1,0,0,0
data/external/actions/human_action_recognition/train/004106_sleeping.jpg,Bingsu/Human_Action_Recognition,sleeping,0,0,1,0,0,0,0,0,0,0,0,0,0,0,0,0,1,0,0,0
data/external/actions/human_action_recognition/train/004107_sleeping.jpg,Bingsu/Human_Action_Recognition,sleeping,0,0,1,0,0,0,0,0,0,0,0,0,0,0,0,0,1,0,0,0
data/external/actions/human_action_recognition/train/004108_hugging.jpg,Bingsu/Human_Action_Recognition,hugging,1,0,0,0,0,0,0,0,0,0,0,0,0,0,0,0,1,0,0,0
data/external/actions/human_action_recognition/train/004109_hugging.jpg,Bingsu/Human_Action_Recognition,hugging,1,0,0,0,0,0,0,0,0,0,0,0,0,0,0,0,1,0,0,0
data/external/actions/human_action_recognition/train/004110_sitting.jpg,Bingsu/Human_Action_Recognition,sitting,0,1,0,0,0,0,0,0,0,0,0,0,0,0,0,0,1,0,0,0
data/external/actions/human_action_recognition/train/004111_drinking.jpg,Bingsu/Human_Action_Recognition,drinking,0,0,0,0,0,0,0,0,0,0,0,0,0,0,1,0,0,0,0,0
data/external/actions/human_action_recognition/train/004112_laughing.jpg,Bingsu/Human_Action_Recognition,laughing,1,0,0,0,0,0,0,0,0,0,0,0,0,0,0,0,1,0,0,0
data/external/actions/human_action_recognition/train/004113_cycling.jpg,Bingsu/Human_Action_Recognition,cycling,0,0,0,0,0,0,0,0,1,0,0,0,0,0,0,0,0,1,0,0
data/external/actions/human_action_recognition/train/004114_sitting.jpg,Bingsu/Human_Action_Recognition,sitting,0,1,0,0,0,0,0,0,0,0,0,0,0,0,0,0,1,0,0,0
data/external/actions/human_action_recognition/train/004115_using_laptop.jpg,Bingsu/Human_Action_Recognition,using_laptop,0,1,0,0,0,0,0,0,0,0,0,0,1,0,0,0,1,0,0,0
data/external/actions/human_action_recognition/train/004116_eating.jpg,Bingsu/Human_Action_Recognition,eating,0,0,0,0,0,0,0,0,0,0,0,0,0,1,0,0,0,0,0,0
data/external/actions/human_action_recognition/train/004117_clapping.jpg,Bingsu/Human_Action_Recognition,clapping,0,0,0,0,1,0,0,0,0,0,0,0,0,0,0,0,0,1,0,0
data/external/actions/human_action_recognition/train/004118_drinking.jpg,Bingsu/Human_Action_Recognition,drinking,0,0,0,0,0,0,0,0,0,0,0,0,0,0,1,0,0,0,0,0
data/external/actions/human_action_recognition/train/004119_fighting.jpg,Bingsu/Human_Action_Recognition,fighting,0,0,0,0,0,0,0,0,0,0,0,0,0,0,0,0,0,1,1,0
data/external/actions/human_action_recognition/train/004120_clapping.jpg,Bingsu/Human_Action_Recognition,clapping,0,0,0,0,1,0,0,0,0,0,0,0,0,0,0,0,0,1,0,0
data/external/actions/human_action_recognition/train/004121_laughing.jpg,Bingsu/Human_Action_Recognition,laughing,1,0,0,0,0,0,0,0,0,0,0,0,0,0,0,0,1,0,0,0
data/external/actions/human_action_recognition/train/004122_running.jpg,Bingsu/Human_Action_Recognition,running,0,0,0,0,0,0,1,0,0,0,0,0,0,0,0,0,0,1,1,0
data/external/actions/human_action_recognition/train/004123_sleeping.jpg,Bingsu/Human_Action_Recognition,sleeping,0,0,1,0,0,0,0,0,0,0,0,0,0,0,0,0,1,0,0,0
data/external/actions/human_action_recognition/train/004124_cycling.jpg,Bingsu/Human_Action_Recognition,cycling,0,0,0,0,0,0,0,0,1,0,0,0,0,0,0,0,0,1,0,0
data/external/actions/human_action_recognition/train/004125_sleeping.jpg,Bingsu/Human_Action_Recognition,sleeping,0,0,1,0,0,0,0,0,0,0,0,0,0,0,0,0,1,0,0,0
data/external/actions/human_action_recognition/train/004126_texting.jpg,Bingsu/Human_Action_Recognition,texting,0,1,0,0,0,0,0,0,0,0,0,0,0,0,0,0,1,0,0,0
data/external/actions/human_action_recognition/train/004127_hugging.jpg,Bingsu/Human_Action_Recognition,hugging,1,0,0,0,0,0,0,0,0,0,0,0,0,0,0,0,1,0,0,0
data/external/actions/human_action_recognition/train/004128_hugging.jpg,Bingsu/Human_Action_Recognition,hugging,1,0,0,0,0,0,0,0,0,0,0,0,0,0,0,0,1,0,0,0
data/external/actions/human_action_recognition/train/004129_dancing.jpg,Bingsu/Human_Action_Recognition,dancing,0,0,0,0,0,0,0,0,0,0,1,0,0,0,0,0,0,1,0,0
data/external/actions/human_action_recognition/train/004130_hugging.jpg,Bingsu/Human_Action_Recognition,hugging,1,0,0,0,0,0,0,0,0,0,0,0,0,0,0,0,1,0,0,0
data/external/actions/human_action_recognition/train/004131_eating.jpg,Bingsu/Human_Action_Recognition,eating,0,0,0,0,0,0,0,0,0,0,0,0,0,1,0,0,0,0,0,0
data/external/actions/human_action_recognition/train/004132_fighting.jpg,Bingsu/Human_Action_Recognition,fighting,0,0,0,0,0,0,0,0,0,0,0,0,0,0,0,0,0,1,1,0
data/external/actions/human_action_recognition/train/004133_sitting.jpg,Bingsu/Human_Action_Recognition,sitting,0,1,0,0,0,0,0,0,0,0,0,0,0,0,0,0,1,0,0,0
data/external/actions/human_action_recognition/train/004134_using_laptop.jpg,Bingsu/Human_Action_Recognition,using_laptop,0,1,0,0,0,0,0,0,0,0,0,0,1,0,0,0,1,0,0,0
data/external/actions/human_action_recognition/train/004135_clapping.jpg,Bingsu/Human_Action_Recognition,clapping,0,0,0,0,1,0,0,0,0,0,0,0,0,0,0,0,0,1,0,0
data/external/actions/human_action_recognition/train/004136_fighting.jpg,Bingsu/Human_Action_Recognition,fighting,0,0,0,0,0,0,0,0,0,0,0,0,0,0,0,0,0,1,1,0
data/external/actions/human_action_recognition/train/004137_sitting.jpg,Bingsu/Human_Action_Recognition,sitting,0,1,0,0,0,0,0,0,0,0,0,0,0,0,0,0,1,0,0,0
data/external/actions/human_action_recognition/train/004138_calling.jpg,Bingsu/Human_Action_Recognition,calling,1,0,0,0,0,0,0,0,0,0,0,0,0,0,0,0,1,0,0,0
data/external/actions/human_action_recognition/train/004139_dancing.jpg,Bingsu/Human_Action_Recognition,dancing,0,0,0,0,0,0,0,0,0,0,1,0,0,0,0,0,0,1,0,0
data/external/actions/human_action_recognition/train/004140_fighting.jpg,Bingsu/Human_Action_Recognition,fighting,0,0,0,0,0,0,0,0,0,0,0,0,0,0,0,0,0,1,1,0
data/external/actions/human_action_recognition/train/004141_hugging.jpg,Bingsu/Human_Action_Recognition,hugging,1,0,0,0,0,0,0,0,0,0,0,0,0,0,0,0,1,0,0,0
data/external/actions/human_action_recognition/train/004142_sitting.jpg,Bingsu/Human_Action_Recognition,sitting,0,1,0,0,0,0,0,0,0,0,0,0,0,0,0,0,1,0,0,0
data/external/actions/human_action_recognition/train/004143_using_laptop.jpg,Bingsu/Human_Action_Recognition,using_laptop,0,1,0,0,0,0,0,0,0,0,0,0,1,0,0,0,1,0,0,0
data/external/actions/human_action_recognition/train/004144_drinking.jpg,Bingsu/Human_Action_Recognition,drinking,0,0,0,0,0,0,0,0,0,0,0,0,0,0,1,0,0,0,0,0
data/external/actions/human_action_recognition/train/004145_calling.jpg,Bingsu/Human_Action_Recognition,calling,1,0,0,0,0,0,0,0,0,0,0,0,0,0,0,0,1,0,0,0
data/external/actions/human_action_recognition/train/004146_eating.jpg,Bingsu/Human_Action_Recognition,eating,0,0,0,0,0,0,0,0,0,0,0,0,0,1,0,0,0,0,0,0
data/external/actions/human_action_recognition/train/004147_using_laptop.jpg,Bingsu/Human_Action_Recognition,using_laptop,0,1,0,0,0,0,0,0,0,0,0,0,1,0,0,0,1,0,0,0
data/external/actions/human_action_recognition/train/004148_fighting.jpg,Bingsu/Human_Action_Recognition,fighting,0,0,0,0,0,0,0,0,0,0,0,0,0,0,0,0,0,1,1,0
data/external/actions/human_action_recognition/train/004149_calling.jpg,Bingsu/Human_Action_Recognition,calling,1,0,0,0,0,0,0,0,0,0,0,0,0,0,0,0,1,0,0,0
data/external/actions/human_action_recognition/train/004150_calling.jpg,Bingsu/Human_Action_Recognition,calling,1,0,0,0,0,0,0,0,0,0,0,0,0,0,0,0,1,0,0,0
data/external/actions/human_action_recognition/train/004151_cycling.jpg,Bingsu/Human_Action_Recognition,cycling,0,0,0,0,0,0,0,0,1,0,0,0,0,0,0,0,0,1,0,0
data/external/actions/human_action_recognition/train/004152_hugging.jpg,Bingsu/Human_Action_Recognition,hugging,1,0,0,0,0,0,0,0,0,0,0,0,0,0,0,0,1,0,0,0
data/external/actions/human_action_recognition/train/004153_hugging.jpg,Bingsu/Human_Action_Recognition,hugging,1,0,0,0,0,0,0,0,0,0,0,0,0,0,0,0,1,0,0,0
data/external/actions/human_action_recognition/train/004154_listening_to_music.jpg,Bingsu/Human_Action_Recognition,listening_to_music,0,1,0,0,0,0,0,0,0,0,0,0,0,0,0,0,1,0,0,0
data/external/actions/human_action_recognition/train/004155_using_laptop.jpg,Bingsu/Human_Action_Recognition,using_laptop,0,1,0,0,0,0,0,0,0,0,0,0,1,0,0,0,1,0,0,0
data/external/actions/human_action_recognition/train/004156_laughing.jpg,Bingsu/Human_Action_Recognition,laughing,1,0,0,0,0,0,0,0,0,0,0,0,0,0,0,0,1,0,0,0
data/external/actions/human_action_recognition/train/004157_fighting.jpg,Bingsu/Human_Action_Recognition,fighting,0,0,0,0,0,0,0,0,0,0,0,0,0,0,0,0,0,1,1,0
data/external/actions/human_action_recognition/train/004158_dancing.jpg,Bingsu/Human_Action_Recognition,dancing,0,0,0,0,0,0,0,0,0,0,1,0,0,0,0,0,0,1,0,0
data/external/actions/human_action_recognition/train/004159_calling.jpg,Bingsu/Human_Action_Recognition,calling,1,0,0,0,0,0,0,0,0,0,0,0,0,0,0,0,1,0,0,0
data/external/actions/human_action_recognition/train/004160_laughing.jpg,Bingsu/Human_Action_Recognition,laughing,1,0,0,0,0,0,0,0,0,0,0,0,0,0,0,0,1,0,0,0
data/external/actions/human_action_recognition/train/004161_calling.jpg,Bingsu/Human_Action_Recognition,calling,1,0,0,0,0,0,0,0,0,0,0,0,0,0,0,0,1,0,0,0
data/external/actions/human_action_recognition/train/004162_clapping.jpg,Bingsu/Human_Action_Recognition,clapping,0,0,0,0,1,0,0,0,0,0,0,0,0,0,0,0,0,1,0,0
data/external/actions/human_action_recognition/train/004163_running.jpg,Bingsu/Human_Action_Recognition,running,0,0,0,0,0,0,1,0,0,0,0,0,0,0,0,0,0,1,1,0
data/external/actions/human_action_recognition/train/004164_using_laptop.jpg,Bingsu/Human_Action_Recognition,using_laptop,0,1,0,0,0,0,0,0,0,0,0,0,1,0,0,0,1,0,0,0
data/external/actions/human_action_recognition/train/004165_cycling.jpg,Bingsu/Human_Action_Recognition,cycling,0,0,0,0,0,0,0,0,1,0,0,0,0,0,0,0,0,1,0,0
data/external/actions/human_action_recognition/train/004166_eating.jpg,Bingsu/Human_Action_Recognition,eating,0,0,0,0,0,0,0,0,0,0,0,0,0,1,0,0,0,0,0,0
data/external/actions/human_action_recognition/train/004167_texting.jpg,Bingsu/Human_Action_Recognition,texting,0,1,0,0,0,0,0,0,0,0,0,0,0,0,0,0,1,0,0,0
data/external/actions/human_action_recognition/train/004168_hugging.jpg,Bingsu/Human_Action_Recognition,hugging,1,0,0,0,0,0,0,0,0,0,0,0,0,0,0,0,1,0,0,0
data/external/actions/human_action_recognition/train/004169_clapping.jpg,Bingsu/Human_Action_Recognition,clapping,0,0,0,0,1,0,0,0,0,0,0,0,0,0,0,0,0,1,0,0
data/external/actions/human_action_recognition/train/004170_texting.jpg,Bingsu/Human_Action_Recognition,texting,0,1,0,0,0,0,0,0,0,0,0,0,0,0,0,0,1,0,0,0
data/external/actions/human_action_recognition/train/004171_sleeping.jpg,Bingsu/Human_Action_Recognition,sleeping,0,0,1,0,0,0,0,0,0,0,0,0,0,0,0,0,1,0,0,0
data/external/actions/human_action_recognition/train/004172_hugging.jpg,Bingsu/Human_Action_Recognition,hugging,1,0,0,0,0,0,0,0,0,0,0,0,0,0,0,0,1,0,0,0
data/external/actions/human_action_recognition/train/004173_laughing.jpg,Bingsu/Human_Action_Recognition,laughing,1,0,0,0,0,0,0,0,0,0,0,0,0,0,0,0,1,0,0,0
data/external/actions/human_action_recognition/train/004174_using_laptop.jpg,Bingsu/Human_Action_Recognition,using_laptop,0,1,0,0,0,0,0,0,0,0,0,0,1,0,0,0,1,0,0,0
data/external/actions/human_action_recognition/train/004175_eating.jpg,Bingsu/Human_Action_Recognition,eating,0,0,0,0,0,0,0,0,0,0,0,0,0,1,0,0,0,0,0,0
data/external/actions/human_action_recognition/train/004176_listening_to_music.jpg,Bingsu/Human_Action_Recognition,listening_to_music,0,1,0,0,0,0,0,0,0,0,0,0,0,0,0,0,1,0,0,0
data/external/actions/human_action_recognition/train/004177_texting.jpg,Bingsu/Human_Action_Recognition,texting,0,1,0,0,0,0,0,0,0,0,0,0,0,0,0,0,1,0,0,0
data/external/actions/human_action_recognition/train/004178_cycling.jpg,Bingsu/Human_Action_Recognition,cycling,0,0,0,0,0,0,0,0,1,0,0,0,0,0,0,0,0,1,0,0
data/external/actions/human_action_recognition/train/004179_laughing.jpg,Bingsu/Human_Action_Recognition,laughing,1,0,0,0,0,0,0,0,0,0,0,0,0,0,0,0,1,0,0,0
data/external/actions/human_action_recognition/train/004180_using_laptop.jpg,Bingsu/Human_Action_Recognition,using_laptop,0,1,0,0,0,0,0,0,0,0,0,0,1,0,0,0,1,0,0,0
data/external/actions/human_action_recognition/train/004181_calling.jpg,Bingsu/Human_Action_Recognition,calling,1,0,0,0,0,0,0,0,0,0,0,0,0,0,0,0,1,0,0,0
data/external/actions/human_action_recognition/train/004182_fighting.jpg,Bingsu/Human_Action_Recognition,fighting,0,0,0,0,0,0,0,0,0,0,0,0,0,0,0,0,0,1,1,0
data/external/actions/human_action_recognition/train/004183_clapping.jpg,Bingsu/Human_Action_Recognition,clapping,0,0,0,0,1,0,0,0,0,0,0,0,0,0,0,0,0,1,0,0
data/external/actions/human_action_recognition/train/004184_drinking.jpg,Bingsu/Human_Action_Recognition,drinking,0,0,0,0,0,0,0,0,0,0,0,0,0,0,1,0,0,0,0,0
data/external/actions/human_action_recognition/train/004185_hugging.jpg,Bingsu/Human_Action_Recognition,hugging,1,0,0,0,0,0,0,0,0,0,0,0,0,0,0,0,1,0,0,0
data/external/actions/human_action_recognition/train/004186_texting.jpg,Bingsu/Human_Action_Recognition,texting,0,1,0,0,0,0,0,0,0,0,0,0,0,0,0,0,1,0,0,0
data/external/actions/human_action_recognition/train/004187_clapping.jpg,Bingsu/Human_Action_Recognition,clapping,0,0,0,0,1,0,0,0,0,0,0,0,0,0,0,0,0,1,0,0
data/external/actions/human_action_recognition/train/004188_sleeping.jpg,Bingsu/Human_Action_Recognition,sleeping,0,0,1,0,0,0,0,0,0,0,0,0,0,0,0,0,1,0,0,0
data/external/actions/human_action_recognition/train/004189_laughing.jpg,Bingsu/Human_Action_Recognition,laughing,1,0,0,0,0,0,0,0,0,0,0,0,0,0,0,0,1,0,0,0
data/external/actions/human_action_recognition/train/004190_sleeping.jpg,Bingsu/Human_Action_Recognition,sleeping,0,0,1,0,0,0,0,0,0,0,0,0,0,0,0,0,1,0,0,0
data/external/actions/human_action_recognition/train/004191_running.jpg,Bingsu/Human_Action_Recognition,running,0,0,0,0,0,0,1,0,0,0,0,0,0,0,0,0,0,1,1,0
data/external/actions/human_action_recognition/train/004192_texting.jpg,Bingsu/Human_Action_Recognition,texting,0,1,0,0,0,0,0,0,0,0,0,0,0,0,0,0,1,0,0,0
data/external/actions/human_action_recognition/train/004193_using_laptop.jpg,Bingsu/Human_Action_Recognition,using_laptop,0,1,0,0,0,0,0,0,0,0,0,0,1,0,0,0,1,0,0,0
data/external/actions/human_action_recognition/train/004194_calling.jpg,Bingsu/Human_Action_Recognition,calling,1,0,0,0,0,0,0,0,0,0,0,0,0,0,0,0,1,0,0,0
data/external/actions/human_action_recognition/train/004195_listening_to_music.jpg,Bingsu/Human_Action_Recognition,listening_to_music,0,1,0,0,0,0,0,0,0,0,0,0,0,0,0,0,1,0,0,0
data/external/actions/human_action_recognition/train/004196_dancing.jpg,Bingsu/Human_Action_Recognition,dancing,0,0,0,0,0,0,0,0,0,0,1,0,0,0,0,0,0,1,0,0
data/external/actions/human_action_recognition/train/004197_running.jpg,Bingsu/Human_Action_Recognition,running,0,0,0,0,0,0,1,0,0,0,0,0,0,0,0,0,0,1,1,0
data/external/actions/human_action_recognition/train/004198_cycling.jpg,Bingsu/Human_Action_Recognition,cycling,0,0,0,0,0,0,0,0,1,0,0,0,0,0,0,0,0,1,0,0
data/external/actions/human_action_recognition/train/004199_listening_to_music.jpg,Bingsu/Human_Action_Recognition,listening_to_music,0,1,0,0,0,0,0,0,0,0,0,0,0,0,0,0,1,0,0,0
data/external/actions/human_action_recognition/train/004200_running.jpg,Bingsu/Human_Action_Recognition,running,0,0,0,0,0,0,1,0,0,0,0,0,0,0,0,0,0,1,1,0
data/external/actions/human_action_recognition/train/004201_sitting.jpg,Bingsu/Human_Action_Recognition,sitting,0,1,0,0,0,0,0,0,0,0,0,0,0,0,0,0,1,0,0,0
data/external/actions/human_action_recognition/train/004202_running.jpg,Bingsu/Human_Action_Recognition,running,0,0,0,0,0,0,1,0,0,0,0,0,0,0,0,0,0,1,1,0
data/external/actions/human_action_recognition/train/004203_dancing.jpg,Bingsu/Human_Action_Recognition,dancing,0,0,0,0,0,0,0,0,0,0,1,0,0,0,0,0,0,1,0,0
data/external/actions/human_action_recognition/train/004204_fighting.jpg,Bingsu/Human_Action_Recognition,fighting,0,0,0,0,0,0,0,0,0,0,0,0,0,0,0,0,0,1,1,0
data/external/actions/human_action_recognition/train/004205_listening_to_music.jpg,Bingsu/Human_Action_Recognition,listening_to_music,0,1,0,0,0,0,0,0,0,0,0,0,0,0,0,0,1,0,0,0
data/external/actions/human_action_recognition/train/004206_eating.jpg,Bingsu/Human_Action_Recognition,eating,0,0,0,0,0,0,0,0,0,0,0,0,0,1,0,0,0,0,0,0
data/external/actions/human_action_recognition/train/004207_dancing.jpg,Bingsu/Human_Action_Recognition,dancing,0,0,0,0,0,0,0,0,0,0,1,0,0,0,0,0,0,1,0,0
data/external/actions/human_action_recognition/train/004208_calling.jpg,Bingsu/Human_Action_Recognition,calling,1,0,0,0,0,0,0,0,0,0,0,0,0,0,0,0,1,0,0,0
data/external/actions/human_action_recognition/train/004209_laughing.jpg,Bingsu/Human_Action_Recognition,laughing,1,0,0,0,0,0,0,0,0,0,0,0,0,0,0,0,1,0,0,0
data/external/actions/human_action_recognition/train/004210_drinking.jpg,Bingsu/Human_Action_Recognition,drinking,0,0,0,0,0,0,0,0,0,0,0,0,0,0,1,0,0,0,0,0
data/external/actions/human_action_recognition/train/004211_sitting.jpg,Bingsu/Human_Action_Recognition,sitting,0,1,0,0,0,0,0,0,0,0,0,0,0,0,0,0,1,0,0,0
data/external/actions/human_action_recognition/train/004212_listening_to_music.jpg,Bingsu/Human_Action_Recognition,listening_to_music,0,1,0,0,0,0,0,0,0,0,0,0,0,0,0,0,1,0,0,0
data/external/actions/human_action_recognition/train/004213_clapping.jpg,Bingsu/Human_Action_Recognition,clapping,0,0,0,0,1,0,0,0,0,0,0,0,0,0,0,0,0,1,0,0
data/external/actions/human_action_recognition/train/004214_using_laptop.jpg,Bingsu/Human_Action_Recognition,using_laptop,0,1,0,0,0,0,0,0,0,0,0,0,1,0,0,0,1,0,0,0
data/external/actions/human_action_recognition/train/004215_calling.jpg,Bingsu/Human_Action_Recognition,calling,1,0,0,0,0,0,0,0,0,0,0,0,0,0,0,0,1,0,0,0
data/external/actions/human_action_recognition/train/004216_texting.jpg,Bingsu/Human_Action_Recognition,texting,0,1,0,0,0,0,0,0,0,0,0,0,0,0,0,0,1,0,0,0
data/external/actions/human_action_recognition/train/004217_eating.jpg,Bingsu/Human_Action_Recognition,eating,0,0,0,0,0,0,0,0,0,0,0,0,0,1,0,0,0,0,0,0
data/external/actions/human_action_recognition/train/004218_drinking.jpg,Bingsu/Human_Action_Recognition,drinking,0,0,0,0,0,0,0,0,0,0,0,0,0,0,1,0,0,0,0,0
data/external/actions/human_action_recognition/train/004219_texting.jpg,Bingsu/Human_Action_Recognition,texting,0,1,0,0,0,0,0,0,0,0,0,0,0,0,0,0,1,0,0,0
data/external/actions/human_action_recognition/train/004220_listening_to_music.jpg,Bingsu/Human_Action_Recognition,listening_to_music,0,1,0,0,0,0,0,0,0,0,0,0,0,0,0,0,1,0,0,0
data/external/actions/human_action_recognition/train/004221_hugging.jpg,Bingsu/Human_Action_Recognition,hugging,1,0,0,0,0,0,0,0,0,0,0,0,0,0,0,0,1,0,0,0
data/external/actions/human_action_recognition/train/004222_sleeping.jpg,Bingsu/Human_Action_Recognition,sleeping,0,0,1,0,0,0,0,0,0,0,0,0,0,0,0,0,1,0,0,0
data/external/actions/human_action_recognition/train/004223_clapping.jpg,Bingsu/Human_Action_Recognition,clapping,0,0,0,0,1,0,0,0,0,0,0,0,0,0,0,0,0,1,0,0
data/external/actions/human_action_recognition/train/004224_texting.jpg,Bingsu/Human_Action_Recognition,texting,0,1,0,0,0,0,0,0,0,0,0,0,0,0,0,0,1,0,0,0
data/external/actions/human_action_recognition/train/004225_calling.jpg,Bingsu/Human_Action_Recognition,calling,1,0,0,0,0,0,0,0,0,0,0,0,0,0,0,0,1,0,0,0
data/external/actions/human_action_recognition/train/004226_laughing.jpg,Bingsu/Human_Action_Recognition,laughing,1,0,0,0,0,0,0,0,0,0,0,0,0,0,0,0,1,0,0,0
data/external/actions/human_action_recognition/train/004227_using_laptop.jpg,Bingsu/Human_Action_Recognition,using_laptop,0,1,0,0,0,0,0,0,0,0,0,0,1,0,0,0,1,0,0,0
data/external/actions/human_action_recognition/train/004228_texting.jpg,Bingsu/Human_Action_Recognition,texting,0,1,0,0,0,0,0,0,0,0,0,0,0,0,0,0,1,0,0,0
data/external/actions/human_action_recognition/train/004229_hugging.jpg,Bingsu/Human_Action_Recognition,hugging,1,0,0,0,0,0,0,0,0,0,0,0,0,0,0,0,1,0,0,0
data/external/actions/human_action_recognition/train/004230_sitting.jpg,Bingsu/Human_Action_Recognition,sitting,0,1,0,0,0,0,0,0,0,0,0,0,0,0,0,0,1,0,0,0
data/external/actions/human_action_recognition/train/004231_eating.jpg,Bingsu/Human_Action_Recognition,eating,0,0,0,0,0,0,0,0,0,0,0,0,0,1,0,0,0,0,0,0
data/external/actions/human_action_recognition/train/004232_sleeping.jpg,Bingsu/Human_Action_Recognition,sleeping,0,0,1,0,0,0,0,0,0,0,0,0,0,0,0,0,1,0,0,0
data/external/actions/human_action_recognition/train/004233_fighting.jpg,Bingsu/Human_Action_Recognition,fighting,0,0,0,0,0,0,0,0,0,0,0,0,0,0,0,0,0,1,1,0
data/external/actions/human_action_recognition/train/004234_laughing.jpg,Bingsu/Human_Action_Recognition,laughing,1,0,0,0,0,0,0,0,0,0,0,0,0,0,0,0,1,0,0,0
data/external/actions/human_action_recognition/train/004235_texting.jpg,Bingsu/Human_Action_Recognition,texting,0,1,0,0,0,0,0,0,0,0,0,0,0,0,0,0,1,0,0,0
data/external/actions/human_action_recognition/train/004236_sleeping.jpg,Bingsu/Human_Action_Recognition,sleeping,0,0,1,0,0,0,0,0,0,0,0,0,0,0,0,0,1,0,0,0
data/external/actions/human_action_recognition/train/004237_sleeping.jpg,Bingsu/Human_Action_Recognition,sleeping,0,0,1,0,0,0,0,0,0,0,0,0,0,0,0,0,1,0,0,0
data/external/actions/human_action_recognition/train/004238_sitting.jpg,Bingsu/Human_Action_Recognition,sitting,0,1,0,0,0,0,0,0,0,0,0,0,0,0,0,0,1,0,0,0
data/external/actions/human_action_recognition/train/004239_listening_to_music.jpg,Bingsu/Human_Action_Recognition,listening_to_music,0,1,0,0,0,0,0,0,0,0,0,0,0,0,0,0,1,0,0,0
data/external/actions/human_action_recognition/train/004240_fighting.jpg,Bingsu/Human_Action_Recognition,fighting,0,0,0,0,0,0,0,0,0,0,0,0,0,0,0,0,0,1,1,0
data/external/actions/human_action_recognition/train/004241_hugging.jpg,Bingsu/Human_Action_Recognition,hugging,1,0,0,0,0,0,0,0,0,0,0,0,0,0,0,0,1,0,0,0
data/external/actions/human_action_recognition/train/004242_using_laptop.jpg,Bingsu/Human_Action_Recognition,using_laptop,0,1,0,0,0,0,0,0,0,0,0,0,1,0,0,0,1,0,0,0
data/external/actions/human_action_recognition/train/004243_listening_to_music.jpg,Bingsu/Human_Action_Recognition,listening_to_music,0,1,0,0,0,0,0,0,0,0,0,0,0,0,0,0,1,0,0,0
data/external/actions/human_action_recognition/train/004244_sitting.jpg,Bingsu/Human_Action_Recognition,sitting,0,1,0,0,0,0,0,0,0,0,0,0,0,0,0,0,1,0,0,0
data/external/actions/human_action_recognition/train/004245_sitting.jpg,Bingsu/Human_Action_Recognition,sitting,0,1,0,0,0,0,0,0,0,0,0,0,0,0,0,0,1,0,0,0
data/external/actions/human_action_recognition/train/004246_using_laptop.jpg,Bingsu/Human_Action_Recognition,using_laptop,0,1,0,0,0,0,0,0,0,0,0,0,1,0,0,0,1,0,0,0
data/external/actions/human_action_recognition/train/004247_laughing.jpg,Bingsu/Human_Action_Recognition,laughing,1,0,0,0,0,0,0,0,0,0,0,0,0,0,0,0,1,0,0,0
data/external/actions/human_action_recognition/train/004248_sleeping.jpg,Bingsu/Human_Action_Recognition,sleeping,0,0,1,0,0,0,0,0,0,0,0,0,0,0,0,0,1,0,0,0
data/external/actions/human_action_recognition/train/004249_drinking.jpg,Bingsu/Human_Action_Recognition,drinking,0,0,0,0,0,0,0,0,0,0,0,0,0,0,1,0,0,0,0,0
data/external/actions/human_action_recognition/train/004250_clapping.jpg,Bingsu/Human_Action_Recognition,clapping,0,0,0,0,1,0,0,0,0,0,0,0,0,0,0,0,0,1,0,0
data/external/actions/human_action_recognition/train/004251_fighting.jpg,Bingsu/Human_Action_Recognition,fighting,0,0,0,0,0,0,0,0,0,0,0,0,0,0,0,0,0,1,1,0
data/external/actions/human_action_recognition/train/004252_drinking.jpg,Bingsu/Human_Action_Recognition,drinking,0,0,0,0,0,0,0,0,0,0,0,0,0,0,1,0,0,0,0,0
data/external/actions/human_action_recognition/train/004253_laughing.jpg,Bingsu/Human_Action_Recognition,laughing,1,0,0,0,0,0,0,0,0,0,0,0,0,0,0,0,1,0,0,0
data/external/actions/human_action_recognition/train/004254_fighting.jpg,Bingsu/Human_Action_Recognition,fighting,0,0,0,0,0,0,0,0,0,0,0,0,0,0,0,0,0,1,1,0
data/external/actions/human_action_recognition/train/004255_fighting.jpg,Bingsu/Human_Action_Recognition,fighting,0,0,0,0,0,0,0,0,0,0,0,0,0,0,0,0,0,1,1,0
data/external/actions/human_action_recognition/train/004256_texting.jpg,Bingsu/Human_Action_Recognition,texting,0,1,0,0,0,0,0,0,0,0,0,0,0,0,0,0,1,0,0,0
data/external/actions/human_action_recognition/train/004257_laughing.jpg,Bingsu/Human_Action_Recognition,laughing,1,0,0,0,0,0,0,0,0,0,0,0,0,0,0,0,1,0,0,0
data/external/actions/human_action_recognition/train/004258_eating.jpg,Bingsu/Human_Action_Recognition,eating,0,0,0,0,0,0,0,0,0,0,0,0,0,1,0,0,0,0,0,0
data/external/actions/human_action_recognition/train/004259_texting.jpg,Bingsu/Human_Action_Recognition,texting,0,1,0,0,0,0,0,0,0,0,0,0,0,0,0,0,1,0,0,0
data/external/actions/human_action_recognition/train/004260_drinking.jpg,Bingsu/Human_Action_Recognition,drinking,0,0,0,0,0,0,0,0,0,0,0,0,0,0,1,0,0,0,0,0
data/external/actions/human_action_recognition/train/004261_running.jpg,Bingsu/Human_Action_Recognition,running,0,0,0,0,0,0,1,0,0,0,0,0,0,0,0,0,0,1,1,0
data/external/actions/human_action_recognition/train/004262_texting.jpg,Bingsu/Human_Action_Recognition,texting,0,1,0,0,0,0,0,0,0,0,0,0,0,0,0,0,1,0,0,0
data/external/actions/human_action_recognition/train/004263_calling.jpg,Bingsu/Human_Action_Recognition,calling,1,0,0,0,0,0,0,0,0,0,0,0,0,0,0,0,1,0,0,0
data/external/actions/human_action_recognition/train/004264_dancing.jpg,Bingsu/Human_Action_Recognition,dancing,0,0,0,0,0,0,0,0,0,0,1,0,0,0,0,0,0,1,0,0
data/external/actions/human_action_recognition/train/004265_sitting.jpg,Bingsu/Human_Action_Recognition,sitting,0,1,0,0,0,0,0,0,0,0,0,0,0,0,0,0,1,0,0,0
data/external/actions/human_action_recognition/train/004266_dancing.jpg,Bingsu/Human_Action_Recognition,dancing,0,0,0,0,0,0,0,0,0,0,1,0,0,0,0,0,0,1,0,0
data/external/actions/human_action_recognition/train/004267_cycling.jpg,Bingsu/Human_Action_Recognition,cycling,0,0,0,0,0,0,0,0,1,0,0,0,0,0,0,0,0,1,0,0
data/external/actions/human_action_recognition/train/004268_running.jpg,Bingsu/Human_Action_Recognition,running,0,0,0,0,0,0,1,0,0,0,0,0,0,0,0,0,0,1,1,0
data/external/actions/human_action_recognition/train/004269_drinking.jpg,Bingsu/Human_Action_Recognition,drinking,0,0,0,0,0,0,0,0,0,0,0,0,0,0,1,0,0,0,0,0
data/external/actions/human_action_recognition/train/004270_calling.jpg,Bingsu/Human_Action_Recognition,calling,1,0,0,0,0,0,0,0,0,0,0,0,0,0,0,0,1,0,0,0
data/external/actions/human_action_recognition/train/004271_texting.jpg,Bingsu/Human_Action_Recognition,texting,0,1,0,0,0,0,0,0,0,0,0,0,0,0,0,0,1,0,0,0
data/external/actions/human_action_recognition/train/004272_eating.jpg,Bingsu/Human_Action_Recognition,eating,0,0,0,0,0,0,0,0,0,0,0,0,0,1,0,0,0,0,0,0
data/external/actions/human_action_recognition/train/004273_eating.jpg,Bingsu/Human_Action_Recognition,eating,0,0,0,0,0,0,0,0,0,0,0,0,0,1,0,0,0,0,0,0
data/external/actions/human_action_recognition/train/004274_fighting.jpg,Bingsu/Human_Action_Recognition,fighting,0,0,0,0,0,0,0,0,0,0,0,0,0,0,0,0,0,1,1,0
data/external/actions/human_action_recognition/train/004275_sleeping.jpg,Bingsu/Human_Action_Recognition,sleeping,0,0,1,0,0,0,0,0,0,0,0,0,0,0,0,0,1,0,0,0
data/external/actions/human_action_recognition/train/004276_dancing.jpg,Bingsu/Human_Action_Recognition,dancing,0,0,0,0,0,0,0,0,0,0,1,0,0,0,0,0,0,1,0,0
data/external/actions/human_action_recognition/train/004277_hugging.jpg,Bingsu/Human_Action_Recognition,hugging,1,0,0,0,0,0,0,0,0,0,0,0,0,0,0,0,1,0,0,0
data/external/actions/human_action_recognition/train/004278_texting.jpg,Bingsu/Human_Action_Recognition,texting,0,1,0,0,0,0,0,0,0,0,0,0,0,0,0,0,1,0,0,0
data/external/actions/human_action_recognition/train/004279_cycling.jpg,Bingsu/Human_Action_Recognition,cycling,0,0,0,0,0,0,0,0,1,0,0,0,0,0,0,0,0,1,0,0
data/external/actions/human_action_recognition/train/004280_eating.jpg,Bingsu/Human_Action_Recognition,eating,0,0,0,0,0,0,0,0,0,0,0,0,0,1,0,0,0,0,0,0
data/external/actions/human_action_recognition/train/004281_using_laptop.jpg,Bingsu/Human_Action_Recognition,using_laptop,0,1,0,0,0,0,0,0,0,0,0,0,1,0,0,0,1,0,0,0
data/external/actions/human_action_recognition/train/004282_dancing.jpg,Bingsu/Human_Action_Recognition,dancing,0,0,0,0,0,0,0,0,0,0,1,0,0,0,0,0,0,1,0,0
data/external/actions/human_action_recognition/train/004283_using_laptop.jpg,Bingsu/Human_Action_Recognition,using_laptop,0,1,0,0,0,0,0,0,0,0,0,0,1,0,0,0,1,0,0,0
data/external/actions/human_action_recognition/train/004284_listening_to_music.jpg,Bingsu/Human_Action_Recognition,listening_to_music,0,1,0,0,0,0,0,0,0,0,0,0,0,0,0,0,1,0,0,0
data/external/actions/human_action_recognition/train/004285_laughing.jpg,Bingsu/Human_Action_Recognition,laughing,1,0,0,0,0,0,0,0,0,0,0,0,0,0,0,0,1,0,0,0
data/external/actions/human_action_recognition/train/004286_running.jpg,Bingsu/Human_Action_Recognition,running,0,0,0,0,0,0,1,0,0,0,0,0,0,0,0,0,0,1,1,0
data/external/actions/human_action_recognition/train/004287_listening_to_music.jpg,Bingsu/Human_Action_Recognition,listening_to_music,0,1,0,0,0,0,0,0,0,0,0,0,0,0,0,0,1,0,0,0
data/external/actions/human_action_recognition/train/004288_cycling.jpg,Bingsu/Human_Action_Recognition,cycling,0,0,0,0,0,0,0,0,1,0,0,0,0,0,0,0,0,1,0,0
data/external/actions/human_action_recognition/train/004289_listening_to_music.jpg,Bingsu/Human_Action_Recognition,listening_to_music,0,1,0,0,0,0,0,0,0,0,0,0,0,0,0,0,1,0,0,0
data/external/actions/human_action_recognition/train/004290_calling.jpg,Bingsu/Human_Action_Recognition,calling,1,0,0,0,0,0,0,0,0,0,0,0,0,0,0,0,1,0,0,0
data/external/actions/human_action_recognition/train/004291_running.jpg,Bingsu/Human_Action_Recognition,running,0,0,0,0,0,0,1,0,0,0,0,0,0,0,0,0,0,1,1,0
data/external/actions/human_action_recognition/train/004292_cycling.jpg,Bingsu/Human_Action_Recognition,cycling,0,0,0,0,0,0,0,0,1,0,0,0,0,0,0,0,0,1,0,0
data/external/actions/human_action_recognition/train/004293_laughing.jpg,Bingsu/Human_Action_Recognition,laughing,1,0,0,0,0,0,0,0,0,0,0,0,0,0,0,0,1,0,0,0
data/external/actions/human_action_recognition/train/004294_dancing.jpg,Bingsu/Human_Action_Recognition,dancing,0,0,0,0,0,0,0,0,0,0,1,0,0,0,0,0,0,1,0,0
data/external/actions/human_action_recognition/train/004295_fighting.jpg,Bingsu/Human_Action_Recognition,fighting,0,0,0,0,0,0,0,0,0,0,0,0,0,0,0,0,0,1,1,0
data/external/actions/human_action_recognition/train/004296_laughing.jpg,Bingsu/Human_Action_Recognition,laughing,1,0,0,0,0,0,0,0,0,0,0,0,0,0,0,0,1,0,0,0
data/external/actions/human_action_recognition/train/004297_dancing.jpg,Bingsu/Human_Action_Recognition,dancing,0,0,0,0,0,0,0,0,0,0,1,0,0,0,0,0,0,1,0,0
data/external/actions/human_action_recognition/train/004298_sleeping.jpg,Bingsu/Human_Action_Recognition,sleeping,0,0,1,0,0,0,0,0,0,0,0,0,0,0,0,0,1,0,0,0
data/external/actions/human_action_recognition/train/004299_calling.jpg,Bingsu/Human_Action_Recognition,calling,1,0,0,0,0,0,0,0,0,0,0,0,0,0,0,0,1,0,0,0
data/external/actions/human_action_recognition/train/004300_listening_to_music.jpg,Bingsu/Human_Action_Recognition,listening_to_music,0,1,0,0,0,0,0,0,0,0,0,0,0,0,0,0,1,0,0,0
data/external/actions/human_action_recognition/train/004301_listening_to_music.jpg,Bingsu/Human_Action_Recognition,listening_to_music,0,1,0,0,0,0,0,0,0,0,0,0,0,0,0,0,1,0,0,0
data/external/actions/human_action_recognition/train/004302_clapping.jpg,Bingsu/Human_Action_Recognition,clapping,0,0,0,0,1,0,0,0,0,0,0,0,0,0,0,0,0,1,0,0
data/external/actions/human_action_recognition/train/004303_cycling.jpg,Bingsu/Human_Action_Recognition,cycling,0,0,0,0,0,0,0,0,1,0,0,0,0,0,0,0,0,1,0,0
data/external/actions/human_action_recognition/train/004304_sitting.jpg,Bingsu/Human_Action_Recognition,sitting,0,1,0,0,0,0,0,0,0,0,0,0,0,0,0,0,1,0,0,0
data/external/actions/human_action_recognition/train/004305_calling.jpg,Bingsu/Human_Action_Recognition,calling,1,0,0,0,0,0,0,0,0,0,0,0,0,0,0,0,1,0,0,0
data/external/actions/human_action_recognition/train/004306_calling.jpg,Bingsu/Human_Action_Recognition,calling,1,0,0,0,0,0,0,0,0,0,0,0,0,0,0,0,1,0,0,0
data/external/actions/human_action_recognition/train/004307_laughing.jpg,Bingsu/Human_Action_Recognition,laughing,1,0,0,0,0,0,0,0,0,0,0,0,0,0,0,0,1,0,0,0
data/external/actions/human_action_recognition/train/004308_listening_to_music.jpg,Bingsu/Human_Action_Recognition,listening_to_music,0,1,0,0,0,0,0,0,0,0,0,0,0,0,0,0,1,0,0,0
data/external/actions/human_action_recognition/train/004309_sitting.jpg,Bingsu/Human_Action_Recognition,sitting,0,1,0,0,0,0,0,0,0,0,0,0,0,0,0,0,1,0,0,0
data/external/actions/human_action_recognition/train/004310_drinking.jpg,Bingsu/Human_Action_Recognition,drinking,0,0,0,0,0,0,0,0,0,0,0,0,0,0,1,0,0,0,0,0
data/external/actions/human_action_recognition/train/004311_eating.jpg,Bingsu/Human_Action_Recognition,eating,0,0,0,0,0,0,0,0,0,0,0,0,0,1,0,0,0,0,0,0
data/external/actions/human_action_recognition/train/004312_laughing.jpg,Bingsu/Human_Action_Recognition,laughing,1,0,0,0,0,0,0,0,0,0,0,0,0,0,0,0,1,0,0,0
data/external/actions/human_action_recognition/train/004313_laughing.jpg,Bingsu/Human_Action_Recognition,laughing,1,0,0,0,0,0,0,0,0,0,0,0,0,0,0,0,1,0,0,0
data/external/actions/human_action_recognition/train/004314_clapping.jpg,Bingsu/Human_Action_Recognition,clapping,0,0,0,0,1,0,0,0,0,0,0,0,0,0,0,0,0,1,0,0
data/external/actions/human_action_recognition/train/004315_cycling.jpg,Bingsu/Human_Action_Recognition,cycling,0,0,0,0,0,0,0,0,1,0,0,0,0,0,0,0,0,1,0,0
data/external/actions/human_action_recognition/train/004316_clapping.jpg,Bingsu/Human_Action_Recognition,clapping,0,0,0,0,1,0,0,0,0,0,0,0,0,0,0,0,0,1,0,0
data/external/actions/human_action_recognition/train/004317_sleeping.jpg,Bingsu/Human_Action_Recognition,sleeping,0,0,1,0,0,0,0,0,0,0,0,0,0,0,0,0,1,0,0,0
data/external/actions/human_action_recognition/train/004318_sleeping.jpg,Bingsu/Human_Action_Recognition,sleeping,0,0,1,0,0,0,0,0,0,0,0,0,0,0,0,0,1,0,0,0
data/external/actions/human_action_recognition/train/004319_clapping.jpg,Bingsu/Human_Action_Recognition,clapping,0,0,0,0,1,0,0,0,0,0,0,0,0,0,0,0,0,1,0,0
data/external/actions/human_action_recognition/train/004320_hugging.jpg,Bingsu/Human_Action_Recognition,hugging,1,0,0,0,0,0,0,0,0,0,0,0,0,0,0,0,1,0,0,0
data/external/actions/human_action_recognition/train/004321_listening_to_music.jpg,Bingsu/Human_Action_Recognition,listening_to_music,0,1,0,0,0,0,0,0,0,0,0,0,0,0,0,0,1,0,0,0
data/external/actions/human_action_recognition/train/004322_using_laptop.jpg,Bingsu/Human_Action_Recognition,using_laptop,0,1,0,0,0,0,0,0,0,0,0,0,1,0,0,0,1,0,0,0
data/external/actions/human_action_recognition/train/004323_listening_to_music.jpg,Bingsu/Human_Action_Recognition,listening_to_music,0,1,0,0,0,0,0,0,0,0,0,0,0,0,0,0,1,0,0,0
data/external/actions/human_action_recognition/train/004324_laughing.jpg,Bingsu/Human_Action_Recognition,laughing,1,0,0,0,0,0,0,0,0,0,0,0,0,0,0,0,1,0,0,0
data/external/actions/human_action_recognition/train/004325_dancing.jpg,Bingsu/Human_Action_Recognition,dancing,0,0,0,0,0,0,0,0,0,0,1,0,0,0,0,0,0,1,0,0
data/external/actions/human_action_recognition/train/004326_laughing.jpg,Bingsu/Human_Action_Recognition,laughing,1,0,0,0,0,0,0,0,0,0,0,0,0,0,0,0,1,0,0,0
data/external/actions/human_action_recognition/train/004327_hugging.jpg,Bingsu/Human_Action_Recognition,hugging,1,0,0,0,0,0,0,0,0,0,0,0,0,0,0,0,1,0,0,0
data/external/actions/human_action_recognition/train/004328_sitting.jpg,Bingsu/Human_Action_Recognition,sitting,0,1,0,0,0,0,0,0,0,0,0,0,0,0,0,0,1,0,0,0
data/external/actions/human_action_recognition/train/004329_running.jpg,Bingsu/Human_Action_Recognition,running,0,0,0,0,0,0,1,0,0,0,0,0,0,0,0,0,0,1,1,0
data/external/actions/human_action_recognition/train/004330_clapping.jpg,Bingsu/Human_Action_Recognition,clapping,0,0,0,0,1,0,0,0,0,0,0,0,0,0,0,0,0,1,0,0
data/external/actions/human_action_recognition/train/004331_eating.jpg,Bingsu/Human_Action_Recognition,eating,0,0,0,0,0,0,0,0,0,0,0,0,0,1,0,0,0,0,0,0
data/external/actions/human_action_recognition/train/004332_using_laptop.jpg,Bingsu/Human_Action_Recognition,using_laptop,0,1,0,0,0,0,0,0,0,0,0,0,1,0,0,0,1,0,0,0
data/external/actions/human_action_recognition/train/004333_texting.jpg,Bingsu/Human_Action_Recognition,texting,0,1,0,0,0,0,0,0,0,0,0,0,0,0,0,0,1,0,0,0
data/external/actions/human_action_recognition/train/004334_calling.jpg,Bingsu/Human_Action_Recognition,calling,1,0,0,0,0,0,0,0,0,0,0,0,0,0,0,0,1,0,0,0
data/external/actions/human_action_recognition/train/004335_eating.jpg,Bingsu/Human_Action_Recognition,eating,0,0,0,0,0,0,0,0,0,0,0,0,0,1,0,0,0,0,0,0
data/external/actions/human_action_recognition/train/004336_cycling.jpg,Bingsu/Human_Action_Recognition,cycling,0,0,0,0,0,0,0,0,1,0,0,0,0,0,0,0,0,1,0,0
data/external/actions/human_action_recognition/train/004337_sleeping.jpg,Bingsu/Human_Action_Recognition,sleeping,0,0,1,0,0,0,0,0,0,0,0,0,0,0,0,0,1,0,0,0
data/external/actions/human_action_recognition/train/004338_drinking.jpg,Bingsu/Human_Action_Recognition,drinking,0,0,0,0,0,0,0,0,0,0,0,0,0,0,1,0,0,0,0,0
data/external/actions/human_action_recognition/train/004339_running.jpg,Bingsu/Human_Action_Recognition,running,0,0,0,0,0,0,1,0,0,0,0,0,0,0,0,0,0,1,1,0
data/external/actions/human_action_recognition/train/004340_eating.jpg,Bingsu/Human_Action_Recognition,eating,0,0,0,0,0,0,0,0,0,0,0,0,0,1,0,0,0,0,0,0
data/external/actions/human_action_recognition/train/004341_listening_to_music.jpg,Bingsu/Human_Action_Recognition,listening_to_music,0,1,0,0,0,0,0,0,0,0,0,0,0,0,0,0,1,0,0,0
data/external/actions/human_action_recognition/train/004342_sleeping.jpg,Bingsu/Human_Action_Recognition,sleeping,0,0,1,0,0,0,0,0,0,0,0,0,0,0,0,0,1,0,0,0
data/external/actions/human_action_recognition/train/004343_dancing.jpg,Bingsu/Human_Action_Recognition,dancing,0,0,0,0,0,0,0,0,0,0,1,0,0,0,0,0,0,1,0,0
data/external/actions/human_action_recognition/train/004344_cycling.jpg,Bingsu/Human_Action_Recognition,cycling,0,0,0,0,0,0,0,0,1,0,0,0,0,0,0,0,0,1,0,0
data/external/actions/human_action_recognition/train/004345_hugging.jpg,Bingsu/Human_Action_Recognition,hugging,1,0,0,0,0,0,0,0,0,0,0,0,0,0,0,0,1,0,0,0
data/external/actions/human_action_recognition/train/004346_drinking.jpg,Bingsu/Human_Action_Recognition,drinking,0,0,0,0,0,0,0,0,0,0,0,0,0,0,1,0,0,0,0,0
data/external/actions/human_action_recognition/train/004347_dancing.jpg,Bingsu/Human_Action_Recognition,dancing,0,0,0,0,0,0,0,0,0,0,1,0,0,0,0,0,0,1,0,0
data/external/actions/human_action_recognition/train/004348_listening_to_music.jpg,Bingsu/Human_Action_Recognition,listening_to_music,0,1,0,0,0,0,0,0,0,0,0,0,0,0,0,0,1,0,0,0
data/external/actions/human_action_recognition/train/004349_dancing.jpg,Bingsu/Human_Action_Recognition,dancing,0,0,0,0,0,0,0,0,0,0,1,0,0,0,0,0,0,1,0,0
data/external/actions/human_action_recognition/train/004350_calling.jpg,Bingsu/Human_Action_Recognition,calling,1,0,0,0,0,0,0,0,0,0,0,0,0,0,0,0,1,0,0,0
data/external/actions/human_action_recognition/train/004351_sleeping.jpg,Bingsu/Human_Action_Recognition,sleeping,0,0,1,0,0,0,0,0,0,0,0,0,0,0,0,0,1,0,0,0
data/external/actions/human_action_recognition/train/004352_calling.jpg,Bingsu/Human_Action_Recognition,calling,1,0,0,0,0,0,0,0,0,0,0,0,0,0,0,0,1,0,0,0
data/external/actions/human_action_recognition/train/004353_cycling.jpg,Bingsu/Human_Action_Recognition,cycling,0,0,0,0,0,0,0,0,1,0,0,0,0,0,0,0,0,1,0,0
data/external/actions/human_action_recognition/train/004354_cycling.jpg,Bingsu/Human_Action_Recognition,cycling,0,0,0,0,0,0,0,0,1,0,0,0,0,0,0,0,0,1,0,0
data/external/actions/human_action_recognition/train/004355_calling.jpg,Bingsu/Human_Action_Recognition,calling,1,0,0,0,0,0,0,0,0,0,0,0,0,0,0,0,1,0,0,0
data/external/actions/human_action_recognition/train/004356_running.jpg,Bingsu/Human_Action_Recognition,running,0,0,0,0,0,0,1,0,0,0,0,0,0,0,0,0,0,1,1,0
data/external/actions/human_action_recognition/train/004357_eating.jpg,Bingsu/Human_Action_Recognition,eating,0,0,0,0,0,0,0,0,0,0,0,0,0,1,0,0,0,0,0,0
data/external/actions/human_action_recognition/train/004358_drinking.jpg,Bingsu/Human_Action_Recognition,drinking,0,0,0,0,0,0,0,0,0,0,0,0,0,0,1,0,0,0,0,0
data/external/actions/human_action_recognition/train/004359_sitting.jpg,Bingsu/Human_Action_Recognition,sitting,0,1,0,0,0,0,0,0,0,0,0,0,0,0,0,0,1,0,0,0
data/external/actions/human_action_recognition/train/004360_hugging.jpg,Bingsu/Human_Action_Recognition,hugging,1,0,0,0,0,0,0,0,0,0,0,0,0,0,0,0,1,0,0,0
data/external/actions/human_action_recognition/train/004361_calling.jpg,Bingsu/Human_Action_Recognition,calling,1,0,0,0,0,0,0,0,0,0,0,0,0,0,0,0,1,0,0,0
data/external/actions/human_action_recognition/train/004362_texting.jpg,Bingsu/Human_Action_Recognition,texting,0,1,0,0,0,0,0,0,0,0,0,0,0,0,0,0,1,0,0,0
data/external/actions/human_action_recognition/train/004363_dancing.jpg,Bingsu/Human_Action_Recognition,dancing,0,0,0,0,0,0,0,0,0,0,1,0,0,0,0,0,0,1,0,0
data/external/actions/human_action_recognition/train/004364_calling.jpg,Bingsu/Human_Action_Recognition,calling,1,0,0,0,0,0,0,0,0,0,0,0,0,0,0,0,1,0,0,0
data/external/actions/human_action_recognition/train/004365_sitting.jpg,Bingsu/Human_Action_Recognition,sitting,0,1,0,0,0,0,0,0,0,0,0,0,0,0,0,0,1,0,0,0
data/external/actions/human_action_recognition/train/004366_running.jpg,Bingsu/Human_Action_Recognition,running,0,0,0,0,0,0,1,0,0,0,0,0,0,0,0,0,0,1,1,0
data/external/actions/human_action_recognition/train/004367_listening_to_music.jpg,Bingsu/Human_Action_Recognition,listening_to_music,0,1,0,0,0,0,0,0,0,0,0,0,0,0,0,0,1,0,0,0
data/external/actions/human_action_recognition/train/004368_sleeping.jpg,Bingsu/Human_Action_Recognition,sleeping,0,0,1,0,0,0,0,0,0,0,0,0,0,0,0,0,1,0,0,0
data/external/actions/human_action_recognition/train/004369_laughing.jpg,Bingsu/Human_Action_Recognition,laughing,1,0,0,0,0,0,0,0,0,0,0,0,0,0,0,0,1,0,0,0
data/external/actions/human_action_recognition/train/004370_drinking.jpg,Bingsu/Human_Action_Recognition,drinking,0,0,0,0,0,0,0,0,0,0,0,0,0,0,1,0,0,0,0,0
data/external/actions/human_action_recognition/train/004371_cycling.jpg,Bingsu/Human_Action_Recognition,cycling,0,0,0,0,0,0,0,0,1,0,0,0,0,0,0,0,0,1,0,0
data/external/actions/human_action_recognition/train/004372_hugging.jpg,Bingsu/Human_Action_Recognition,hugging,1,0,0,0,0,0,0,0,0,0,0,0,0,0,0,0,1,0,0,0
data/external/actions/human_action_recognition/train/004373_hugging.jpg,Bingsu/Human_Action_Recognition,hugging,1,0,0,0,0,0,0,0,0,0,0,0,0,0,0,0,1,0,0,0
data/external/actions/human_action_recognition/train/004374_running.jpg,Bingsu/Human_Action_Recognition,running,0,0,0,0,0,0,1,0,0,0,0,0,0,0,0,0,0,1,1,0
data/external/actions/human_action_recognition/train/004375_fighting.jpg,Bingsu/Human_Action_Recognition,fighting,0,0,0,0,0,0,0,0,0,0,0,0,0,0,0,0,0,1,1,0
data/external/actions/human_action_recognition/train/004376_eating.jpg,Bingsu/Human_Action_Recognition,eating,0,0,0,0,0,0,0,0,0,0,0,0,0,1,0,0,0,0,0,0
data/external/actions/human_action_recognition/train/004377_texting.jpg,Bingsu/Human_Action_Recognition,texting,0,1,0,0,0,0,0,0,0,0,0,0,0,0,0,0,1,0,0,0
data/external/actions/human_action_recognition/train/004378_eating.jpg,Bingsu/Human_Action_Recognition,eating,0,0,0,0,0,0,0,0,0,0,0,0,0,1,0,0,0,0,0,0
data/external/actions/human_action_recognition/train/004379_cycling.jpg,Bingsu/Human_Action_Recognition,cycling,0,0,0,0,0,0,0,0,1,0,0,0,0,0,0,0,0,1,0,0
data/external/actions/human_action_recognition/train/004380_laughing.jpg,Bingsu/Human_Action_Recognition,laughing,1,0,0,0,0,0,0,0,0,0,0,0,0,0,0,0,1,0,0,0
data/external/actions/human_action_recognition/train/004381_drinking.jpg,Bingsu/Human_Action_Recognition,drinking,0,0,0,0,0,0,0,0,0,0,0,0,0,0,1,0,0,0,0,0
data/external/actions/human_action_recognition/train/004382_sitting.jpg,Bingsu/Human_Action_Recognition,sitting,0,1,0,0,0,0,0,0,0,0,0,0,0,0,0,0,1,0,0,0
data/external/actions/human_action_recognition/train/004383_eating.jpg,Bingsu/Human_Action_Recognition,eating,0,0,0,0,0,0,0,0,0,0,0,0,0,1,0,0,0,0,0,0
data/external/actions/human_action_recognition/train/004384_texting.jpg,Bingsu/Human_Action_Recognition,texting,0,1,0,0,0,0,0,0,0,0,0,0,0,0,0,0,1,0,0,0
data/external/actions/human_action_recognition/train/004385_texting.jpg,Bingsu/Human_Action_Recognition,texting,0,1,0,0,0,0,0,0,0,0,0,0,0,0,0,0,1,0,0,0
data/external/actions/human_action_recognition/train/004386_eating.jpg,Bingsu/Human_Action_Recognition,eating,0,0,0,0,0,0,0,0,0,0,0,0,0,1,0,0,0,0,0,0
data/external/actions/human_action_recognition/train/004387_running.jpg,Bingsu/Human_Action_Recognition,running,0,0,0,0,0,0,1,0,0,0,0,0,0,0,0,0,0,1,1,0
data/external/actions/human_action_recognition/train/004388_dancing.jpg,Bingsu/Human_Action_Recognition,dancing,0,0,0,0,0,0,0,0,0,0,1,0,0,0,0,0,0,1,0,0
data/external/actions/human_action_recognition/train/004389_laughing.jpg,Bingsu/Human_Action_Recognition,laughing,1,0,0,0,0,0,0,0,0,0,0,0,0,0,0,0,1,0,0,0
data/external/actions/human_action_recognition/train/004390_eating.jpg,Bingsu/Human_Action_Recognition,eating,0,0,0,0,0,0,0,0,0,0,0,0,0,1,0,0,0,0,0,0
data/external/actions/human_action_recognition/train/004391_clapping.jpg,Bingsu/Human_Action_Recognition,clapping,0,0,0,0,1,0,0,0,0,0,0,0,0,0,0,0,0,1,0,0
data/external/actions/human_action_recognition/train/004392_sleeping.jpg,Bingsu/Human_Action_Recognition,sleeping,0,0,1,0,0,0,0,0,0,0,0,0,0,0,0,0,1,0,0,0
data/external/actions/human_action_recognition/train/004393_sleeping.jpg,Bingsu/Human_Action_Recognition,sleeping,0,0,1,0,0,0,0,0,0,0,0,0,0,0,0,0,1,0,0,0
data/external/actions/human_action_recognition/train/004394_fighting.jpg,Bingsu/Human_Action_Recognition,fighting,0,0,0,0,0,0,0,0,0,0,0,0,0,0,0,0,0,1,1,0
data/external/actions/human_action_recognition/train/004395_cycling.jpg,Bingsu/Human_Action_Recognition,cycling,0,0,0,0,0,0,0,0,1,0,0,0,0,0,0,0,0,1,0,0
data/external/actions/human_action_recognition/train/004396_sitting.jpg,Bingsu/Human_Action_Recognition,sitting,0,1,0,0,0,0,0,0,0,0,0,0,0,0,0,0,1,0,0,0
data/external/actions/human_action_recognition/train/004397_dancing.jpg,Bingsu/Human_Action_Recognition,dancing,0,0,0,0,0,0,0,0,0,0,1,0,0,0,0,0,0,1,0,0
data/external/actions/human_action_recognition/train/004398_cycling.jpg,Bingsu/Human_Action_Recognition,cycling,0,0,0,0,0,0,0,0,1,0,0,0,0,0,0,0,0,1,0,0
data/external/actions/human_action_recognition/train/004399_sleeping.jpg,Bingsu/Human_Action_Recognition,sleeping,0,0,1,0,0,0,0,0,0,0,0,0,0,0,0,0,1,0,0,0
data/external/actions/human_action_recognition/train/004400_listening_to_music.jpg,Bingsu/Human_Action_Recognition,listening_to_music,0,1,0,0,0,0,0,0,0,0,0,0,0,0,0,0,1,0,0,0
data/external/actions/human_action_recognition/train/004401_drinking.jpg,Bingsu/Human_Action_Recognition,drinking,0,0,0,0,0,0,0,0,0,0,0,0,0,0,1,0,0,0,0,0
data/external/actions/human_action_recognition/train/004402_eating.jpg,Bingsu/Human_Action_Recognition,eating,0,0,0,0,0,0,0,0,0,0,0,0,0,1,0,0,0,0,0,0
data/external/actions/human_action_recognition/train/004403_eating.jpg,Bingsu/Human_Action_Recognition,eating,0,0,0,0,0,0,0,0,0,0,0,0,0,1,0,0,0,0,0,0
data/external/actions/human_action_recognition/train/004404_sitting.jpg,Bingsu/Human_Action_Recognition,sitting,0,1,0,0,0,0,0,0,0,0,0,0,0,0,0,0,1,0,0,0
data/external/actions/human_action_recognition/train/004405_drinking.jpg,Bingsu/Human_Action_Recognition,drinking,0,0,0,0,0,0,0,0,0,0,0,0,0,0,1,0,0,0,0,0
data/external/actions/human_action_recognition/train/004406_dancing.jpg,Bingsu/Human_Action_Recognition,dancing,0,0,0,0,0,0,0,0,0,0,1,0,0,0,0,0,0,1,0,0
data/external/actions/human_action_recognition/train/004407_calling.jpg,Bingsu/Human_Action_Recognition,calling,1,0,0,0,0,0,0,0,0,0,0,0,0,0,0,0,1,0,0,0
data/external/actions/human_action_recognition/train/004408_fighting.jpg,Bingsu/Human_Action_Recognition,fighting,0,0,0,0,0,0,0,0,0,0,0,0,0,0,0,0,0,1,1,0
data/external/actions/human_action_recognition/train/004409_running.jpg,Bingsu/Human_Action_Recognition,running,0,0,0,0,0,0,1,0,0,0,0,0,0,0,0,0,0,1,1,0
data/external/actions/human_action_recognition/train/004410_cycling.jpg,Bingsu/Human_Action_Recognition,cycling,0,0,0,0,0,0,0,0,1,0,0,0,0,0,0,0,0,1,0,0
data/external/actions/human_action_recognition/train/004411_hugging.jpg,Bingsu/Human_Action_Recognition,hugging,1,0,0,0,0,0,0,0,0,0,0,0,0,0,0,0,1,0,0,0
data/external/actions/human_action_recognition/train/004412_eating.jpg,Bingsu/Human_Action_Recognition,eating,0,0,0,0,0,0,0,0,0,0,0,0,0,1,0,0,0,0,0,0
data/external/actions/human_action_recognition/train/004413_sleeping.jpg,Bingsu/Human_Action_Recognition,sleeping,0,0,1,0,0,0,0,0,0,0,0,0,0,0,0,0,1,0,0,0
data/external/actions/human_action_recognition/train/004414_running.jpg,Bingsu/Human_Action_Recognition,running,0,0,0,0,0,0,1,0,0,0,0,0,0,0,0,0,0,1,1,0
data/external/actions/human_action_recognition/train/004415_drinking.jpg,Bingsu/Human_Action_Recognition,drinking,0,0,0,0,0,0,0,0,0,0,0,0,0,0,1,0,0,0,0,0
data/external/actions/human_action_recognition/train/004416_sleeping.jpg,Bingsu/Human_Action_Recognition,sleeping,0,0,1,0,0,0,0,0,0,0,0,0,0,0,0,0,1,0,0,0
data/external/actions/human_action_recognition/train/004417_cycling.jpg,Bingsu/Human_Action_Recognition,cycling,0,0,0,0,0,0,0,0,1,0,0,0,0,0,0,0,0,1,0,0
data/external/actions/human_action_recognition/train/004418_texting.jpg,Bingsu/Human_Action_Recognition,texting,0,1,0,0,0,0,0,0,0,0,0,0,0,0,0,0,1,0,0,0
data/external/actions/human_action_recognition/train/004419_hugging.jpg,Bingsu/Human_Action_Recognition,hugging,1,0,0,0,0,0,0,0,0,0,0,0,0,0,0,0,1,0,0,0
data/external/actions/human_action_recognition/train/004420_laughing.jpg,Bingsu/Human_Action_Recognition,laughing,1,0,0,0,0,0,0,0,0,0,0,0,0,0,0,0,1,0,0,0
data/external/actions/human_action_recognition/train/004421_calling.jpg,Bingsu/Human_Action_Recognition,calling,1,0,0,0,0,0,0,0,0,0,0,0,0,0,0,0,1,0,0,0
data/external/actions/human_action_recognition/train/004422_clapping.jpg,Bingsu/Human_Action_Recognition,clapping,0,0,0,0,1,0,0,0,0,0,0,0,0,0,0,0,0,1,0,0
data/external/actions/human_action_recognition/train/004423_using_laptop.jpg,Bingsu/Human_Action_Recognition,using_laptop,0,1,0,0,0,0,0,0,0,0,0,0,1,0,0,0,1,0,0,0
data/external/actions/human_action_recognition/train/004424_sleeping.jpg,Bingsu/Human_Action_Recognition,sleeping,0,0,1,0,0,0,0,0,0,0,0,0,0,0,0,0,1,0,0,0
data/external/actions/human_action_recognition/train/004425_laughing.jpg,Bingsu/Human_Action_Recognition,laughing,1,0,0,0,0,0,0,0,0,0,0,0,0,0,0,0,1,0,0,0
data/external/actions/human_action_recognition/train/004426_using_laptop.jpg,Bingsu/Human_Action_Recognition,using_laptop,0,1,0,0,0,0,0,0,0,0,0,0,1,0,0,0,1,0,0,0
data/external/actions/human_action_recognition/train/004427_fighting.jpg,Bingsu/Human_Action_Recognition,fighting,0,0,0,0,0,0,0,0,0,0,0,0,0,0,0,0,0,1,1,0
data/external/actions/human_action_recognition/train/004428_drinking.jpg,Bingsu/Human_Action_Recognition,drinking,0,0,0,0,0,0,0,0,0,0,0,0,0,0,1,0,0,0,0,0
data/external/actions/human_action_recognition/train/004429_listening_to_music.jpg,Bingsu/Human_Action_Recognition,listening_to_music,0,1,0,0,0,0,0,0,0,0,0,0,0,0,0,0,1,0,0,0
data/external/actions/human_action_recognition/train/004430_cycling.jpg,Bingsu/Human_Action_Recognition,cycling,0,0,0,0,0,0,0,0,1,0,0,0,0,0,0,0,0,1,0,0
data/external/actions/human_action_recognition/train/004431_running.jpg,Bingsu/Human_Action_Recognition,running,0,0,0,0,0,0,1,0,0,0,0,0,0,0,0,0,0,1,1,0
data/external/actions/human_action_recognition/train/004432_fighting.jpg,Bingsu/Human_Action_Recognition,fighting,0,0,0,0,0,0,0,0,0,0,0,0,0,0,0,0,0,1,1,0
data/external/actions/human_action_recognition/train/004433_texting.jpg,Bingsu/Human_Action_Recognition,texting,0,1,0,0,0,0,0,0,0,0,0,0,0,0,0,0,1,0,0,0
data/external/actions/human_action_recognition/train/004434_drinking.jpg,Bingsu/Human_Action_Recognition,drinking,0,0,0,0,0,0,0,0,0,0,0,0,0,0,1,0,0,0,0,0
data/external/actions/human_action_recognition/train/004435_sitting.jpg,Bingsu/Human_Action_Recognition,sitting,0,1,0,0,0,0,0,0,0,0,0,0,0,0,0,0,1,0,0,0
data/external/actions/human_action_recognition/train/004436_calling.jpg,Bingsu/Human_Action_Recognition,calling,1,0,0,0,0,0,0,0,0,0,0,0,0,0,0,0,1,0,0,0
data/external/actions/human_action_recognition/train/004437_listening_to_music.jpg,Bingsu/Human_Action_Recognition,listening_to_music,0,1,0,0,0,0,0,0,0,0,0,0,0,0,0,0,1,0,0,0
data/external/actions/human_action_recognition/train/004438_drinking.jpg,Bingsu/Human_Action_Recognition,drinking,0,0,0,0,0,0,0,0,0,0,0,0,0,0,1,0,0,0,0,0
data/external/actions/human_action_recognition/train/004439_sitting.jpg,Bingsu/Human_Action_Recognition,sitting,0,1,0,0,0,0,0,0,0,0,0,0,0,0,0,0,1,0,0,0
data/external/actions/human_action_recognition/train/004440_using_laptop.jpg,Bingsu/Human_Action_Recognition,using_laptop,0,1,0,0,0,0,0,0,0,0,0,0,1,0,0,0,1,0,0,0
data/external/actions/human_action_recognition/train/004441_using_laptop.jpg,Bingsu/Human_Action_Recognition,using_laptop,0,1,0,0,0,0,0,0,0,0,0,0,1,0,0,0,1,0,0,0
data/external/actions/human_action_recognition/train/004442_sitting.jpg,Bingsu/Human_Action_Recognition,sitting,0,1,0,0,0,0,0,0,0,0,0,0,0,0,0,0,1,0,0,0
data/external/actions/human_action_recognition/train/004443_dancing.jpg,Bingsu/Human_Action_Recognition,dancing,0,0,0,0,0,0,0,0,0,0,1,0,0,0,0,0,0,1,0,0
data/external/actions/human_action_recognition/train/004444_eating.jpg,Bingsu/Human_Action_Recognition,eating,0,0,0,0,0,0,0,0,0,0,0,0,0,1,0,0,0,0,0,0
data/external/actions/human_action_recognition/train/004445_eating.jpg,Bingsu/Human_Action_Recognition,eating,0,0,0,0,0,0,0,0,0,0,0,0,0,1,0,0,0,0,0,0
data/external/actions/human_action_recognition/train/004446_drinking.jpg,Bingsu/Human_Action_Recognition,drinking,0,0,0,0,0,0,0,0,0,0,0,0,0,0,1,0,0,0,0,0
data/external/actions/human_action_recognition/train/004447_dancing.jpg,Bingsu/Human_Action_Recognition,dancing,0,0,0,0,0,0,0,0,0,0,1,0,0,0,0,0,0,1,0,0
data/external/actions/human_action_recognition/train/004448_dancing.jpg,Bingsu/Human_Action_Recognition,dancing,0,0,0,0,0,0,0,0,0,0,1,0,0,0,0,0,0,1,0,0
data/external/actions/human_action_recognition/train/004449_clapping.jpg,Bingsu/Human_Action_Recognition,clapping,0,0,0,0,1,0,0,0,0,0,0,0,0,0,0,0,0,1,0,0
data/external/actions/human_action_recognition/train/004450_clapping.jpg,Bingsu/Human_Action_Recognition,clapping,0,0,0,0,1,0,0,0,0,0,0,0,0,0,0,0,0,1,0,0
data/external/actions/human_action_recognition/train/004451_calling.jpg,Bingsu/Human_Action_Recognition,calling,1,0,0,0,0,0,0,0,0,0,0,0,0,0,0,0,1,0,0,0
data/external/actions/human_action_recognition/train/004452_hugging.jpg,Bingsu/Human_Action_Recognition,hugging,1,0,0,0,0,0,0,0,0,0,0,0,0,0,0,0,1,0,0,0
data/external/actions/human_action_recognition/train/004453_listening_to_music.jpg,Bingsu/Human_Action_Recognition,listening_to_music,0,1,0,0,0,0,0,0,0,0,0,0,0,0,0,0,1,0,0,0
data/external/actions/human_action_recognition/train/004454_listening_to_music.jpg,Bingsu/Human_Action_Recognition,listening_to_music,0,1,0,0,0,0,0,0,0,0,0,0,0,0,0,0,1,0,0,0
data/external/actions/human_action_recognition/train/004455_cycling.jpg,Bingsu/Human_Action_Recognition,cycling,0,0,0,0,0,0,0,0,1,0,0,0,0,0,0,0,0,1,0,0
data/external/actions/human_action_recognition/train/004456_hugging.jpg,Bingsu/Human_Action_Recognition,hugging,1,0,0,0,0,0,0,0,0,0,0,0,0,0,0,0,1,0,0,0
data/external/actions/human_action_recognition/train/004457_sleeping.jpg,Bingsu/Human_Action_Recognition,sleeping,0,0,1,0,0,0,0,0,0,0,0,0,0,0,0,0,1,0,0,0
data/external/actions/human_action_recognition/train/004458_texting.jpg,Bingsu/Human_Action_Recognition,texting,0,1,0,0,0,0,0,0,0,0,0,0,0,0,0,0,1,0,0,0
data/external/actions/human_action_recognition/train/004459_calling.jpg,Bingsu/Human_Action_Recognition,calling,1,0,0,0,0,0,0,0,0,0,0,0,0,0,0,0,1,0,0,0
data/external/actions/human_action_recognition/train/004460_texting.jpg,Bingsu/Human_Action_Recognition,texting,0,1,0,0,0,0,0,0,0,0,0,0,0,0,0,0,1,0,0,0
data/external/actions/human_action_recognition/train/004461_eating.jpg,Bingsu/Human_Action_Recognition,eating,0,0,0,0,0,0,0,0,0,0,0,0,0,1,0,0,0,0,0,0
data/external/actions/human_action_recognition/train/004462_sleeping.jpg,Bingsu/Human_Action_Recognition,sleeping,0,0,1,0,0,0,0,0,0,0,0,0,0,0,0,0,1,0,0,0
data/external/actions/human_action_recognition/train/004463_sitting.jpg,Bingsu/Human_Action_Recognition,sitting,0,1,0,0,0,0,0,0,0,0,0,0,0,0,0,0,1,0,0,0
data/external/actions/human_action_recognition/train/004464_clapping.jpg,Bingsu/Human_Action_Recognition,clapping,0,0,0,0,1,0,0,0,0,0,0,0,0,0,0,0,0,1,0,0
data/external/actions/human_action_recognition/train/004465_sleeping.jpg,Bingsu/Human_Action_Recognition,sleeping,0,0,1,0,0,0,0,0,0,0,0,0,0,0,0,0,1,0,0,0
data/external/actions/human_action_recognition/train/004466_listening_to_music.jpg,Bingsu/Human_Action_Recognition,listening_to_music,0,1,0,0,0,0,0,0,0,0,0,0,0,0,0,0,1,0,0,0
data/external/actions/human_action_recognition/train/004467_listening_to_music.jpg,Bingsu/Human_Action_Recognition,listening_to_music,0,1,0,0,0,0,0,0,0,0,0,0,0,0,0,0,1,0,0,0
data/external/actions/human_action_recognition/train/004468_cycling.jpg,Bingsu/Human_Action_Recognition,cycling,0,0,0,0,0,0,0,0,1,0,0,0,0,0,0,0,0,1,0,0
data/external/actions/human_action_recognition/train/004469_fighting.jpg,Bingsu/Human_Action_Recognition,fighting,0,0,0,0,0,0,0,0,0,0,0,0,0,0,0,0,0,1,1,0
data/external/actions/human_action_recognition/train/004470_listening_to_music.jpg,Bingsu/Human_Action_Recognition,listening_to_music,0,1,0,0,0,0,0,0,0,0,0,0,0,0,0,0,1,0,0,0
data/external/actions/human_action_recognition/train/004471_hugging.jpg,Bingsu/Human_Action_Recognition,hugging,1,0,0,0,0,0,0,0,0,0,0,0,0,0,0,0,1,0,0,0
data/external/actions/human_action_recognition/train/004472_dancing.jpg,Bingsu/Human_Action_Recognition,dancing,0,0,0,0,0,0,0,0,0,0,1,0,0,0,0,0,0,1,0,0
data/external/actions/human_action_recognition/train/004473_fighting.jpg,Bingsu/Human_Action_Recognition,fighting,0,0,0,0,0,0,0,0,0,0,0,0,0,0,0,0,0,1,1,0
data/external/actions/human_action_recognition/train/004474_drinking.jpg,Bingsu/Human_Action_Recognition,drinking,0,0,0,0,0,0,0,0,0,0,0,0,0,0,1,0,0,0,0,0
data/external/actions/human_action_recognition/train/004475_calling.jpg,Bingsu/Human_Action_Recognition,calling,1,0,0,0,0,0,0,0,0,0,0,0,0,0,0,0,1,0,0,0
data/external/actions/human_action_recognition/train/004476_dancing.jpg,Bingsu/Human_Action_Recognition,dancing,0,0,0,0,0,0,0,0,0,0,1,0,0,0,0,0,0,1,0,0
data/external/actions/human_action_recognition/train/004477_dancing.jpg,Bingsu/Human_Action_Recognition,dancing,0,0,0,0,0,0,0,0,0,0,1,0,0,0,0,0,0,1,0,0
data/external/actions/human_action_recognition/train/004478_calling.jpg,Bingsu/Human_Action_Recognition,calling,1,0,0,0,0,0,0,0,0,0,0,0,0,0,0,0,1,0,0,0
data/external/actions/human_action_recognition/train/004479_drinking.jpg,Bingsu/Human_Action_Recognition,drinking,0,0,0,0,0,0,0,0,0,0,0,0,0,0,1,0,0,0,0,0
data/external/actions/human_action_recognition/train/004480_hugging.jpg,Bingsu/Human_Action_Recognition,hugging,1,0,0,0,0,0,0,0,0,0,0,0,0,0,0,0,1,0,0,0
data/external/actions/human_action_recognition/train/004481_texting.jpg,Bingsu/Human_Action_Recognition,texting,0,1,0,0,0,0,0,0,0,0,0,0,0,0,0,0,1,0,0,0
data/external/actions/human_action_recognition/train/004482_hugging.jpg,Bingsu/Human_Action_Recognition,hugging,1,0,0,0,0,0,0,0,0,0,0,0,0,0,0,0,1,0,0,0
data/external/actions/human_action_recognition/train/004483_drinking.jpg,Bingsu/Human_Action_Recognition,drinking,0,0,0,0,0,0,0,0,0,0,0,0,0,0,1,0,0,0,0,0
data/external/actions/human_action_recognition/train/004484_dancing.jpg,Bingsu/Human_Action_Recognition,dancing,0,0,0,0,0,0,0,0,0,0,1,0,0,0,0,0,0,1,0,0
data/external/actions/human_action_recognition/train/004485_dancing.jpg,Bingsu/Human_Action_Recognition,dancing,0,0,0,0,0,0,0,0,0,0,1,0,0,0,0,0,0,1,0,0
data/external/actions/human_action_recognition/train/004486_dancing.jpg,Bingsu/Human_Action_Recognition,dancing,0,0,0,0,0,0,0,0,0,0,1,0,0,0,0,0,0,1,0,0
data/external/actions/human_action_recognition/train/004487_hugging.jpg,Bingsu/Human_Action_Recognition,hugging,1,0,0,0,0,0,0,0,0,0,0,0,0,0,0,0,1,0,0,0
data/external/actions/human_action_recognition/train/004488_clapping.jpg,Bingsu/Human_Action_Recognition,clapping,0,0,0,0,1,0,0,0,0,0,0,0,0,0,0,0,0,1,0,0
data/external/actions/human_action_recognition/train/004489_cycling.jpg,Bingsu/Human_Action_Recognition,cycling,0,0,0,0,0,0,0,0,1,0,0,0,0,0,0,0,0,1,0,0
data/external/actions/human_action_recognition/train/004490_calling.jpg,Bingsu/Human_Action_Recognition,calling,1,0,0,0,0,0,0,0,0,0,0,0,0,0,0,0,1,0,0,0
data/external/actions/human_action_recognition/train/004491_laughing.jpg,Bingsu/Human_Action_Recognition,laughing,1,0,0,0,0,0,0,0,0,0,0,0,0,0,0,0,1,0,0,0
data/external/actions/human_action_recognition/train/004492_cycling.jpg,Bingsu/Human_Action_Recognition,cycling,0,0,0,0,0,0,0,0,1,0,0,0,0,0,0,0,0,1,0,0
data/external/actions/human_action_recognition/train/004493_cycling.jpg,Bingsu/Human_Action_Recognition,cycling,0,0,0,0,0,0,0,0,1,0,0,0,0,0,0,0,0,1,0,0
data/external/actions/human_action_recognition/train/004494_texting.jpg,Bingsu/Human_Action_Recognition,texting,0,1,0,0,0,0,0,0,0,0,0,0,0,0,0,0,1,0,0,0
data/external/actions/human_action_recognition/train/004495_laughing.jpg,Bingsu/Human_Action_Recognition,laughing,1,0,0,0,0,0,0,0,0,0,0,0,0,0,0,0,1,0,0,0
data/external/actions/human_action_recognition/train/004496_cycling.jpg,Bingsu/Human_Action_Recognition,cycling,0,0,0,0,0,0,0,0,1,0,0,0,0,0,0,0,0,1,0,0
data/external/actions/human_action_recognition/train/004497_fighting.jpg,Bingsu/Human_Action_Recognition,fighting,0,0,0,0,0,0,0,0,0,0,0,0,0,0,0,0,0,1,1,0
data/external/actions/human_action_recognition/train/004498_cycling.jpg,Bingsu/Human_Action_Recognition,cycling,0,0,0,0,0,0,0,0,1,0,0,0,0,0,0,0,0,1,0,0
data/external/actions/human_action_recognition/train/004499_calling.jpg,Bingsu/Human_Action_Recognition,calling,1,0,0,0,0,0,0,0,0,0,0,0,0,0,0,0,1,0,0,0
data/external/actions/human_action_recognition/train/004500_clapping.jpg,Bingsu/Human_Action_Recognition,clapping,0,0,0,0,1,0,0,0,0,0,0,0,0,0,0,0,0,1,0,0
data/external/actions/human_action_recognition/train/004501_sitting.jpg,Bingsu/Human_Action_Recognition,sitting,0,1,0,0,0,0,0,0,0,0,0,0,0,0,0,0,1,0,0,0
data/external/actions/human_action_recognition/train/004502_hugging.jpg,Bingsu/Human_Action_Recognition,hugging,1,0,0,0,0,0,0,0,0,0,0,0,0,0,0,0,1,0,0,0
data/external/actions/human_action_recognition/train/004503_sitting.jpg,Bingsu/Human_Action_Recognition,sitting,0,1,0,0,0,0,0,0,0,0,0,0,0,0,0,0,1,0,0,0
data/external/actions/human_action_recognition/train/004504_texting.jpg,Bingsu/Human_Action_Recognition,texting,0,1,0,0,0,0,0,0,0,0,0,0,0,0,0,0,1,0,0,0
data/external/actions/human_action_recognition/train/004505_using_laptop.jpg,Bingsu/Human_Action_Recognition,using_laptop,0,1,0,0,0,0,0,0,0,0,0,0,1,0,0,0,1,0,0,0
data/external/actions/human_action_recognition/train/004506_fighting.jpg,Bingsu/Human_Action_Recognition,fighting,0,0,0,0,0,0,0,0,0,0,0,0,0,0,0,0,0,1,1,0
data/external/actions/human_action_recognition/train/004507_drinking.jpg,Bingsu/Human_Action_Recognition,drinking,0,0,0,0,0,0,0,0,0,0,0,0,0,0,1,0,0,0,0,0
data/external/actions/human_action_recognition/train/004508_eating.jpg,Bingsu/Human_Action_Recognition,eating,0,0,0,0,0,0,0,0,0,0,0,0,0,1,0,0,0,0,0,0
data/external/actions/human_action_recognition/train/004509_laughing.jpg,Bingsu/Human_Action_Recognition,laughing,1,0,0,0,0,0,0,0,0,0,0,0,0,0,0,0,1,0,0,0
data/external/actions/human_action_recognition/train/004510_sitting.jpg,Bingsu/Human_Action_Recognition,sitting,0,1,0,0,0,0,0,0,0,0,0,0,0,0,0,0,1,0,0,0
data/external/actions/human_action_recognition/train/004511_laughing.jpg,Bingsu/Human_Action_Recognition,laughing,1,0,0,0,0,0,0,0,0,0,0,0,0,0,0,0,1,0,0,0
data/external/actions/human_action_recognition/train/004512_listening_to_music.jpg,Bingsu/Human_Action_Recognition,listening_to_music,0,1,0,0,0,0,0,0,0,0,0,0,0,0,0,0,1,0,0,0
data/external/actions/human_action_recognition/train/004513_sitting.jpg,Bingsu/Human_Action_Recognition,sitting,0,1,0,0,0,0,0,0,0,0,0,0,0,0,0,0,1,0,0,0
data/external/actions/human_action_recognition/train/004514_calling.jpg,Bingsu/Human_Action_Recognition,calling,1,0,0,0,0,0,0,0,0,0,0,0,0,0,0,0,1,0,0,0
data/external/actions/human_action_recognition/train/004515_using_laptop.jpg,Bingsu/Human_Action_Recognition,using_laptop,0,1,0,0,0,0,0,0,0,0,0,0,1,0,0,0,1,0,0,0
data/external/actions/human_action_recognition/train/004516_drinking.jpg,Bingsu/Human_Action_Recognition,drinking,0,0,0,0,0,0,0,0,0,0,0,0,0,0,1,0,0,0,0,0
data/external/actions/human_action_recognition/train/004517_drinking.jpg,Bingsu/Human_Action_Recognition,drinking,0,0,0,0,0,0,0,0,0,0,0,0,0,0,1,0,0,0,0,0
data/external/actions/human_action_recognition/train/004518_sitting.jpg,Bingsu/Human_Action_Recognition,sitting,0,1,0,0,0,0,0,0,0,0,0,0,0,0,0,0,1,0,0,0
data/external/actions/human_action_recognition/train/004519_clapping.jpg,Bingsu/Human_Action_Recognition,clapping,0,0,0,0,1,0,0,0,0,0,0,0,0,0,0,0,0,1,0,0
data/external/actions/human_action_recognition/train/004520_drinking.jpg,Bingsu/Human_Action_Recognition,drinking,0,0,0,0,0,0,0,0,0,0,0,0,0,0,1,0,0,0,0,0
data/external/actions/human_action_recognition/train/004521_using_laptop.jpg,Bingsu/Human_Action_Recognition,using_laptop,0,1,0,0,0,0,0,0,0,0,0,0,1,0,0,0,1,0,0,0
data/external/actions/human_action_recognition/train/004522_sleeping.jpg,Bingsu/Human_Action_Recognition,sleeping,0,0,1,0,0,0,0,0,0,0,0,0,0,0,0,0,1,0,0,0
data/external/actions/human_action_recognition/train/004523_laughing.jpg,Bingsu/Human_Action_Recognition,laughing,1,0,0,0,0,0,0,0,0,0,0,0,0,0,0,0,1,0,0,0
data/external/actions/human_action_recognition/train/004524_texting.jpg,Bingsu/Human_Action_Recognition,texting,0,1,0,0,0,0,0,0,0,0,0,0,0,0,0,0,1,0,0,0
data/external/actions/human_action_recognition/train/004525_sleeping.jpg,Bingsu/Human_Action_Recognition,sleeping,0,0,1,0,0,0,0,0,0,0,0,0,0,0,0,0,1,0,0,0
data/external/actions/human_action_recognition/train/004526_drinking.jpg,Bingsu/Human_Action_Recognition,drinking,0,0,0,0,0,0,0,0,0,0,0,0,0,0,1,0,0,0,0,0
data/external/actions/human_action_recognition/train/004527_drinking.jpg,Bingsu/Human_Action_Recognition,drinking,0,0,0,0,0,0,0,0,0,0,0,0,0,0,1,0,0,0,0,0
data/external/actions/human_action_recognition/train/004528_cycling.jpg,Bingsu/Human_Action_Recognition,cycling,0,0,0,0,0,0,0,0,1,0,0,0,0,0,0,0,0,1,0,0
data/external/actions/human_action_recognition/train/004529_dancing.jpg,Bingsu/Human_Action_Recognition,dancing,0,0,0,0,0,0,0,0,0,0,1,0,0,0,0,0,0,1,0,0
data/external/actions/human_action_recognition/train/004530_eating.jpg,Bingsu/Human_Action_Recognition,eating,0,0,0,0,0,0,0,0,0,0,0,0,0,1,0,0,0,0,0,0
data/external/actions/human_action_recognition/train/004531_listening_to_music.jpg,Bingsu/Human_Action_Recognition,listening_to_music,0,1,0,0,0,0,0,0,0,0,0,0,0,0,0,0,1,0,0,0
data/external/actions/human_action_recognition/train/004532_sleeping.jpg,Bingsu/Human_Action_Recognition,sleeping,0,0,1,0,0,0,0,0,0,0,0,0,0,0,0,0,1,0,0,0
data/external/actions/human_action_recognition/train/004533_calling.jpg,Bingsu/Human_Action_Recognition,calling,1,0,0,0,0,0,0,0,0,0,0,0,0,0,0,0,1,0,0,0
data/external/actions/human_action_recognition/train/004534_laughing.jpg,Bingsu/Human_Action_Recognition,laughing,1,0,0,0,0,0,0,0,0,0,0,0,0,0,0,0,1,0,0,0
data/external/actions/human_action_recognition/train/004535_dancing.jpg,Bingsu/Human_Action_Recognition,dancing,0,0,0,0,0,0,0,0,0,0,1,0,0,0,0,0,0,1,0,0
data/external/actions/human_action_recognition/train/004536_sitting.jpg,Bingsu/Human_Action_Recognition,sitting,0,1,0,0,0,0,0,0,0,0,0,0,0,0,0,0,1,0,0,0
data/external/actions/human_action_recognition/train/004537_sleeping.jpg,Bingsu/Human_Action_Recognition,sleeping,0,0,1,0,0,0,0,0,0,0,0,0,0,0,0,0,1,0,0,0
data/external/actions/human_action_recognition/train/004538_fighting.jpg,Bingsu/Human_Action_Recognition,fighting,0,0,0,0,0,0,0,0,0,0,0,0,0,0,0,0,0,1,1,0
data/external/actions/human_action_recognition/train/004539_drinking.jpg,Bingsu/Human_Action_Recognition,drinking,0,0,0,0,0,0,0,0,0,0,0,0,0,0,1,0,0,0,0,0
data/external/actions/human_action_recognition/train/004540_using_laptop.jpg,Bingsu/Human_Action_Recognition,using_laptop,0,1,0,0,0,0,0,0,0,0,0,0,1,0,0,0,1,0,0,0
data/external/actions/human_action_recognition/train/004541_running.jpg,Bingsu/Human_Action_Recognition,running,0,0,0,0,0,0,1,0,0,0,0,0,0,0,0,0,0,1,1,0
data/external/actions/human_action_recognition/train/004542_using_laptop.jpg,Bingsu/Human_Action_Recognition,using_laptop,0,1,0,0,0,0,0,0,0,0,0,0,1,0,0,0,1,0,0,0
data/external/actions/human_action_recognition/train/004543_fighting.jpg,Bingsu/Human_Action_Recognition,fighting,0,0,0,0,0,0,0,0,0,0,0,0,0,0,0,0,0,1,1,0
data/external/actions/human_action_recognition/train/004544_laughing.jpg,Bingsu/Human_Action_Recognition,laughing,1,0,0,0,0,0,0,0,0,0,0,0,0,0,0,0,1,0,0,0
data/external/actions/human_action_recognition/train/004545_texting.jpg,Bingsu/Human_Action_Recognition,texting,0,1,0,0,0,0,0,0,0,0,0,0,0,0,0,0,1,0,0,0
data/external/actions/human_action_recognition/train/004546_running.jpg,Bingsu/Human_Action_Recognition,running,0,0,0,0,0,0,1,0,0,0,0,0,0,0,0,0,0,1,1,0
data/external/actions/human_action_recognition/train/004547_using_laptop.jpg,Bingsu/Human_Action_Recognition,using_laptop,0,1,0,0,0,0,0,0,0,0,0,0,1,0,0,0,1,0,0,0
data/external/actions/human_action_recognition/train/004548_running.jpg,Bingsu/Human_Action_Recognition,running,0,0,0,0,0,0,1,0,0,0,0,0,0,0,0,0,0,1,1,0
data/external/actions/human_action_recognition/train/004549_fighting.jpg,Bingsu/Human_Action_Recognition,fighting,0,0,0,0,0,0,0,0,0,0,0,0,0,0,0,0,0,1,1,0
data/external/actions/human_action_recognition/train/004550_cycling.jpg,Bingsu/Human_Action_Recognition,cycling,0,0,0,0,0,0,0,0,1,0,0,0,0,0,0,0,0,1,0,0
data/external/actions/human_action_recognition/train/004551_listening_to_music.jpg,Bingsu/Human_Action_Recognition,listening_to_music,0,1,0,0,0,0,0,0,0,0,0,0,0,0,0,0,1,0,0,0
data/external/actions/human_action_recognition/train/004552_eating.jpg,Bingsu/Human_Action_Recognition,eating,0,0,0,0,0,0,0,0,0,0,0,0,0,1,0,0,0,0,0,0
data/external/actions/human_action_recognition/train/004553_sitting.jpg,Bingsu/Human_Action_Recognition,sitting,0,1,0,0,0,0,0,0,0,0,0,0,0,0,0,0,1,0,0,0
data/external/actions/human_action_recognition/train/004554_using_laptop.jpg,Bingsu/Human_Action_Recognition,using_laptop,0,1,0,0,0,0,0,0,0,0,0,0,1,0,0,0,1,0,0,0
data/external/actions/human_action_recognition/train/004555_eating.jpg,Bingsu/Human_Action_Recognition,eating,0,0,0,0,0,0,0,0,0,0,0,0,0,1,0,0,0,0,0,0
data/external/actions/human_action_recognition/train/004556_calling.jpg,Bingsu/Human_Action_Recognition,calling,1,0,0,0,0,0,0,0,0,0,0,0,0,0,0,0,1,0,0,0
data/external/actions/human_action_recognition/train/004557_clapping.jpg,Bingsu/Human_Action_Recognition,clapping,0,0,0,0,1,0,0,0,0,0,0,0,0,0,0,0,0,1,0,0
data/external/actions/human_action_recognition/train/004558_sleeping.jpg,Bingsu/Human_Action_Recognition,sleeping,0,0,1,0,0,0,0,0,0,0,0,0,0,0,0,0,1,0,0,0
data/external/actions/human_action_recognition/train/004559_sitting.jpg,Bingsu/Human_Action_Recognition,sitting,0,1,0,0,0,0,0,0,0,0,0,0,0,0,0,0,1,0,0,0
data/external/actions/human_action_recognition/train/004560_hugging.jpg,Bingsu/Human_Action_Recognition,hugging,1,0,0,0,0,0,0,0,0,0,0,0,0,0,0,0,1,0,0,0
data/external/actions/human_action_recognition/train/004561_dancing.jpg,Bingsu/Human_Action_Recognition,dancing,0,0,0,0,0,0,0,0,0,0,1,0,0,0,0,0,0,1,0,0
data/external/actions/human_action_recognition/train/004562_using_laptop.jpg,Bingsu/Human_Action_Recognition,using_laptop,0,1,0,0,0,0,0,0,0,0,0,0,1,0,0,0,1,0,0,0
data/external/actions/human_action_recognition/train/004563_calling.jpg,Bingsu/Human_Action_Recognition,calling,1,0,0,0,0,0,0,0,0,0,0,0,0,0,0,0,1,0,0,0
data/external/actions/human_action_recognition/train/004564_sitting.jpg,Bingsu/Human_Action_Recognition,sitting,0,1,0,0,0,0,0,0,0,0,0,0,0,0,0,0,1,0,0,0
data/external/actions/human_action_recognition/train/004565_cycling.jpg,Bingsu/Human_Action_Recognition,cycling,0,0,0,0,0,0,0,0,1,0,0,0,0,0,0,0,0,1,0,0
data/external/actions/human_action_recognition/train/004566_sleeping.jpg,Bingsu/Human_Action_Recognition,sleeping,0,0,1,0,0,0,0,0,0,0,0,0,0,0,0,0,1,0,0,0
data/external/actions/human_action_recognition/train/004567_listening_to_music.jpg,Bingsu/Human_Action_Recognition,listening_to_music,0,1,0,0,0,0,0,0,0,0,0,0,0,0,0,0,1,0,0,0
data/external/actions/human_action_recognition/train/004568_sitting.jpg,Bingsu/Human_Action_Recognition,sitting,0,1,0,0,0,0,0,0,0,0,0,0,0,0,0,0,1,0,0,0
data/external/actions/human_action_recognition/train/004569_calling.jpg,Bingsu/Human_Action_Recognition,calling,1,0,0,0,0,0,0,0,0,0,0,0,0,0,0,0,1,0,0,0
data/external/actions/human_action_recognition/train/004570_texting.jpg,Bingsu/Human_Action_Recognition,texting,0,1,0,0,0,0,0,0,0,0,0,0,0,0,0,0,1,0,0,0
data/external/actions/human_action_recognition/train/004571_calling.jpg,Bingsu/Human_Action_Recognition,calling,1,0,0,0,0,0,0,0,0,0,0,0,0,0,0,0,1,0,0,0
data/external/actions/human_action_recognition/train/004572_running.jpg,Bingsu/Human_Action_Recognition,running,0,0,0,0,0,0,1,0,0,0,0,0,0,0,0,0,0,1,1,0
data/external/actions/human_action_recognition/train/004573_using_laptop.jpg,Bingsu/Human_Action_Recognition,using_laptop,0,1,0,0,0,0,0,0,0,0,0,0,1,0,0,0,1,0,0,0
data/external/actions/human_action_recognition/train/004574_fighting.jpg,Bingsu/Human_Action_Recognition,fighting,0,0,0,0,0,0,0,0,0,0,0,0,0,0,0,0,0,1,1,0
data/external/actions/human_action_recognition/train/004575_calling.jpg,Bingsu/Human_Action_Recognition,calling,1,0,0,0,0,0,0,0,0,0,0,0,0,0,0,0,1,0,0,0
data/external/actions/human_action_recognition/train/004576_fighting.jpg,Bingsu/Human_Action_Recognition,fighting,0,0,0,0,0,0,0,0,0,0,0,0,0,0,0,0,0,1,1,0
data/external/actions/human_action_recognition/train/004577_eating.jpg,Bingsu/Human_Action_Recognition,eating,0,0,0,0,0,0,0,0,0,0,0,0,0,1,0,0,0,0,0,0
data/external/actions/human_action_recognition/train/004578_fighting.jpg,Bingsu/Human_Action_Recognition,fighting,0,0,0,0,0,0,0,0,0,0,0,0,0,0,0,0,0,1,1,0
data/external/actions/human_action_recognition/train/004579_eating.jpg,Bingsu/Human_Action_Recognition,eating,0,0,0,0,0,0,0,0,0,0,0,0,0,1,0,0,0,0,0,0
data/external/actions/human_action_recognition/train/004580_eating.jpg,Bingsu/Human_Action_Recognition,eating,0,0,0,0,0,0,0,0,0,0,0,0,0,1,0,0,0,0,0,0
data/external/actions/human_action_recognition/train/004581_sitting.jpg,Bingsu/Human_Action_Recognition,sitting,0,1,0,0,0,0,0,0,0,0,0,0,0,0,0,0,1,0,0,0
data/external/actions/human_action_recognition/train/004582_eating.jpg,Bingsu/Human_Action_Recognition,eating,0,0,0,0,0,0,0,0,0,0,0,0,0,1,0,0,0,0,0,0
data/external/actions/human_action_recognition/train/004583_sitting.jpg,Bingsu/Human_Action_Recognition,sitting,0,1,0,0,0,0,0,0,0,0,0,0,0,0,0,0,1,0,0,0
data/external/actions/human_action_recognition/train/004584_sleeping.jpg,Bingsu/Human_Action_Recognition,sleeping,0,0,1,0,0,0,0,0,0,0,0,0,0,0,0,0,1,0,0,0
data/external/actions/human_action_recognition/train/004585_using_laptop.jpg,Bingsu/Human_Action_Recognition,using_laptop,0,1,0,0,0,0,0,0,0,0,0,0,1,0,0,0,1,0,0,0
data/external/actions/human_action_recognition/train/004586_drinking.jpg,Bingsu/Human_Action_Recognition,drinking,0,0,0,0,0,0,0,0,0,0,0,0,0,0,1,0,0,0,0,0
data/external/actions/human_action_recognition/train/004587_calling.jpg,Bingsu/Human_Action_Recognition,calling,1,0,0,0,0,0,0,0,0,0,0,0,0,0,0,0,1,0,0,0
data/external/actions/human_action_recognition/train/004588_using_laptop.jpg,Bingsu/Human_Action_Recognition,using_laptop,0,1,0,0,0,0,0,0,0,0,0,0,1,0,0,0,1,0,0,0
data/external/actions/human_action_recognition/train/004589_texting.jpg,Bingsu/Human_Action_Recognition,texting,0,1,0,0,0,0,0,0,0,0,0,0,0,0,0,0,1,0,0,0
data/external/actions/human_action_recognition/train/004590_listening_to_music.jpg,Bingsu/Human_Action_Recognition,listening_to_music,0,1,0,0,0,0,0,0,0,0,0,0,0,0,0,0,1,0,0,0
data/external/actions/human_action_recognition/train/004591_hugging.jpg,Bingsu/Human_Action_Recognition,hugging,1,0,0,0,0,0,0,0,0,0,0,0,0,0,0,0,1,0,0,0
data/external/actions/human_action_recognition/train/004592_laughing.jpg,Bingsu/Human_Action_Recognition,laughing,1,0,0,0,0,0,0,0,0,0,0,0,0,0,0,0,1,0,0,0
data/external/actions/human_action_recognition/train/004593_eating.jpg,Bingsu/Human_Action_Recognition,eating,0,0,0,0,0,0,0,0,0,0,0,0,0,1,0,0,0,0,0,0
data/external/actions/human_action_recognition/train/004594_laughing.jpg,Bingsu/Human_Action_Recognition,laughing,1,0,0,0,0,0,0,0,0,0,0,0,0,0,0,0,1,0,0,0
data/external/actions/human_action_recognition/train/004595_listening_to_music.jpg,Bingsu/Human_Action_Recognition,listening_to_music,0,1,0,0,0,0,0,0,0,0,0,0,0,0,0,0,1,0,0,0
data/external/actions/human_action_recognition/train/004596_clapping.jpg,Bingsu/Human_Action_Recognition,clapping,0,0,0,0,1,0,0,0,0,0,0,0,0,0,0,0,0,1,0,0
data/external/actions/human_action_recognition/train/004597_running.jpg,Bingsu/Human_Action_Recognition,running,0,0,0,0,0,0,1,0,0,0,0,0,0,0,0,0,0,1,1,0
data/external/actions/human_action_recognition/train/004598_running.jpg,Bingsu/Human_Action_Recognition,running,0,0,0,0,0,0,1,0,0,0,0,0,0,0,0,0,0,1,1,0
data/external/actions/human_action_recognition/train/004599_texting.jpg,Bingsu/Human_Action_Recognition,texting,0,1,0,0,0,0,0,0,0,0,0,0,0,0,0,0,1,0,0,0
data/external/actions/human_action_recognition/train/004600_using_laptop.jpg,Bingsu/Human_Action_Recognition,using_laptop,0,1,0,0,0,0,0,0,0,0,0,0,1,0,0,0,1,0,0,0
data/external/actions/human_action_recognition/train/004601_texting.jpg,Bingsu/Human_Action_Recognition,texting,0,1,0,0,0,0,0,0,0,0,0,0,0,0,0,0,1,0,0,0
data/external/actions/human_action_recognition/train/004602_cycling.jpg,Bingsu/Human_Action_Recognition,cycling,0,0,0,0,0,0,0,0,1,0,0,0,0,0,0,0,0,1,0,0
data/external/actions/human_action_recognition/train/004603_clapping.jpg,Bingsu/Human_Action_Recognition,clapping,0,0,0,0,1,0,0,0,0,0,0,0,0,0,0,0,0,1,0,0
data/external/actions/human_action_recognition/train/004604_texting.jpg,Bingsu/Human_Action_Recognition,texting,0,1,0,0,0,0,0,0,0,0,0,0,0,0,0,0,1,0,0,0
data/external/actions/human_action_recognition/train/004605_drinking.jpg,Bingsu/Human_Action_Recognition,drinking,0,0,0,0,0,0,0,0,0,0,0,0,0,0,1,0,0,0,0,0
data/external/actions/human_action_recognition/train/004606_eating.jpg,Bingsu/Human_Action_Recognition,eating,0,0,0,0,0,0,0,0,0,0,0,0,0,1,0,0,0,0,0,0
data/external/actions/human_action_recognition/train/004607_hugging.jpg,Bingsu/Human_Action_Recognition,hugging,1,0,0,0,0,0,0,0,0,0,0,0,0,0,0,0,1,0,0,0
data/external/actions/human_action_recognition/train/004608_laughing.jpg,Bingsu/Human_Action_Recognition,laughing,1,0,0,0,0,0,0,0,0,0,0,0,0,0,0,0,1,0,0,0
data/external/actions/human_action_recognition/train/004609_drinking.jpg,Bingsu/Human_Action_Recognition,drinking,0,0,0,0,0,0,0,0,0,0,0,0,0,0,1,0,0,0,0,0
data/external/actions/human_action_recognition/train/004610_fighting.jpg,Bingsu/Human_Action_Recognition,fighting,0,0,0,0,0,0,0,0,0,0,0,0,0,0,0,0,0,1,1,0
data/external/actions/human_action_recognition/train/004611_fighting.jpg,Bingsu/Human_Action_Recognition,fighting,0,0,0,0,0,0,0,0,0,0,0,0,0,0,0,0,0,1,1,0
data/external/actions/human_action_recognition/train/004612_clapping.jpg,Bingsu/Human_Action_Recognition,clapping,0,0,0,0,1,0,0,0,0,0,0,0,0,0,0,0,0,1,0,0
data/external/actions/human_action_recognition/train/004613_cycling.jpg,Bingsu/Human_Action_Recognition,cycling,0,0,0,0,0,0,0,0,1,0,0,0,0,0,0,0,0,1,0,0
data/external/actions/human_action_recognition/train/004614_drinking.jpg,Bingsu/Human_Action_Recognition,drinking,0,0,0,0,0,0,0,0,0,0,0,0,0,0,1,0,0,0,0,0
data/external/actions/human_action_recognition/train/004615_clapping.jpg,Bingsu/Human_Action_Recognition,clapping,0,0,0,0,1,0,0,0,0,0,0,0,0,0,0,0,0,1,0,0
data/external/actions/human_action_recognition/train/004616_laughing.jpg,Bingsu/Human_Action_Recognition,laughing,1,0,0,0,0,0,0,0,0,0,0,0,0,0,0,0,1,0,0,0
data/external/actions/human_action_recognition/train/004617_drinking.jpg,Bingsu/Human_Action_Recognition,drinking,0,0,0,0,0,0,0,0,0,0,0,0,0,0,1,0,0,0,0,0
data/external/actions/human_action_recognition/train/004618_laughing.jpg,Bingsu/Human_Action_Recognition,laughing,1,0,0,0,0,0,0,0,0,0,0,0,0,0,0,0,1,0,0,0
data/external/actions/human_action_recognition/train/004619_hugging.jpg,Bingsu/Human_Action_Recognition,hugging,1,0,0,0,0,0,0,0,0,0,0,0,0,0,0,0,1,0,0,0
data/external/actions/human_action_recognition/train/004620_sitting.jpg,Bingsu/Human_Action_Recognition,sitting,0,1,0,0,0,0,0,0,0,0,0,0,0,0,0,0,1,0,0,0
data/external/actions/human_action_recognition/train/004621_clapping.jpg,Bingsu/Human_Action_Recognition,clapping,0,0,0,0,1,0,0,0,0,0,0,0,0,0,0,0,0,1,0,0
data/external/actions/human_action_recognition/train/004622_using_laptop.jpg,Bingsu/Human_Action_Recognition,using_laptop,0,1,0,0,0,0,0,0,0,0,0,0,1,0,0,0,1,0,0,0
data/external/actions/human_action_recognition/train/004623_using_laptop.jpg,Bingsu/Human_Action_Recognition,using_laptop,0,1,0,0,0,0,0,0,0,0,0,0,1,0,0,0,1,0,0,0
data/external/actions/human_action_recognition/train/004624_listening_to_music.jpg,Bingsu/Human_Action_Recognition,listening_to_music,0,1,0,0,0,0,0,0,0,0,0,0,0,0,0,0,1,0,0,0
data/external/actions/human_action_recognition/train/004625_sleeping.jpg,Bingsu/Human_Action_Recognition,sleeping,0,0,1,0,0,0,0,0,0,0,0,0,0,0,0,0,1,0,0,0
data/external/actions/human_action_recognition/train/004626_sleeping.jpg,Bingsu/Human_Action_Recognition,sleeping,0,0,1,0,0,0,0,0,0,0,0,0,0,0,0,0,1,0,0,0
data/external/actions/human_action_recognition/train/004627_fighting.jpg,Bingsu/Human_Action_Recognition,fighting,0,0,0,0,0,0,0,0,0,0,0,0,0,0,0,0,0,1,1,0
data/external/actions/human_action_recognition/train/004628_texting.jpg,Bingsu/Human_Action_Recognition,texting,0,1,0,0,0,0,0,0,0,0,0,0,0,0,0,0,1,0,0,0
data/external/actions/human_action_recognition/train/004629_fighting.jpg,Bingsu/Human_Action_Recognition,fighting,0,0,0,0,0,0,0,0,0,0,0,0,0,0,0,0,0,1,1,0
data/external/actions/human_action_recognition/train/004630_listening_to_music.jpg,Bingsu/Human_Action_Recognition,listening_to_music,0,1,0,0,0,0,0,0,0,0,0,0,0,0,0,0,1,0,0,0
data/external/actions/human_action_recognition/train/004631_laughing.jpg,Bingsu/Human_Action_Recognition,laughing,1,0,0,0,0,0,0,0,0,0,0,0,0,0,0,0,1,0,0,0
data/external/actions/human_action_recognition/train/004632_running.jpg,Bingsu/Human_Action_Recognition,running,0,0,0,0,0,0,1,0,0,0,0,0,0,0,0,0,0,1,1,0
data/external/actions/human_action_recognition/train/004633_running.jpg,Bingsu/Human_Action_Recognition,running,0,0,0,0,0,0,1,0,0,0,0,0,0,0,0,0,0,1,1,0
data/external/actions/human_action_recognition/train/004634_eating.jpg,Bingsu/Human_Action_Recognition,eating,0,0,0,0,0,0,0,0,0,0,0,0,0,1,0,0,0,0,0,0
data/external/actions/human_action_recognition/train/004635_fighting.jpg,Bingsu/Human_Action_Recognition,fighting,0,0,0,0,0,0,0,0,0,0,0,0,0,0,0,0,0,1,1,0
data/external/actions/human_action_recognition/train/004636_fighting.jpg,Bingsu/Human_Action_Recognition,fighting,0,0,0,0,0,0,0,0,0,0,0,0,0,0,0,0,0,1,1,0
data/external/actions/human_action_recognition/train/004637_laughing.jpg,Bingsu/Human_Action_Recognition,laughing,1,0,0,0,0,0,0,0,0,0,0,0,0,0,0,0,1,0,0,0
data/external/actions/human_action_recognition/train/004638_laughing.jpg,Bingsu/Human_Action_Recognition,laughing,1,0,0,0,0,0,0,0,0,0,0,0,0,0,0,0,1,0,0,0
data/external/actions/human_action_recognition/train/004639_hugging.jpg,Bingsu/Human_Action_Recognition,hugging,1,0,0,0,0,0,0,0,0,0,0,0,0,0,0,0,1,0,0,0
data/external/actions/human_action_recognition/train/004640_clapping.jpg,Bingsu/Human_Action_Recognition,clapping,0,0,0,0,1,0,0,0,0,0,0,0,0,0,0,0,0,1,0,0
data/external/actions/human_action_recognition/train/004641_calling.jpg,Bingsu/Human_Action_Recognition,calling,1,0,0,0,0,0,0,0,0,0,0,0,0,0,0,0,1,0,0,0
data/external/actions/human_action_recognition/train/004642_calling.jpg,Bingsu/Human_Action_Recognition,calling,1,0,0,0,0,0,0,0,0,0,0,0,0,0,0,0,1,0,0,0
data/external/actions/human_action_recognition/train/004643_fighting.jpg,Bingsu/Human_Action_Recognition,fighting,0,0,0,0,0,0,0,0,0,0,0,0,0,0,0,0,0,1,1,0
data/external/actions/human_action_recognition/train/004644_eating.jpg,Bingsu/Human_Action_Recognition,eating,0,0,0,0,0,0,0,0,0,0,0,0,0,1,0,0,0,0,0,0
data/external/actions/human_action_recognition/train/004645_calling.jpg,Bingsu/Human_Action_Recognition,calling,1,0,0,0,0,0,0,0,0,0,0,0,0,0,0,0,1,0,0,0
data/external/actions/human_action_recognition/train/004646_clapping.jpg,Bingsu/Human_Action_Recognition,clapping,0,0,0,0,1,0,0,0,0,0,0,0,0,0,0,0,0,1,0,0
data/external/actions/human_action_recognition/train/004647_fighting.jpg,Bingsu/Human_Action_Recognition,fighting,0,0,0,0,0,0,0,0,0,0,0,0,0,0,0,0,0,1,1,0
data/external/actions/human_action_recognition/train/004648_texting.jpg,Bingsu/Human_Action_Recognition,texting,0,1,0,0,0,0,0,0,0,0,0,0,0,0,0,0,1,0,0,0
data/external/actions/human_action_recognition/train/004649_texting.jpg,Bingsu/Human_Action_Recognition,texting,0,1,0,0,0,0,0,0,0,0,0,0,0,0,0,0,1,0,0,0
data/external/actions/human_action_recognition/train/004650_dancing.jpg,Bingsu/Human_Action_Recognition,dancing,0,0,0,0,0,0,0,0,0,0,1,0,0,0,0,0,0,1,0,0
data/external/actions/human_action_recognition/train/004651_hugging.jpg,Bingsu/Human_Action_Recognition,hugging,1,0,0,0,0,0,0,0,0,0,0,0,0,0,0,0,1,0,0,0
data/external/actions/human_action_recognition/train/004652_listening_to_music.jpg,Bingsu/Human_Action_Recognition,listening_to_music,0,1,0,0,0,0,0,0,0,0,0,0,0,0,0,0,1,0,0,0
data/external/actions/human_action_recognition/train/004653_dancing.jpg,Bingsu/Human_Action_Recognition,dancing,0,0,0,0,0,0,0,0,0,0,1,0,0,0,0,0,0,1,0,0
data/external/actions/human_action_recognition/train/004654_using_laptop.jpg,Bingsu/Human_Action_Recognition,using_laptop,0,1,0,0,0,0,0,0,0,0,0,0,1,0,0,0,1,0,0,0
data/external/actions/human_action_recognition/train/004655_cycling.jpg,Bingsu/Human_Action_Recognition,cycling,0,0,0,0,0,0,0,0,1,0,0,0,0,0,0,0,0,1,0,0
data/external/actions/human_action_recognition/train/004656_sleeping.jpg,Bingsu/Human_Action_Recognition,sleeping,0,0,1,0,0,0,0,0,0,0,0,0,0,0,0,0,1,0,0,0
data/external/actions/human_action_recognition/train/004657_drinking.jpg,Bingsu/Human_Action_Recognition,drinking,0,0,0,0,0,0,0,0,0,0,0,0,0,0,1,0,0,0,0,0
data/external/actions/human_action_recognition/train/004658_sleeping.jpg,Bingsu/Human_Action_Recognition,sleeping,0,0,1,0,0,0,0,0,0,0,0,0,0,0,0,0,1,0,0,0
data/external/actions/human_action_recognition/train/004659_sitting.jpg,Bingsu/Human_Action_Recognition,sitting,0,1,0,0,0,0,0,0,0,0,0,0,0,0,0,0,1,0,0,0
data/external/actions/human_action_recognition/train/004660_drinking.jpg,Bingsu/Human_Action_Recognition,drinking,0,0,0,0,0,0,0,0,0,0,0,0,0,0,1,0,0,0,0,0
data/external/actions/human_action_recognition/train/004661_sleeping.jpg,Bingsu/Human_Action_Recognition,sleeping,0,0,1,0,0,0,0,0,0,0,0,0,0,0,0,0,1,0,0,0
data/external/actions/human_action_recognition/train/004662_eating.jpg,Bingsu/Human_Action_Recognition,eating,0,0,0,0,0,0,0,0,0,0,0,0,0,1,0,0,0,0,0,0
data/external/actions/human_action_recognition/train/004663_calling.jpg,Bingsu/Human_Action_Recognition,calling,1,0,0,0,0,0,0,0,0,0,0,0,0,0,0,0,1,0,0,0
data/external/actions/human_action_recognition/train/004664_eating.jpg,Bingsu/Human_Action_Recognition,eating,0,0,0,0,0,0,0,0,0,0,0,0,0,1,0,0,0,0,0,0
data/external/actions/human_action_recognition/train/004665_texting.jpg,Bingsu/Human_Action_Recognition,texting,0,1,0,0,0,0,0,0,0,0,0,0,0,0,0,0,1,0,0,0
data/external/actions/human_action_recognition/train/004666_sleeping.jpg,Bingsu/Human_Action_Recognition,sleeping,0,0,1,0,0,0,0,0,0,0,0,0,0,0,0,0,1,0,0,0
data/external/actions/human_action_recognition/train/004667_clapping.jpg,Bingsu/Human_Action_Recognition,clapping,0,0,0,0,1,0,0,0,0,0,0,0,0,0,0,0,0,1,0,0
data/external/actions/human_action_recognition/train/004668_sleeping.jpg,Bingsu/Human_Action_Recognition,sleeping,0,0,1,0,0,0,0,0,0,0,0,0,0,0,0,0,1,0,0,0
data/external/actions/human_action_recognition/train/004669_running.jpg,Bingsu/Human_Action_Recognition,running,0,0,0,0,0,0,1,0,0,0,0,0,0,0,0,0,0,1,1,0
data/external/actions/human_action_recognition/train/004670_fighting.jpg,Bingsu/Human_Action_Recognition,fighting,0,0,0,0,0,0,0,0,0,0,0,0,0,0,0,0,0,1,1,0
data/external/actions/human_action_recognition/train/004671_sleeping.jpg,Bingsu/Human_Action_Recognition,sleeping,0,0,1,0,0,0,0,0,0,0,0,0,0,0,0,0,1,0,0,0
data/external/actions/human_action_recognition/train/004672_sitting.jpg,Bingsu/Human_Action_Recognition,sitting,0,1,0,0,0,0,0,0,0,0,0,0,0,0,0,0,1,0,0,0
data/external/actions/human_action_recognition/train/004673_calling.jpg,Bingsu/Human_Action_Recognition,calling,1,0,0,0,0,0,0,0,0,0,0,0,0,0,0,0,1,0,0,0
data/external/actions/human_action_recognition/train/004674_sitting.jpg,Bingsu/Human_Action_Recognition,sitting,0,1,0,0,0,0,0,0,0,0,0,0,0,0,0,0,1,0,0,0
data/external/actions/human_action_recognition/train/004675_sleeping.jpg,Bingsu/Human_Action_Recognition,sleeping,0,0,1,0,0,0,0,0,0,0,0,0,0,0,0,0,1,0,0,0
data/external/actions/human_action_recognition/train/004676_clapping.jpg,Bingsu/Human_Action_Recognition,clapping,0,0,0,0,1,0,0,0,0,0,0,0,0,0,0,0,0,1,0,0
data/external/actions/human_action_recognition/train/004677_eating.jpg,Bingsu/Human_Action_Recognition,eating,0,0,0,0,0,0,0,0,0,0,0,0,0,1,0,0,0,0,0,0
data/external/actions/human_action_recognition/train/004678_drinking.jpg,Bingsu/Human_Action_Recognition,drinking,0,0,0,0,0,0,0,0,0,0,0,0,0,0,1,0,0,0,0,0
data/external/actions/human_action_recognition/train/004679_eating.jpg,Bingsu/Human_Action_Recognition,eating,0,0,0,0,0,0,0,0,0,0,0,0,0,1,0,0,0,0,0,0
data/external/actions/human_action_recognition/train/004680_dancing.jpg,Bingsu/Human_Action_Recognition,dancing,0,0,0,0,0,0,0,0,0,0,1,0,0,0,0,0,0,1,0,0
data/external/actions/human_action_recognition/train/004681_hugging.jpg,Bingsu/Human_Action_Recognition,hugging,1,0,0,0,0,0,0,0,0,0,0,0,0,0,0,0,1,0,0,0
data/external/actions/human_action_recognition/train/004682_dancing.jpg,Bingsu/Human_Action_Recognition,dancing,0,0,0,0,0,0,0,0,0,0,1,0,0,0,0,0,0,1,0,0
data/external/actions/human_action_recognition/train/004683_running.jpg,Bingsu/Human_Action_Recognition,running,0,0,0,0,0,0,1,0,0,0,0,0,0,0,0,0,0,1,1,0
data/external/actions/human_action_recognition/train/004684_clapping.jpg,Bingsu/Human_Action_Recognition,clapping,0,0,0,0,1,0,0,0,0,0,0,0,0,0,0,0,0,1,0,0
data/external/actions/human_action_recognition/train/004685_eating.jpg,Bingsu/Human_Action_Recognition,eating,0,0,0,0,0,0,0,0,0,0,0,0,0,1,0,0,0,0,0,0
data/external/actions/human_action_recognition/train/004686_calling.jpg,Bingsu/Human_Action_Recognition,calling,1,0,0,0,0,0,0,0,0,0,0,0,0,0,0,0,1,0,0,0
data/external/actions/human_action_recognition/train/004687_listening_to_music.jpg,Bingsu/Human_Action_Recognition,listening_to_music,0,1,0,0,0,0,0,0,0,0,0,0,0,0,0,0,1,0,0,0
data/external/actions/human_action_recognition/train/004688_hugging.jpg,Bingsu/Human_Action_Recognition,hugging,1,0,0,0,0,0,0,0,0,0,0,0,0,0,0,0,1,0,0,0
data/external/actions/human_action_recognition/train/004689_hugging.jpg,Bingsu/Human_Action_Recognition,hugging,1,0,0,0,0,0,0,0,0,0,0,0,0,0,0,0,1,0,0,0
data/external/actions/human_action_recognition/train/004690_using_laptop.jpg,Bingsu/Human_Action_Recognition,using_laptop,0,1,0,0,0,0,0,0,0,0,0,0,1,0,0,0,1,0,0,0
data/external/actions/human_action_recognition/train/004691_sleeping.jpg,Bingsu/Human_Action_Recognition,sleeping,0,0,1,0,0,0,0,0,0,0,0,0,0,0,0,0,1,0,0,0
data/external/actions/human_action_recognition/train/004692_calling.jpg,Bingsu/Human_Action_Recognition,calling,1,0,0,0,0,0,0,0,0,0,0,0,0,0,0,0,1,0,0,0
data/external/actions/human_action_recognition/train/004693_running.jpg,Bingsu/Human_Action_Recognition,running,0,0,0,0,0,0,1,0,0,0,0,0,0,0,0,0,0,1,1,0
data/external/actions/human_action_recognition/train/004694_fighting.jpg,Bingsu/Human_Action_Recognition,fighting,0,0,0,0,0,0,0,0,0,0,0,0,0,0,0,0,0,1,1,0
data/external/actions/human_action_recognition/train/004695_running.jpg,Bingsu/Human_Action_Recognition,running,0,0,0,0,0,0,1,0,0,0,0,0,0,0,0,0,0,1,1,0
data/external/actions/human_action_recognition/train/004696_eating.jpg,Bingsu/Human_Action_Recognition,eating,0,0,0,0,0,0,0,0,0,0,0,0,0,1,0,0,0,0,0,0
data/external/actions/human_action_recognition/train/004697_hugging.jpg,Bingsu/Human_Action_Recognition,hugging,1,0,0,0,0,0,0,0,0,0,0,0,0,0,0,0,1,0,0,0
data/external/actions/human_action_recognition/train/004698_dancing.jpg,Bingsu/Human_Action_Recognition,dancing,0,0,0,0,0,0,0,0,0,0,1,0,0,0,0,0,0,1,0,0
data/external/actions/human_action_recognition/train/004699_calling.jpg,Bingsu/Human_Action_Recognition,calling,1,0,0,0,0,0,0,0,0,0,0,0,0,0,0,0,1,0,0,0
data/external/actions/human_action_recognition/train/004700_calling.jpg,Bingsu/Human_Action_Recognition,calling,1,0,0,0,0,0,0,0,0,0,0,0,0,0,0,0,1,0,0,0
data/external/actions/human_action_recognition/train/004701_calling.jpg,Bingsu/Human_Action_Recognition,calling,1,0,0,0,0,0,0,0,0,0,0,0,0,0,0,0,1,0,0,0
data/external/actions/human_action_recognition/train/004702_cycling.jpg,Bingsu/Human_Action_Recognition,cycling,0,0,0,0,0,0,0,0,1,0,0,0,0,0,0,0,0,1,0,0
data/external/actions/human_action_recognition/train/004703_listening_to_music.jpg,Bingsu/Human_Action_Recognition,listening_to_music,0,1,0,0,0,0,0,0,0,0,0,0,0,0,0,0,1,0,0,0
data/external/actions/human_action_recognition/train/004704_sitting.jpg,Bingsu/Human_Action_Recognition,sitting,0,1,0,0,0,0,0,0,0,0,0,0,0,0,0,0,1,0,0,0
data/external/actions/human_action_recognition/train/004705_drinking.jpg,Bingsu/Human_Action_Recognition,drinking,0,0,0,0,0,0,0,0,0,0,0,0,0,0,1,0,0,0,0,0
data/external/actions/human_action_recognition/train/004706_laughing.jpg,Bingsu/Human_Action_Recognition,laughing,1,0,0,0,0,0,0,0,0,0,0,0,0,0,0,0,1,0,0,0
data/external/actions/human_action_recognition/train/004707_using_laptop.jpg,Bingsu/Human_Action_Recognition,using_laptop,0,1,0,0,0,0,0,0,0,0,0,0,1,0,0,0,1,0,0,0
data/external/actions/human_action_recognition/train/004708_fighting.jpg,Bingsu/Human_Action_Recognition,fighting,0,0,0,0,0,0,0,0,0,0,0,0,0,0,0,0,0,1,1,0
data/external/actions/human_action_recognition/train/004709_hugging.jpg,Bingsu/Human_Action_Recognition,hugging,1,0,0,0,0,0,0,0,0,0,0,0,0,0,0,0,1,0,0,0
data/external/actions/human_action_recognition/train/004710_sitting.jpg,Bingsu/Human_Action_Recognition,sitting,0,1,0,0,0,0,0,0,0,0,0,0,0,0,0,0,1,0,0,0
data/external/actions/human_action_recognition/train/004711_fighting.jpg,Bingsu/Human_Action_Recognition,fighting,0,0,0,0,0,0,0,0,0,0,0,0,0,0,0,0,0,1,1,0
data/external/actions/human_action_recognition/train/004712_sitting.jpg,Bingsu/Human_Action_Recognition,sitting,0,1,0,0,0,0,0,0,0,0,0,0,0,0,0,0,1,0,0,0
data/external/actions/human_action_recognition/train/004713_cycling.jpg,Bingsu/Human_Action_Recognition,cycling,0,0,0,0,0,0,0,0,1,0,0,0,0,0,0,0,0,1,0,0
data/external/actions/human_action_recognition/train/004714_texting.jpg,Bingsu/Human_Action_Recognition,texting,0,1,0,0,0,0,0,0,0,0,0,0,0,0,0,0,1,0,0,0
data/external/actions/human_action_recognition/train/004715_listening_to_music.jpg,Bingsu/Human_Action_Recognition,listening_to_music,0,1,0,0,0,0,0,0,0,0,0,0,0,0,0,0,1,0,0,0
data/external/actions/human_action_recognition/train/004716_sleeping.jpg,Bingsu/Human_Action_Recognition,sleeping,0,0,1,0,0,0,0,0,0,0,0,0,0,0,0,0,1,0,0,0
data/external/actions/human_action_recognition/train/004717_clapping.jpg,Bingsu/Human_Action_Recognition,clapping,0,0,0,0,1,0,0,0,0,0,0,0,0,0,0,0,0,1,0,0
data/external/actions/human_action_recognition/train/004718_using_laptop.jpg,Bingsu/Human_Action_Recognition,using_laptop,0,1,0,0,0,0,0,0,0,0,0,0,1,0,0,0,1,0,0,0
data/external/actions/human_action_recognition/train/004719_running.jpg,Bingsu/Human_Action_Recognition,running,0,0,0,0,0,0,1,0,0,0,0,0,0,0,0,0,0,1,1,0
data/external/actions/human_action_recognition/train/004720_laughing.jpg,Bingsu/Human_Action_Recognition,laughing,1,0,0,0,0,0,0,0,0,0,0,0,0,0,0,0,1,0,0,0
data/external/actions/human_action_recognition/train/004721_cycling.jpg,Bingsu/Human_Action_Recognition,cycling,0,0,0,0,0,0,0,0,1,0,0,0,0,0,0,0,0,1,0,0
data/external/actions/human_action_recognition/train/004722_drinking.jpg,Bingsu/Human_Action_Recognition,drinking,0,0,0,0,0,0,0,0,0,0,0,0,0,0,1,0,0,0,0,0
data/external/actions/human_action_recognition/train/004723_hugging.jpg,Bingsu/Human_Action_Recognition,hugging,1,0,0,0,0,0,0,0,0,0,0,0,0,0,0,0,1,0,0,0
data/external/actions/human_action_recognition/train/004724_running.jpg,Bingsu/Human_Action_Recognition,running,0,0,0,0,0,0,1,0,0,0,0,0,0,0,0,0,0,1,1,0
data/external/actions/human_action_recognition/train/004725_cycling.jpg,Bingsu/Human_Action_Recognition,cycling,0,0,0,0,0,0,0,0,1,0,0,0,0,0,0,0,0,1,0,0
data/external/actions/human_action_recognition/train/004726_eating.jpg,Bingsu/Human_Action_Recognition,eating,0,0,0,0,0,0,0,0,0,0,0,0,0,1,0,0,0,0,0,0
data/external/actions/human_action_recognition/train/004727_hugging.jpg,Bingsu/Human_Action_Recognition,hugging,1,0,0,0,0,0,0,0,0,0,0,0,0,0,0,0,1,0,0,0
data/external/actions/human_action_recognition/train/004728_using_laptop.jpg,Bingsu/Human_Action_Recognition,using_laptop,0,1,0,0,0,0,0,0,0,0,0,0,1,0,0,0,1,0,0,0
data/external/actions/human_action_recognition/train/004729_eating.jpg,Bingsu/Human_Action_Recognition,eating,0,0,0,0,0,0,0,0,0,0,0,0,0,1,0,0,0,0,0,0
data/external/actions/human_action_recognition/train/004730_running.jpg,Bingsu/Human_Action_Recognition,running,0,0,0,0,0,0,1,0,0,0,0,0,0,0,0,0,0,1,1,0
data/external/actions/human_action_recognition/train/004731_running.jpg,Bingsu/Human_Action_Recognition,running,0,0,0,0,0,0,1,0,0,0,0,0,0,0,0,0,0,1,1,0
data/external/actions/human_action_recognition/train/004732_texting.jpg,Bingsu/Human_Action_Recognition,texting,0,1,0,0,0,0,0,0,0,0,0,0,0,0,0,0,1,0,0,0
data/external/actions/human_action_recognition/train/004733_drinking.jpg,Bingsu/Human_Action_Recognition,drinking,0,0,0,0,0,0,0,0,0,0,0,0,0,0,1,0,0,0,0,0
data/external/actions/human_action_recognition/train/004734_sitting.jpg,Bingsu/Human_Action_Recognition,sitting,0,1,0,0,0,0,0,0,0,0,0,0,0,0,0,0,1,0,0,0
data/external/actions/human_action_recognition/train/004735_calling.jpg,Bingsu/Human_Action_Recognition,calling,1,0,0,0,0,0,0,0,0,0,0,0,0,0,0,0,1,0,0,0
data/external/actions/human_action_recognition/train/004736_listening_to_music.jpg,Bingsu/Human_Action_Recognition,listening_to_music,0,1,0,0,0,0,0,0,0,0,0,0,0,0,0,0,1,0,0,0
data/external/actions/human_action_recognition/train/004737_using_laptop.jpg,Bingsu/Human_Action_Recognition,using_laptop,0,1,0,0,0,0,0,0,0,0,0,0,1,0,0,0,1,0,0,0
data/external/actions/human_action_recognition/train/004738_eating.jpg,Bingsu/Human_Action_Recognition,eating,0,0,0,0,0,0,0,0,0,0,0,0,0,1,0,0,0,0,0,0
data/external/actions/human_action_recognition/train/004739_texting.jpg,Bingsu/Human_Action_Recognition,texting,0,1,0,0,0,0,0,0,0,0,0,0,0,0,0,0,1,0,0,0
data/external/actions/human_action_recognition/train/004740_cycling.jpg,Bingsu/Human_Action_Recognition,cycling,0,0,0,0,0,0,0,0,1,0,0,0,0,0,0,0,0,1,0,0
data/external/actions/human_action_recognition/train/004741_calling.jpg,Bingsu/Human_Action_Recognition,calling,1,0,0,0,0,0,0,0,0,0,0,0,0,0,0,0,1,0,0,0
data/external/actions/human_action_recognition/train/004742_laughing.jpg,Bingsu/Human_Action_Recognition,laughing,1,0,0,0,0,0,0,0,0,0,0,0,0,0,0,0,1,0,0,0
data/external/actions/human_action_recognition/train/004743_sitting.jpg,Bingsu/Human_Action_Recognition,sitting,0,1,0,0,0,0,0,0,0,0,0,0,0,0,0,0,1,0,0,0
data/external/actions/human_action_recognition/train/004744_laughing.jpg,Bingsu/Human_Action_Recognition,laughing,1,0,0,0,0,0,0,0,0,0,0,0,0,0,0,0,1,0,0,0
data/external/actions/human_action_recognition/train/004745_running.jpg,Bingsu/Human_Action_Recognition,running,0,0,0,0,0,0,1,0,0,0,0,0,0,0,0,0,0,1,1,0
data/external/actions/human_action_recognition/train/004746_clapping.jpg,Bingsu/Human_Action_Recognition,clapping,0,0,0,0,1,0,0,0,0,0,0,0,0,0,0,0,0,1,0,0
data/external/actions/human_action_recognition/train/004747_drinking.jpg,Bingsu/Human_Action_Recognition,drinking,0,0,0,0,0,0,0,0,0,0,0,0,0,0,1,0,0,0,0,0
data/external/actions/human_action_recognition/train/004748_calling.jpg,Bingsu/Human_Action_Recognition,calling,1,0,0,0,0,0,0,0,0,0,0,0,0,0,0,0,1,0,0,0
data/external/actions/human_action_recognition/train/004749_calling.jpg,Bingsu/Human_Action_Recognition,calling,1,0,0,0,0,0,0,0,0,0,0,0,0,0,0,0,1,0,0,0
data/external/actions/human_action_recognition/train/004750_using_laptop.jpg,Bingsu/Human_Action_Recognition,using_laptop,0,1,0,0,0,0,0,0,0,0,0,0,1,0,0,0,1,0,0,0
data/external/actions/human_action_recognition/train/004751_laughing.jpg,Bingsu/Human_Action_Recognition,laughing,1,0,0,0,0,0,0,0,0,0,0,0,0,0,0,0,1,0,0,0
data/external/actions/human_action_recognition/train/004752_hugging.jpg,Bingsu/Human_Action_Recognition,hugging,1,0,0,0,0,0,0,0,0,0,0,0,0,0,0,0,1,0,0,0
data/external/actions/human_action_recognition/train/004753_drinking.jpg,Bingsu/Human_Action_Recognition,drinking,0,0,0,0,0,0,0,0,0,0,0,0,0,0,1,0,0,0,0,0
data/external/actions/human_action_recognition/train/004754_hugging.jpg,Bingsu/Human_Action_Recognition,hugging,1,0,0,0,0,0,0,0,0,0,0,0,0,0,0,0,1,0,0,0
data/external/actions/human_action_recognition/train/004755_hugging.jpg,Bingsu/Human_Action_Recognition,hugging,1,0,0,0,0,0,0,0,0,0,0,0,0,0,0,0,1,0,0,0
data/external/actions/human_action_recognition/train/004756_hugging.jpg,Bingsu/Human_Action_Recognition,hugging,1,0,0,0,0,0,0,0,0,0,0,0,0,0,0,0,1,0,0,0
data/external/actions/human_action_recognition/train/004757_sitting.jpg,Bingsu/Human_Action_Recognition,sitting,0,1,0,0,0,0,0,0,0,0,0,0,0,0,0,0,1,0,0,0
data/external/actions/human_action_recognition/train/004758_fighting.jpg,Bingsu/Human_Action_Recognition,fighting,0,0,0,0,0,0,0,0,0,0,0,0,0,0,0,0,0,1,1,0
data/external/actions/human_action_recognition/train/004759_clapping.jpg,Bingsu/Human_Action_Recognition,clapping,0,0,0,0,1,0,0,0,0,0,0,0,0,0,0,0,0,1,0,0
data/external/actions/human_action_recognition/train/004760_clapping.jpg,Bingsu/Human_Action_Recognition,clapping,0,0,0,0,1,0,0,0,0,0,0,0,0,0,0,0,0,1,0,0
data/external/actions/human_action_recognition/train/004761_hugging.jpg,Bingsu/Human_Action_Recognition,hugging,1,0,0,0,0,0,0,0,0,0,0,0,0,0,0,0,1,0,0,0
data/external/actions/human_action_recognition/train/004762_using_laptop.jpg,Bingsu/Human_Action_Recognition,using_laptop,0,1,0,0,0,0,0,0,0,0,0,0,1,0,0,0,1,0,0,0
data/external/actions/human_action_recognition/train/004763_eating.jpg,Bingsu/Human_Action_Recognition,eating,0,0,0,0,0,0,0,0,0,0,0,0,0,1,0,0,0,0,0,0
data/external/actions/human_action_recognition/train/004764_using_laptop.jpg,Bingsu/Human_Action_Recognition,using_laptop,0,1,0,0,0,0,0,0,0,0,0,0,1,0,0,0,1,0,0,0
data/external/actions/human_action_recognition/train/004765_texting.jpg,Bingsu/Human_Action_Recognition,texting,0,1,0,0,0,0,0,0,0,0,0,0,0,0,0,0,1,0,0,0
data/external/actions/human_action_recognition/train/004766_laughing.jpg,Bingsu/Human_Action_Recognition,laughing,1,0,0,0,0,0,0,0,0,0,0,0,0,0,0,0,1,0,0,0
data/external/actions/human_action_recognition/train/004767_drinking.jpg,Bingsu/Human_Action_Recognition,drinking,0,0,0,0,0,0,0,0,0,0,0,0,0,0,1,0,0,0,0,0
data/external/actions/human_action_recognition/train/004768_drinking.jpg,Bingsu/Human_Action_Recognition,drinking,0,0,0,0,0,0,0,0,0,0,0,0,0,0,1,0,0,0,0,0
data/external/actions/human_action_recognition/train/004769_listening_to_music.jpg,Bingsu/Human_Action_Recognition,listening_to_music,0,1,0,0,0,0,0,0,0,0,0,0,0,0,0,0,1,0,0,0
data/external/actions/human_action_recognition/train/004770_using_laptop.jpg,Bingsu/Human_Action_Recognition,using_laptop,0,1,0,0,0,0,0,0,0,0,0,0,1,0,0,0,1,0,0,0
data/external/actions/human_action_recognition/train/004771_fighting.jpg,Bingsu/Human_Action_Recognition,fighting,0,0,0,0,0,0,0,0,0,0,0,0,0,0,0,0,0,1,1,0
data/external/actions/human_action_recognition/train/004772_calling.jpg,Bingsu/Human_Action_Recognition,calling,1,0,0,0,0,0,0,0,0,0,0,0,0,0,0,0,1,0,0,0
data/external/actions/human_action_recognition/train/004773_hugging.jpg,Bingsu/Human_Action_Recognition,hugging,1,0,0,0,0,0,0,0,0,0,0,0,0,0,0,0,1,0,0,0
data/external/actions/human_action_recognition/train/004774_calling.jpg,Bingsu/Human_Action_Recognition,calling,1,0,0,0,0,0,0,0,0,0,0,0,0,0,0,0,1,0,0,0
data/external/actions/human_action_recognition/train/004775_clapping.jpg,Bingsu/Human_Action_Recognition,clapping,0,0,0,0,1,0,0,0,0,0,0,0,0,0,0,0,0,1,0,0
data/external/actions/human_action_recognition/train/004776_sitting.jpg,Bingsu/Human_Action_Recognition,sitting,0,1,0,0,0,0,0,0,0,0,0,0,0,0,0,0,1,0,0,0
data/external/actions/human_action_recognition/train/004777_listening_to_music.jpg,Bingsu/Human_Action_Recognition,listening_to_music,0,1,0,0,0,0,0,0,0,0,0,0,0,0,0,0,1,0,0,0
data/external/actions/human_action_recognition/train/004778_hugging.jpg,Bingsu/Human_Action_Recognition,hugging,1,0,0,0,0,0,0,0,0,0,0,0,0,0,0,0,1,0,0,0
data/external/actions/human_action_recognition/train/004779_sitting.jpg,Bingsu/Human_Action_Recognition,sitting,0,1,0,0,0,0,0,0,0,0,0,0,0,0,0,0,1,0,0,0
data/external/actions/human_action_recognition/train/004780_eating.jpg,Bingsu/Human_Action_Recognition,eating,0,0,0,0,0,0,0,0,0,0,0,0,0,1,0,0,0,0,0,0
data/external/actions/human_action_recognition/train/004781_listening_to_music.jpg,Bingsu/Human_Action_Recognition,listening_to_music,0,1,0,0,0,0,0,0,0,0,0,0,0,0,0,0,1,0,0,0
data/external/actions/human_action_recognition/train/004782_dancing.jpg,Bingsu/Human_Action_Recognition,dancing,0,0,0,0,0,0,0,0,0,0,1,0,0,0,0,0,0,1,0,0
data/external/actions/human_action_recognition/train/004783_fighting.jpg,Bingsu/Human_Action_Recognition,fighting,0,0,0,0,0,0,0,0,0,0,0,0,0,0,0,0,0,1,1,0
data/external/actions/human_action_recognition/train/004784_running.jpg,Bingsu/Human_Action_Recognition,running,0,0,0,0,0,0,1,0,0,0,0,0,0,0,0,0,0,1,1,0
data/external/actions/human_action_recognition/train/004785_sleeping.jpg,Bingsu/Human_Action_Recognition,sleeping,0,0,1,0,0,0,0,0,0,0,0,0,0,0,0,0,1,0,0,0
data/external/actions/human_action_recognition/train/004786_sitting.jpg,Bingsu/Human_Action_Recognition,sitting,0,1,0,0,0,0,0,0,0,0,0,0,0,0,0,0,1,0,0,0
data/external/actions/human_action_recognition/train/004787_cycling.jpg,Bingsu/Human_Action_Recognition,cycling,0,0,0,0,0,0,0,0,1,0,0,0,0,0,0,0,0,1,0,0
data/external/actions/human_action_recognition/train/004788_sleeping.jpg,Bingsu/Human_Action_Recognition,sleeping,0,0,1,0,0,0,0,0,0,0,0,0,0,0,0,0,1,0,0,0
data/external/actions/human_action_recognition/train/004789_running.jpg,Bingsu/Human_Action_Recognition,running,0,0,0,0,0,0,1,0,0,0,0,0,0,0,0,0,0,1,1,0
data/external/actions/human_action_recognition/train/004790_running.jpg,Bingsu/Human_Action_Recognition,running,0,0,0,0,0,0,1,0,0,0,0,0,0,0,0,0,0,1,1,0
data/external/actions/human_action_recognition/train/004791_calling.jpg,Bingsu/Human_Action_Recognition,calling,1,0,0,0,0,0,0,0,0,0,0,0,0,0,0,0,1,0,0,0
data/external/actions/human_action_recognition/train/004792_sleeping.jpg,Bingsu/Human_Action_Recognition,sleeping,0,0,1,0,0,0,0,0,0,0,0,0,0,0,0,0,1,0,0,0
data/external/actions/human_action_recognition/train/004793_laughing.jpg,Bingsu/Human_Action_Recognition,laughing,1,0,0,0,0,0,0,0,0,0,0,0,0,0,0,0,1,0,0,0
data/external/actions/human_action_recognition/train/004794_calling.jpg,Bingsu/Human_Action_Recognition,calling,1,0,0,0,0,0,0,0,0,0,0,0,0,0,0,0,1,0,0,0
data/external/actions/human_action_recognition/train/004795_calling.jpg,Bingsu/Human_Action_Recognition,calling,1,0,0,0,0,0,0,0,0,0,0,0,0,0,0,0,1,0,0,0
data/external/actions/human_action_recognition/train/004796_laughing.jpg,Bingsu/Human_Action_Recognition,laughing,1,0,0,0,0,0,0,0,0,0,0,0,0,0,0,0,1,0,0,0
data/external/actions/human_action_recognition/train/004797_calling.jpg,Bingsu/Human_Action_Recognition,calling,1,0,0,0,0,0,0,0,0,0,0,0,0,0,0,0,1,0,0,0
data/external/actions/human_action_recognition/train/004798_cycling.jpg,Bingsu/Human_Action_Recognition,cycling,0,0,0,0,0,0,0,0,1,0,0,0,0,0,0,0,0,1,0,0
data/external/actions/human_action_recognition/train/004799_texting.jpg,Bingsu/Human_Action_Recognition,texting,0,1,0,0,0,0,0,0,0,0,0,0,0,0,0,0,1,0,0,0
data/external/actions/human_action_recognition/train/004800_using_laptop.jpg,Bingsu/Human_Action_Recognition,using_laptop,0,1,0,0,0,0,0,0,0,0,0,0,1,0,0,0,1,0,0,0
data/external/actions/human_action_recognition/train/004801_calling.jpg,Bingsu/Human_Action_Recognition,calling,1,0,0,0,0,0,0,0,0,0,0,0,0,0,0,0,1,0,0,0
data/external/actions/human_action_recognition/train/004802_texting.jpg,Bingsu/Human_Action_Recognition,texting,0,1,0,0,0,0,0,0,0,0,0,0,0,0,0,0,1,0,0,0
data/external/actions/human_action_recognition/train/004803_texting.jpg,Bingsu/Human_Action_Recognition,texting,0,1,0,0,0,0,0,0,0,0,0,0,0,0,0,0,1,0,0,0
data/external/actions/human_action_recognition/train/004804_dancing.jpg,Bingsu/Human_Action_Recognition,dancing,0,0,0,0,0,0,0,0,0,0,1,0,0,0,0,0,0,1,0,0
data/external/actions/human_action_recognition/train/004805_drinking.jpg,Bingsu/Human_Action_Recognition,drinking,0,0,0,0,0,0,0,0,0,0,0,0,0,0,1,0,0,0,0,0
data/external/actions/human_action_recognition/train/004806_fighting.jpg,Bingsu/Human_Action_Recognition,fighting,0,0,0,0,0,0,0,0,0,0,0,0,0,0,0,0,0,1,1,0
data/external/actions/human_action_recognition/train/004807_hugging.jpg,Bingsu/Human_Action_Recognition,hugging,1,0,0,0,0,0,0,0,0,0,0,0,0,0,0,0,1,0,0,0
data/external/actions/human_action_recognition/train/004808_fighting.jpg,Bingsu/Human_Action_Recognition,fighting,0,0,0,0,0,0,0,0,0,0,0,0,0,0,0,0,0,1,1,0
data/external/actions/human_action_recognition/train/004809_listening_to_music.jpg,Bingsu/Human_Action_Recognition,listening_to_music,0,1,0,0,0,0,0,0,0,0,0,0,0,0,0,0,1,0,0,0
data/external/actions/human_action_recognition/train/004810_clapping.jpg,Bingsu/Human_Action_Recognition,clapping,0,0,0,0,1,0,0,0,0,0,0,0,0,0,0,0,0,1,0,0
data/external/actions/human_action_recognition/train/004811_clapping.jpg,Bingsu/Human_Action_Recognition,clapping,0,0,0,0,1,0,0,0,0,0,0,0,0,0,0,0,0,1,0,0
data/external/actions/human_action_recognition/train/004812_sleeping.jpg,Bingsu/Human_Action_Recognition,sleeping,0,0,1,0,0,0,0,0,0,0,0,0,0,0,0,0,1,0,0,0
data/external/actions/human_action_recognition/train/004813_drinking.jpg,Bingsu/Human_Action_Recognition,drinking,0,0,0,0,0,0,0,0,0,0,0,0,0,0,1,0,0,0,0,0
data/external/actions/human_action_recognition/train/004814_cycling.jpg,Bingsu/Human_Action_Recognition,cycling,0,0,0,0,0,0,0,0,1,0,0,0,0,0,0,0,0,1,0,0
data/external/actions/human_action_recognition/train/004815_sleeping.jpg,Bingsu/Human_Action_Recognition,sleeping,0,0,1,0,0,0,0,0,0,0,0,0,0,0,0,0,1,0,0,0
data/external/actions/human_action_recognition/train/004816_texting.jpg,Bingsu/Human_Action_Recognition,texting,0,1,0,0,0,0,0,0,0,0,0,0,0,0,0,0,1,0,0,0
data/external/actions/human_action_recognition/train/004817_dancing.jpg,Bingsu/Human_Action_Recognition,dancing,0,0,0,0,0,0,0,0,0,0,1,0,0,0,0,0,0,1,0,0
data/external/actions/human_action_recognition/train/004818_sitting.jpg,Bingsu/Human_Action_Recognition,sitting,0,1,0,0,0,0,0,0,0,0,0,0,0,0,0,0,1,0,0,0
data/external/actions/human_action_recognition/train/004819_using_laptop.jpg,Bingsu/Human_Action_Recognition,using_laptop,0,1,0,0,0,0,0,0,0,0,0,0,1,0,0,0,1,0,0,0
data/external/actions/human_action_recognition/train/004820_clapping.jpg,Bingsu/Human_Action_Recognition,clapping,0,0,0,0,1,0,0,0,0,0,0,0,0,0,0,0,0,1,0,0
data/external/actions/human_action_recognition/train/004821_laughing.jpg,Bingsu/Human_Action_Recognition,laughing,1,0,0,0,0,0,0,0,0,0,0,0,0,0,0,0,1,0,0,0
data/external/actions/human_action_recognition/train/004822_sitting.jpg,Bingsu/Human_Action_Recognition,sitting,0,1,0,0,0,0,0,0,0,0,0,0,0,0,0,0,1,0,0,0
data/external/actions/human_action_recognition/train/004823_running.jpg,Bingsu/Human_Action_Recognition,running,0,0,0,0,0,0,1,0,0,0,0,0,0,0,0,0,0,1,1,0
data/external/actions/human_action_recognition/train/004824_eating.jpg,Bingsu/Human_Action_Recognition,eating,0,0,0,0,0,0,0,0,0,0,0,0,0,1,0,0,0,0,0,0
data/external/actions/human_action_recognition/train/004825_hugging.jpg,Bingsu/Human_Action_Recognition,hugging,1,0,0,0,0,0,0,0,0,0,0,0,0,0,0,0,1,0,0,0
data/external/actions/human_action_recognition/train/004826_sleeping.jpg,Bingsu/Human_Action_Recognition,sleeping,0,0,1,0,0,0,0,0,0,0,0,0,0,0,0,0,1,0,0,0
data/external/actions/human_action_recognition/train/004827_using_laptop.jpg,Bingsu/Human_Action_Recognition,using_laptop,0,1,0,0,0,0,0,0,0,0,0,0,1,0,0,0,1,0,0,0
data/external/actions/human_action_recognition/train/004828_hugging.jpg,Bingsu/Human_Action_Recognition,hugging,1,0,0,0,0,0,0,0,0,0,0,0,0,0,0,0,1,0,0,0
data/external/actions/human_action_recognition/train/004829_eating.jpg,Bingsu/Human_Action_Recognition,eating,0,0,0,0,0,0,0,0,0,0,0,0,0,1,0,0,0,0,0,0
data/external/actions/human_action_recognition/train/004830_using_laptop.jpg,Bingsu/Human_Action_Recognition,using_laptop,0,1,0,0,0,0,0,0,0,0,0,0,1,0,0,0,1,0,0,0
data/external/actions/human_action_recognition/train/004831_sleeping.jpg,Bingsu/Human_Action_Recognition,sleeping,0,0,1,0,0,0,0,0,0,0,0,0,0,0,0,0,1,0,0,0
data/external/actions/human_action_recognition/train/004832_laughing.jpg,Bingsu/Human_Action_Recognition,laughing,1,0,0,0,0,0,0,0,0,0,0,0,0,0,0,0,1,0,0,0
data/external/actions/human_action_recognition/train/004833_fighting.jpg,Bingsu/Human_Action_Recognition,fighting,0,0,0,0,0,0,0,0,0,0,0,0,0,0,0,0,0,1,1,0
data/external/actions/human_action_recognition/train/004834_running.jpg,Bingsu/Human_Action_Recognition,running,0,0,0,0,0,0,1,0,0,0,0,0,0,0,0,0,0,1,1,0
data/external/actions/human_action_recognition/train/004835_hugging.jpg,Bingsu/Human_Action_Recognition,hugging,1,0,0,0,0,0,0,0,0,0,0,0,0,0,0,0,1,0,0,0
data/external/actions/human_action_recognition/train/004836_using_laptop.jpg,Bingsu/Human_Action_Recognition,using_laptop,0,1,0,0,0,0,0,0,0,0,0,0,1,0,0,0,1,0,0,0
data/external/actions/human_action_recognition/train/004837_using_laptop.jpg,Bingsu/Human_Action_Recognition,using_laptop,0,1,0,0,0,0,0,0,0,0,0,0,1,0,0,0,1,0,0,0
data/external/actions/human_action_recognition/train/004838_dancing.jpg,Bingsu/Human_Action_Recognition,dancing,0,0,0,0,0,0,0,0,0,0,1,0,0,0,0,0,0,1,0,0
data/external/actions/human_action_recognition/train/004839_sleeping.jpg,Bingsu/Human_Action_Recognition,sleeping,0,0,1,0,0,0,0,0,0,0,0,0,0,0,0,0,1,0,0,0
data/external/actions/human_action_recognition/train/004840_using_laptop.jpg,Bingsu/Human_Action_Recognition,using_laptop,0,1,0,0,0,0,0,0,0,0,0,0,1,0,0,0,1,0,0,0
data/external/actions/human_action_recognition/train/004841_listening_to_music.jpg,Bingsu/Human_Action_Recognition,listening_to_music,0,1,0,0,0,0,0,0,0,0,0,0,0,0,0,0,1,0,0,0
data/external/actions/human_action_recognition/train/004842_clapping.jpg,Bingsu/Human_Action_Recognition,clapping,0,0,0,0,1,0,0,0,0,0,0,0,0,0,0,0,0,1,0,0
data/external/actions/human_action_recognition/train/004843_clapping.jpg,Bingsu/Human_Action_Recognition,clapping,0,0,0,0,1,0,0,0,0,0,0,0,0,0,0,0,0,1,0,0
data/external/actions/human_action_recognition/train/004844_eating.jpg,Bingsu/Human_Action_Recognition,eating,0,0,0,0,0,0,0,0,0,0,0,0,0,1,0,0,0,0,0,0
data/external/actions/human_action_recognition/train/004845_running.jpg,Bingsu/Human_Action_Recognition,running,0,0,0,0,0,0,1,0,0,0,0,0,0,0,0,0,0,1,1,0
data/external/actions/human_action_recognition/train/004846_fighting.jpg,Bingsu/Human_Action_Recognition,fighting,0,0,0,0,0,0,0,0,0,0,0,0,0,0,0,0,0,1,1,0
data/external/actions/human_action_recognition/train/004847_laughing.jpg,Bingsu/Human_Action_Recognition,laughing,1,0,0,0,0,0,0,0,0,0,0,0,0,0,0,0,1,0,0,0
data/external/actions/human_action_recognition/train/004848_sitting.jpg,Bingsu/Human_Action_Recognition,sitting,0,1,0,0,0,0,0,0,0,0,0,0,0,0,0,0,1,0,0,0
data/external/actions/human_action_recognition/train/004849_laughing.jpg,Bingsu/Human_Action_Recognition,laughing,1,0,0,0,0,0,0,0,0,0,0,0,0,0,0,0,1,0,0,0
data/external/actions/human_action_recognition/train/004850_sleeping.jpg,Bingsu/Human_Action_Recognition,sleeping,0,0,1,0,0,0,0,0,0,0,0,0,0,0,0,0,1,0,0,0
data/external/actions/human_action_recognition/train/004851_using_laptop.jpg,Bingsu/Human_Action_Recognition,using_laptop,0,1,0,0,0,0,0,0,0,0,0,0,1,0,0,0,1,0,0,0
data/external/actions/human_action_recognition/train/004852_listening_to_music.jpg,Bingsu/Human_Action_Recognition,listening_to_music,0,1,0,0,0,0,0,0,0,0,0,0,0,0,0,0,1,0,0,0
data/external/actions/human_action_recognition/train/004853_drinking.jpg,Bingsu/Human_Action_Recognition,drinking,0,0,0,0,0,0,0,0,0,0,0,0,0,0,1,0,0,0,0,0
data/external/actions/human_action_recognition/train/004854_cycling.jpg,Bingsu/Human_Action_Recognition,cycling,0,0,0,0,0,0,0,0,1,0,0,0,0,0,0,0,0,1,0,0
data/external/actions/human_action_recognition/train/004855_calling.jpg,Bingsu/Human_Action_Recognition,calling,1,0,0,0,0,0,0,0,0,0,0,0,0,0,0,0,1,0,0,0
data/external/actions/human_action_recognition/train/004856_drinking.jpg,Bingsu/Human_Action_Recognition,drinking,0,0,0,0,0,0,0,0,0,0,0,0,0,0,1,0,0,0,0,0
data/external/actions/human_action_recognition/train/004857_using_laptop.jpg,Bingsu/Human_Action_Recognition,using_laptop,0,1,0,0,0,0,0,0,0,0,0,0,1,0,0,0,1,0,0,0
data/external/actions/human_action_recognition/train/004858_sitting.jpg,Bingsu/Human_Action_Recognition,sitting,0,1,0,0,0,0,0,0,0,0,0,0,0,0,0,0,1,0,0,0
data/external/actions/human_action_recognition/train/004859_running.jpg,Bingsu/Human_Action_Recognition,running,0,0,0,0,0,0,1,0,0,0,0,0,0,0,0,0,0,1,1,0
data/external/actions/human_action_recognition/train/004860_dancing.jpg,Bingsu/Human_Action_Recognition,dancing,0,0,0,0,0,0,0,0,0,0,1,0,0,0,0,0,0,1,0,0
data/external/actions/human_action_recognition/train/004861_using_laptop.jpg,Bingsu/Human_Action_Recognition,using_laptop,0,1,0,0,0,0,0,0,0,0,0,0,1,0,0,0,1,0,0,0
data/external/actions/human_action_recognition/train/004862_sleeping.jpg,Bingsu/Human_Action_Recognition,sleeping,0,0,1,0,0,0,0,0,0,0,0,0,0,0,0,0,1,0,0,0
data/external/actions/human_action_recognition/train/004863_hugging.jpg,Bingsu/Human_Action_Recognition,hugging,1,0,0,0,0,0,0,0,0,0,0,0,0,0,0,0,1,0,0,0
data/external/actions/human_action_recognition/train/004864_drinking.jpg,Bingsu/Human_Action_Recognition,drinking,0,0,0,0,0,0,0,0,0,0,0,0,0,0,1,0,0,0,0,0
data/external/actions/human_action_recognition/train/004865_drinking.jpg,Bingsu/Human_Action_Recognition,drinking,0,0,0,0,0,0,0,0,0,0,0,0,0,0,1,0,0,0,0,0
data/external/actions/human_action_recognition/train/004866_running.jpg,Bingsu/Human_Action_Recognition,running,0,0,0,0,0,0,1,0,0,0,0,0,0,0,0,0,0,1,1,0
data/external/actions/human_action_recognition/train/004867_using_laptop.jpg,Bingsu/Human_Action_Recognition,using_laptop,0,1,0,0,0,0,0,0,0,0,0,0,1,0,0,0,1,0,0,0
data/external/actions/human_action_recognition/train/004868_drinking.jpg,Bingsu/Human_Action_Recognition,drinking,0,0,0,0,0,0,0,0,0,0,0,0,0,0,1,0,0,0,0,0
data/external/actions/human_action_recognition/train/004869_clapping.jpg,Bingsu/Human_Action_Recognition,clapping,0,0,0,0,1,0,0,0,0,0,0,0,0,0,0,0,0,1,0,0
data/external/actions/human_action_recognition/train/004870_dancing.jpg,Bingsu/Human_Action_Recognition,dancing,0,0,0,0,0,0,0,0,0,0,1,0,0,0,0,0,0,1,0,0
data/external/actions/human_action_recognition/train/004871_calling.jpg,Bingsu/Human_Action_Recognition,calling,1,0,0,0,0,0,0,0,0,0,0,0,0,0,0,0,1,0,0,0
data/external/actions/human_action_recognition/train/004872_laughing.jpg,Bingsu/Human_Action_Recognition,laughing,1,0,0,0,0,0,0,0,0,0,0,0,0,0,0,0,1,0,0,0
data/external/actions/human_action_recognition/train/004873_cycling.jpg,Bingsu/Human_Action_Recognition,cycling,0,0,0,0,0,0,0,0,1,0,0,0,0,0,0,0,0,1,0,0
data/external/actions/human_action_recognition/train/004874_laughing.jpg,Bingsu/Human_Action_Recognition,laughing,1,0,0,0,0,0,0,0,0,0,0,0,0,0,0,0,1,0,0,0
data/external/actions/human_action_recognition/train/004875_eating.jpg,Bingsu/Human_Action_Recognition,eating,0,0,0,0,0,0,0,0,0,0,0,0,0,1,0,0,0,0,0,0
data/external/actions/human_action_recognition/train/004876_cycling.jpg,Bingsu/Human_Action_Recognition,cycling,0,0,0,0,0,0,0,0,1,0,0,0,0,0,0,0,0,1,0,0
data/external/actions/human_action_recognition/train/004877_sleeping.jpg,Bingsu/Human_Action_Recognition,sleeping,0,0,1,0,0,0,0,0,0,0,0,0,0,0,0,0,1,0,0,0
data/external/actions/human_action_recognition/train/004878_hugging.jpg,Bingsu/Human_Action_Recognition,hugging,1,0,0,0,0,0,0,0,0,0,0,0,0,0,0,0,1,0,0,0
data/external/actions/human_action_recognition/train/004879_calling.jpg,Bingsu/Human_Action_Recognition,calling,1,0,0,0,0,0,0,0,0,0,0,0,0,0,0,0,1,0,0,0
data/external/actions/human_action_recognition/train/004880_laughing.jpg,Bingsu/Human_Action_Recognition,laughing,1,0,0,0,0,0,0,0,0,0,0,0,0,0,0,0,1,0,0,0
data/external/actions/human_action_recognition/train/004881_cycling.jpg,Bingsu/Human_Action_Recognition,cycling,0,0,0,0,0,0,0,0,1,0,0,0,0,0,0,0,0,1,0,0
data/external/actions/human_action_recognition/train/004882_laughing.jpg,Bingsu/Human_Action_Recognition,laughing,1,0,0,0,0,0,0,0,0,0,0,0,0,0,0,0,1,0,0,0
data/external/actions/human_action_recognition/train/004883_drinking.jpg,Bingsu/Human_Action_Recognition,drinking,0,0,0,0,0,0,0,0,0,0,0,0,0,0,1,0,0,0,0,0
data/external/actions/human_action_recognition/train/004884_fighting.jpg,Bingsu/Human_Action_Recognition,fighting,0,0,0,0,0,0,0,0,0,0,0,0,0,0,0,0,0,1,1,0
data/external/actions/human_action_recognition/train/004885_clapping.jpg,Bingsu/Human_Action_Recognition,clapping,0,0,0,0,1,0,0,0,0,0,0,0,0,0,0,0,0,1,0,0
data/external/actions/human_action_recognition/train/004886_sleeping.jpg,Bingsu/Human_Action_Recognition,sleeping,0,0,1,0,0,0,0,0,0,0,0,0,0,0,0,0,1,0,0,0
data/external/actions/human_action_recognition/train/004887_clapping.jpg,Bingsu/Human_Action_Recognition,clapping,0,0,0,0,1,0,0,0,0,0,0,0,0,0,0,0,0,1,0,0
data/external/actions/human_action_recognition/train/004888_drinking.jpg,Bingsu/Human_Action_Recognition,drinking,0,0,0,0,0,0,0,0,0,0,0,0,0,0,1,0,0,0,0,0
data/external/actions/human_action_recognition/train/004889_calling.jpg,Bingsu/Human_Action_Recognition,calling,1,0,0,0,0,0,0,0,0,0,0,0,0,0,0,0,1,0,0,0
data/external/actions/human_action_recognition/train/004890_cycling.jpg,Bingsu/Human_Action_Recognition,cycling,0,0,0,0,0,0,0,0,1,0,0,0,0,0,0,0,0,1,0,0
data/external/actions/human_action_recognition/train/004891_dancing.jpg,Bingsu/Human_Action_Recognition,dancing,0,0,0,0,0,0,0,0,0,0,1,0,0,0,0,0,0,1,0,0
data/external/actions/human_action_recognition/train/004892_hugging.jpg,Bingsu/Human_Action_Recognition,hugging,1,0,0,0,0,0,0,0,0,0,0,0,0,0,0,0,1,0,0,0
data/external/actions/human_action_recognition/train/004893_cycling.jpg,Bingsu/Human_Action_Recognition,cycling,0,0,0,0,0,0,0,0,1,0,0,0,0,0,0,0,0,1,0,0
data/external/actions/human_action_recognition/train/004894_sleeping.jpg,Bingsu/Human_Action_Recognition,sleeping,0,0,1,0,0,0,0,0,0,0,0,0,0,0,0,0,1,0,0,0
data/external/actions/human_action_recognition/train/004895_sitting.jpg,Bingsu/Human_Action_Recognition,sitting,0,1,0,0,0,0,0,0,0,0,0,0,0,0,0,0,1,0,0,0
data/external/actions/human_action_recognition/train/004896_drinking.jpg,Bingsu/Human_Action_Recognition,drinking,0,0,0,0,0,0,0,0,0,0,0,0,0,0,1,0,0,0,0,0
data/external/actions/human_action_recognition/train/004897_fighting.jpg,Bingsu/Human_Action_Recognition,fighting,0,0,0,0,0,0,0,0,0,0,0,0,0,0,0,0,0,1,1,0
data/external/actions/human_action_recognition/train/004898_dancing.jpg,Bingsu/Human_Action_Recognition,dancing,0,0,0,0,0,0,0,0,0,0,1,0,0,0,0,0,0,1,0,0
data/external/actions/human_action_recognition/train/004899_drinking.jpg,Bingsu/Human_Action_Recognition,drinking,0,0,0,0,0,0,0,0,0,0,0,0,0,0,1,0,0,0,0,0
data/external/actions/human_action_recognition/train/004900_drinking.jpg,Bingsu/Human_Action_Recognition,drinking,0,0,0,0,0,0,0,0,0,0,0,0,0,0,1,0,0,0,0,0
data/external/actions/human_action_recognition/train/004901_listening_to_music.jpg,Bingsu/Human_Action_Recognition,listening_to_music,0,1,0,0,0,0,0,0,0,0,0,0,0,0,0,0,1,0,0,0
data/external/actions/human_action_recognition/train/004902_dancing.jpg,Bingsu/Human_Action_Recognition,dancing,0,0,0,0,0,0,0,0,0,0,1,0,0,0,0,0,0,1,0,0
data/external/actions/human_action_recognition/train/004903_sitting.jpg,Bingsu/Human_Action_Recognition,sitting,0,1,0,0,0,0,0,0,0,0,0,0,0,0,0,0,1,0,0,0
data/external/actions/human_action_recognition/train/004904_sleeping.jpg,Bingsu/Human_Action_Recognition,sleeping,0,0,1,0,0,0,0,0,0,0,0,0,0,0,0,0,1,0,0,0
data/external/actions/human_action_recognition/train/004905_listening_to_music.jpg,Bingsu/Human_Action_Recognition,listening_to_music,0,1,0,0,0,0,0,0,0,0,0,0,0,0,0,0,1,0,0,0
data/external/actions/human_action_recognition/train/004906_texting.jpg,Bingsu/Human_Action_Recognition,texting,0,1,0,0,0,0,0,0,0,0,0,0,0,0,0,0,1,0,0,0
data/external/actions/human_action_recognition/train/004907_dancing.jpg,Bingsu/Human_Action_Recognition,dancing,0,0,0,0,0,0,0,0,0,0,1,0,0,0,0,0,0,1,0,0
data/external/actions/human_action_recognition/train/004908_listening_to_music.jpg,Bingsu/Human_Action_Recognition,listening_to_music,0,1,0,0,0,0,0,0,0,0,0,0,0,0,0,0,1,0,0,0
data/external/actions/human_action_recognition/train/004909_hugging.jpg,Bingsu/Human_Action_Recognition,hugging,1,0,0,0,0,0,0,0,0,0,0,0,0,0,0,0,1,0,0,0
data/external/actions/human_action_recognition/train/004910_laughing.jpg,Bingsu/Human_Action_Recognition,laughing,1,0,0,0,0,0,0,0,0,0,0,0,0,0,0,0,1,0,0,0
data/external/actions/human_action_recognition/train/004911_calling.jpg,Bingsu/Human_Action_Recognition,calling,1,0,0,0,0,0,0,0,0,0,0,0,0,0,0,0,1,0,0,0
data/external/actions/human_action_recognition/train/004912_texting.jpg,Bingsu/Human_Action_Recognition,texting,0,1,0,0,0,0,0,0,0,0,0,0,0,0,0,0,1,0,0,0
data/external/actions/human_action_recognition/train/004913_using_laptop.jpg,Bingsu/Human_Action_Recognition,using_laptop,0,1,0,0,0,0,0,0,0,0,0,0,1,0,0,0,1,0,0,0
data/external/actions/human_action_recognition/train/004914_listening_to_music.jpg,Bingsu/Human_Action_Recognition,listening_to_music,0,1,0,0,0,0,0,0,0,0,0,0,0,0,0,0,1,0,0,0
data/external/actions/human_action_recognition/train/004915_dancing.jpg,Bingsu/Human_Action_Recognition,dancing,0,0,0,0,0,0,0,0,0,0,1,0,0,0,0,0,0,1,0,0
data/external/actions/human_action_recognition/train/004916_laughing.jpg,Bingsu/Human_Action_Recognition,laughing,1,0,0,0,0,0,0,0,0,0,0,0,0,0,0,0,1,0,0,0
data/external/actions/human_action_recognition/train/004917_listening_to_music.jpg,Bingsu/Human_Action_Recognition,listening_to_music,0,1,0,0,0,0,0,0,0,0,0,0,0,0,0,0,1,0,0,0
data/external/actions/human_action_recognition/train/004918_running.jpg,Bingsu/Human_Action_Recognition,running,0,0,0,0,0,0,1,0,0,0,0,0,0,0,0,0,0,1,1,0
data/external/actions/human_action_recognition/train/004919_dancing.jpg,Bingsu/Human_Action_Recognition,dancing,0,0,0,0,0,0,0,0,0,0,1,0,0,0,0,0,0,1,0,0
data/external/actions/human_action_recognition/train/004920_sleeping.jpg,Bingsu/Human_Action_Recognition,sleeping,0,0,1,0,0,0,0,0,0,0,0,0,0,0,0,0,1,0,0,0
data/external/actions/human_action_recognition/train/004921_laughing.jpg,Bingsu/Human_Action_Recognition,laughing,1,0,0,0,0,0,0,0,0,0,0,0,0,0,0,0,1,0,0,0
data/external/actions/human_action_recognition/train/004922_laughing.jpg,Bingsu/Human_Action_Recognition,laughing,1,0,0,0,0,0,0,0,0,0,0,0,0,0,0,0,1,0,0,0
data/external/actions/human_action_recognition/train/004923_drinking.jpg,Bingsu/Human_Action_Recognition,drinking,0,0,0,0,0,0,0,0,0,0,0,0,0,0,1,0,0,0,0,0
data/external/actions/human_action_recognition/train/004924_eating.jpg,Bingsu/Human_Action_Recognition,eating,0,0,0,0,0,0,0,0,0,0,0,0,0,1,0,0,0,0,0,0
data/external/actions/human_action_recognition/train/004925_sitting.jpg,Bingsu/Human_Action_Recognition,sitting,0,1,0,0,0,0,0,0,0,0,0,0,0,0,0,0,1,0,0,0
data/external/actions/human_action_recognition/train/004926_sitting.jpg,Bingsu/Human_Action_Recognition,sitting,0,1,0,0,0,0,0,0,0,0,0,0,0,0,0,0,1,0,0,0
data/external/actions/human_action_recognition/train/004927_laughing.jpg,Bingsu/Human_Action_Recognition,laughing,1,0,0,0,0,0,0,0,0,0,0,0,0,0,0,0,1,0,0,0
data/external/actions/human_action_recognition/train/004928_drinking.jpg,Bingsu/Human_Action_Recognition,drinking,0,0,0,0,0,0,0,0,0,0,0,0,0,0,1,0,0,0,0,0
data/external/actions/human_action_recognition/train/004929_cycling.jpg,Bingsu/Human_Action_Recognition,cycling,0,0,0,0,0,0,0,0,1,0,0,0,0,0,0,0,0,1,0,0
data/external/actions/human_action_recognition/train/004930_cycling.jpg,Bingsu/Human_Action_Recognition,cycling,0,0,0,0,0,0,0,0,1,0,0,0,0,0,0,0,0,1,0,0
data/external/actions/human_action_recognition/train/004931_calling.jpg,Bingsu/Human_Action_Recognition,calling,1,0,0,0,0,0,0,0,0,0,0,0,0,0,0,0,1,0,0,0
data/external/actions/human_action_recognition/train/004932_clapping.jpg,Bingsu/Human_Action_Recognition,clapping,0,0,0,0,1,0,0,0,0,0,0,0,0,0,0,0,0,1,0,0
data/external/actions/human_action_recognition/train/004933_sitting.jpg,Bingsu/Human_Action_Recognition,sitting,0,1,0,0,0,0,0,0,0,0,0,0,0,0,0,0,1,0,0,0
data/external/actions/human_action_recognition/train/004934_sitting.jpg,Bingsu/Human_Action_Recognition,sitting,0,1,0,0,0,0,0,0,0,0,0,0,0,0,0,0,1,0,0,0
data/external/actions/human_action_recognition/train/004935_drinking.jpg,Bingsu/Human_Action_Recognition,drinking,0,0,0,0,0,0,0,0,0,0,0,0,0,0,1,0,0,0,0,0
data/external/actions/human_action_recognition/train/004936_fighting.jpg,Bingsu/Human_Action_Recognition,fighting,0,0,0,0,0,0,0,0,0,0,0,0,0,0,0,0,0,1,1,0
data/external/actions/human_action_recognition/train/004937_listening_to_music.jpg,Bingsu/Human_Action_Recognition,listening_to_music,0,1,0,0,0,0,0,0,0,0,0,0,0,0,0,0,1,0,0,0
data/external/actions/human_action_recognition/train/004938_using_laptop.jpg,Bingsu/Human_Action_Recognition,using_laptop,0,1,0,0,0,0,0,0,0,0,0,0,1,0,0,0,1,0,0,0
data/external/actions/human_action_recognition/train/004939_texting.jpg,Bingsu/Human_Action_Recognition,texting,0,1,0,0,0,0,0,0,0,0,0,0,0,0,0,0,1,0,0,0
data/external/actions/human_action_recognition/train/004940_texting.jpg,Bingsu/Human_Action_Recognition,texting,0,1,0,0,0,0,0,0,0,0,0,0,0,0,0,0,1,0,0,0
data/external/actions/human_action_recognition/train/004941_laughing.jpg,Bingsu/Human_Action_Recognition,laughing,1,0,0,0,0,0,0,0,0,0,0,0,0,0,0,0,1,0,0,0
data/external/actions/human_action_recognition/train/004942_hugging.jpg,Bingsu/Human_Action_Recognition,hugging,1,0,0,0,0,0,0,0,0,0,0,0,0,0,0,0,1,0,0,0
data/external/actions/human_action_recognition/train/004943_texting.jpg,Bingsu/Human_Action_Recognition,texting,0,1,0,0,0,0,0,0,0,0,0,0,0,0,0,0,1,0,0,0
data/external/actions/human_action_recognition/train/004944_laughing.jpg,Bingsu/Human_Action_Recognition,laughing,1,0,0,0,0,0,0,0,0,0,0,0,0,0,0,0,1,0,0,0
data/external/actions/human_action_recognition/train/004945_texting.jpg,Bingsu/Human_Action_Recognition,texting,0,1,0,0,0,0,0,0,0,0,0,0,0,0,0,0,1,0,0,0
data/external/actions/human_action_recognition/train/004946_drinking.jpg,Bingsu/Human_Action_Recognition,drinking,0,0,0,0,0,0,0,0,0,0,0,0,0,0,1,0,0,0,0,0
data/external/actions/human_action_recognition/train/004947_texting.jpg,Bingsu/Human_Action_Recognition,texting,0,1,0,0,0,0,0,0,0,0,0,0,0,0,0,0,1,0,0,0
data/external/actions/human_action_recognition/train/004948_drinking.jpg,Bingsu/Human_Action_Recognition,drinking,0,0,0,0,0,0,0,0,0,0,0,0,0,0,1,0,0,0,0,0
data/external/actions/human_action_recognition/train/004949_laughing.jpg,Bingsu/Human_Action_Recognition,laughing,1,0,0,0,0,0,0,0,0,0,0,0,0,0,0,0,1,0,0,0
data/external/actions/human_action_recognition/train/004950_fighting.jpg,Bingsu/Human_Action_Recognition,fighting,0,0,0,0,0,0,0,0,0,0,0,0,0,0,0,0,0,1,1,0
data/external/actions/human_action_recognition/train/004951_running.jpg,Bingsu/Human_Action_Recognition,running,0,0,0,0,0,0,1,0,0,0,0,0,0,0,0,0,0,1,1,0
data/external/actions/human_action_recognition/train/004952_eating.jpg,Bingsu/Human_Action_Recognition,eating,0,0,0,0,0,0,0,0,0,0,0,0,0,1,0,0,0,0,0,0
data/external/actions/human_action_recognition/train/004953_cycling.jpg,Bingsu/Human_Action_Recognition,cycling,0,0,0,0,0,0,0,0,1,0,0,0,0,0,0,0,0,1,0,0
data/external/actions/human_action_recognition/train/004954_cycling.jpg,Bingsu/Human_Action_Recognition,cycling,0,0,0,0,0,0,0,0,1,0,0,0,0,0,0,0,0,1,0,0
data/external/actions/human_action_recognition/train/004955_fighting.jpg,Bingsu/Human_Action_Recognition,fighting,0,0,0,0,0,0,0,0,0,0,0,0,0,0,0,0,0,1,1,0
data/external/actions/human_action_recognition/train/004956_dancing.jpg,Bingsu/Human_Action_Recognition,dancing,0,0,0,0,0,0,0,0,0,0,1,0,0,0,0,0,0,1,0,0
data/external/actions/human_action_recognition/train/004957_eating.jpg,Bingsu/Human_Action_Recognition,eating,0,0,0,0,0,0,0,0,0,0,0,0,0,1,0,0,0,0,0,0
data/external/actions/human_action_recognition/train/004958_eating.jpg,Bingsu/Human_Action_Recognition,eating,0,0,0,0,0,0,0,0,0,0,0,0,0,1,0,0,0,0,0,0
data/external/actions/human_action_recognition/train/004959_eating.jpg,Bingsu/Human_Action_Recognition,eating,0,0,0,0,0,0,0,0,0,0,0,0,0,1,0,0,0,0,0,0
data/external/actions/human_action_recognition/train/004960_texting.jpg,Bingsu/Human_Action_Recognition,texting,0,1,0,0,0,0,0,0,0,0,0,0,0,0,0,0,1,0,0,0
data/external/actions/human_action_recognition/train/004961_listening_to_music.jpg,Bingsu/Human_Action_Recognition,listening_to_music,0,1,0,0,0,0,0,0,0,0,0,0,0,0,0,0,1,0,0,0
data/external/actions/human_action_recognition/train/004962_running.jpg,Bingsu/Human_Action_Recognition,running,0,0,0,0,0,0,1,0,0,0,0,0,0,0,0,0,0,1,1,0
data/external/actions/human_action_recognition/train/004963_dancing.jpg,Bingsu/Human_Action_Recognition,dancing,0,0,0,0,0,0,0,0,0,0,1,0,0,0,0,0,0,1,0,0
data/external/actions/human_action_recognition/train/004964_fighting.jpg,Bingsu/Human_Action_Recognition,fighting,0,0,0,0,0,0,0,0,0,0,0,0,0,0,0,0,0,1,1,0
data/external/actions/human_action_recognition/train/004965_using_laptop.jpg,Bingsu/Human_Action_Recognition,using_laptop,0,1,0,0,0,0,0,0,0,0,0,0,1,0,0,0,1,0,0,0
data/external/actions/human_action_recognition/train/004966_calling.jpg,Bingsu/Human_Action_Recognition,calling,1,0,0,0,0,0,0,0,0,0,0,0,0,0,0,0,1,0,0,0
data/external/actions/human_action_recognition/train/004967_laughing.jpg,Bingsu/Human_Action_Recognition,laughing,1,0,0,0,0,0,0,0,0,0,0,0,0,0,0,0,1,0,0,0
data/external/actions/human_action_recognition/train/004968_eating.jpg,Bingsu/Human_Action_Recognition,eating,0,0,0,0,0,0,0,0,0,0,0,0,0,1,0,0,0,0,0,0
data/external/actions/human_action_recognition/train/004969_eating.jpg,Bingsu/Human_Action_Recognition,eating,0,0,0,0,0,0,0,0,0,0,0,0,0,1,0,0,0,0,0,0
data/external/actions/human_action_recognition/train/004970_cycling.jpg,Bingsu/Human_Action_Recognition,cycling,0,0,0,0,0,0,0,0,1,0,0,0,0,0,0,0,0,1,0,0
data/external/actions/human_action_recognition/train/004971_hugging.jpg,Bingsu/Human_Action_Recognition,hugging,1,0,0,0,0,0,0,0,0,0,0,0,0,0,0,0,1,0,0,0
data/external/actions/human_action_recognition/train/004972_dancing.jpg,Bingsu/Human_Action_Recognition,dancing,0,0,0,0,0,0,0,0,0,0,1,0,0,0,0,0,0,1,0,0
data/external/actions/human_action_recognition/train/004973_using_laptop.jpg,Bingsu/Human_Action_Recognition,using_laptop,0,1,0,0,0,0,0,0,0,0,0,0,1,0,0,0,1,0,0,0
data/external/actions/human_action_recognition/train/004974_cycling.jpg,Bingsu/Human_Action_Recognition,cycling,0,0,0,0,0,0,0,0,1,0,0,0,0,0,0,0,0,1,0,0
data/external/actions/human_action_recognition/train/004975_hugging.jpg,Bingsu/Human_Action_Recognition,hugging,1,0,0,0,0,0,0,0,0,0,0,0,0,0,0,0,1,0,0,0
data/external/actions/human_action_recognition/train/004976_hugging.jpg,Bingsu/Human_Action_Recognition,hugging,1,0,0,0,0,0,0,0,0,0,0,0,0,0,0,0,1,0,0,0
data/external/actions/human_action_recognition/train/004977_dancing.jpg,Bingsu/Human_Action_Recognition,dancing,0,0,0,0,0,0,0,0,0,0,1,0,0,0,0,0,0,1,0,0
data/external/actions/human_action_recognition/train/004978_laughing.jpg,Bingsu/Human_Action_Recognition,laughing,1,0,0,0,0,0,0,0,0,0,0,0,0,0,0,0,1,0,0,0
data/external/actions/human_action_recognition/train/004979_fighting.jpg,Bingsu/Human_Action_Recognition,fighting,0,0,0,0,0,0,0,0,0,0,0,0,0,0,0,0,0,1,1,0
data/external/actions/human_action_recognition/train/004980_calling.jpg,Bingsu/Human_Action_Recognition,calling,1,0,0,0,0,0,0,0,0,0,0,0,0,0,0,0,1,0,0,0
data/external/actions/human_action_recognition/train/004981_dancing.jpg,Bingsu/Human_Action_Recognition,dancing,0,0,0,0,0,0,0,0,0,0,1,0,0,0,0,0,0,1,0,0
data/external/actions/human_action_recognition/train/004982_using_laptop.jpg,Bingsu/Human_Action_Recognition,using_laptop,0,1,0,0,0,0,0,0,0,0,0,0,1,0,0,0,1,0,0,0
data/external/actions/human_action_recognition/train/004983_cycling.jpg,Bingsu/Human_Action_Recognition,cycling,0,0,0,0,0,0,0,0,1,0,0,0,0,0,0,0,0,1,0,0
data/external/actions/human_action_recognition/train/004984_using_laptop.jpg,Bingsu/Human_Action_Recognition,using_laptop,0,1,0,0,0,0,0,0,0,0,0,0,1,0,0,0,1,0,0,0
data/external/actions/human_action_recognition/train/004985_laughing.jpg,Bingsu/Human_Action_Recognition,laughing,1,0,0,0,0,0,0,0,0,0,0,0,0,0,0,0,1,0,0,0
data/external/actions/human_action_recognition/train/004986_cycling.jpg,Bingsu/Human_Action_Recognition,cycling,0,0,0,0,0,0,0,0,1,0,0,0,0,0,0,0,0,1,0,0
data/external/actions/human_action_recognition/train/004987_drinking.jpg,Bingsu/Human_Action_Recognition,drinking,0,0,0,0,0,0,0,0,0,0,0,0,0,0,1,0,0,0,0,0
data/external/actions/human_action_recognition/train/004988_eating.jpg,Bingsu/Human_Action_Recognition,eating,0,0,0,0,0,0,0,0,0,0,0,0,0,1,0,0,0,0,0,0
data/external/actions/human_action_recognition/train/004989_hugging.jpg,Bingsu/Human_Action_Recognition,hugging,1,0,0,0,0,0,0,0,0,0,0,0,0,0,0,0,1,0,0,0
data/external/actions/human_action_recognition/train/004990_using_laptop.jpg,Bingsu/Human_Action_Recognition,using_laptop,0,1,0,0,0,0,0,0,0,0,0,0,1,0,0,0,1,0,0,0
data/external/actions/human_action_recognition/train/004991_fighting.jpg,Bingsu/Human_Action_Recognition,fighting,0,0,0,0,0,0,0,0,0,0,0,0,0,0,0,0,0,1,1,0
data/external/actions/human_action_recognition/train/004992_laughing.jpg,Bingsu/Human_Action_Recognition,laughing,1,0,0,0,0,0,0,0,0,0,0,0,0,0,0,0,1,0,0,0
data/external/actions/human_action_recognition/train/004993_running.jpg,Bingsu/Human_Action_Recognition,running,0,0,0,0,0,0,1,0,0,0,0,0,0,0,0,0,0,1,1,0
data/external/actions/human_action_recognition/train/004994_texting.jpg,Bingsu/Human_Action_Recognition,texting,0,1,0,0,0,0,0,0,0,0,0,0,0,0,0,0,1,0,0,0
data/external/actions/human_action_recognition/train/004995_sleeping.jpg,Bingsu/Human_Action_Recognition,sleeping,0,0,1,0,0,0,0,0,0,0,0,0,0,0,0,0,1,0,0,0
data/external/actions/human_action_recognition/train/004996_laughing.jpg,Bingsu/Human_Action_Recognition,laughing,1,0,0,0,0,0,0,0,0,0,0,0,0,0,0,0,1,0,0,0
data/external/actions/human_action_recognition/train/004997_listening_to_music.jpg,Bingsu/Human_Action_Recognition,listening_to_music,0,1,0,0,0,0,0,0,0,0,0,0,0,0,0,0,1,0,0,0
data/external/actions/human_action_recognition/train/004998_laughing.jpg,Bingsu/Human_Action_Recognition,laughing,1,0,0,0,0,0,0,0,0,0,0,0,0,0,0,0,1,0,0,0
data/external/actions/human_action_recognition/train/004999_texting.jpg,Bingsu/Human_Action_Recognition,texting,0,1,0,0,0,0,0,0,0,0,0,0,0,0,0,0,1,0,0,0
data/external/actions/human_action_recognition/train/005000_sleeping.jpg,Bingsu/Human_Action_Recognition,sleeping,0,0,1,0,0,0,0,0,0,0,0,0,0,0,0,0,1,0,0,0
data/external/actions/human_action_recognition/train/005001_sleeping.jpg,Bingsu/Human_Action_Recognition,sleeping,0,0,1,0,0,0,0,0,0,0,0,0,0,0,0,0,1,0,0,0
data/external/actions/human_action_recognition/train/005002_drinking.jpg,Bingsu/Human_Action_Recognition,drinking,0,0,0,0,0,0,0,0,0,0,0,0,0,0,1,0,0,0,0,0
data/external/actions/human_action_recognition/train/005003_cycling.jpg,Bingsu/Human_Action_Recognition,cycling,0,0,0,0,0,0,0,0,1,0,0,0,0,0,0,0,0,1,0,0
data/external/actions/human_action_recognition/train/005004_running.jpg,Bingsu/Human_Action_Recognition,running,0,0,0,0,0,0,1,0,0,0,0,0,0,0,0,0,0,1,1,0
data/external/actions/human_action_recognition/train/005005_hugging.jpg,Bingsu/Human_Action_Recognition,hugging,1,0,0,0,0,0,0,0,0,0,0,0,0,0,0,0,1,0,0,0
data/external/actions/human_action_recognition/train/005006_listening_to_music.jpg,Bingsu/Human_Action_Recognition,listening_to_music,0,1,0,0,0,0,0,0,0,0,0,0,0,0,0,0,1,0,0,0
data/external/actions/human_action_recognition/train/005007_hugging.jpg,Bingsu/Human_Action_Recognition,hugging,1,0,0,0,0,0,0,0,0,0,0,0,0,0,0,0,1,0,0,0
data/external/actions/human_action_recognition/train/005008_texting.jpg,Bingsu/Human_Action_Recognition,texting,0,1,0,0,0,0,0,0,0,0,0,0,0,0,0,0,1,0,0,0
data/external/actions/human_action_recognition/train/005009_sleeping.jpg,Bingsu/Human_Action_Recognition,sleeping,0,0,1,0,0,0,0,0,0,0,0,0,0,0,0,0,1,0,0,0
data/external/actions/human_action_recognition/train/005010_texting.jpg,Bingsu/Human_Action_Recognition,texting,0,1,0,0,0,0,0,0,0,0,0,0,0,0,0,0,1,0,0,0
data/external/actions/human_action_recognition/train/005011_cycling.jpg,Bingsu/Human_Action_Recognition,cycling,0,0,0,0,0,0,0,0,1,0,0,0,0,0,0,0,0,1,0,0
data/external/actions/human_action_recognition/train/005012_listening_to_music.jpg,Bingsu/Human_Action_Recognition,listening_to_music,0,1,0,0,0,0,0,0,0,0,0,0,0,0,0,0,1,0,0,0
data/external/actions/human_action_recognition/train/005013_clapping.jpg,Bingsu/Human_Action_Recognition,clapping,0,0,0,0,1,0,0,0,0,0,0,0,0,0,0,0,0,1,0,0
data/external/actions/human_action_recognition/train/005014_sitting.jpg,Bingsu/Human_Action_Recognition,sitting,0,1,0,0,0,0,0,0,0,0,0,0,0,0,0,0,1,0,0,0
data/external/actions/human_action_recognition/train/005015_eating.jpg,Bingsu/Human_Action_Recognition,eating,0,0,0,0,0,0,0,0,0,0,0,0,0,1,0,0,0,0,0,0
data/external/actions/human_action_recognition/train/005016_laughing.jpg,Bingsu/Human_Action_Recognition,laughing,1,0,0,0,0,0,0,0,0,0,0,0,0,0,0,0,1,0,0,0
data/external/actions/human_action_recognition/train/005017_sleeping.jpg,Bingsu/Human_Action_Recognition,sleeping,0,0,1,0,0,0,0,0,0,0,0,0,0,0,0,0,1,0,0,0
data/external/actions/human_action_recognition/train/005018_sleeping.jpg,Bingsu/Human_Action_Recognition,sleeping,0,0,1,0,0,0,0,0,0,0,0,0,0,0,0,0,1,0,0,0
data/external/actions/human_action_recognition/train/005019_hugging.jpg,Bingsu/Human_Action_Recognition,hugging,1,0,0,0,0,0,0,0,0,0,0,0,0,0,0,0,1,0,0,0
data/external/actions/human_action_recognition/train/005020_running.jpg,Bingsu/Human_Action_Recognition,running,0,0,0,0,0,0,1,0,0,0,0,0,0,0,0,0,0,1,1,0
data/external/actions/human_action_recognition/train/005021_fighting.jpg,Bingsu/Human_Action_Recognition,fighting,0,0,0,0,0,0,0,0,0,0,0,0,0,0,0,0,0,1,1,0
data/external/actions/human_action_recognition/train/005022_dancing.jpg,Bingsu/Human_Action_Recognition,dancing,0,0,0,0,0,0,0,0,0,0,1,0,0,0,0,0,0,1,0,0
data/external/actions/human_action_recognition/train/005023_listening_to_music.jpg,Bingsu/Human_Action_Recognition,listening_to_music,0,1,0,0,0,0,0,0,0,0,0,0,0,0,0,0,1,0,0,0
data/external/actions/human_action_recognition/train/005024_eating.jpg,Bingsu/Human_Action_Recognition,eating,0,0,0,0,0,0,0,0,0,0,0,0,0,1,0,0,0,0,0,0
data/external/actions/human_action_recognition/train/005025_running.jpg,Bingsu/Human_Action_Recognition,running,0,0,0,0,0,0,1,0,0,0,0,0,0,0,0,0,0,1,1,0
data/external/actions/human_action_recognition/train/005026_drinking.jpg,Bingsu/Human_Action_Recognition,drinking,0,0,0,0,0,0,0,0,0,0,0,0,0,0,1,0,0,0,0,0
data/external/actions/human_action_recognition/train/005027_fighting.jpg,Bingsu/Human_Action_Recognition,fighting,0,0,0,0,0,0,0,0,0,0,0,0,0,0,0,0,0,1,1,0
data/external/actions/human_action_recognition/train/005028_running.jpg,Bingsu/Human_Action_Recognition,running,0,0,0,0,0,0,1,0,0,0,0,0,0,0,0,0,0,1,1,0
data/external/actions/human_action_recognition/train/005029_clapping.jpg,Bingsu/Human_Action_Recognition,clapping,0,0,0,0,1,0,0,0,0,0,0,0,0,0,0,0,0,1,0,0
data/external/actions/human_action_recognition/train/005030_calling.jpg,Bingsu/Human_Action_Recognition,calling,1,0,0,0,0,0,0,0,0,0,0,0,0,0,0,0,1,0,0,0
data/external/actions/human_action_recognition/train/005031_fighting.jpg,Bingsu/Human_Action_Recognition,fighting,0,0,0,0,0,0,0,0,0,0,0,0,0,0,0,0,0,1,1,0
data/external/actions/human_action_recognition/train/005032_hugging.jpg,Bingsu/Human_Action_Recognition,hugging,1,0,0,0,0,0,0,0,0,0,0,0,0,0,0,0,1,0,0,0
data/external/actions/human_action_recognition/train/005033_laughing.jpg,Bingsu/Human_Action_Recognition,laughing,1,0,0,0,0,0,0,0,0,0,0,0,0,0,0,0,1,0,0,0
data/external/actions/human_action_recognition/train/005034_drinking.jpg,Bingsu/Human_Action_Recognition,drinking,0,0,0,0,0,0,0,0,0,0,0,0,0,0,1,0,0,0,0,0
data/external/actions/human_action_recognition/train/005035_fighting.jpg,Bingsu/Human_Action_Recognition,fighting,0,0,0,0,0,0,0,0,0,0,0,0,0,0,0,0,0,1,1,0
data/external/actions/human_action_recognition/train/005036_cycling.jpg,Bingsu/Human_Action_Recognition,cycling,0,0,0,0,0,0,0,0,1,0,0,0,0,0,0,0,0,1,0,0
data/external/actions/human_action_recognition/train/005037_texting.jpg,Bingsu/Human_Action_Recognition,texting,0,1,0,0,0,0,0,0,0,0,0,0,0,0,0,0,1,0,0,0
data/external/actions/human_action_recognition/train/005038_using_laptop.jpg,Bingsu/Human_Action_Recognition,using_laptop,0,1,0,0,0,0,0,0,0,0,0,0,1,0,0,0,1,0,0,0
data/external/actions/human_action_recognition/train/005039_sitting.jpg,Bingsu/Human_Action_Recognition,sitting,0,1,0,0,0,0,0,0,0,0,0,0,0,0,0,0,1,0,0,0
data/external/actions/human_action_recognition/train/005040_listening_to_music.jpg,Bingsu/Human_Action_Recognition,listening_to_music,0,1,0,0,0,0,0,0,0,0,0,0,0,0,0,0,1,0,0,0
data/external/actions/human_action_recognition/train/005041_laughing.jpg,Bingsu/Human_Action_Recognition,laughing,1,0,0,0,0,0,0,0,0,0,0,0,0,0,0,0,1,0,0,0
data/external/actions/human_action_recognition/train/005042_cycling.jpg,Bingsu/Human_Action_Recognition,cycling,0,0,0,0,0,0,0,0,1,0,0,0,0,0,0,0,0,1,0,0
data/external/actions/human_action_recognition/train/005043_eating.jpg,Bingsu/Human_Action_Recognition,eating,0,0,0,0,0,0,0,0,0,0,0,0,0,1,0,0,0,0,0,0
data/external/actions/human_action_recognition/train/005044_using_laptop.jpg,Bingsu/Human_Action_Recognition,using_laptop,0,1,0,0,0,0,0,0,0,0,0,0,1,0,0,0,1,0,0,0
data/external/actions/human_action_recognition/train/005045_laughing.jpg,Bingsu/Human_Action_Recognition,laughing,1,0,0,0,0,0,0,0,0,0,0,0,0,0,0,0,1,0,0,0
data/external/actions/human_action_recognition/train/005046_dancing.jpg,Bingsu/Human_Action_Recognition,dancing,0,0,0,0,0,0,0,0,0,0,1,0,0,0,0,0,0,1,0,0
data/external/actions/human_action_recognition/train/005047_using_laptop.jpg,Bingsu/Human_Action_Recognition,using_laptop,0,1,0,0,0,0,0,0,0,0,0,0,1,0,0,0,1,0,0,0
data/external/actions/human_action_recognition/train/005048_hugging.jpg,Bingsu/Human_Action_Recognition,hugging,1,0,0,0,0,0,0,0,0,0,0,0,0,0,0,0,1,0,0,0
data/external/actions/human_action_recognition/train/005049_laughing.jpg,Bingsu/Human_Action_Recognition,laughing,1,0,0,0,0,0,0,0,0,0,0,0,0,0,0,0,1,0,0,0
data/external/actions/human_action_recognition/train/005050_fighting.jpg,Bingsu/Human_Action_Recognition,fighting,0,0,0,0,0,0,0,0,0,0,0,0,0,0,0,0,0,1,1,0
data/external/actions/human_action_recognition/train/005051_calling.jpg,Bingsu/Human_Action_Recognition,calling,1,0,0,0,0,0,0,0,0,0,0,0,0,0,0,0,1,0,0,0
data/external/actions/human_action_recognition/train/005052_clapping.jpg,Bingsu/Human_Action_Recognition,clapping,0,0,0,0,1,0,0,0,0,0,0,0,0,0,0,0,0,1,0,0
data/external/actions/human_action_recognition/train/005053_sitting.jpg,Bingsu/Human_Action_Recognition,sitting,0,1,0,0,0,0,0,0,0,0,0,0,0,0,0,0,1,0,0,0
data/external/actions/human_action_recognition/train/005054_dancing.jpg,Bingsu/Human_Action_Recognition,dancing,0,0,0,0,0,0,0,0,0,0,1,0,0,0,0,0,0,1,0,0
data/external/actions/human_action_recognition/train/005055_cycling.jpg,Bingsu/Human_Action_Recognition,cycling,0,0,0,0,0,0,0,0,1,0,0,0,0,0,0,0,0,1,0,0
data/external/actions/human_action_recognition/train/005056_cycling.jpg,Bingsu/Human_Action_Recognition,cycling,0,0,0,0,0,0,0,0,1,0,0,0,0,0,0,0,0,1,0,0
data/external/actions/human_action_recognition/train/005057_cycling.jpg,Bingsu/Human_Action_Recognition,cycling,0,0,0,0,0,0,0,0,1,0,0,0,0,0,0,0,0,1,0,0
data/external/actions/human_action_recognition/train/005058_clapping.jpg,Bingsu/Human_Action_Recognition,clapping,0,0,0,0,1,0,0,0,0,0,0,0,0,0,0,0,0,1,0,0
data/external/actions/human_action_recognition/train/005059_calling.jpg,Bingsu/Human_Action_Recognition,calling,1,0,0,0,0,0,0,0,0,0,0,0,0,0,0,0,1,0,0,0
data/external/actions/human_action_recognition/train/005060_drinking.jpg,Bingsu/Human_Action_Recognition,drinking,0,0,0,0,0,0,0,0,0,0,0,0,0,0,1,0,0,0,0,0
data/external/actions/human_action_recognition/train/005061_using_laptop.jpg,Bingsu/Human_Action_Recognition,using_laptop,0,1,0,0,0,0,0,0,0,0,0,0,1,0,0,0,1,0,0,0
data/external/actions/human_action_recognition/train/005062_fighting.jpg,Bingsu/Human_Action_Recognition,fighting,0,0,0,0,0,0,0,0,0,0,0,0,0,0,0,0,0,1,1,0
data/external/actions/human_action_recognition/train/005063_hugging.jpg,Bingsu/Human_Action_Recognition,hugging,1,0,0,0,0,0,0,0,0,0,0,0,0,0,0,0,1,0,0,0
data/external/actions/human_action_recognition/train/005064_running.jpg,Bingsu/Human_Action_Recognition,running,0,0,0,0,0,0,1,0,0,0,0,0,0,0,0,0,0,1,1,0
data/external/actions/human_action_recognition/train/005065_running.jpg,Bingsu/Human_Action_Recognition,running,0,0,0,0,0,0,1,0,0,0,0,0,0,0,0,0,0,1,1,0
data/external/actions/human_action_recognition/train/005066_dancing.jpg,Bingsu/Human_Action_Recognition,dancing,0,0,0,0,0,0,0,0,0,0,1,0,0,0,0,0,0,1,0,0
data/external/actions/human_action_recognition/train/005067_sleeping.jpg,Bingsu/Human_Action_Recognition,sleeping,0,0,1,0,0,0,0,0,0,0,0,0,0,0,0,0,1,0,0,0
data/external/actions/human_action_recognition/train/005068_calling.jpg,Bingsu/Human_Action_Recognition,calling,1,0,0,0,0,0,0,0,0,0,0,0,0,0,0,0,1,0,0,0
data/external/actions/human_action_recognition/train/005069_running.jpg,Bingsu/Human_Action_Recognition,running,0,0,0,0,0,0,1,0,0,0,0,0,0,0,0,0,0,1,1,0
data/external/actions/human_action_recognition/train/005070_fighting.jpg,Bingsu/Human_Action_Recognition,fighting,0,0,0,0,0,0,0,0,0,0,0,0,0,0,0,0,0,1,1,0
data/external/actions/human_action_recognition/train/005071_texting.jpg,Bingsu/Human_Action_Recognition,texting,0,1,0,0,0,0,0,0,0,0,0,0,0,0,0,0,1,0,0,0
data/external/actions/human_action_recognition/train/005072_sleeping.jpg,Bingsu/Human_Action_Recognition,sleeping,0,0,1,0,0,0,0,0,0,0,0,0,0,0,0,0,1,0,0,0
data/external/actions/human_action_recognition/train/005073_fighting.jpg,Bingsu/Human_Action_Recognition,fighting,0,0,0,0,0,0,0,0,0,0,0,0,0,0,0,0,0,1,1,0
data/external/actions/human_action_recognition/train/005074_hugging.jpg,Bingsu/Human_Action_Recognition,hugging,1,0,0,0,0,0,0,0,0,0,0,0,0,0,0,0,1,0,0,0
data/external/actions/human_action_recognition/train/005075_calling.jpg,Bingsu/Human_Action_Recognition,calling,1,0,0,0,0,0,0,0,0,0,0,0,0,0,0,0,1,0,0,0
data/external/actions/human_action_recognition/train/005076_using_laptop.jpg,Bingsu/Human_Action_Recognition,using_laptop,0,1,0,0,0,0,0,0,0,0,0,0,1,0,0,0,1,0,0,0
data/external/actions/human_action_recognition/train/005077_clapping.jpg,Bingsu/Human_Action_Recognition,clapping,0,0,0,0,1,0,0,0,0,0,0,0,0,0,0,0,0,1,0,0
data/external/actions/human_action_recognition/train/005078_cycling.jpg,Bingsu/Human_Action_Recognition,cycling,0,0,0,0,0,0,0,0,1,0,0,0,0,0,0,0,0,1,0,0
data/external/actions/human_action_recognition/train/005079_eating.jpg,Bingsu/Human_Action_Recognition,eating,0,0,0,0,0,0,0,0,0,0,0,0,0,1,0,0,0,0,0,0
data/external/actions/human_action_recognition/train/005080_laughing.jpg,Bingsu/Human_Action_Recognition,laughing,1,0,0,0,0,0,0,0,0,0,0,0,0,0,0,0,1,0,0,0
data/external/actions/human_action_recognition/train/005081_texting.jpg,Bingsu/Human_Action_Recognition,texting,0,1,0,0,0,0,0,0,0,0,0,0,0,0,0,0,1,0,0,0
data/external/actions/human_action_recognition/train/005082_sitting.jpg,Bingsu/Human_Action_Recognition,sitting,0,1,0,0,0,0,0,0,0,0,0,0,0,0,0,0,1,0,0,0
data/external/actions/human_action_recognition/train/005083_drinking.jpg,Bingsu/Human_Action_Recognition,drinking,0,0,0,0,0,0,0,0,0,0,0,0,0,0,1,0,0,0,0,0
data/external/actions/human_action_recognition/train/005084_fighting.jpg,Bingsu/Human_Action_Recognition,fighting,0,0,0,0,0,0,0,0,0,0,0,0,0,0,0,0,0,1,1,0
data/external/actions/human_action_recognition/train/005085_running.jpg,Bingsu/Human_Action_Recognition,running,0,0,0,0,0,0,1,0,0,0,0,0,0,0,0,0,0,1,1,0
data/external/actions/human_action_recognition/train/005086_sitting.jpg,Bingsu/Human_Action_Recognition,sitting,0,1,0,0,0,0,0,0,0,0,0,0,0,0,0,0,1,0,0,0
data/external/actions/human_action_recognition/train/005087_cycling.jpg,Bingsu/Human_Action_Recognition,cycling,0,0,0,0,0,0,0,0,1,0,0,0,0,0,0,0,0,1,0,0
data/external/actions/human_action_recognition/train/005088_laughing.jpg,Bingsu/Human_Action_Recognition,laughing,1,0,0,0,0,0,0,0,0,0,0,0,0,0,0,0,1,0,0,0
data/external/actions/human_action_recognition/train/005089_dancing.jpg,Bingsu/Human_Action_Recognition,dancing,0,0,0,0,0,0,0,0,0,0,1,0,0,0,0,0,0,1,0,0
data/external/actions/human_action_recognition/train/005090_sitting.jpg,Bingsu/Human_Action_Recognition,sitting,0,1,0,0,0,0,0,0,0,0,0,0,0,0,0,0,1,0,0,0
data/external/actions/human_action_recognition/train/005091_calling.jpg,Bingsu/Human_Action_Recognition,calling,1,0,0,0,0,0,0,0,0,0,0,0,0,0,0,0,1,0,0,0
data/external/actions/human_action_recognition/train/005092_sitting.jpg,Bingsu/Human_Action_Recognition,sitting,0,1,0,0,0,0,0,0,0,0,0,0,0,0,0,0,1,0,0,0
data/external/actions/human_action_recognition/train/005093_dancing.jpg,Bingsu/Human_Action_Recognition,dancing,0,0,0,0,0,0,0,0,0,0,1,0,0,0,0,0,0,1,0,0
data/external/actions/human_action_recognition/train/005094_listening_to_music.jpg,Bingsu/Human_Action_Recognition,listening_to_music,0,1,0,0,0,0,0,0,0,0,0,0,0,0,0,0,1,0,0,0
data/external/actions/human_action_recognition/train/005095_sitting.jpg,Bingsu/Human_Action_Recognition,sitting,0,1,0,0,0,0,0,0,0,0,0,0,0,0,0,0,1,0,0,0
data/external/actions/human_action_recognition/train/005096_fighting.jpg,Bingsu/Human_Action_Recognition,fighting,0,0,0,0,0,0,0,0,0,0,0,0,0,0,0,0,0,1,1,0
data/external/actions/human_action_recognition/train/005097_drinking.jpg,Bingsu/Human_Action_Recognition,drinking,0,0,0,0,0,0,0,0,0,0,0,0,0,0,1,0,0,0,0,0
data/external/actions/human_action_recognition/train/005098_calling.jpg,Bingsu/Human_Action_Recognition,calling,1,0,0,0,0,0,0,0,0,0,0,0,0,0,0,0,1,0,0,0
data/external/actions/human_action_recognition/train/005099_laughing.jpg,Bingsu/Human_Action_Recognition,laughing,1,0,0,0,0,0,0,0,0,0,0,0,0,0,0,0,1,0,0,0
data/external/actions/human_action_recognition/train/005100_listening_to_music.jpg,Bingsu/Human_Action_Recognition,listening_to_music,0,1,0,0,0,0,0,0,0,0,0,0,0,0,0,0,1,0,0,0
data/external/actions/human_action_recognition/train/005101_cycling.jpg,Bingsu/Human_Action_Recognition,cycling,0,0,0,0,0,0,0,0,1,0,0,0,0,0,0,0,0,1,0,0
data/external/actions/human_action_recognition/train/005102_hugging.jpg,Bingsu/Human_Action_Recognition,hugging,1,0,0,0,0,0,0,0,0,0,0,0,0,0,0,0,1,0,0,0
data/external/actions/human_action_recognition/train/005103_running.jpg,Bingsu/Human_Action_Recognition,running,0,0,0,0,0,0,1,0,0,0,0,0,0,0,0,0,0,1,1,0
data/external/actions/human_action_recognition/train/005104_sleeping.jpg,Bingsu/Human_Action_Recognition,sleeping,0,0,1,0,0,0,0,0,0,0,0,0,0,0,0,0,1,0,0,0
data/external/actions/human_action_recognition/train/005105_running.jpg,Bingsu/Human_Action_Recognition,running,0,0,0,0,0,0,1,0,0,0,0,0,0,0,0,0,0,1,1,0
data/external/actions/human_action_recognition/train/005106_clapping.jpg,Bingsu/Human_Action_Recognition,clapping,0,0,0,0,1,0,0,0,0,0,0,0,0,0,0,0,0,1,0,0
data/external/actions/human_action_recognition/train/005107_dancing.jpg,Bingsu/Human_Action_Recognition,dancing,0,0,0,0,0,0,0,0,0,0,1,0,0,0,0,0,0,1,0,0
data/external/actions/human_action_recognition/train/005108_calling.jpg,Bingsu/Human_Action_Recognition,calling,1,0,0,0,0,0,0,0,0,0,0,0,0,0,0,0,1,0,0,0
data/external/actions/human_action_recognition/train/005109_listening_to_music.jpg,Bingsu/Human_Action_Recognition,listening_to_music,0,1,0,0,0,0,0,0,0,0,0,0,0,0,0,0,1,0,0,0
data/external/actions/human_action_recognition/train/005110_cycling.jpg,Bingsu/Human_Action_Recognition,cycling,0,0,0,0,0,0,0,0,1,0,0,0,0,0,0,0,0,1,0,0
data/external/actions/human_action_recognition/train/005111_hugging.jpg,Bingsu/Human_Action_Recognition,hugging,1,0,0,0,0,0,0,0,0,0,0,0,0,0,0,0,1,0,0,0
data/external/actions/human_action_recognition/train/005112_cycling.jpg,Bingsu/Human_Action_Recognition,cycling,0,0,0,0,0,0,0,0,1,0,0,0,0,0,0,0,0,1,0,0
data/external/actions/human_action_recognition/train/005113_using_laptop.jpg,Bingsu/Human_Action_Recognition,using_laptop,0,1,0,0,0,0,0,0,0,0,0,0,1,0,0,0,1,0,0,0
data/external/actions/human_action_recognition/train/005114_laughing.jpg,Bingsu/Human_Action_Recognition,laughing,1,0,0,0,0,0,0,0,0,0,0,0,0,0,0,0,1,0,0,0
data/external/actions/human_action_recognition/train/005115_laughing.jpg,Bingsu/Human_Action_Recognition,laughing,1,0,0,0,0,0,0,0,0,0,0,0,0,0,0,0,1,0,0,0
data/external/actions/human_action_recognition/train/005116_texting.jpg,Bingsu/Human_Action_Recognition,texting,0,1,0,0,0,0,0,0,0,0,0,0,0,0,0,0,1,0,0,0
data/external/actions/human_action_recognition/train/005117_cycling.jpg,Bingsu/Human_Action_Recognition,cycling,0,0,0,0,0,0,0,0,1,0,0,0,0,0,0,0,0,1,0,0
data/external/actions/human_action_recognition/train/005118_texting.jpg,Bingsu/Human_Action_Recognition,texting,0,1,0,0,0,0,0,0,0,0,0,0,0,0,0,0,1,0,0,0
data/external/actions/human_action_recognition/train/005119_using_laptop.jpg,Bingsu/Human_Action_Recognition,using_laptop,0,1,0,0,0,0,0,0,0,0,0,0,1,0,0,0,1,0,0,0
data/external/actions/human_action_recognition/train/005120_listening_to_music.jpg,Bingsu/Human_Action_Recognition,listening_to_music,0,1,0,0,0,0,0,0,0,0,0,0,0,0,0,0,1,0,0,0
data/external/actions/human_action_recognition/train/005121_sleeping.jpg,Bingsu/Human_Action_Recognition,sleeping,0,0,1,0,0,0,0,0,0,0,0,0,0,0,0,0,1,0,0,0
data/external/actions/human_action_recognition/train/005122_cycling.jpg,Bingsu/Human_Action_Recognition,cycling,0,0,0,0,0,0,0,0,1,0,0,0,0,0,0,0,0,1,0,0
data/external/actions/human_action_recognition/train/005123_listening_to_music.jpg,Bingsu/Human_Action_Recognition,listening_to_music,0,1,0,0,0,0,0,0,0,0,0,0,0,0,0,0,1,0,0,0
data/external/actions/human_action_recognition/train/005124_cycling.jpg,Bingsu/Human_Action_Recognition,cycling,0,0,0,0,0,0,0,0,1,0,0,0,0,0,0,0,0,1,0,0
data/external/actions/human_action_recognition/train/005125_dancing.jpg,Bingsu/Human_Action_Recognition,dancing,0,0,0,0,0,0,0,0,0,0,1,0,0,0,0,0,0,1,0,0
data/external/actions/human_action_recognition/train/005126_texting.jpg,Bingsu/Human_Action_Recognition,texting,0,1,0,0,0,0,0,0,0,0,0,0,0,0,0,0,1,0,0,0
data/external/actions/human_action_recognition/train/005127_running.jpg,Bingsu/Human_Action_Recognition,running,0,0,0,0,0,0,1,0,0,0,0,0,0,0,0,0,0,1,1,0
data/external/actions/human_action_recognition/train/005128_texting.jpg,Bingsu/Human_Action_Recognition,texting,0,1,0,0,0,0,0,0,0,0,0,0,0,0,0,0,1,0,0,0
data/external/actions/human_action_recognition/train/005129_cycling.jpg,Bingsu/Human_Action_Recognition,cycling,0,0,0,0,0,0,0,0,1,0,0,0,0,0,0,0,0,1,0,0
data/external/actions/human_action_recognition/train/005130_running.jpg,Bingsu/Human_Action_Recognition,running,0,0,0,0,0,0,1,0,0,0,0,0,0,0,0,0,0,1,1,0
data/external/actions/human_action_recognition/train/005131_fighting.jpg,Bingsu/Human_Action_Recognition,fighting,0,0,0,0,0,0,0,0,0,0,0,0,0,0,0,0,0,1,1,0
data/external/actions/human_action_recognition/train/005132_calling.jpg,Bingsu/Human_Action_Recognition,calling,1,0,0,0,0,0,0,0,0,0,0,0,0,0,0,0,1,0,0,0
data/external/actions/human_action_recognition/train/005133_cycling.jpg,Bingsu/Human_Action_Recognition,cycling,0,0,0,0,0,0,0,0,1,0,0,0,0,0,0,0,0,1,0,0
data/external/actions/human_action_recognition/train/005134_texting.jpg,Bingsu/Human_Action_Recognition,texting,0,1,0,0,0,0,0,0,0,0,0,0,0,0,0,0,1,0,0,0
data/external/actions/human_action_recognition/train/005135_eating.jpg,Bingsu/Human_Action_Recognition,eating,0,0,0,0,0,0,0,0,0,0,0,0,0,1,0,0,0,0,0,0
data/external/actions/human_action_recognition/train/005136_sitting.jpg,Bingsu/Human_Action_Recognition,sitting,0,1,0,0,0,0,0,0,0,0,0,0,0,0,0,0,1,0,0,0
data/external/actions/human_action_recognition/train/005137_using_laptop.jpg,Bingsu/Human_Action_Recognition,using_laptop,0,1,0,0,0,0,0,0,0,0,0,0,1,0,0,0,1,0,0,0
data/external/actions/human_action_recognition/train/005138_sitting.jpg,Bingsu/Human_Action_Recognition,sitting,0,1,0,0,0,0,0,0,0,0,0,0,0,0,0,0,1,0,0,0
data/external/actions/human_action_recognition/train/005139_listening_to_music.jpg,Bingsu/Human_Action_Recognition,listening_to_music,0,1,0,0,0,0,0,0,0,0,0,0,0,0,0,0,1,0,0,0
data/external/actions/human_action_recognition/train/005140_drinking.jpg,Bingsu/Human_Action_Recognition,drinking,0,0,0,0,0,0,0,0,0,0,0,0,0,0,1,0,0,0,0,0
data/external/actions/human_action_recognition/train/005141_hugging.jpg,Bingsu/Human_Action_Recognition,hugging,1,0,0,0,0,0,0,0,0,0,0,0,0,0,0,0,1,0,0,0
data/external/actions/human_action_recognition/train/005142_texting.jpg,Bingsu/Human_Action_Recognition,texting,0,1,0,0,0,0,0,0,0,0,0,0,0,0,0,0,1,0,0,0
data/external/actions/human_action_recognition/train/005143_running.jpg,Bingsu/Human_Action_Recognition,running,0,0,0,0,0,0,1,0,0,0,0,0,0,0,0,0,0,1,1,0
data/external/actions/human_action_recognition/train/005144_listening_to_music.jpg,Bingsu/Human_Action_Recognition,listening_to_music,0,1,0,0,0,0,0,0,0,0,0,0,0,0,0,0,1,0,0,0
data/external/actions/human_action_recognition/train/005145_hugging.jpg,Bingsu/Human_Action_Recognition,hugging,1,0,0,0,0,0,0,0,0,0,0,0,0,0,0,0,1,0,0,0
data/external/actions/human_action_recognition/train/005146_cycling.jpg,Bingsu/Human_Action_Recognition,cycling,0,0,0,0,0,0,0,0,1,0,0,0,0,0,0,0,0,1,0,0
data/external/actions/human_action_recognition/train/005147_fighting.jpg,Bingsu/Human_Action_Recognition,fighting,0,0,0,0,0,0,0,0,0,0,0,0,0,0,0,0,0,1,1,0
data/external/actions/human_action_recognition/train/005148_clapping.jpg,Bingsu/Human_Action_Recognition,clapping,0,0,0,0,1,0,0,0,0,0,0,0,0,0,0,0,0,1,0,0
data/external/actions/human_action_recognition/train/005149_sleeping.jpg,Bingsu/Human_Action_Recognition,sleeping,0,0,1,0,0,0,0,0,0,0,0,0,0,0,0,0,1,0,0,0
data/external/actions/human_action_recognition/train/005150_eating.jpg,Bingsu/Human_Action_Recognition,eating,0,0,0,0,0,0,0,0,0,0,0,0,0,1,0,0,0,0,0,0
data/external/actions/human_action_recognition/train/005151_using_laptop.jpg,Bingsu/Human_Action_Recognition,using_laptop,0,1,0,0,0,0,0,0,0,0,0,0,1,0,0,0,1,0,0,0
data/external/actions/human_action_recognition/train/005152_sitting.jpg,Bingsu/Human_Action_Recognition,sitting,0,1,0,0,0,0,0,0,0,0,0,0,0,0,0,0,1,0,0,0
data/external/actions/human_action_recognition/train/005153_dancing.jpg,Bingsu/Human_Action_Recognition,dancing,0,0,0,0,0,0,0,0,0,0,1,0,0,0,0,0,0,1,0,0
data/external/actions/human_action_recognition/train/005154_running.jpg,Bingsu/Human_Action_Recognition,running,0,0,0,0,0,0,1,0,0,0,0,0,0,0,0,0,0,1,1,0
data/external/actions/human_action_recognition/train/005155_sitting.jpg,Bingsu/Human_Action_Recognition,sitting,0,1,0,0,0,0,0,0,0,0,0,0,0,0,0,0,1,0,0,0
data/external/actions/human_action_recognition/train/005156_clapping.jpg,Bingsu/Human_Action_Recognition,clapping,0,0,0,0,1,0,0,0,0,0,0,0,0,0,0,0,0,1,0,0
data/external/actions/human_action_recognition/train/005157_fighting.jpg,Bingsu/Human_Action_Recognition,fighting,0,0,0,0,0,0,0,0,0,0,0,0,0,0,0,0,0,1,1,0
data/external/actions/human_action_recognition/train/005158_calling.jpg,Bingsu/Human_Action_Recognition,calling,1,0,0,0,0,0,0,0,0,0,0,0,0,0,0,0,1,0,0,0
data/external/actions/human_action_recognition/train/005159_sitting.jpg,Bingsu/Human_Action_Recognition,sitting,0,1,0,0,0,0,0,0,0,0,0,0,0,0,0,0,1,0,0,0
data/external/actions/human_action_recognition/train/005160_using_laptop.jpg,Bingsu/Human_Action_Recognition,using_laptop,0,1,0,0,0,0,0,0,0,0,0,0,1,0,0,0,1,0,0,0
data/external/actions/human_action_recognition/train/005161_hugging.jpg,Bingsu/Human_Action_Recognition,hugging,1,0,0,0,0,0,0,0,0,0,0,0,0,0,0,0,1,0,0,0
data/external/actions/human_action_recognition/train/005162_sleeping.jpg,Bingsu/Human_Action_Recognition,sleeping,0,0,1,0,0,0,0,0,0,0,0,0,0,0,0,0,1,0,0,0
data/external/actions/human_action_recognition/train/005163_using_laptop.jpg,Bingsu/Human_Action_Recognition,using_laptop,0,1,0,0,0,0,0,0,0,0,0,0,1,0,0,0,1,0,0,0
data/external/actions/human_action_recognition/train/005164_clapping.jpg,Bingsu/Human_Action_Recognition,clapping,0,0,0,0,1,0,0,0,0,0,0,0,0,0,0,0,0,1,0,0
data/external/actions/human_action_recognition/train/005165_listening_to_music.jpg,Bingsu/Human_Action_Recognition,listening_to_music,0,1,0,0,0,0,0,0,0,0,0,0,0,0,0,0,1,0,0,0
data/external/actions/human_action_recognition/train/005166_fighting.jpg,Bingsu/Human_Action_Recognition,fighting,0,0,0,0,0,0,0,0,0,0,0,0,0,0,0,0,0,1,1,0
data/external/actions/human_action_recognition/train/005167_listening_to_music.jpg,Bingsu/Human_Action_Recognition,listening_to_music,0,1,0,0,0,0,0,0,0,0,0,0,0,0,0,0,1,0,0,0
data/external/actions/human_action_recognition/train/005168_fighting.jpg,Bingsu/Human_Action_Recognition,fighting,0,0,0,0,0,0,0,0,0,0,0,0,0,0,0,0,0,1,1,0
data/external/actions/human_action_recognition/train/005169_eating.jpg,Bingsu/Human_Action_Recognition,eating,0,0,0,0,0,0,0,0,0,0,0,0,0,1,0,0,0,0,0,0
data/external/actions/human_action_recognition/train/005170_drinking.jpg,Bingsu/Human_Action_Recognition,drinking,0,0,0,0,0,0,0,0,0,0,0,0,0,0,1,0,0,0,0,0
data/external/actions/human_action_recognition/train/005171_using_laptop.jpg,Bingsu/Human_Action_Recognition,using_laptop,0,1,0,0,0,0,0,0,0,0,0,0,1,0,0,0,1,0,0,0
data/external/actions/human_action_recognition/train/005172_clapping.jpg,Bingsu/Human_Action_Recognition,clapping,0,0,0,0,1,0,0,0,0,0,0,0,0,0,0,0,0,1,0,0
data/external/actions/human_action_recognition/train/005173_dancing.jpg,Bingsu/Human_Action_Recognition,dancing,0,0,0,0,0,0,0,0,0,0,1,0,0,0,0,0,0,1,0,0
data/external/actions/human_action_recognition/train/005174_listening_to_music.jpg,Bingsu/Human_Action_Recognition,listening_to_music,0,1,0,0,0,0,0,0,0,0,0,0,0,0,0,0,1,0,0,0
data/external/actions/human_action_recognition/train/005175_eating.jpg,Bingsu/Human_Action_Recognition,eating,0,0,0,0,0,0,0,0,0,0,0,0,0,1,0,0,0,0,0,0
data/external/actions/human_action_recognition/train/005176_clapping.jpg,Bingsu/Human_Action_Recognition,clapping,0,0,0,0,1,0,0,0,0,0,0,0,0,0,0,0,0,1,0,0
data/external/actions/human_action_recognition/train/005177_using_laptop.jpg,Bingsu/Human_Action_Recognition,using_laptop,0,1,0,0,0,0,0,0,0,0,0,0,1,0,0,0,1,0,0,0
data/external/actions/human_action_recognition/train/005178_drinking.jpg,Bingsu/Human_Action_Recognition,drinking,0,0,0,0,0,0,0,0,0,0,0,0,0,0,1,0,0,0,0,0
data/external/actions/human_action_recognition/train/005179_running.jpg,Bingsu/Human_Action_Recognition,running,0,0,0,0,0,0,1,0,0,0,0,0,0,0,0,0,0,1,1,0
data/external/actions/human_action_recognition/train/005180_drinking.jpg,Bingsu/Human_Action_Recognition,drinking,0,0,0,0,0,0,0,0,0,0,0,0,0,0,1,0,0,0,0,0
data/external/actions/human_action_recognition/train/005181_cycling.jpg,Bingsu/Human_Action_Recognition,cycling,0,0,0,0,0,0,0,0,1,0,0,0,0,0,0,0,0,1,0,0
data/external/actions/human_action_recognition/train/005182_using_laptop.jpg,Bingsu/Human_Action_Recognition,using_laptop,0,1,0,0,0,0,0,0,0,0,0,0,1,0,0,0,1,0,0,0
data/external/actions/human_action_recognition/train/005183_dancing.jpg,Bingsu/Human_Action_Recognition,dancing,0,0,0,0,0,0,0,0,0,0,1,0,0,0,0,0,0,1,0,0
data/external/actions/human_action_recognition/train/005184_fighting.jpg,Bingsu/Human_Action_Recognition,fighting,0,0,0,0,0,0,0,0,0,0,0,0,0,0,0,0,0,1,1,0
data/external/actions/human_action_recognition/train/005185_dancing.jpg,Bingsu/Human_Action_Recognition,dancing,0,0,0,0,0,0,0,0,0,0,1,0,0,0,0,0,0,1,0,0
data/external/actions/human_action_recognition/train/005186_hugging.jpg,Bingsu/Human_Action_Recognition,hugging,1,0,0,0,0,0,0,0,0,0,0,0,0,0,0,0,1,0,0,0
data/external/actions/human_action_recognition/train/005187_dancing.jpg,Bingsu/Human_Action_Recognition,dancing,0,0,0,0,0,0,0,0,0,0,1,0,0,0,0,0,0,1,0,0
data/external/actions/human_action_recognition/train/005188_laughing.jpg,Bingsu/Human_Action_Recognition,laughing,1,0,0,0,0,0,0,0,0,0,0,0,0,0,0,0,1,0,0,0
data/external/actions/human_action_recognition/train/005189_texting.jpg,Bingsu/Human_Action_Recognition,texting,0,1,0,0,0,0,0,0,0,0,0,0,0,0,0,0,1,0,0,0
data/external/actions/human_action_recognition/train/005190_sleeping.jpg,Bingsu/Human_Action_Recognition,sleeping,0,0,1,0,0,0,0,0,0,0,0,0,0,0,0,0,1,0,0,0
data/external/actions/human_action_recognition/train/005191_sleeping.jpg,Bingsu/Human_Action_Recognition,sleeping,0,0,1,0,0,0,0,0,0,0,0,0,0,0,0,0,1,0,0,0
data/external/actions/human_action_recognition/train/005192_listening_to_music.jpg,Bingsu/Human_Action_Recognition,listening_to_music,0,1,0,0,0,0,0,0,0,0,0,0,0,0,0,0,1,0,0,0
data/external/actions/human_action_recognition/train/005193_using_laptop.jpg,Bingsu/Human_Action_Recognition,using_laptop,0,1,0,0,0,0,0,0,0,0,0,0,1,0,0,0,1,0,0,0
data/external/actions/human_action_recognition/train/005194_laughing.jpg,Bingsu/Human_Action_Recognition,laughing,1,0,0,0,0,0,0,0,0,0,0,0,0,0,0,0,1,0,0,0
data/external/actions/human_action_recognition/train/005195_dancing.jpg,Bingsu/Human_Action_Recognition,dancing,0,0,0,0,0,0,0,0,0,0,1,0,0,0,0,0,0,1,0,0
data/external/actions/human_action_recognition/train/005196_calling.jpg,Bingsu/Human_Action_Recognition,calling,1,0,0,0,0,0,0,0,0,0,0,0,0,0,0,0,1,0,0,0
data/external/actions/human_action_recognition/train/005197_dancing.jpg,Bingsu/Human_Action_Recognition,dancing,0,0,0,0,0,0,0,0,0,0,1,0,0,0,0,0,0,1,0,0
data/external/actions/human_action_recognition/train/005198_sleeping.jpg,Bingsu/Human_Action_Recognition,sleeping,0,0,1,0,0,0,0,0,0,0,0,0,0,0,0,0,1,0,0,0
data/external/actions/human_action_recognition/train/005199_laughing.jpg,Bingsu/Human_Action_Recognition,laughing,1,0,0,0,0,0,0,0,0,0,0,0,0,0,0,0,1,0,0,0
data/external/actions/human_action_recognition/train/005200_running.jpg,Bingsu/Human_Action_Recognition,running,0,0,0,0,0,0,1,0,0,0,0,0,0,0,0,0,0,1,1,0
data/external/actions/human_action_recognition/train/005201_fighting.jpg,Bingsu/Human_Action_Recognition,fighting,0,0,0,0,0,0,0,0,0,0,0,0,0,0,0,0,0,1,1,0
data/external/actions/human_action_recognition/train/005202_sitting.jpg,Bingsu/Human_Action_Recognition,sitting,0,1,0,0,0,0,0,0,0,0,0,0,0,0,0,0,1,0,0,0
data/external/actions/human_action_recognition/train/005203_fighting.jpg,Bingsu/Human_Action_Recognition,fighting,0,0,0,0,0,0,0,0,0,0,0,0,0,0,0,0,0,1,1,0
data/external/actions/human_action_recognition/train/005204_dancing.jpg,Bingsu/Human_Action_Recognition,dancing,0,0,0,0,0,0,0,0,0,0,1,0,0,0,0,0,0,1,0,0
data/external/actions/human_action_recognition/train/005205_laughing.jpg,Bingsu/Human_Action_Recognition,laughing,1,0,0,0,0,0,0,0,0,0,0,0,0,0,0,0,1,0,0,0
data/external/actions/human_action_recognition/train/005206_listening_to_music.jpg,Bingsu/Human_Action_Recognition,listening_to_music,0,1,0,0,0,0,0,0,0,0,0,0,0,0,0,0,1,0,0,0
data/external/actions/human_action_recognition/train/005207_hugging.jpg,Bingsu/Human_Action_Recognition,hugging,1,0,0,0,0,0,0,0,0,0,0,0,0,0,0,0,1,0,0,0
data/external/actions/human_action_recognition/train/005208_eating.jpg,Bingsu/Human_Action_Recognition,eating,0,0,0,0,0,0,0,0,0,0,0,0,0,1,0,0,0,0,0,0
data/external/actions/human_action_recognition/train/005209_sitting.jpg,Bingsu/Human_Action_Recognition,sitting,0,1,0,0,0,0,0,0,0,0,0,0,0,0,0,0,1,0,0,0
data/external/actions/human_action_recognition/train/005210_listening_to_music.jpg,Bingsu/Human_Action_Recognition,listening_to_music,0,1,0,0,0,0,0,0,0,0,0,0,0,0,0,0,1,0,0,0
data/external/actions/human_action_recognition/train/005211_laughing.jpg,Bingsu/Human_Action_Recognition,laughing,1,0,0,0,0,0,0,0,0,0,0,0,0,0,0,0,1,0,0,0
data/external/actions/human_action_recognition/train/005212_sleeping.jpg,Bingsu/Human_Action_Recognition,sleeping,0,0,1,0,0,0,0,0,0,0,0,0,0,0,0,0,1,0,0,0
data/external/actions/human_action_recognition/train/005213_fighting.jpg,Bingsu/Human_Action_Recognition,fighting,0,0,0,0,0,0,0,0,0,0,0,0,0,0,0,0,0,1,1,0
data/external/actions/human_action_recognition/train/005214_calling.jpg,Bingsu/Human_Action_Recognition,calling,1,0,0,0,0,0,0,0,0,0,0,0,0,0,0,0,1,0,0,0
data/external/actions/human_action_recognition/train/005215_hugging.jpg,Bingsu/Human_Action_Recognition,hugging,1,0,0,0,0,0,0,0,0,0,0,0,0,0,0,0,1,0,0,0
data/external/actions/human_action_recognition/train/005216_fighting.jpg,Bingsu/Human_Action_Recognition,fighting,0,0,0,0,0,0,0,0,0,0,0,0,0,0,0,0,0,1,1,0
data/external/actions/human_action_recognition/train/005217_clapping.jpg,Bingsu/Human_Action_Recognition,clapping,0,0,0,0,1,0,0,0,0,0,0,0,0,0,0,0,0,1,0,0
data/external/actions/human_action_recognition/train/005218_fighting.jpg,Bingsu/Human_Action_Recognition,fighting,0,0,0,0,0,0,0,0,0,0,0,0,0,0,0,0,0,1,1,0
data/external/actions/human_action_recognition/train/005219_texting.jpg,Bingsu/Human_Action_Recognition,texting,0,1,0,0,0,0,0,0,0,0,0,0,0,0,0,0,1,0,0,0
data/external/actions/human_action_recognition/train/005220_clapping.jpg,Bingsu/Human_Action_Recognition,clapping,0,0,0,0,1,0,0,0,0,0,0,0,0,0,0,0,0,1,0,0
data/external/actions/human_action_recognition/train/005221_cycling.jpg,Bingsu/Human_Action_Recognition,cycling,0,0,0,0,0,0,0,0,1,0,0,0,0,0,0,0,0,1,0,0
data/external/actions/human_action_recognition/train/005222_clapping.jpg,Bingsu/Human_Action_Recognition,clapping,0,0,0,0,1,0,0,0,0,0,0,0,0,0,0,0,0,1,0,0
data/external/actions/human_action_recognition/train/005223_hugging.jpg,Bingsu/Human_Action_Recognition,hugging,1,0,0,0,0,0,0,0,0,0,0,0,0,0,0,0,1,0,0,0
data/external/actions/human_action_recognition/train/005224_cycling.jpg,Bingsu/Human_Action_Recognition,cycling,0,0,0,0,0,0,0,0,1,0,0,0,0,0,0,0,0,1,0,0
data/external/actions/human_action_recognition/train/005225_laughing.jpg,Bingsu/Human_Action_Recognition,laughing,1,0,0,0,0,0,0,0,0,0,0,0,0,0,0,0,1,0,0,0
data/external/actions/human_action_recognition/train/005226_listening_to_music.jpg,Bingsu/Human_Action_Recognition,listening_to_music,0,1,0,0,0,0,0,0,0,0,0,0,0,0,0,0,1,0,0,0
data/external/actions/human_action_recognition/train/005227_hugging.jpg,Bingsu/Human_Action_Recognition,hugging,1,0,0,0,0,0,0,0,0,0,0,0,0,0,0,0,1,0,0,0
data/external/actions/human_action_recognition/train/005228_cycling.jpg,Bingsu/Human_Action_Recognition,cycling,0,0,0,0,0,0,0,0,1,0,0,0,0,0,0,0,0,1,0,0
data/external/actions/human_action_recognition/train/005229_drinking.jpg,Bingsu/Human_Action_Recognition,drinking,0,0,0,0,0,0,0,0,0,0,0,0,0,0,1,0,0,0,0,0
data/external/actions/human_action_recognition/train/005230_clapping.jpg,Bingsu/Human_Action_Recognition,clapping,0,0,0,0,1,0,0,0,0,0,0,0,0,0,0,0,0,1,0,0
data/external/actions/human_action_recognition/train/005231_fighting.jpg,Bingsu/Human_Action_Recognition,fighting,0,0,0,0,0,0,0,0,0,0,0,0,0,0,0,0,0,1,1,0
data/external/actions/human_action_recognition/train/005232_calling.jpg,Bingsu/Human_Action_Recognition,calling,1,0,0,0,0,0,0,0,0,0,0,0,0,0,0,0,1,0,0,0
data/external/actions/human_action_recognition/train/005233_drinking.jpg,Bingsu/Human_Action_Recognition,drinking,0,0,0,0,0,0,0,0,0,0,0,0,0,0,1,0,0,0,0,0
data/external/actions/human_action_recognition/train/005234_dancing.jpg,Bingsu/Human_Action_Recognition,dancing,0,0,0,0,0,0,0,0,0,0,1,0,0,0,0,0,0,1,0,0
data/external/actions/human_action_recognition/train/005235_running.jpg,Bingsu/Human_Action_Recognition,running,0,0,0,0,0,0,1,0,0,0,0,0,0,0,0,0,0,1,1,0
data/external/actions/human_action_recognition/train/005236_calling.jpg,Bingsu/Human_Action_Recognition,calling,1,0,0,0,0,0,0,0,0,0,0,0,0,0,0,0,1,0,0,0
data/external/actions/human_action_recognition/train/005237_dancing.jpg,Bingsu/Human_Action_Recognition,dancing,0,0,0,0,0,0,0,0,0,0,1,0,0,0,0,0,0,1,0,0
data/external/actions/human_action_recognition/train/005238_sitting.jpg,Bingsu/Human_Action_Recognition,sitting,0,1,0,0,0,0,0,0,0,0,0,0,0,0,0,0,1,0,0,0
data/external/actions/human_action_recognition/train/005239_calling.jpg,Bingsu/Human_Action_Recognition,calling,1,0,0,0,0,0,0,0,0,0,0,0,0,0,0,0,1,0,0,0
data/external/actions/human_action_recognition/train/005240_hugging.jpg,Bingsu/Human_Action_Recognition,hugging,1,0,0,0,0,0,0,0,0,0,0,0,0,0,0,0,1,0,0,0
data/external/actions/human_action_recognition/train/005241_eating.jpg,Bingsu/Human_Action_Recognition,eating,0,0,0,0,0,0,0,0,0,0,0,0,0,1,0,0,0,0,0,0
data/external/actions/human_action_recognition/train/005242_clapping.jpg,Bingsu/Human_Action_Recognition,clapping,0,0,0,0,1,0,0,0,0,0,0,0,0,0,0,0,0,1,0,0
data/external/actions/human_action_recognition/train/005243_sleeping.jpg,Bingsu/Human_Action_Recognition,sleeping,0,0,1,0,0,0,0,0,0,0,0,0,0,0,0,0,1,0,0,0
data/external/actions/human_action_recognition/train/005244_texting.jpg,Bingsu/Human_Action_Recognition,texting,0,1,0,0,0,0,0,0,0,0,0,0,0,0,0,0,1,0,0,0
data/external/actions/human_action_recognition/train/005245_laughing.jpg,Bingsu/Human_Action_Recognition,laughing,1,0,0,0,0,0,0,0,0,0,0,0,0,0,0,0,1,0,0,0
data/external/actions/human_action_recognition/train/005246_clapping.jpg,Bingsu/Human_Action_Recognition,clapping,0,0,0,0,1,0,0,0,0,0,0,0,0,0,0,0,0,1,0,0
data/external/actions/human_action_recognition/train/005247_drinking.jpg,Bingsu/Human_Action_Recognition,drinking,0,0,0,0,0,0,0,0,0,0,0,0,0,0,1,0,0,0,0,0
data/external/actions/human_action_recognition/train/005248_drinking.jpg,Bingsu/Human_Action_Recognition,drinking,0,0,0,0,0,0,0,0,0,0,0,0,0,0,1,0,0,0,0,0
data/external/actions/human_action_recognition/train/005249_texting.jpg,Bingsu/Human_Action_Recognition,texting,0,1,0,0,0,0,0,0,0,0,0,0,0,0,0,0,1,0,0,0
data/external/actions/human_action_recognition/train/005250_calling.jpg,Bingsu/Human_Action_Recognition,calling,1,0,0,0,0,0,0,0,0,0,0,0,0,0,0,0,1,0,0,0
data/external/actions/human_action_recognition/train/005251_fighting.jpg,Bingsu/Human_Action_Recognition,fighting,0,0,0,0,0,0,0,0,0,0,0,0,0,0,0,0,0,1,1,0
data/external/actions/human_action_recognition/train/005252_using_laptop.jpg,Bingsu/Human_Action_Recognition,using_laptop,0,1,0,0,0,0,0,0,0,0,0,0,1,0,0,0,1,0,0,0
data/external/actions/human_action_recognition/train/005253_drinking.jpg,Bingsu/Human_Action_Recognition,drinking,0,0,0,0,0,0,0,0,0,0,0,0,0,0,1,0,0,0,0,0
data/external/actions/human_action_recognition/train/005254_running.jpg,Bingsu/Human_Action_Recognition,running,0,0,0,0,0,0,1,0,0,0,0,0,0,0,0,0,0,1,1,0
data/external/actions/human_action_recognition/train/005255_fighting.jpg,Bingsu/Human_Action_Recognition,fighting,0,0,0,0,0,0,0,0,0,0,0,0,0,0,0,0,0,1,1,0
data/external/actions/human_action_recognition/train/005256_clapping.jpg,Bingsu/Human_Action_Recognition,clapping,0,0,0,0,1,0,0,0,0,0,0,0,0,0,0,0,0,1,0,0
data/external/actions/human_action_recognition/train/005257_fighting.jpg,Bingsu/Human_Action_Recognition,fighting,0,0,0,0,0,0,0,0,0,0,0,0,0,0,0,0,0,1,1,0
data/external/actions/human_action_recognition/train/005258_running.jpg,Bingsu/Human_Action_Recognition,running,0,0,0,0,0,0,1,0,0,0,0,0,0,0,0,0,0,1,1,0
data/external/actions/human_action_recognition/train/005259_cycling.jpg,Bingsu/Human_Action_Recognition,cycling,0,0,0,0,0,0,0,0,1,0,0,0,0,0,0,0,0,1,0,0
data/external/actions/human_action_recognition/train/005260_sitting.jpg,Bingsu/Human_Action_Recognition,sitting,0,1,0,0,0,0,0,0,0,0,0,0,0,0,0,0,1,0,0,0
data/external/actions/human_action_recognition/train/005261_texting.jpg,Bingsu/Human_Action_Recognition,texting,0,1,0,0,0,0,0,0,0,0,0,0,0,0,0,0,1,0,0,0
data/external/actions/human_action_recognition/train/005262_calling.jpg,Bingsu/Human_Action_Recognition,calling,1,0,0,0,0,0,0,0,0,0,0,0,0,0,0,0,1,0,0,0
data/external/actions/human_action_recognition/train/005263_clapping.jpg,Bingsu/Human_Action_Recognition,clapping,0,0,0,0,1,0,0,0,0,0,0,0,0,0,0,0,0,1,0,0
data/external/actions/human_action_recognition/train/005264_laughing.jpg,Bingsu/Human_Action_Recognition,laughing,1,0,0,0,0,0,0,0,0,0,0,0,0,0,0,0,1,0,0,0
data/external/actions/human_action_recognition/train/005265_cycling.jpg,Bingsu/Human_Action_Recognition,cycling,0,0,0,0,0,0,0,0,1,0,0,0,0,0,0,0,0,1,0,0
data/external/actions/human_action_recognition/train/005266_sitting.jpg,Bingsu/Human_Action_Recognition,sitting,0,1,0,0,0,0,0,0,0,0,0,0,0,0,0,0,1,0,0,0
data/external/actions/human_action_recognition/train/005267_sitting.jpg,Bingsu/Human_Action_Recognition,sitting,0,1,0,0,0,0,0,0,0,0,0,0,0,0,0,0,1,0,0,0
data/external/actions/human_action_recognition/train/005268_listening_to_music.jpg,Bingsu/Human_Action_Recognition,listening_to_music,0,1,0,0,0,0,0,0,0,0,0,0,0,0,0,0,1,0,0,0
data/external/actions/human_action_recognition/train/005269_texting.jpg,Bingsu/Human_Action_Recognition,texting,0,1,0,0,0,0,0,0,0,0,0,0,0,0,0,0,1,0,0,0
data/external/actions/human_action_recognition/train/005270_laughing.jpg,Bingsu/Human_Action_Recognition,laughing,1,0,0,0,0,0,0,0,0,0,0,0,0,0,0,0,1,0,0,0
data/external/actions/human_action_recognition/train/005271_laughing.jpg,Bingsu/Human_Action_Recognition,laughing,1,0,0,0,0,0,0,0,0,0,0,0,0,0,0,0,1,0,0,0
data/external/actions/human_action_recognition/train/005272_laughing.jpg,Bingsu/Human_Action_Recognition,laughing,1,0,0,0,0,0,0,0,0,0,0,0,0,0,0,0,1,0,0,0
data/external/actions/human_action_recognition/train/005273_cycling.jpg,Bingsu/Human_Action_Recognition,cycling,0,0,0,0,0,0,0,0,1,0,0,0,0,0,0,0,0,1,0,0
data/external/actions/human_action_recognition/train/005274_running.jpg,Bingsu/Human_Action_Recognition,running,0,0,0,0,0,0,1,0,0,0,0,0,0,0,0,0,0,1,1,0
data/external/actions/human_action_recognition/train/005275_sleeping.jpg,Bingsu/Human_Action_Recognition,sleeping,0,0,1,0,0,0,0,0,0,0,0,0,0,0,0,0,1,0,0,0
data/external/actions/human_action_recognition/train/005276_eating.jpg,Bingsu/Human_Action_Recognition,eating,0,0,0,0,0,0,0,0,0,0,0,0,0,1,0,0,0,0,0,0
data/external/actions/human_action_recognition/train/005277_using_laptop.jpg,Bingsu/Human_Action_Recognition,using_laptop,0,1,0,0,0,0,0,0,0,0,0,0,1,0,0,0,1,0,0,0
data/external/actions/human_action_recognition/train/005278_using_laptop.jpg,Bingsu/Human_Action_Recognition,using_laptop,0,1,0,0,0,0,0,0,0,0,0,0,1,0,0,0,1,0,0,0
data/external/actions/human_action_recognition/train/005279_sitting.jpg,Bingsu/Human_Action_Recognition,sitting,0,1,0,0,0,0,0,0,0,0,0,0,0,0,0,0,1,0,0,0
data/external/actions/human_action_recognition/train/005280_calling.jpg,Bingsu/Human_Action_Recognition,calling,1,0,0,0,0,0,0,0,0,0,0,0,0,0,0,0,1,0,0,0
data/external/actions/human_action_recognition/train/005281_sitting.jpg,Bingsu/Human_Action_Recognition,sitting,0,1,0,0,0,0,0,0,0,0,0,0,0,0,0,0,1,0,0,0
data/external/actions/human_action_recognition/train/005282_sleeping.jpg,Bingsu/Human_Action_Recognition,sleeping,0,0,1,0,0,0,0,0,0,0,0,0,0,0,0,0,1,0,0,0
data/external/actions/human_action_recognition/train/005283_cycling.jpg,Bingsu/Human_Action_Recognition,cycling,0,0,0,0,0,0,0,0,1,0,0,0,0,0,0,0,0,1,0,0
data/external/actions/human_action_recognition/train/005284_drinking.jpg,Bingsu/Human_Action_Recognition,drinking,0,0,0,0,0,0,0,0,0,0,0,0,0,0,1,0,0,0,0,0
data/external/actions/human_action_recognition/train/005285_clapping.jpg,Bingsu/Human_Action_Recognition,clapping,0,0,0,0,1,0,0,0,0,0,0,0,0,0,0,0,0,1,0,0
data/external/actions/human_action_recognition/train/005286_clapping.jpg,Bingsu/Human_Action_Recognition,clapping,0,0,0,0,1,0,0,0,0,0,0,0,0,0,0,0,0,1,0,0
data/external/actions/human_action_recognition/train/005287_clapping.jpg,Bingsu/Human_Action_Recognition,clapping,0,0,0,0,1,0,0,0,0,0,0,0,0,0,0,0,0,1,0,0
data/external/actions/human_action_recognition/train/005288_running.jpg,Bingsu/Human_Action_Recognition,running,0,0,0,0,0,0,1,0,0,0,0,0,0,0,0,0,0,1,1,0
data/external/actions/human_action_recognition/train/005289_cycling.jpg,Bingsu/Human_Action_Recognition,cycling,0,0,0,0,0,0,0,0,1,0,0,0,0,0,0,0,0,1,0,0
data/external/actions/human_action_recognition/train/005290_drinking.jpg,Bingsu/Human_Action_Recognition,drinking,0,0,0,0,0,0,0,0,0,0,0,0,0,0,1,0,0,0,0,0
data/external/actions/human_action_recognition/train/005291_drinking.jpg,Bingsu/Human_Action_Recognition,drinking,0,0,0,0,0,0,0,0,0,0,0,0,0,0,1,0,0,0,0,0
data/external/actions/human_action_recognition/train/005292_calling.jpg,Bingsu/Human_Action_Recognition,calling,1,0,0,0,0,0,0,0,0,0,0,0,0,0,0,0,1,0,0,0
data/external/actions/human_action_recognition/train/005293_eating.jpg,Bingsu/Human_Action_Recognition,eating,0,0,0,0,0,0,0,0,0,0,0,0,0,1,0,0,0,0,0,0
data/external/actions/human_action_recognition/train/005294_cycling.jpg,Bingsu/Human_Action_Recognition,cycling,0,0,0,0,0,0,0,0,1,0,0,0,0,0,0,0,0,1,0,0
data/external/actions/human_action_recognition/train/005295_running.jpg,Bingsu/Human_Action_Recognition,running,0,0,0,0,0,0,1,0,0,0,0,0,0,0,0,0,0,1,1,0
data/external/actions/human_action_recognition/train/005296_listening_to_music.jpg,Bingsu/Human_Action_Recognition,listening_to_music,0,1,0,0,0,0,0,0,0,0,0,0,0,0,0,0,1,0,0,0
data/external/actions/human_action_recognition/train/005297_eating.jpg,Bingsu/Human_Action_Recognition,eating,0,0,0,0,0,0,0,0,0,0,0,0,0,1,0,0,0,0,0,0
data/external/actions/human_action_recognition/train/005298_calling.jpg,Bingsu/Human_Action_Recognition,calling,1,0,0,0,0,0,0,0,0,0,0,0,0,0,0,0,1,0,0,0
data/external/actions/human_action_recognition/train/005299_dancing.jpg,Bingsu/Human_Action_Recognition,dancing,0,0,0,0,0,0,0,0,0,0,1,0,0,0,0,0,0,1,0,0
data/external/actions/human_action_recognition/train/005300_fighting.jpg,Bingsu/Human_Action_Recognition,fighting,0,0,0,0,0,0,0,0,0,0,0,0,0,0,0,0,0,1,1,0
data/external/actions/human_action_recognition/train/005301_dancing.jpg,Bingsu/Human_Action_Recognition,dancing,0,0,0,0,0,0,0,0,0,0,1,0,0,0,0,0,0,1,0,0
data/external/actions/human_action_recognition/train/005302_sleeping.jpg,Bingsu/Human_Action_Recognition,sleeping,0,0,1,0,0,0,0,0,0,0,0,0,0,0,0,0,1,0,0,0
data/external/actions/human_action_recognition/train/005303_laughing.jpg,Bingsu/Human_Action_Recognition,laughing,1,0,0,0,0,0,0,0,0,0,0,0,0,0,0,0,1,0,0,0
data/external/actions/human_action_recognition/train/005304_listening_to_music.jpg,Bingsu/Human_Action_Recognition,listening_to_music,0,1,0,0,0,0,0,0,0,0,0,0,0,0,0,0,1,0,0,0
data/external/actions/human_action_recognition/train/005305_fighting.jpg,Bingsu/Human_Action_Recognition,fighting,0,0,0,0,0,0,0,0,0,0,0,0,0,0,0,0,0,1,1,0
data/external/actions/human_action_recognition/train/005306_sitting.jpg,Bingsu/Human_Action_Recognition,sitting,0,1,0,0,0,0,0,0,0,0,0,0,0,0,0,0,1,0,0,0
data/external/actions/human_action_recognition/train/005307_cycling.jpg,Bingsu/Human_Action_Recognition,cycling,0,0,0,0,0,0,0,0,1,0,0,0,0,0,0,0,0,1,0,0
data/external/actions/human_action_recognition/train/005308_drinking.jpg,Bingsu/Human_Action_Recognition,drinking,0,0,0,0,0,0,0,0,0,0,0,0,0,0,1,0,0,0,0,0
data/external/actions/human_action_recognition/train/005309_fighting.jpg,Bingsu/Human_Action_Recognition,fighting,0,0,0,0,0,0,0,0,0,0,0,0,0,0,0,0,0,1,1,0
data/external/actions/human_action_recognition/train/005310_sitting.jpg,Bingsu/Human_Action_Recognition,sitting,0,1,0,0,0,0,0,0,0,0,0,0,0,0,0,0,1,0,0,0
data/external/actions/human_action_recognition/train/005311_clapping.jpg,Bingsu/Human_Action_Recognition,clapping,0,0,0,0,1,0,0,0,0,0,0,0,0,0,0,0,0,1,0,0
data/external/actions/human_action_recognition/train/005312_dancing.jpg,Bingsu/Human_Action_Recognition,dancing,0,0,0,0,0,0,0,0,0,0,1,0,0,0,0,0,0,1,0,0
data/external/actions/human_action_recognition/train/005313_texting.jpg,Bingsu/Human_Action_Recognition,texting,0,1,0,0,0,0,0,0,0,0,0,0,0,0,0,0,1,0,0,0
data/external/actions/human_action_recognition/train/005314_sitting.jpg,Bingsu/Human_Action_Recognition,sitting,0,1,0,0,0,0,0,0,0,0,0,0,0,0,0,0,1,0,0,0
data/external/actions/human_action_recognition/train/005315_dancing.jpg,Bingsu/Human_Action_Recognition,dancing,0,0,0,0,0,0,0,0,0,0,1,0,0,0,0,0,0,1,0,0
data/external/actions/human_action_recognition/train/005316_sitting.jpg,Bingsu/Human_Action_Recognition,sitting,0,1,0,0,0,0,0,0,0,0,0,0,0,0,0,0,1,0,0,0
data/external/actions/human_action_recognition/train/005317_texting.jpg,Bingsu/Human_Action_Recognition,texting,0,1,0,0,0,0,0,0,0,0,0,0,0,0,0,0,1,0,0,0
data/external/actions/human_action_recognition/train/005318_running.jpg,Bingsu/Human_Action_Recognition,running,0,0,0,0,0,0,1,0,0,0,0,0,0,0,0,0,0,1,1,0
data/external/actions/human_action_recognition/train/005319_hugging.jpg,Bingsu/Human_Action_Recognition,hugging,1,0,0,0,0,0,0,0,0,0,0,0,0,0,0,0,1,0,0,0
data/external/actions/human_action_recognition/train/005320_calling.jpg,Bingsu/Human_Action_Recognition,calling,1,0,0,0,0,0,0,0,0,0,0,0,0,0,0,0,1,0,0,0
data/external/actions/human_action_recognition/train/005321_hugging.jpg,Bingsu/Human_Action_Recognition,hugging,1,0,0,0,0,0,0,0,0,0,0,0,0,0,0,0,1,0,0,0
data/external/actions/human_action_recognition/train/005322_fighting.jpg,Bingsu/Human_Action_Recognition,fighting,0,0,0,0,0,0,0,0,0,0,0,0,0,0,0,0,0,1,1,0
data/external/actions/human_action_recognition/train/005323_cycling.jpg,Bingsu/Human_Action_Recognition,cycling,0,0,0,0,0,0,0,0,1,0,0,0,0,0,0,0,0,1,0,0
data/external/actions/human_action_recognition/train/005324_texting.jpg,Bingsu/Human_Action_Recognition,texting,0,1,0,0,0,0,0,0,0,0,0,0,0,0,0,0,1,0,0,0
data/external/actions/human_action_recognition/train/005325_running.jpg,Bingsu/Human_Action_Recognition,running,0,0,0,0,0,0,1,0,0,0,0,0,0,0,0,0,0,1,1,0
data/external/actions/human_action_recognition/train/005326_listening_to_music.jpg,Bingsu/Human_Action_Recognition,listening_to_music,0,1,0,0,0,0,0,0,0,0,0,0,0,0,0,0,1,0,0,0
data/external/actions/human_action_recognition/train/005327_cycling.jpg,Bingsu/Human_Action_Recognition,cycling,0,0,0,0,0,0,0,0,1,0,0,0,0,0,0,0,0,1,0,0
data/external/actions/human_action_recognition/train/005328_using_laptop.jpg,Bingsu/Human_Action_Recognition,using_laptop,0,1,0,0,0,0,0,0,0,0,0,0,1,0,0,0,1,0,0,0
data/external/actions/human_action_recognition/train/005329_drinking.jpg,Bingsu/Human_Action_Recognition,drinking,0,0,0,0,0,0,0,0,0,0,0,0,0,0,1,0,0,0,0,0
data/external/actions/human_action_recognition/train/005330_fighting.jpg,Bingsu/Human_Action_Recognition,fighting,0,0,0,0,0,0,0,0,0,0,0,0,0,0,0,0,0,1,1,0
data/external/actions/human_action_recognition/train/005331_fighting.jpg,Bingsu/Human_Action_Recognition,fighting,0,0,0,0,0,0,0,0,0,0,0,0,0,0,0,0,0,1,1,0
data/external/actions/human_action_recognition/train/005332_sitting.jpg,Bingsu/Human_Action_Recognition,sitting,0,1,0,0,0,0,0,0,0,0,0,0,0,0,0,0,1,0,0,0
data/external/actions/human_action_recognition/train/005333_sitting.jpg,Bingsu/Human_Action_Recognition,sitting,0,1,0,0,0,0,0,0,0,0,0,0,0,0,0,0,1,0,0,0
data/external/actions/human_action_recognition/train/005334_dancing.jpg,Bingsu/Human_Action_Recognition,dancing,0,0,0,0,0,0,0,0,0,0,1,0,0,0,0,0,0,1,0,0
data/external/actions/human_action_recognition/train/005335_running.jpg,Bingsu/Human_Action_Recognition,running,0,0,0,0,0,0,1,0,0,0,0,0,0,0,0,0,0,1,1,0
data/external/actions/human_action_recognition/train/005336_fighting.jpg,Bingsu/Human_Action_Recognition,fighting,0,0,0,0,0,0,0,0,0,0,0,0,0,0,0,0,0,1,1,0
data/external/actions/human_action_recognition/train/005337_using_laptop.jpg,Bingsu/Human_Action_Recognition,using_laptop,0,1,0,0,0,0,0,0,0,0,0,0,1,0,0,0,1,0,0,0
data/external/actions/human_action_recognition/train/005338_laughing.jpg,Bingsu/Human_Action_Recognition,laughing,1,0,0,0,0,0,0,0,0,0,0,0,0,0,0,0,1,0,0,0
data/external/actions/human_action_recognition/train/005339_sleeping.jpg,Bingsu/Human_Action_Recognition,sleeping,0,0,1,0,0,0,0,0,0,0,0,0,0,0,0,0,1,0,0,0
data/external/actions/human_action_recognition/train/005340_texting.jpg,Bingsu/Human_Action_Recognition,texting,0,1,0,0,0,0,0,0,0,0,0,0,0,0,0,0,1,0,0,0
data/external/actions/human_action_recognition/train/005341_fighting.jpg,Bingsu/Human_Action_Recognition,fighting,0,0,0,0,0,0,0,0,0,0,0,0,0,0,0,0,0,1,1,0
data/external/actions/human_action_recognition/train/005342_running.jpg,Bingsu/Human_Action_Recognition,running,0,0,0,0,0,0,1,0,0,0,0,0,0,0,0,0,0,1,1,0
data/external/actions/human_action_recognition/train/005343_dancing.jpg,Bingsu/Human_Action_Recognition,dancing,0,0,0,0,0,0,0,0,0,0,1,0,0,0,0,0,0,1,0,0
data/external/actions/human_action_recognition/train/005344_texting.jpg,Bingsu/Human_Action_Recognition,texting,0,1,0,0,0,0,0,0,0,0,0,0,0,0,0,0,1,0,0,0
data/external/actions/human_action_recognition/train/005345_drinking.jpg,Bingsu/Human_Action_Recognition,drinking,0,0,0,0,0,0,0,0,0,0,0,0,0,0,1,0,0,0,0,0
data/external/actions/human_action_recognition/train/005346_listening_to_music.jpg,Bingsu/Human_Action_Recognition,listening_to_music,0,1,0,0,0,0,0,0,0,0,0,0,0,0,0,0,1,0,0,0
data/external/actions/human_action_recognition/train/005347_laughing.jpg,Bingsu/Human_Action_Recognition,laughing,1,0,0,0,0,0,0,0,0,0,0,0,0,0,0,0,1,0,0,0
data/external/actions/human_action_recognition/train/005348_fighting.jpg,Bingsu/Human_Action_Recognition,fighting,0,0,0,0,0,0,0,0,0,0,0,0,0,0,0,0,0,1,1,0
data/external/actions/human_action_recognition/train/005349_listening_to_music.jpg,Bingsu/Human_Action_Recognition,listening_to_music,0,1,0,0,0,0,0,0,0,0,0,0,0,0,0,0,1,0,0,0
data/external/actions/human_action_recognition/train/005350_texting.jpg,Bingsu/Human_Action_Recognition,texting,0,1,0,0,0,0,0,0,0,0,0,0,0,0,0,0,1,0,0,0
data/external/actions/human_action_recognition/train/005351_sleeping.jpg,Bingsu/Human_Action_Recognition,sleeping,0,0,1,0,0,0,0,0,0,0,0,0,0,0,0,0,1,0,0,0
data/external/actions/human_action_recognition/train/005352_listening_to_music.jpg,Bingsu/Human_Action_Recognition,listening_to_music,0,1,0,0,0,0,0,0,0,0,0,0,0,0,0,0,1,0,0,0
data/external/actions/human_action_recognition/train/005353_sleeping.jpg,Bingsu/Human_Action_Recognition,sleeping,0,0,1,0,0,0,0,0,0,0,0,0,0,0,0,0,1,0,0,0
data/external/actions/human_action_recognition/train/005354_hugging.jpg,Bingsu/Human_Action_Recognition,hugging,1,0,0,0,0,0,0,0,0,0,0,0,0,0,0,0,1,0,0,0
data/external/actions/human_action_recognition/train/005355_cycling.jpg,Bingsu/Human_Action_Recognition,cycling,0,0,0,0,0,0,0,0,1,0,0,0,0,0,0,0,0,1,0,0
data/external/actions/human_action_recognition/train/005356_sleeping.jpg,Bingsu/Human_Action_Recognition,sleeping,0,0,1,0,0,0,0,0,0,0,0,0,0,0,0,0,1,0,0,0
data/external/actions/human_action_recognition/train/005357_texting.jpg,Bingsu/Human_Action_Recognition,texting,0,1,0,0,0,0,0,0,0,0,0,0,0,0,0,0,1,0,0,0
data/external/actions/human_action_recognition/train/005358_running.jpg,Bingsu/Human_Action_Recognition,running,0,0,0,0,0,0,1,0,0,0,0,0,0,0,0,0,0,1,1,0
data/external/actions/human_action_recognition/train/005359_eating.jpg,Bingsu/Human_Action_Recognition,eating,0,0,0,0,0,0,0,0,0,0,0,0,0,1,0,0,0,0,0,0
data/external/actions/human_action_recognition/train/005360_eating.jpg,Bingsu/Human_Action_Recognition,eating,0,0,0,0,0,0,0,0,0,0,0,0,0,1,0,0,0,0,0,0
data/external/actions/human_action_recognition/train/005361_laughing.jpg,Bingsu/Human_Action_Recognition,laughing,1,0,0,0,0,0,0,0,0,0,0,0,0,0,0,0,1,0,0,0
data/external/actions/human_action_recognition/train/005362_listening_to_music.jpg,Bingsu/Human_Action_Recognition,listening_to_music,0,1,0,0,0,0,0,0,0,0,0,0,0,0,0,0,1,0,0,0
data/external/actions/human_action_recognition/train/005363_hugging.jpg,Bingsu/Human_Action_Recognition,hugging,1,0,0,0,0,0,0,0,0,0,0,0,0,0,0,0,1,0,0,0
data/external/actions/human_action_recognition/train/005364_texting.jpg,Bingsu/Human_Action_Recognition,texting,0,1,0,0,0,0,0,0,0,0,0,0,0,0,0,0,1,0,0,0
data/external/actions/human_action_recognition/train/005365_eating.jpg,Bingsu/Human_Action_Recognition,eating,0,0,0,0,0,0,0,0,0,0,0,0,0,1,0,0,0,0,0,0
data/external/actions/human_action_recognition/train/005366_clapping.jpg,Bingsu/Human_Action_Recognition,clapping,0,0,0,0,1,0,0,0,0,0,0,0,0,0,0,0,0,1,0,0
data/external/actions/human_action_recognition/train/005367_sitting.jpg,Bingsu/Human_Action_Recognition,sitting,0,1,0,0,0,0,0,0,0,0,0,0,0,0,0,0,1,0,0,0
data/external/actions/human_action_recognition/train/005368_eating.jpg,Bingsu/Human_Action_Recognition,eating,0,0,0,0,0,0,0,0,0,0,0,0,0,1,0,0,0,0,0,0
data/external/actions/human_action_recognition/train/005369_texting.jpg,Bingsu/Human_Action_Recognition,texting,0,1,0,0,0,0,0,0,0,0,0,0,0,0,0,0,1,0,0,0
data/external/actions/human_action_recognition/train/005370_hugging.jpg,Bingsu/Human_Action_Recognition,hugging,1,0,0,0,0,0,0,0,0,0,0,0,0,0,0,0,1,0,0,0
data/external/actions/human_action_recognition/train/005371_calling.jpg,Bingsu/Human_Action_Recognition,calling,1,0,0,0,0,0,0,0,0,0,0,0,0,0,0,0,1,0,0,0
data/external/actions/human_action_recognition/train/005372_cycling.jpg,Bingsu/Human_Action_Recognition,cycling,0,0,0,0,0,0,0,0,1,0,0,0,0,0,0,0,0,1,0,0
data/external/actions/human_action_recognition/train/005373_using_laptop.jpg,Bingsu/Human_Action_Recognition,using_laptop,0,1,0,0,0,0,0,0,0,0,0,0,1,0,0,0,1,0,0,0
data/external/actions/human_action_recognition/train/005374_running.jpg,Bingsu/Human_Action_Recognition,running,0,0,0,0,0,0,1,0,0,0,0,0,0,0,0,0,0,1,1,0
data/external/actions/human_action_recognition/train/005375_laughing.jpg,Bingsu/Human_Action_Recognition,laughing,1,0,0,0,0,0,0,0,0,0,0,0,0,0,0,0,1,0,0,0
data/external/actions/human_action_recognition/train/005376_sleeping.jpg,Bingsu/Human_Action_Recognition,sleeping,0,0,1,0,0,0,0,0,0,0,0,0,0,0,0,0,1,0,0,0
data/external/actions/human_action_recognition/train/005377_using_laptop.jpg,Bingsu/Human_Action_Recognition,using_laptop,0,1,0,0,0,0,0,0,0,0,0,0,1,0,0,0,1,0,0,0
data/external/actions/human_action_recognition/train/005378_dancing.jpg,Bingsu/Human_Action_Recognition,dancing,0,0,0,0,0,0,0,0,0,0,1,0,0,0,0,0,0,1,0,0
data/external/actions/human_action_recognition/train/005379_eating.jpg,Bingsu/Human_Action_Recognition,eating,0,0,0,0,0,0,0,0,0,0,0,0,0,1,0,0,0,0,0,0
data/external/actions/human_action_recognition/train/005380_eating.jpg,Bingsu/Human_Action_Recognition,eating,0,0,0,0,0,0,0,0,0,0,0,0,0,1,0,0,0,0,0,0
data/external/actions/human_action_recognition/train/005381_texting.jpg,Bingsu/Human_Action_Recognition,texting,0,1,0,0,0,0,0,0,0,0,0,0,0,0,0,0,1,0,0,0
data/external/actions/human_action_recognition/train/005382_eating.jpg,Bingsu/Human_Action_Recognition,eating,0,0,0,0,0,0,0,0,0,0,0,0,0,1,0,0,0,0,0,0
data/external/actions/human_action_recognition/train/005383_fighting.jpg,Bingsu/Human_Action_Recognition,fighting,0,0,0,0,0,0,0,0,0,0,0,0,0,0,0,0,0,1,1,0
data/external/actions/human_action_recognition/train/005384_fighting.jpg,Bingsu/Human_Action_Recognition,fighting,0,0,0,0,0,0,0,0,0,0,0,0,0,0,0,0,0,1,1,0
data/external/actions/human_action_recognition/train/005385_clapping.jpg,Bingsu/Human_Action_Recognition,clapping,0,0,0,0,1,0,0,0,0,0,0,0,0,0,0,0,0,1,0,0
data/external/actions/human_action_recognition/train/005386_fighting.jpg,Bingsu/Human_Action_Recognition,fighting,0,0,0,0,0,0,0,0,0,0,0,0,0,0,0,0,0,1,1,0
data/external/actions/human_action_recognition/train/005387_clapping.jpg,Bingsu/Human_Action_Recognition,clapping,0,0,0,0,1,0,0,0,0,0,0,0,0,0,0,0,0,1,0,0
data/external/actions/human_action_recognition/train/005388_texting.jpg,Bingsu/Human_Action_Recognition,texting,0,1,0,0,0,0,0,0,0,0,0,0,0,0,0,0,1,0,0,0
data/external/actions/human_action_recognition/train/005389_using_laptop.jpg,Bingsu/Human_Action_Recognition,using_laptop,0,1,0,0,0,0,0,0,0,0,0,0,1,0,0,0,1,0,0,0
data/external/actions/human_action_recognition/train/005390_fighting.jpg,Bingsu/Human_Action_Recognition,fighting,0,0,0,0,0,0,0,0,0,0,0,0,0,0,0,0,0,1,1,0
data/external/actions/human_action_recognition/train/005391_dancing.jpg,Bingsu/Human_Action_Recognition,dancing,0,0,0,0,0,0,0,0,0,0,1,0,0,0,0,0,0,1,0,0
data/external/actions/human_action_recognition/train/005392_sleeping.jpg,Bingsu/Human_Action_Recognition,sleeping,0,0,1,0,0,0,0,0,0,0,0,0,0,0,0,0,1,0,0,0
data/external/actions/human_action_recognition/train/005393_clapping.jpg,Bingsu/Human_Action_Recognition,clapping,0,0,0,0,1,0,0,0,0,0,0,0,0,0,0,0,0,1,0,0
data/external/actions/human_action_recognition/train/005394_using_laptop.jpg,Bingsu/Human_Action_Recognition,using_laptop,0,1,0,0,0,0,0,0,0,0,0,0,1,0,0,0,1,0,0,0
data/external/actions/human_action_recognition/train/005395_fighting.jpg,Bingsu/Human_Action_Recognition,fighting,0,0,0,0,0,0,0,0,0,0,0,0,0,0,0,0,0,1,1,0
data/external/actions/human_action_recognition/train/005396_laughing.jpg,Bingsu/Human_Action_Recognition,laughing,1,0,0,0,0,0,0,0,0,0,0,0,0,0,0,0,1,0,0,0
data/external/actions/human_action_recognition/train/005397_cycling.jpg,Bingsu/Human_Action_Recognition,cycling,0,0,0,0,0,0,0,0,1,0,0,0,0,0,0,0,0,1,0,0
data/external/actions/human_action_recognition/train/005398_sitting.jpg,Bingsu/Human_Action_Recognition,sitting,0,1,0,0,0,0,0,0,0,0,0,0,0,0,0,0,1,0,0,0
data/external/actions/human_action_recognition/train/005399_laughing.jpg,Bingsu/Human_Action_Recognition,laughing,1,0,0,0,0,0,0,0,0,0,0,0,0,0,0,0,1,0,0,0
data/external/actions/human_action_recognition/train/005400_sitting.jpg,Bingsu/Human_Action_Recognition,sitting,0,1,0,0,0,0,0,0,0,0,0,0,0,0,0,0,1,0,0,0
data/external/actions/human_action_recognition/train/005401_clapping.jpg,Bingsu/Human_Action_Recognition,clapping,0,0,0,0,1,0,0,0,0,0,0,0,0,0,0,0,0,1,0,0
data/external/actions/human_action_recognition/train/005402_cycling.jpg,Bingsu/Human_Action_Recognition,cycling,0,0,0,0,0,0,0,0,1,0,0,0,0,0,0,0,0,1,0,0
data/external/actions/human_action_recognition/train/005403_dancing.jpg,Bingsu/Human_Action_Recognition,dancing,0,0,0,0,0,0,0,0,0,0,1,0,0,0,0,0,0,1,0,0
data/external/actions/human_action_recognition/train/005404_sleeping.jpg,Bingsu/Human_Action_Recognition,sleeping,0,0,1,0,0,0,0,0,0,0,0,0,0,0,0,0,1,0,0,0
data/external/actions/human_action_recognition/train/005405_laughing.jpg,Bingsu/Human_Action_Recognition,laughing,1,0,0,0,0,0,0,0,0,0,0,0,0,0,0,0,1,0,0,0
data/external/actions/human_action_recognition/train/005406_texting.jpg,Bingsu/Human_Action_Recognition,texting,0,1,0,0,0,0,0,0,0,0,0,0,0,0,0,0,1,0,0,0
data/external/actions/human_action_recognition/train/005407_listening_to_music.jpg,Bingsu/Human_Action_Recognition,listening_to_music,0,1,0,0,0,0,0,0,0,0,0,0,0,0,0,0,1,0,0,0
data/external/actions/human_action_recognition/train/005408_drinking.jpg,Bingsu/Human_Action_Recognition,drinking,0,0,0,0,0,0,0,0,0,0,0,0,0,0,1,0,0,0,0,0
data/external/actions/human_action_recognition/train/005409_texting.jpg,Bingsu/Human_Action_Recognition,texting,0,1,0,0,0,0,0,0,0,0,0,0,0,0,0,0,1,0,0,0
data/external/actions/human_action_recognition/train/005410_calling.jpg,Bingsu/Human_Action_Recognition,calling,1,0,0,0,0,0,0,0,0,0,0,0,0,0,0,0,1,0,0,0
data/external/actions/human_action_recognition/train/005411_calling.jpg,Bingsu/Human_Action_Recognition,calling,1,0,0,0,0,0,0,0,0,0,0,0,0,0,0,0,1,0,0,0
data/external/actions/human_action_recognition/train/005412_eating.jpg,Bingsu/Human_Action_Recognition,eating,0,0,0,0,0,0,0,0,0,0,0,0,0,1,0,0,0,0,0,0
data/external/actions/human_action_recognition/train/005413_fighting.jpg,Bingsu/Human_Action_Recognition,fighting,0,0,0,0,0,0,0,0,0,0,0,0,0,0,0,0,0,1,1,0
data/external/actions/human_action_recognition/train/005414_dancing.jpg,Bingsu/Human_Action_Recognition,dancing,0,0,0,0,0,0,0,0,0,0,1,0,0,0,0,0,0,1,0,0
data/external/actions/human_action_recognition/train/005415_cycling.jpg,Bingsu/Human_Action_Recognition,cycling,0,0,0,0,0,0,0,0,1,0,0,0,0,0,0,0,0,1,0,0
data/external/actions/human_action_recognition/train/005416_hugging.jpg,Bingsu/Human_Action_Recognition,hugging,1,0,0,0,0,0,0,0,0,0,0,0,0,0,0,0,1,0,0,0
data/external/actions/human_action_recognition/train/005417_using_laptop.jpg,Bingsu/Human_Action_Recognition,using_laptop,0,1,0,0,0,0,0,0,0,0,0,0,1,0,0,0,1,0,0,0
data/external/actions/human_action_recognition/train/005418_running.jpg,Bingsu/Human_Action_Recognition,running,0,0,0,0,0,0,1,0,0,0,0,0,0,0,0,0,0,1,1,0
data/external/actions/human_action_recognition/train/005419_using_laptop.jpg,Bingsu/Human_Action_Recognition,using_laptop,0,1,0,0,0,0,0,0,0,0,0,0,1,0,0,0,1,0,0,0
data/external/actions/human_action_recognition/train/005420_sleeping.jpg,Bingsu/Human_Action_Recognition,sleeping,0,0,1,0,0,0,0,0,0,0,0,0,0,0,0,0,1,0,0,0
data/external/actions/human_action_recognition/train/005421_cycling.jpg,Bingsu/Human_Action_Recognition,cycling,0,0,0,0,0,0,0,0,1,0,0,0,0,0,0,0,0,1,0,0
data/external/actions/human_action_recognition/train/005422_texting.jpg,Bingsu/Human_Action_Recognition,texting,0,1,0,0,0,0,0,0,0,0,0,0,0,0,0,0,1,0,0,0
data/external/actions/human_action_recognition/train/005423_dancing.jpg,Bingsu/Human_Action_Recognition,dancing,0,0,0,0,0,0,0,0,0,0,1,0,0,0,0,0,0,1,0,0
data/external/actions/human_action_recognition/train/005424_eating.jpg,Bingsu/Human_Action_Recognition,eating,0,0,0,0,0,0,0,0,0,0,0,0,0,1,0,0,0,0,0,0
data/external/actions/human_action_recognition/train/005425_listening_to_music.jpg,Bingsu/Human_Action_Recognition,listening_to_music,0,1,0,0,0,0,0,0,0,0,0,0,0,0,0,0,1,0,0,0
data/external/actions/human_action_recognition/train/005426_calling.jpg,Bingsu/Human_Action_Recognition,calling,1,0,0,0,0,0,0,0,0,0,0,0,0,0,0,0,1,0,0,0
data/external/actions/human_action_recognition/train/005427_texting.jpg,Bingsu/Human_Action_Recognition,texting,0,1,0,0,0,0,0,0,0,0,0,0,0,0,0,0,1,0,0,0
data/external/actions/human_action_recognition/train/005428_sleeping.jpg,Bingsu/Human_Action_Recognition,sleeping,0,0,1,0,0,0,0,0,0,0,0,0,0,0,0,0,1,0,0,0
data/external/actions/human_action_recognition/train/005429_running.jpg,Bingsu/Human_Action_Recognition,running,0,0,0,0,0,0,1,0,0,0,0,0,0,0,0,0,0,1,1,0
data/external/actions/human_action_recognition/train/005430_sitting.jpg,Bingsu/Human_Action_Recognition,sitting,0,1,0,0,0,0,0,0,0,0,0,0,0,0,0,0,1,0,0,0
data/external/actions/human_action_recognition/train/005431_fighting.jpg,Bingsu/Human_Action_Recognition,fighting,0,0,0,0,0,0,0,0,0,0,0,0,0,0,0,0,0,1,1,0
data/external/actions/human_action_recognition/train/005432_texting.jpg,Bingsu/Human_Action_Recognition,texting,0,1,0,0,0,0,0,0,0,0,0,0,0,0,0,0,1,0,0,0
data/external/actions/human_action_recognition/train/005433_eating.jpg,Bingsu/Human_Action_Recognition,eating,0,0,0,0,0,0,0,0,0,0,0,0,0,1,0,0,0,0,0,0
data/external/actions/human_action_recognition/train/005434_cycling.jpg,Bingsu/Human_Action_Recognition,cycling,0,0,0,0,0,0,0,0,1,0,0,0,0,0,0,0,0,1,0,0
data/external/actions/human_action_recognition/train/005435_listening_to_music.jpg,Bingsu/Human_Action_Recognition,listening_to_music,0,1,0,0,0,0,0,0,0,0,0,0,0,0,0,0,1,0,0,0
data/external/actions/human_action_recognition/train/005436_laughing.jpg,Bingsu/Human_Action_Recognition,laughing,1,0,0,0,0,0,0,0,0,0,0,0,0,0,0,0,1,0,0,0
data/external/actions/human_action_recognition/train/005437_dancing.jpg,Bingsu/Human_Action_Recognition,dancing,0,0,0,0,0,0,0,0,0,0,1,0,0,0,0,0,0,1,0,0
data/external/actions/human_action_recognition/train/005438_hugging.jpg,Bingsu/Human_Action_Recognition,hugging,1,0,0,0,0,0,0,0,0,0,0,0,0,0,0,0,1,0,0,0
data/external/actions/human_action_recognition/train/005439_texting.jpg,Bingsu/Human_Action_Recognition,texting,0,1,0,0,0,0,0,0,0,0,0,0,0,0,0,0,1,0,0,0
data/external/actions/human_action_recognition/train/005440_dancing.jpg,Bingsu/Human_Action_Recognition,dancing,0,0,0,0,0,0,0,0,0,0,1,0,0,0,0,0,0,1,0,0
data/external/actions/human_action_recognition/train/005441_sitting.jpg,Bingsu/Human_Action_Recognition,sitting,0,1,0,0,0,0,0,0,0,0,0,0,0,0,0,0,1,0,0,0
data/external/actions/human_action_recognition/train/005442_texting.jpg,Bingsu/Human_Action_Recognition,texting,0,1,0,0,0,0,0,0,0,0,0,0,0,0,0,0,1,0,0,0
data/external/actions/human_action_recognition/train/005443_clapping.jpg,Bingsu/Human_Action_Recognition,clapping,0,0,0,0,1,0,0,0,0,0,0,0,0,0,0,0,0,1,0,0
data/external/actions/human_action_recognition/train/005444_dancing.jpg,Bingsu/Human_Action_Recognition,dancing,0,0,0,0,0,0,0,0,0,0,1,0,0,0,0,0,0,1,0,0
data/external/actions/human_action_recognition/train/005445_eating.jpg,Bingsu/Human_Action_Recognition,eating,0,0,0,0,0,0,0,0,0,0,0,0,0,1,0,0,0,0,0,0
data/external/actions/human_action_recognition/train/005446_clapping.jpg,Bingsu/Human_Action_Recognition,clapping,0,0,0,0,1,0,0,0,0,0,0,0,0,0,0,0,0,1,0,0
data/external/actions/human_action_recognition/train/005447_running.jpg,Bingsu/Human_Action_Recognition,running,0,0,0,0,0,0,1,0,0,0,0,0,0,0,0,0,0,1,1,0
data/external/actions/human_action_recognition/train/005448_clapping.jpg,Bingsu/Human_Action_Recognition,clapping,0,0,0,0,1,0,0,0,0,0,0,0,0,0,0,0,0,1,0,0
data/external/actions/human_action_recognition/train/005449_laughing.jpg,Bingsu/Human_Action_Recognition,laughing,1,0,0,0,0,0,0,0,0,0,0,0,0,0,0,0,1,0,0,0
data/external/actions/human_action_recognition/train/005450_listening_to_music.jpg,Bingsu/Human_Action_Recognition,listening_to_music,0,1,0,0,0,0,0,0,0,0,0,0,0,0,0,0,1,0,0,0
data/external/actions/human_action_recognition/train/005451_laughing.jpg,Bingsu/Human_Action_Recognition,laughing,1,0,0,0,0,0,0,0,0,0,0,0,0,0,0,0,1,0,0,0
data/external/actions/human_action_recognition/train/005452_sleeping.jpg,Bingsu/Human_Action_Recognition,sleeping,0,0,1,0,0,0,0,0,0,0,0,0,0,0,0,0,1,0,0,0
data/external/actions/human_action_recognition/train/005453_cycling.jpg,Bingsu/Human_Action_Recognition,cycling,0,0,0,0,0,0,0,0,1,0,0,0,0,0,0,0,0,1,0,0
data/external/actions/human_action_recognition/train/005454_sleeping.jpg,Bingsu/Human_Action_Recognition,sleeping,0,0,1,0,0,0,0,0,0,0,0,0,0,0,0,0,1,0,0,0
data/external/actions/human_action_recognition/train/005455_laughing.jpg,Bingsu/Human_Action_Recognition,laughing,1,0,0,0,0,0,0,0,0,0,0,0,0,0,0,0,1,0,0,0
data/external/actions/human_action_recognition/train/005456_fighting.jpg,Bingsu/Human_Action_Recognition,fighting,0,0,0,0,0,0,0,0,0,0,0,0,0,0,0,0,0,1,1,0
data/external/actions/human_action_recognition/train/005457_sleeping.jpg,Bingsu/Human_Action_Recognition,sleeping,0,0,1,0,0,0,0,0,0,0,0,0,0,0,0,0,1,0,0,0
data/external/actions/human_action_recognition/train/005458_calling.jpg,Bingsu/Human_Action_Recognition,calling,1,0,0,0,0,0,0,0,0,0,0,0,0,0,0,0,1,0,0,0
data/external/actions/human_action_recognition/train/005459_clapping.jpg,Bingsu/Human_Action_Recognition,clapping,0,0,0,0,1,0,0,0,0,0,0,0,0,0,0,0,0,1,0,0
data/external/actions/human_action_recognition/train/005460_calling.jpg,Bingsu/Human_Action_Recognition,calling,1,0,0,0,0,0,0,0,0,0,0,0,0,0,0,0,1,0,0,0
data/external/actions/human_action_recognition/train/005461_sitting.jpg,Bingsu/Human_Action_Recognition,sitting,0,1,0,0,0,0,0,0,0,0,0,0,0,0,0,0,1,0,0,0
data/external/actions/human_action_recognition/train/005462_calling.jpg,Bingsu/Human_Action_Recognition,calling,1,0,0,0,0,0,0,0,0,0,0,0,0,0,0,0,1,0,0,0
data/external/actions/human_action_recognition/train/005463_eating.jpg,Bingsu/Human_Action_Recognition,eating,0,0,0,0,0,0,0,0,0,0,0,0,0,1,0,0,0,0,0,0
data/external/actions/human_action_recognition/train/005464_cycling.jpg,Bingsu/Human_Action_Recognition,cycling,0,0,0,0,0,0,0,0,1,0,0,0,0,0,0,0,0,1,0,0
data/external/actions/human_action_recognition/train/005465_calling.jpg,Bingsu/Human_Action_Recognition,calling,1,0,0,0,0,0,0,0,0,0,0,0,0,0,0,0,1,0,0,0
data/external/actions/human_action_recognition/train/005466_clapping.jpg,Bingsu/Human_Action_Recognition,clapping,0,0,0,0,1,0,0,0,0,0,0,0,0,0,0,0,0,1,0,0
data/external/actions/human_action_recognition/train/005467_clapping.jpg,Bingsu/Human_Action_Recognition,clapping,0,0,0,0,1,0,0,0,0,0,0,0,0,0,0,0,0,1,0,0
data/external/actions/human_action_recognition/train/005468_drinking.jpg,Bingsu/Human_Action_Recognition,drinking,0,0,0,0,0,0,0,0,0,0,0,0,0,0,1,0,0,0,0,0
data/external/actions/human_action_recognition/train/005469_cycling.jpg,Bingsu/Human_Action_Recognition,cycling,0,0,0,0,0,0,0,0,1,0,0,0,0,0,0,0,0,1,0,0
data/external/actions/human_action_recognition/train/005470_listening_to_music.jpg,Bingsu/Human_Action_Recognition,listening_to_music,0,1,0,0,0,0,0,0,0,0,0,0,0,0,0,0,1,0,0,0
data/external/actions/human_action_recognition/train/005471_dancing.jpg,Bingsu/Human_Action_Recognition,dancing,0,0,0,0,0,0,0,0,0,0,1,0,0,0,0,0,0,1,0,0
data/external/actions/human_action_recognition/train/005472_calling.jpg,Bingsu/Human_Action_Recognition,calling,1,0,0,0,0,0,0,0,0,0,0,0,0,0,0,0,1,0,0,0
data/external/actions/human_action_recognition/train/005473_listening_to_music.jpg,Bingsu/Human_Action_Recognition,listening_to_music,0,1,0,0,0,0,0,0,0,0,0,0,0,0,0,0,1,0,0,0
data/external/actions/human_action_recognition/train/005474_clapping.jpg,Bingsu/Human_Action_Recognition,clapping,0,0,0,0,1,0,0,0,0,0,0,0,0,0,0,0,0,1,0,0
data/external/actions/human_action_recognition/train/005475_clapping.jpg,Bingsu/Human_Action_Recognition,clapping,0,0,0,0,1,0,0,0,0,0,0,0,0,0,0,0,0,1,0,0
data/external/actions/human_action_recognition/train/005476_running.jpg,Bingsu/Human_Action_Recognition,running,0,0,0,0,0,0,1,0,0,0,0,0,0,0,0,0,0,1,1,0
data/external/actions/human_action_recognition/train/005477_clapping.jpg,Bingsu/Human_Action_Recognition,clapping,0,0,0,0,1,0,0,0,0,0,0,0,0,0,0,0,0,1,0,0
data/external/actions/human_action_recognition/train/005478_calling.jpg,Bingsu/Human_Action_Recognition,calling,1,0,0,0,0,0,0,0,0,0,0,0,0,0,0,0,1,0,0,0
data/external/actions/human_action_recognition/train/005479_texting.jpg,Bingsu/Human_Action_Recognition,texting,0,1,0,0,0,0,0,0,0,0,0,0,0,0,0,0,1,0,0,0
data/external/actions/human_action_recognition/train/005480_eating.jpg,Bingsu/Human_Action_Recognition,eating,0,0,0,0,0,0,0,0,0,0,0,0,0,1,0,0,0,0,0,0
data/external/actions/human_action_recognition/train/005481_sitting.jpg,Bingsu/Human_Action_Recognition,sitting,0,1,0,0,0,0,0,0,0,0,0,0,0,0,0,0,1,0,0,0
data/external/actions/human_action_recognition/train/005482_hugging.jpg,Bingsu/Human_Action_Recognition,hugging,1,0,0,0,0,0,0,0,0,0,0,0,0,0,0,0,1,0,0,0
data/external/actions/human_action_recognition/train/005483_sitting.jpg,Bingsu/Human_Action_Recognition,sitting,0,1,0,0,0,0,0,0,0,0,0,0,0,0,0,0,1,0,0,0
data/external/actions/human_action_recognition/train/005484_calling.jpg,Bingsu/Human_Action_Recognition,calling,1,0,0,0,0,0,0,0,0,0,0,0,0,0,0,0,1,0,0,0
data/external/actions/human_action_recognition/train/005485_texting.jpg,Bingsu/Human_Action_Recognition,texting,0,1,0,0,0,0,0,0,0,0,0,0,0,0,0,0,1,0,0,0
data/external/actions/human_action_recognition/train/005486_sitting.jpg,Bingsu/Human_Action_Recognition,sitting,0,1,0,0,0,0,0,0,0,0,0,0,0,0,0,0,1,0,0,0
data/external/actions/human_action_recognition/train/005487_using_laptop.jpg,Bingsu/Human_Action_Recognition,using_laptop,0,1,0,0,0,0,0,0,0,0,0,0,1,0,0,0,1,0,0,0
data/external/actions/human_action_recognition/train/005488_cycling.jpg,Bingsu/Human_Action_Recognition,cycling,0,0,0,0,0,0,0,0,1,0,0,0,0,0,0,0,0,1,0,0
data/external/actions/human_action_recognition/train/005489_texting.jpg,Bingsu/Human_Action_Recognition,texting,0,1,0,0,0,0,0,0,0,0,0,0,0,0,0,0,1,0,0,0
data/external/actions/human_action_recognition/train/005490_calling.jpg,Bingsu/Human_Action_Recognition,calling,1,0,0,0,0,0,0,0,0,0,0,0,0,0,0,0,1,0,0,0
data/external/actions/human_action_recognition/train/005491_calling.jpg,Bingsu/Human_Action_Recognition,calling,1,0,0,0,0,0,0,0,0,0,0,0,0,0,0,0,1,0,0,0
data/external/actions/human_action_recognition/train/005492_fighting.jpg,Bingsu/Human_Action_Recognition,fighting,0,0,0,0,0,0,0,0,0,0,0,0,0,0,0,0,0,1,1,0
data/external/actions/human_action_recognition/train/005493_eating.jpg,Bingsu/Human_Action_Recognition,eating,0,0,0,0,0,0,0,0,0,0,0,0,0,1,0,0,0,0,0,0
data/external/actions/human_action_recognition/train/005494_calling.jpg,Bingsu/Human_Action_Recognition,calling,1,0,0,0,0,0,0,0,0,0,0,0,0,0,0,0,1,0,0,0
data/external/actions/human_action_recognition/train/005495_using_laptop.jpg,Bingsu/Human_Action_Recognition,using_laptop,0,1,0,0,0,0,0,0,0,0,0,0,1,0,0,0,1,0,0,0
data/external/actions/human_action_recognition/train/005496_texting.jpg,Bingsu/Human_Action_Recognition,texting,0,1,0,0,0,0,0,0,0,0,0,0,0,0,0,0,1,0,0,0
data/external/actions/human_action_recognition/train/005497_hugging.jpg,Bingsu/Human_Action_Recognition,hugging,1,0,0,0,0,0,0,0,0,0,0,0,0,0,0,0,1,0,0,0
data/external/actions/human_action_recognition/train/005498_laughing.jpg,Bingsu/Human_Action_Recognition,laughing,1,0,0,0,0,0,0,0,0,0,0,0,0,0,0,0,1,0,0,0
data/external/actions/human_action_recognition/train/005499_hugging.jpg,Bingsu/Human_Action_Recognition,hugging,1,0,0,0,0,0,0,0,0,0,0,0,0,0,0,0,1,0,0,0
data/external/actions/human_action_recognition/train/005500_sleeping.jpg,Bingsu/Human_Action_Recognition,sleeping,0,0,1,0,0,0,0,0,0,0,0,0,0,0,0,0,1,0,0,0
data/external/actions/human_action_recognition/train/005501_calling.jpg,Bingsu/Human_Action_Recognition,calling,1,0,0,0,0,0,0,0,0,0,0,0,0,0,0,0,1,0,0,0
data/external/actions/human_action_recognition/train/005502_fighting.jpg,Bingsu/Human_Action_Recognition,fighting,0,0,0,0,0,0,0,0,0,0,0,0,0,0,0,0,0,1,1,0
data/external/actions/human_action_recognition/train/005503_laughing.jpg,Bingsu/Human_Action_Recognition,laughing,1,0,0,0,0,0,0,0,0,0,0,0,0,0,0,0,1,0,0,0
data/external/actions/human_action_recognition/train/005504_laughing.jpg,Bingsu/Human_Action_Recognition,laughing,1,0,0,0,0,0,0,0,0,0,0,0,0,0,0,0,1,0,0,0
data/external/actions/human_action_recognition/train/005505_drinking.jpg,Bingsu/Human_Action_Recognition,drinking,0,0,0,0,0,0,0,0,0,0,0,0,0,0,1,0,0,0,0,0
data/external/actions/human_action_recognition/train/005506_dancing.jpg,Bingsu/Human_Action_Recognition,dancing,0,0,0,0,0,0,0,0,0,0,1,0,0,0,0,0,0,1,0,0
data/external/actions/human_action_recognition/train/005507_listening_to_music.jpg,Bingsu/Human_Action_Recognition,listening_to_music,0,1,0,0,0,0,0,0,0,0,0,0,0,0,0,0,1,0,0,0
data/external/actions/human_action_recognition/train/005508_hugging.jpg,Bingsu/Human_Action_Recognition,hugging,1,0,0,0,0,0,0,0,0,0,0,0,0,0,0,0,1,0,0,0
data/external/actions/human_action_recognition/train/005509_sitting.jpg,Bingsu/Human_Action_Recognition,sitting,0,1,0,0,0,0,0,0,0,0,0,0,0,0,0,0,1,0,0,0
data/external/actions/human_action_recognition/train/005510_cycling.jpg,Bingsu/Human_Action_Recognition,cycling,0,0,0,0,0,0,0,0,1,0,0,0,0,0,0,0,0,1,0,0
data/external/actions/human_action_recognition/train/005511_hugging.jpg,Bingsu/Human_Action_Recognition,hugging,1,0,0,0,0,0,0,0,0,0,0,0,0,0,0,0,1,0,0,0
data/external/actions/human_action_recognition/train/005512_sleeping.jpg,Bingsu/Human_Action_Recognition,sleeping,0,0,1,0,0,0,0,0,0,0,0,0,0,0,0,0,1,0,0,0
data/external/actions/human_action_recognition/train/005513_drinking.jpg,Bingsu/Human_Action_Recognition,drinking,0,0,0,0,0,0,0,0,0,0,0,0,0,0,1,0,0,0,0,0
data/external/actions/human_action_recognition/train/005514_clapping.jpg,Bingsu/Human_Action_Recognition,clapping,0,0,0,0,1,0,0,0,0,0,0,0,0,0,0,0,0,1,0,0
data/external/actions/human_action_recognition/train/005515_listening_to_music.jpg,Bingsu/Human_Action_Recognition,listening_to_music,0,1,0,0,0,0,0,0,0,0,0,0,0,0,0,0,1,0,0,0
data/external/actions/human_action_recognition/train/005516_clapping.jpg,Bingsu/Human_Action_Recognition,clapping,0,0,0,0,1,0,0,0,0,0,0,0,0,0,0,0,0,1,0,0
data/external/actions/human_action_recognition/train/005517_eating.jpg,Bingsu/Human_Action_Recognition,eating,0,0,0,0,0,0,0,0,0,0,0,0,0,1,0,0,0,0,0,0
data/external/actions/human_action_recognition/train/005518_laughing.jpg,Bingsu/Human_Action_Recognition,laughing,1,0,0,0,0,0,0,0,0,0,0,0,0,0,0,0,1,0,0,0
data/external/actions/human_action_recognition/train/005519_using_laptop.jpg,Bingsu/Human_Action_Recognition,using_laptop,0,1,0,0,0,0,0,0,0,0,0,0,1,0,0,0,1,0,0,0
data/external/actions/human_action_recognition/train/005520_eating.jpg,Bingsu/Human_Action_Recognition,eating,0,0,0,0,0,0,0,0,0,0,0,0,0,1,0,0,0,0,0,0
data/external/actions/human_action_recognition/train/005521_cycling.jpg,Bingsu/Human_Action_Recognition,cycling,0,0,0,0,0,0,0,0,1,0,0,0,0,0,0,0,0,1,0,0
data/external/actions/human_action_recognition/train/005522_fighting.jpg,Bingsu/Human_Action_Recognition,fighting,0,0,0,0,0,0,0,0,0,0,0,0,0,0,0,0,0,1,1,0
data/external/actions/human_action_recognition/train/005523_cycling.jpg,Bingsu/Human_Action_Recognition,cycling,0,0,0,0,0,0,0,0,1,0,0,0,0,0,0,0,0,1,0,0
data/external/actions/human_action_recognition/train/005524_cycling.jpg,Bingsu/Human_Action_Recognition,cycling,0,0,0,0,0,0,0,0,1,0,0,0,0,0,0,0,0,1,0,0
data/external/actions/human_action_recognition/train/005525_laughing.jpg,Bingsu/Human_Action_Recognition,laughing,1,0,0,0,0,0,0,0,0,0,0,0,0,0,0,0,1,0,0,0
data/external/actions/human_action_recognition/train/005526_texting.jpg,Bingsu/Human_Action_Recognition,texting,0,1,0,0,0,0,0,0,0,0,0,0,0,0,0,0,1,0,0,0
data/external/actions/human_action_recognition/train/005527_laughing.jpg,Bingsu/Human_Action_Recognition,laughing,1,0,0,0,0,0,0,0,0,0,0,0,0,0,0,0,1,0,0,0
data/external/actions/human_action_recognition/train/005528_sitting.jpg,Bingsu/Human_Action_Recognition,sitting,0,1,0,0,0,0,0,0,0,0,0,0,0,0,0,0,1,0,0,0
data/external/actions/human_action_recognition/train/005529_hugging.jpg,Bingsu/Human_Action_Recognition,hugging,1,0,0,0,0,0,0,0,0,0,0,0,0,0,0,0,1,0,0,0
data/external/actions/human_action_recognition/train/005530_dancing.jpg,Bingsu/Human_Action_Recognition,dancing,0,0,0,0,0,0,0,0,0,0,1,0,0,0,0,0,0,1,0,0
data/external/actions/human_action_recognition/train/005531_listening_to_music.jpg,Bingsu/Human_Action_Recognition,listening_to_music,0,1,0,0,0,0,0,0,0,0,0,0,0,0,0,0,1,0,0,0
data/external/actions/human_action_recognition/train/005532_listening_to_music.jpg,Bingsu/Human_Action_Recognition,listening_to_music,0,1,0,0,0,0,0,0,0,0,0,0,0,0,0,0,1,0,0,0
data/external/actions/human_action_recognition/train/005533_eating.jpg,Bingsu/Human_Action_Recognition,eating,0,0,0,0,0,0,0,0,0,0,0,0,0,1,0,0,0,0,0,0
data/external/actions/human_action_recognition/train/005534_texting.jpg,Bingsu/Human_Action_Recognition,texting,0,1,0,0,0,0,0,0,0,0,0,0,0,0,0,0,1,0,0,0
data/external/actions/human_action_recognition/train/005535_cycling.jpg,Bingsu/Human_Action_Recognition,cycling,0,0,0,0,0,0,0,0,1,0,0,0,0,0,0,0,0,1,0,0
data/external/actions/human_action_recognition/train/005536_eating.jpg,Bingsu/Human_Action_Recognition,eating,0,0,0,0,0,0,0,0,0,0,0,0,0,1,0,0,0,0,0,0
data/external/actions/human_action_recognition/train/005537_drinking.jpg,Bingsu/Human_Action_Recognition,drinking,0,0,0,0,0,0,0,0,0,0,0,0,0,0,1,0,0,0,0,0
data/external/actions/human_action_recognition/train/005538_using_laptop.jpg,Bingsu/Human_Action_Recognition,using_laptop,0,1,0,0,0,0,0,0,0,0,0,0,1,0,0,0,1,0,0,0
data/external/actions/human_action_recognition/train/005539_calling.jpg,Bingsu/Human_Action_Recognition,calling,1,0,0,0,0,0,0,0,0,0,0,0,0,0,0,0,1,0,0,0
data/external/actions/human_action_recognition/train/005540_texting.jpg,Bingsu/Human_Action_Recognition,texting,0,1,0,0,0,0,0,0,0,0,0,0,0,0,0,0,1,0,0,0
data/external/actions/human_action_recognition/train/005541_fighting.jpg,Bingsu/Human_Action_Recognition,fighting,0,0,0,0,0,0,0,0,0,0,0,0,0,0,0,0,0,1,1,0
data/external/actions/human_action_recognition/train/005542_clapping.jpg,Bingsu/Human_Action_Recognition,clapping,0,0,0,0,1,0,0,0,0,0,0,0,0,0,0,0,0,1,0,0
data/external/actions/human_action_recognition/train/005543_fighting.jpg,Bingsu/Human_Action_Recognition,fighting,0,0,0,0,0,0,0,0,0,0,0,0,0,0,0,0,0,1,1,0
data/external/actions/human_action_recognition/train/005544_clapping.jpg,Bingsu/Human_Action_Recognition,clapping,0,0,0,0,1,0,0,0,0,0,0,0,0,0,0,0,0,1,0,0
data/external/actions/human_action_recognition/train/005545_sleeping.jpg,Bingsu/Human_Action_Recognition,sleeping,0,0,1,0,0,0,0,0,0,0,0,0,0,0,0,0,1,0,0,0
data/external/actions/human_action_recognition/train/005546_using_laptop.jpg,Bingsu/Human_Action_Recognition,using_laptop,0,1,0,0,0,0,0,0,0,0,0,0,1,0,0,0,1,0,0,0
data/external/actions/human_action_recognition/train/005547_listening_to_music.jpg,Bingsu/Human_Action_Recognition,listening_to_music,0,1,0,0,0,0,0,0,0,0,0,0,0,0,0,0,1,0,0,0
data/external/actions/human_action_recognition/train/005548_running.jpg,Bingsu/Human_Action_Recognition,running,0,0,0,0,0,0,1,0,0,0,0,0,0,0,0,0,0,1,1,0
data/external/actions/human_action_recognition/train/005549_running.jpg,Bingsu/Human_Action_Recognition,running,0,0,0,0,0,0,1,0,0,0,0,0,0,0,0,0,0,1,1,0
data/external/actions/human_action_recognition/train/005550_fighting.jpg,Bingsu/Human_Action_Recognition,fighting,0,0,0,0,0,0,0,0,0,0,0,0,0,0,0,0,0,1,1,0
data/external/actions/human_action_recognition/train/005551_sitting.jpg,Bingsu/Human_Action_Recognition,sitting,0,1,0,0,0,0,0,0,0,0,0,0,0,0,0,0,1,0,0,0
data/external/actions/human_action_recognition/train/005552_drinking.jpg,Bingsu/Human_Action_Recognition,drinking,0,0,0,0,0,0,0,0,0,0,0,0,0,0,1,0,0,0,0,0
data/external/actions/human_action_recognition/train/005553_sitting.jpg,Bingsu/Human_Action_Recognition,sitting,0,1,0,0,0,0,0,0,0,0,0,0,0,0,0,0,1,0,0,0
data/external/actions/human_action_recognition/train/005554_sitting.jpg,Bingsu/Human_Action_Recognition,sitting,0,1,0,0,0,0,0,0,0,0,0,0,0,0,0,0,1,0,0,0
data/external/actions/human_action_recognition/train/005555_hugging.jpg,Bingsu/Human_Action_Recognition,hugging,1,0,0,0,0,0,0,0,0,0,0,0,0,0,0,0,1,0,0,0
data/external/actions/human_action_recognition/train/005556_drinking.jpg,Bingsu/Human_Action_Recognition,drinking,0,0,0,0,0,0,0,0,0,0,0,0,0,0,1,0,0,0,0,0
data/external/actions/human_action_recognition/train/005557_drinking.jpg,Bingsu/Human_Action_Recognition,drinking,0,0,0,0,0,0,0,0,0,0,0,0,0,0,1,0,0,0,0,0
data/external/actions/human_action_recognition/train/005558_clapping.jpg,Bingsu/Human_Action_Recognition,clapping,0,0,0,0,1,0,0,0,0,0,0,0,0,0,0,0,0,1,0,0
data/external/actions/human_action_recognition/train/005559_eating.jpg,Bingsu/Human_Action_Recognition,eating,0,0,0,0,0,0,0,0,0,0,0,0,0,1,0,0,0,0,0,0
data/external/actions/human_action_recognition/train/005560_sitting.jpg,Bingsu/Human_Action_Recognition,sitting,0,1,0,0,0,0,0,0,0,0,0,0,0,0,0,0,1,0,0,0
data/external/actions/human_action_recognition/train/005561_using_laptop.jpg,Bingsu/Human_Action_Recognition,using_laptop,0,1,0,0,0,0,0,0,0,0,0,0,1,0,0,0,1,0,0,0
data/external/actions/human_action_recognition/train/005562_hugging.jpg,Bingsu/Human_Action_Recognition,hugging,1,0,0,0,0,0,0,0,0,0,0,0,0,0,0,0,1,0,0,0
data/external/actions/human_action_recognition/train/005563_clapping.jpg,Bingsu/Human_Action_Recognition,clapping,0,0,0,0,1,0,0,0,0,0,0,0,0,0,0,0,0,1,0,0
data/external/actions/human_action_recognition/train/005564_dancing.jpg,Bingsu/Human_Action_Recognition,dancing,0,0,0,0,0,0,0,0,0,0,1,0,0,0,0,0,0,1,0,0
data/external/actions/human_action_recognition/train/005565_listening_to_music.jpg,Bingsu/Human_Action_Recognition,listening_to_music,0,1,0,0,0,0,0,0,0,0,0,0,0,0,0,0,1,0,0,0
data/external/actions/human_action_recognition/train/005566_listening_to_music.jpg,Bingsu/Human_Action_Recognition,listening_to_music,0,1,0,0,0,0,0,0,0,0,0,0,0,0,0,0,1,0,0,0
data/external/actions/human_action_recognition/train/005567_running.jpg,Bingsu/Human_Action_Recognition,running,0,0,0,0,0,0,1,0,0,0,0,0,0,0,0,0,0,1,1,0
data/external/actions/human_action_recognition/train/005568_sitting.jpg,Bingsu/Human_Action_Recognition,sitting,0,1,0,0,0,0,0,0,0,0,0,0,0,0,0,0,1,0,0,0
data/external/actions/human_action_recognition/train/005569_sitting.jpg,Bingsu/Human_Action_Recognition,sitting,0,1,0,0,0,0,0,0,0,0,0,0,0,0,0,0,1,0,0,0
data/external/actions/human_action_recognition/train/005570_hugging.jpg,Bingsu/Human_Action_Recognition,hugging,1,0,0,0,0,0,0,0,0,0,0,0,0,0,0,0,1,0,0,0
data/external/actions/human_action_recognition/train/005571_cycling.jpg,Bingsu/Human_Action_Recognition,cycling,0,0,0,0,0,0,0,0,1,0,0,0,0,0,0,0,0,1,0,0
data/external/actions/human_action_recognition/train/005572_listening_to_music.jpg,Bingsu/Human_Action_Recognition,listening_to_music,0,1,0,0,0,0,0,0,0,0,0,0,0,0,0,0,1,0,0,0
data/external/actions/human_action_recognition/train/005573_dancing.jpg,Bingsu/Human_Action_Recognition,dancing,0,0,0,0,0,0,0,0,0,0,1,0,0,0,0,0,0,1,0,0
data/external/actions/human_action_recognition/train/005574_laughing.jpg,Bingsu/Human_Action_Recognition,laughing,1,0,0,0,0,0,0,0,0,0,0,0,0,0,0,0,1,0,0,0
data/external/actions/human_action_recognition/train/005575_sleeping.jpg,Bingsu/Human_Action_Recognition,sleeping,0,0,1,0,0,0,0,0,0,0,0,0,0,0,0,0,1,0,0,0
data/external/actions/human_action_recognition/train/005576_hugging.jpg,Bingsu/Human_Action_Recognition,hugging,1,0,0,0,0,0,0,0,0,0,0,0,0,0,0,0,1,0,0,0
data/external/actions/human_action_recognition/train/005577_clapping.jpg,Bingsu/Human_Action_Recognition,clapping,0,0,0,0,1,0,0,0,0,0,0,0,0,0,0,0,0,1,0,0
data/external/actions/human_action_recognition/train/005578_calling.jpg,Bingsu/Human_Action_Recognition,calling,1,0,0,0,0,0,0,0,0,0,0,0,0,0,0,0,1,0,0,0
data/external/actions/human_action_recognition/train/005579_hugging.jpg,Bingsu/Human_Action_Recognition,hugging,1,0,0,0,0,0,0,0,0,0,0,0,0,0,0,0,1,0,0,0
data/external/actions/human_action_recognition/train/005580_drinking.jpg,Bingsu/Human_Action_Recognition,drinking,0,0,0,0,0,0,0,0,0,0,0,0,0,0,1,0,0,0,0,0
data/external/actions/human_action_recognition/train/005581_using_laptop.jpg,Bingsu/Human_Action_Recognition,using_laptop,0,1,0,0,0,0,0,0,0,0,0,0,1,0,0,0,1,0,0,0
data/external/actions/human_action_recognition/train/005582_listening_to_music.jpg,Bingsu/Human_Action_Recognition,listening_to_music,0,1,0,0,0,0,0,0,0,0,0,0,0,0,0,0,1,0,0,0
data/external/actions/human_action_recognition/train/005583_calling.jpg,Bingsu/Human_Action_Recognition,calling,1,0,0,0,0,0,0,0,0,0,0,0,0,0,0,0,1,0,0,0
data/external/actions/human_action_recognition/train/005584_drinking.jpg,Bingsu/Human_Action_Recognition,drinking,0,0,0,0,0,0,0,0,0,0,0,0,0,0,1,0,0,0,0,0
data/external/actions/human_action_recognition/train/005585_listening_to_music.jpg,Bingsu/Human_Action_Recognition,listening_to_music,0,1,0,0,0,0,0,0,0,0,0,0,0,0,0,0,1,0,0,0
data/external/actions/human_action_recognition/train/005586_drinking.jpg,Bingsu/Human_Action_Recognition,drinking,0,0,0,0,0,0,0,0,0,0,0,0,0,0,1,0,0,0,0,0
data/external/actions/human_action_recognition/train/005587_eating.jpg,Bingsu/Human_Action_Recognition,eating,0,0,0,0,0,0,0,0,0,0,0,0,0,1,0,0,0,0,0,0
data/external/actions/human_action_recognition/train/005588_listening_to_music.jpg,Bingsu/Human_Action_Recognition,listening_to_music,0,1,0,0,0,0,0,0,0,0,0,0,0,0,0,0,1,0,0,0
data/external/actions/human_action_recognition/train/005589_dancing.jpg,Bingsu/Human_Action_Recognition,dancing,0,0,0,0,0,0,0,0,0,0,1,0,0,0,0,0,0,1,0,0
data/external/actions/human_action_recognition/train/005590_drinking.jpg,Bingsu/Human_Action_Recognition,drinking,0,0,0,0,0,0,0,0,0,0,0,0,0,0,1,0,0,0,0,0
data/external/actions/human_action_recognition/train/005591_sleeping.jpg,Bingsu/Human_Action_Recognition,sleeping,0,0,1,0,0,0,0,0,0,0,0,0,0,0,0,0,1,0,0,0
data/external/actions/human_action_recognition/train/005592_eating.jpg,Bingsu/Human_Action_Recognition,eating,0,0,0,0,0,0,0,0,0,0,0,0,0,1,0,0,0,0,0,0
data/external/actions/human_action_recognition/train/005593_calling.jpg,Bingsu/Human_Action_Recognition,calling,1,0,0,0,0,0,0,0,0,0,0,0,0,0,0,0,1,0,0,0
data/external/actions/human_action_recognition/train/005594_sitting.jpg,Bingsu/Human_Action_Recognition,sitting,0,1,0,0,0,0,0,0,0,0,0,0,0,0,0,0,1,0,0,0
data/external/actions/human_action_recognition/train/005595_texting.jpg,Bingsu/Human_Action_Recognition,texting,0,1,0,0,0,0,0,0,0,0,0,0,0,0,0,0,1,0,0,0
data/external/actions/human_action_recognition/train/005596_eating.jpg,Bingsu/Human_Action_Recognition,eating,0,0,0,0,0,0,0,0,0,0,0,0,0,1,0,0,0,0,0,0
data/external/actions/human_action_recognition/train/005597_cycling.jpg,Bingsu/Human_Action_Recognition,cycling,0,0,0,0,0,0,0,0,1,0,0,0,0,0,0,0,0,1,0,0
data/external/actions/human_action_recognition/train/005598_drinking.jpg,Bingsu/Human_Action_Recognition,drinking,0,0,0,0,0,0,0,0,0,0,0,0,0,0,1,0,0,0,0,0
data/external/actions/human_action_recognition/train/005599_cycling.jpg,Bingsu/Human_Action_Recognition,cycling,0,0,0,0,0,0,0,0,1,0,0,0,0,0,0,0,0,1,0,0
data/external/actions/human_action_recognition/train/005600_sitting.jpg,Bingsu/Human_Action_Recognition,sitting,0,1,0,0,0,0,0,0,0,0,0,0,0,0,0,0,1,0,0,0
data/external/actions/human_action_recognition/train/005601_cycling.jpg,Bingsu/Human_Action_Recognition,cycling,0,0,0,0,0,0,0,0,1,0,0,0,0,0,0,0,0,1,0,0
data/external/actions/human_action_recognition/train/005602_laughing.jpg,Bingsu/Human_Action_Recognition,laughing,1,0,0,0,0,0,0,0,0,0,0,0,0,0,0,0,1,0,0,0
data/external/actions/human_action_recognition/train/005603_sitting.jpg,Bingsu/Human_Action_Recognition,sitting,0,1,0,0,0,0,0,0,0,0,0,0,0,0,0,0,1,0,0,0
data/external/actions/human_action_recognition/train/005604_drinking.jpg,Bingsu/Human_Action_Recognition,drinking,0,0,0,0,0,0,0,0,0,0,0,0,0,0,1,0,0,0,0,0
data/external/actions/human_action_recognition/train/005605_using_laptop.jpg,Bingsu/Human_Action_Recognition,using_laptop,0,1,0,0,0,0,0,0,0,0,0,0,1,0,0,0,1,0,0,0
data/external/actions/human_action_recognition/train/005606_cycling.jpg,Bingsu/Human_Action_Recognition,cycling,0,0,0,0,0,0,0,0,1,0,0,0,0,0,0,0,0,1,0,0
data/external/actions/human_action_recognition/train/005607_texting.jpg,Bingsu/Human_Action_Recognition,texting,0,1,0,0,0,0,0,0,0,0,0,0,0,0,0,0,1,0,0,0
data/external/actions/human_action_recognition/train/005608_drinking.jpg,Bingsu/Human_Action_Recognition,drinking,0,0,0,0,0,0,0,0,0,0,0,0,0,0,1,0,0,0,0,0
data/external/actions/human_action_recognition/train/005609_clapping.jpg,Bingsu/Human_Action_Recognition,clapping,0,0,0,0,1,0,0,0,0,0,0,0,0,0,0,0,0,1,0,0
data/external/actions/human_action_recognition/train/005610_listening_to_music.jpg,Bingsu/Human_Action_Recognition,listening_to_music,0,1,0,0,0,0,0,0,0,0,0,0,0,0,0,0,1,0,0,0
data/external/actions/human_action_recognition/train/005611_sleeping.jpg,Bingsu/Human_Action_Recognition,sleeping,0,0,1,0,0,0,0,0,0,0,0,0,0,0,0,0,1,0,0,0
data/external/actions/human_action_recognition/train/005612_eating.jpg,Bingsu/Human_Action_Recognition,eating,0,0,0,0,0,0,0,0,0,0,0,0,0,1,0,0,0,0,0,0
data/external/actions/human_action_recognition/train/005613_clapping.jpg,Bingsu/Human_Action_Recognition,clapping,0,0,0,0,1,0,0,0,0,0,0,0,0,0,0,0,0,1,0,0
data/external/actions/human_action_recognition/train/005614_using_laptop.jpg,Bingsu/Human_Action_Recognition,using_laptop,0,1,0,0,0,0,0,0,0,0,0,0,1,0,0,0,1,0,0,0
data/external/actions/human_action_recognition/train/005615_sleeping.jpg,Bingsu/Human_Action_Recognition,sleeping,0,0,1,0,0,0,0,0,0,0,0,0,0,0,0,0,1,0,0,0
data/external/actions/human_action_recognition/train/005616_texting.jpg,Bingsu/Human_Action_Recognition,texting,0,1,0,0,0,0,0,0,0,0,0,0,0,0,0,0,1,0,0,0
data/external/actions/human_action_recognition/train/005617_texting.jpg,Bingsu/Human_Action_Recognition,texting,0,1,0,0,0,0,0,0,0,0,0,0,0,0,0,0,1,0,0,0
data/external/actions/human_action_recognition/train/005618_cycling.jpg,Bingsu/Human_Action_Recognition,cycling,0,0,0,0,0,0,0,0,1,0,0,0,0,0,0,0,0,1,0,0
data/external/actions/human_action_recognition/train/005619_drinking.jpg,Bingsu/Human_Action_Recognition,drinking,0,0,0,0,0,0,0,0,0,0,0,0,0,0,1,0,0,0,0,0
data/external/actions/human_action_recognition/train/005620_clapping.jpg,Bingsu/Human_Action_Recognition,clapping,0,0,0,0,1,0,0,0,0,0,0,0,0,0,0,0,0,1,0,0
data/external/actions/human_action_recognition/train/005621_fighting.jpg,Bingsu/Human_Action_Recognition,fighting,0,0,0,0,0,0,0,0,0,0,0,0,0,0,0,0,0,1,1,0
data/external/actions/human_action_recognition/train/005622_texting.jpg,Bingsu/Human_Action_Recognition,texting,0,1,0,0,0,0,0,0,0,0,0,0,0,0,0,0,1,0,0,0
data/external/actions/human_action_recognition/train/005623_drinking.jpg,Bingsu/Human_Action_Recognition,drinking,0,0,0,0,0,0,0,0,0,0,0,0,0,0,1,0,0,0,0,0
data/external/actions/human_action_recognition/train/005624_laughing.jpg,Bingsu/Human_Action_Recognition,laughing,1,0,0,0,0,0,0,0,0,0,0,0,0,0,0,0,1,0,0,0
data/external/actions/human_action_recognition/train/005625_eating.jpg,Bingsu/Human_Action_Recognition,eating,0,0,0,0,0,0,0,0,0,0,0,0,0,1,0,0,0,0,0,0
data/external/actions/human_action_recognition/train/005626_sleeping.jpg,Bingsu/Human_Action_Recognition,sleeping,0,0,1,0,0,0,0,0,0,0,0,0,0,0,0,0,1,0,0,0
data/external/actions/human_action_recognition/train/005627_using_laptop.jpg,Bingsu/Human_Action_Recognition,using_laptop,0,1,0,0,0,0,0,0,0,0,0,0,1,0,0,0,1,0,0,0
data/external/actions/human_action_recognition/train/005628_clapping.jpg,Bingsu/Human_Action_Recognition,clapping,0,0,0,0,1,0,0,0,0,0,0,0,0,0,0,0,0,1,0,0
data/external/actions/human_action_recognition/train/005629_hugging.jpg,Bingsu/Human_Action_Recognition,hugging,1,0,0,0,0,0,0,0,0,0,0,0,0,0,0,0,1,0,0,0
data/external/actions/human_action_recognition/train/005630_using_laptop.jpg,Bingsu/Human_Action_Recognition,using_laptop,0,1,0,0,0,0,0,0,0,0,0,0,1,0,0,0,1,0,0,0
data/external/actions/human_action_recognition/train/005631_fighting.jpg,Bingsu/Human_Action_Recognition,fighting,0,0,0,0,0,0,0,0,0,0,0,0,0,0,0,0,0,1,1,0
data/external/actions/human_action_recognition/train/005632_sitting.jpg,Bingsu/Human_Action_Recognition,sitting,0,1,0,0,0,0,0,0,0,0,0,0,0,0,0,0,1,0,0,0
data/external/actions/human_action_recognition/train/005633_hugging.jpg,Bingsu/Human_Action_Recognition,hugging,1,0,0,0,0,0,0,0,0,0,0,0,0,0,0,0,1,0,0,0
data/external/actions/human_action_recognition/train/005634_eating.jpg,Bingsu/Human_Action_Recognition,eating,0,0,0,0,0,0,0,0,0,0,0,0,0,1,0,0,0,0,0,0
data/external/actions/human_action_recognition/train/005635_using_laptop.jpg,Bingsu/Human_Action_Recognition,using_laptop,0,1,0,0,0,0,0,0,0,0,0,0,1,0,0,0,1,0,0,0
data/external/actions/human_action_recognition/train/005636_calling.jpg,Bingsu/Human_Action_Recognition,calling,1,0,0,0,0,0,0,0,0,0,0,0,0,0,0,0,1,0,0,0
data/external/actions/human_action_recognition/train/005637_cycling.jpg,Bingsu/Human_Action_Recognition,cycling,0,0,0,0,0,0,0,0,1,0,0,0,0,0,0,0,0,1,0,0
data/external/actions/human_action_recognition/train/005638_hugging.jpg,Bingsu/Human_Action_Recognition,hugging,1,0,0,0,0,0,0,0,0,0,0,0,0,0,0,0,1,0,0,0
data/external/actions/human_action_recognition/train/005639_cycling.jpg,Bingsu/Human_Action_Recognition,cycling,0,0,0,0,0,0,0,0,1,0,0,0,0,0,0,0,0,1,0,0
data/external/actions/human_action_recognition/train/005640_listening_to_music.jpg,Bingsu/Human_Action_Recognition,listening_to_music,0,1,0,0,0,0,0,0,0,0,0,0,0,0,0,0,1,0,0,0
data/external/actions/human_action_recognition/train/005641_sleeping.jpg,Bingsu/Human_Action_Recognition,sleeping,0,0,1,0,0,0,0,0,0,0,0,0,0,0,0,0,1,0,0,0
data/external/actions/human_action_recognition/train/005642_running.jpg,Bingsu/Human_Action_Recognition,running,0,0,0,0,0,0,1,0,0,0,0,0,0,0,0,0,0,1,1,0
data/external/actions/human_action_recognition/train/005643_running.jpg,Bingsu/Human_Action_Recognition,running,0,0,0,0,0,0,1,0,0,0,0,0,0,0,0,0,0,1,1,0
data/external/actions/human_action_recognition/train/005644_using_laptop.jpg,Bingsu/Human_Action_Recognition,using_laptop,0,1,0,0,0,0,0,0,0,0,0,0,1,0,0,0,1,0,0,0
data/external/actions/human_action_recognition/train/005645_fighting.jpg,Bingsu/Human_Action_Recognition,fighting,0,0,0,0,0,0,0,0,0,0,0,0,0,0,0,0,0,1,1,0
data/external/actions/human_action_recognition/train/005646_hugging.jpg,Bingsu/Human_Action_Recognition,hugging,1,0,0,0,0,0,0,0,0,0,0,0,0,0,0,0,1,0,0,0
data/external/actions/human_action_recognition/train/005647_listening_to_music.jpg,Bingsu/Human_Action_Recognition,listening_to_music,0,1,0,0,0,0,0,0,0,0,0,0,0,0,0,0,1,0,0,0
data/external/actions/human_action_recognition/train/005648_clapping.jpg,Bingsu/Human_Action_Recognition,clapping,0,0,0,0,1,0,0,0,0,0,0,0,0,0,0,0,0,1,0,0
data/external/actions/human_action_recognition/train/005649_dancing.jpg,Bingsu/Human_Action_Recognition,dancing,0,0,0,0,0,0,0,0,0,0,1,0,0,0,0,0,0,1,0,0
data/external/actions/human_action_recognition/train/005650_drinking.jpg,Bingsu/Human_Action_Recognition,drinking,0,0,0,0,0,0,0,0,0,0,0,0,0,0,1,0,0,0,0,0
data/external/actions/human_action_recognition/train/005651_fighting.jpg,Bingsu/Human_Action_Recognition,fighting,0,0,0,0,0,0,0,0,0,0,0,0,0,0,0,0,0,1,1,0
data/external/actions/human_action_recognition/train/005652_cycling.jpg,Bingsu/Human_Action_Recognition,cycling,0,0,0,0,0,0,0,0,1,0,0,0,0,0,0,0,0,1,0,0
data/external/actions/human_action_recognition/train/005653_cycling.jpg,Bingsu/Human_Action_Recognition,cycling,0,0,0,0,0,0,0,0,1,0,0,0,0,0,0,0,0,1,0,0
data/external/actions/human_action_recognition/train/005654_clapping.jpg,Bingsu/Human_Action_Recognition,clapping,0,0,0,0,1,0,0,0,0,0,0,0,0,0,0,0,0,1,0,0
data/external/actions/human_action_recognition/train/005655_calling.jpg,Bingsu/Human_Action_Recognition,calling,1,0,0,0,0,0,0,0,0,0,0,0,0,0,0,0,1,0,0,0
data/external/actions/human_action_recognition/train/005656_sitting.jpg,Bingsu/Human_Action_Recognition,sitting,0,1,0,0,0,0,0,0,0,0,0,0,0,0,0,0,1,0,0,0
data/external/actions/human_action_recognition/train/005657_using_laptop.jpg,Bingsu/Human_Action_Recognition,using_laptop,0,1,0,0,0,0,0,0,0,0,0,0,1,0,0,0,1,0,0,0
data/external/actions/human_action_recognition/train/005658_cycling.jpg,Bingsu/Human_Action_Recognition,cycling,0,0,0,0,0,0,0,0,1,0,0,0,0,0,0,0,0,1,0,0
data/external/actions/human_action_recognition/train/005659_clapping.jpg,Bingsu/Human_Action_Recognition,clapping,0,0,0,0,1,0,0,0,0,0,0,0,0,0,0,0,0,1,0,0
data/external/actions/human_action_recognition/train/005660_drinking.jpg,Bingsu/Human_Action_Recognition,drinking,0,0,0,0,0,0,0,0,0,0,0,0,0,0,1,0,0,0,0,0
data/external/actions/human_action_recognition/train/005661_texting.jpg,Bingsu/Human_Action_Recognition,texting,0,1,0,0,0,0,0,0,0,0,0,0,0,0,0,0,1,0,0,0
data/external/actions/human_action_recognition/train/005662_listening_to_music.jpg,Bingsu/Human_Action_Recognition,listening_to_music,0,1,0,0,0,0,0,0,0,0,0,0,0,0,0,0,1,0,0,0
data/external/actions/human_action_recognition/train/005663_laughing.jpg,Bingsu/Human_Action_Recognition,laughing,1,0,0,0,0,0,0,0,0,0,0,0,0,0,0,0,1,0,0,0
data/external/actions/human_action_recognition/train/005664_clapping.jpg,Bingsu/Human_Action_Recognition,clapping,0,0,0,0,1,0,0,0,0,0,0,0,0,0,0,0,0,1,0,0
data/external/actions/human_action_recognition/train/005665_eating.jpg,Bingsu/Human_Action_Recognition,eating,0,0,0,0,0,0,0,0,0,0,0,0,0,1,0,0,0,0,0,0
data/external/actions/human_action_recognition/train/005666_calling.jpg,Bingsu/Human_Action_Recognition,calling,1,0,0,0,0,0,0,0,0,0,0,0,0,0,0,0,1,0,0,0
data/external/actions/human_action_recognition/train/005667_calling.jpg,Bingsu/Human_Action_Recognition,calling,1,0,0,0,0,0,0,0,0,0,0,0,0,0,0,0,1,0,0,0
data/external/actions/human_action_recognition/train/005668_fighting.jpg,Bingsu/Human_Action_Recognition,fighting,0,0,0,0,0,0,0,0,0,0,0,0,0,0,0,0,0,1,1,0
data/external/actions/human_action_recognition/train/005669_using_laptop.jpg,Bingsu/Human_Action_Recognition,using_laptop,0,1,0,0,0,0,0,0,0,0,0,0,1,0,0,0,1,0,0,0
data/external/actions/human_action_recognition/train/005670_calling.jpg,Bingsu/Human_Action_Recognition,calling,1,0,0,0,0,0,0,0,0,0,0,0,0,0,0,0,1,0,0,0
data/external/actions/human_action_recognition/train/005671_drinking.jpg,Bingsu/Human_Action_Recognition,drinking,0,0,0,0,0,0,0,0,0,0,0,0,0,0,1,0,0,0,0,0
data/external/actions/human_action_recognition/train/005672_sleeping.jpg,Bingsu/Human_Action_Recognition,sleeping,0,0,1,0,0,0,0,0,0,0,0,0,0,0,0,0,1,0,0,0
data/external/actions/human_action_recognition/train/005673_running.jpg,Bingsu/Human_Action_Recognition,running,0,0,0,0,0,0,1,0,0,0,0,0,0,0,0,0,0,1,1,0
data/external/actions/human_action_recognition/train/005674_sleeping.jpg,Bingsu/Human_Action_Recognition,sleeping,0,0,1,0,0,0,0,0,0,0,0,0,0,0,0,0,1,0,0,0
data/external/actions/human_action_recognition/train/005675_sleeping.jpg,Bingsu/Human_Action_Recognition,sleeping,0,0,1,0,0,0,0,0,0,0,0,0,0,0,0,0,1,0,0,0
data/external/actions/human_action_recognition/train/005676_listening_to_music.jpg,Bingsu/Human_Action_Recognition,listening_to_music,0,1,0,0,0,0,0,0,0,0,0,0,0,0,0,0,1,0,0,0
data/external/actions/human_action_recognition/train/005677_listening_to_music.jpg,Bingsu/Human_Action_Recognition,listening_to_music,0,1,0,0,0,0,0,0,0,0,0,0,0,0,0,0,1,0,0,0
data/external/actions/human_action_recognition/train/005678_dancing.jpg,Bingsu/Human_Action_Recognition,dancing,0,0,0,0,0,0,0,0,0,0,1,0,0,0,0,0,0,1,0,0
data/external/actions/human_action_recognition/train/005679_hugging.jpg,Bingsu/Human_Action_Recognition,hugging,1,0,0,0,0,0,0,0,0,0,0,0,0,0,0,0,1,0,0,0
data/external/actions/human_action_recognition/train/005680_texting.jpg,Bingsu/Human_Action_Recognition,texting,0,1,0,0,0,0,0,0,0,0,0,0,0,0,0,0,1,0,0,0
data/external/actions/human_action_recognition/train/005681_calling.jpg,Bingsu/Human_Action_Recognition,calling,1,0,0,0,0,0,0,0,0,0,0,0,0,0,0,0,1,0,0,0
data/external/actions/human_action_recognition/train/005682_running.jpg,Bingsu/Human_Action_Recognition,running,0,0,0,0,0,0,1,0,0,0,0,0,0,0,0,0,0,1,1,0
data/external/actions/human_action_recognition/train/005683_running.jpg,Bingsu/Human_Action_Recognition,running,0,0,0,0,0,0,1,0,0,0,0,0,0,0,0,0,0,1,1,0
data/external/actions/human_action_recognition/train/005684_eating.jpg,Bingsu/Human_Action_Recognition,eating,0,0,0,0,0,0,0,0,0,0,0,0,0,1,0,0,0,0,0,0
data/external/actions/human_action_recognition/train/005685_texting.jpg,Bingsu/Human_Action_Recognition,texting,0,1,0,0,0,0,0,0,0,0,0,0,0,0,0,0,1,0,0,0
data/external/actions/human_action_recognition/train/005686_hugging.jpg,Bingsu/Human_Action_Recognition,hugging,1,0,0,0,0,0,0,0,0,0,0,0,0,0,0,0,1,0,0,0
data/external/actions/human_action_recognition/train/005687_dancing.jpg,Bingsu/Human_Action_Recognition,dancing,0,0,0,0,0,0,0,0,0,0,1,0,0,0,0,0,0,1,0,0
data/external/actions/human_action_recognition/train/005688_cycling.jpg,Bingsu/Human_Action_Recognition,cycling,0,0,0,0,0,0,0,0,1,0,0,0,0,0,0,0,0,1,0,0
data/external/actions/human_action_recognition/train/005689_sitting.jpg,Bingsu/Human_Action_Recognition,sitting,0,1,0,0,0,0,0,0,0,0,0,0,0,0,0,0,1,0,0,0
data/external/actions/human_action_recognition/train/005690_sitting.jpg,Bingsu/Human_Action_Recognition,sitting,0,1,0,0,0,0,0,0,0,0,0,0,0,0,0,0,1,0,0,0
data/external/actions/human_action_recognition/train/005691_dancing.jpg,Bingsu/Human_Action_Recognition,dancing,0,0,0,0,0,0,0,0,0,0,1,0,0,0,0,0,0,1,0,0
data/external/actions/human_action_recognition/train/005692_sleeping.jpg,Bingsu/Human_Action_Recognition,sleeping,0,0,1,0,0,0,0,0,0,0,0,0,0,0,0,0,1,0,0,0
data/external/actions/human_action_recognition/train/005693_listening_to_music.jpg,Bingsu/Human_Action_Recognition,listening_to_music,0,1,0,0,0,0,0,0,0,0,0,0,0,0,0,0,1,0,0,0
data/external/actions/human_action_recognition/train/005694_using_laptop.jpg,Bingsu/Human_Action_Recognition,using_laptop,0,1,0,0,0,0,0,0,0,0,0,0,1,0,0,0,1,0,0,0
data/external/actions/human_action_recognition/train/005695_sitting.jpg,Bingsu/Human_Action_Recognition,sitting,0,1,0,0,0,0,0,0,0,0,0,0,0,0,0,0,1,0,0,0
data/external/actions/human_action_recognition/train/005696_hugging.jpg,Bingsu/Human_Action_Recognition,hugging,1,0,0,0,0,0,0,0,0,0,0,0,0,0,0,0,1,0,0,0
data/external/actions/human_action_recognition/train/005697_clapping.jpg,Bingsu/Human_Action_Recognition,clapping,0,0,0,0,1,0,0,0,0,0,0,0,0,0,0,0,0,1,0,0
data/external/actions/human_action_recognition/train/005698_cycling.jpg,Bingsu/Human_Action_Recognition,cycling,0,0,0,0,0,0,0,0,1,0,0,0,0,0,0,0,0,1,0,0
data/external/actions/human_action_recognition/train/005699_clapping.jpg,Bingsu/Human_Action_Recognition,clapping,0,0,0,0,1,0,0,0,0,0,0,0,0,0,0,0,0,1,0,0
data/external/actions/human_action_recognition/train/005700_eating.jpg,Bingsu/Human_Action_Recognition,eating,0,0,0,0,0,0,0,0,0,0,0,0,0,1,0,0,0,0,0,0
data/external/actions/human_action_recognition/train/005701_using_laptop.jpg,Bingsu/Human_Action_Recognition,using_laptop,0,1,0,0,0,0,0,0,0,0,0,0,1,0,0,0,1,0,0,0
data/external/actions/human_action_recognition/train/005702_fighting.jpg,Bingsu/Human_Action_Recognition,fighting,0,0,0,0,0,0,0,0,0,0,0,0,0,0,0,0,0,1,1,0
data/external/actions/human_action_recognition/train/005703_using_laptop.jpg,Bingsu/Human_Action_Recognition,using_laptop,0,1,0,0,0,0,0,0,0,0,0,0,1,0,0,0,1,0,0,0
data/external/actions/human_action_recognition/train/005704_using_laptop.jpg,Bingsu/Human_Action_Recognition,using_laptop,0,1,0,0,0,0,0,0,0,0,0,0,1,0,0,0,1,0,0,0
data/external/actions/human_action_recognition/train/005705_laughing.jpg,Bingsu/Human_Action_Recognition,laughing,1,0,0,0,0,0,0,0,0,0,0,0,0,0,0,0,1,0,0,0
data/external/actions/human_action_recognition/train/005706_listening_to_music.jpg,Bingsu/Human_Action_Recognition,listening_to_music,0,1,0,0,0,0,0,0,0,0,0,0,0,0,0,0,1,0,0,0
data/external/actions/human_action_recognition/train/005707_listening_to_music.jpg,Bingsu/Human_Action_Recognition,listening_to_music,0,1,0,0,0,0,0,0,0,0,0,0,0,0,0,0,1,0,0,0
data/external/actions/human_action_recognition/train/005708_running.jpg,Bingsu/Human_Action_Recognition,running,0,0,0,0,0,0,1,0,0,0,0,0,0,0,0,0,0,1,1,0
data/external/actions/human_action_recognition/train/005709_texting.jpg,Bingsu/Human_Action_Recognition,texting,0,1,0,0,0,0,0,0,0,0,0,0,0,0,0,0,1,0,0,0
data/external/actions/human_action_recognition/train/005710_running.jpg,Bingsu/Human_Action_Recognition,running,0,0,0,0,0,0,1,0,0,0,0,0,0,0,0,0,0,1,1,0
data/external/actions/human_action_recognition/train/005711_calling.jpg,Bingsu/Human_Action_Recognition,calling,1,0,0,0,0,0,0,0,0,0,0,0,0,0,0,0,1,0,0,0
data/external/actions/human_action_recognition/train/005712_clapping.jpg,Bingsu/Human_Action_Recognition,clapping,0,0,0,0,1,0,0,0,0,0,0,0,0,0,0,0,0,1,0,0
data/external/actions/human_action_recognition/train/005713_sitting.jpg,Bingsu/Human_Action_Recognition,sitting,0,1,0,0,0,0,0,0,0,0,0,0,0,0,0,0,1,0,0,0
data/external/actions/human_action_recognition/train/005714_dancing.jpg,Bingsu/Human_Action_Recognition,dancing,0,0,0,0,0,0,0,0,0,0,1,0,0,0,0,0,0,1,0,0
data/external/actions/human_action_recognition/train/005715_sleeping.jpg,Bingsu/Human_Action_Recognition,sleeping,0,0,1,0,0,0,0,0,0,0,0,0,0,0,0,0,1,0,0,0
data/external/actions/human_action_recognition/train/005716_sleeping.jpg,Bingsu/Human_Action_Recognition,sleeping,0,0,1,0,0,0,0,0,0,0,0,0,0,0,0,0,1,0,0,0
data/external/actions/human_action_recognition/train/005717_sleeping.jpg,Bingsu/Human_Action_Recognition,sleeping,0,0,1,0,0,0,0,0,0,0,0,0,0,0,0,0,1,0,0,0
data/external/actions/human_action_recognition/train/005718_drinking.jpg,Bingsu/Human_Action_Recognition,drinking,0,0,0,0,0,0,0,0,0,0,0,0,0,0,1,0,0,0,0,0
data/external/actions/human_action_recognition/train/005719_running.jpg,Bingsu/Human_Action_Recognition,running,0,0,0,0,0,0,1,0,0,0,0,0,0,0,0,0,0,1,1,0
data/external/actions/human_action_recognition/train/005720_listening_to_music.jpg,Bingsu/Human_Action_Recognition,listening_to_music,0,1,0,0,0,0,0,0,0,0,0,0,0,0,0,0,1,0,0,0
data/external/actions/human_action_recognition/train/005721_eating.jpg,Bingsu/Human_Action_Recognition,eating,0,0,0,0,0,0,0,0,0,0,0,0,0,1,0,0,0,0,0,0
data/external/actions/human_action_recognition/train/005722_listening_to_music.jpg,Bingsu/Human_Action_Recognition,listening_to_music,0,1,0,0,0,0,0,0,0,0,0,0,0,0,0,0,1,0,0,0
data/external/actions/human_action_recognition/train/005723_cycling.jpg,Bingsu/Human_Action_Recognition,cycling,0,0,0,0,0,0,0,0,1,0,0,0,0,0,0,0,0,1,0,0
data/external/actions/human_action_recognition/train/005724_hugging.jpg,Bingsu/Human_Action_Recognition,hugging,1,0,0,0,0,0,0,0,0,0,0,0,0,0,0,0,1,0,0,0
data/external/actions/human_action_recognition/train/005725_sitting.jpg,Bingsu/Human_Action_Recognition,sitting,0,1,0,0,0,0,0,0,0,0,0,0,0,0,0,0,1,0,0,0
data/external/actions/human_action_recognition/train/005726_drinking.jpg,Bingsu/Human_Action_Recognition,drinking,0,0,0,0,0,0,0,0,0,0,0,0,0,0,1,0,0,0,0,0
data/external/actions/human_action_recognition/train/005727_sitting.jpg,Bingsu/Human_Action_Recognition,sitting,0,1,0,0,0,0,0,0,0,0,0,0,0,0,0,0,1,0,0,0
data/external/actions/human_action_recognition/train/005728_running.jpg,Bingsu/Human_Action_Recognition,running,0,0,0,0,0,0,1,0,0,0,0,0,0,0,0,0,0,1,1,0
data/external/actions/human_action_recognition/train/005729_texting.jpg,Bingsu/Human_Action_Recognition,texting,0,1,0,0,0,0,0,0,0,0,0,0,0,0,0,0,1,0,0,0
data/external/actions/human_action_recognition/train/005730_eating.jpg,Bingsu/Human_Action_Recognition,eating,0,0,0,0,0,0,0,0,0,0,0,0,0,1,0,0,0,0,0,0
data/external/actions/human_action_recognition/train/005731_listening_to_music.jpg,Bingsu/Human_Action_Recognition,listening_to_music,0,1,0,0,0,0,0,0,0,0,0,0,0,0,0,0,1,0,0,0
data/external/actions/human_action_recognition/train/005732_fighting.jpg,Bingsu/Human_Action_Recognition,fighting,0,0,0,0,0,0,0,0,0,0,0,0,0,0,0,0,0,1,1,0
data/external/actions/human_action_recognition/train/005733_running.jpg,Bingsu/Human_Action_Recognition,running,0,0,0,0,0,0,1,0,0,0,0,0,0,0,0,0,0,1,1,0
data/external/actions/human_action_recognition/train/005734_sitting.jpg,Bingsu/Human_Action_Recognition,sitting,0,1,0,0,0,0,0,0,0,0,0,0,0,0,0,0,1,0,0,0
data/external/actions/human_action_recognition/train/005735_clapping.jpg,Bingsu/Human_Action_Recognition,clapping,0,0,0,0,1,0,0,0,0,0,0,0,0,0,0,0,0,1,0,0
data/external/actions/human_action_recognition/train/005736_texting.jpg,Bingsu/Human_Action_Recognition,texting,0,1,0,0,0,0,0,0,0,0,0,0,0,0,0,0,1,0,0,0
data/external/actions/human_action_recognition/train/005737_dancing.jpg,Bingsu/Human_Action_Recognition,dancing,0,0,0,0,0,0,0,0,0,0,1,0,0,0,0,0,0,1,0,0
data/external/actions/human_action_recognition/train/005738_fighting.jpg,Bingsu/Human_Action_Recognition,fighting,0,0,0,0,0,0,0,0,0,0,0,0,0,0,0,0,0,1,1,0
data/external/actions/human_action_recognition/train/005739_calling.jpg,Bingsu/Human_Action_Recognition,calling,1,0,0,0,0,0,0,0,0,0,0,0,0,0,0,0,1,0,0,0
data/external/actions/human_action_recognition/train/005740_listening_to_music.jpg,Bingsu/Human_Action_Recognition,listening_to_music,0,1,0,0,0,0,0,0,0,0,0,0,0,0,0,0,1,0,0,0
data/external/actions/human_action_recognition/train/005741_eating.jpg,Bingsu/Human_Action_Recognition,eating,0,0,0,0,0,0,0,0,0,0,0,0,0,1,0,0,0,0,0,0
data/external/actions/human_action_recognition/train/005742_fighting.jpg,Bingsu/Human_Action_Recognition,fighting,0,0,0,0,0,0,0,0,0,0,0,0,0,0,0,0,0,1,1,0
data/external/actions/human_action_recognition/train/005743_using_laptop.jpg,Bingsu/Human_Action_Recognition,using_laptop,0,1,0,0,0,0,0,0,0,0,0,0,1,0,0,0,1,0,0,0
data/external/actions/human_action_recognition/train/005744_listening_to_music.jpg,Bingsu/Human_Action_Recognition,listening_to_music,0,1,0,0,0,0,0,0,0,0,0,0,0,0,0,0,1,0,0,0
data/external/actions/human_action_recognition/train/005745_using_laptop.jpg,Bingsu/Human_Action_Recognition,using_laptop,0,1,0,0,0,0,0,0,0,0,0,0,1,0,0,0,1,0,0,0
data/external/actions/human_action_recognition/train/005746_using_laptop.jpg,Bingsu/Human_Action_Recognition,using_laptop,0,1,0,0,0,0,0,0,0,0,0,0,1,0,0,0,1,0,0,0
data/external/actions/human_action_recognition/train/005747_using_laptop.jpg,Bingsu/Human_Action_Recognition,using_laptop,0,1,0,0,0,0,0,0,0,0,0,0,1,0,0,0,1,0,0,0
data/external/actions/human_action_recognition/train/005748_dancing.jpg,Bingsu/Human_Action_Recognition,dancing,0,0,0,0,0,0,0,0,0,0,1,0,0,0,0,0,0,1,0,0
data/external/actions/human_action_recognition/train/005749_texting.jpg,Bingsu/Human_Action_Recognition,texting,0,1,0,0,0,0,0,0,0,0,0,0,0,0,0,0,1,0,0,0
data/external/actions/human_action_recognition/train/005750_hugging.jpg,Bingsu/Human_Action_Recognition,hugging,1,0,0,0,0,0,0,0,0,0,0,0,0,0,0,0,1,0,0,0
data/external/actions/human_action_recognition/train/005751_laughing.jpg,Bingsu/Human_Action_Recognition,laughing,1,0,0,0,0,0,0,0,0,0,0,0,0,0,0,0,1,0,0,0
data/external/actions/human_action_recognition/train/005752_texting.jpg,Bingsu/Human_Action_Recognition,texting,0,1,0,0,0,0,0,0,0,0,0,0,0,0,0,0,1,0,0,0
data/external/actions/human_action_recognition/train/005753_calling.jpg,Bingsu/Human_Action_Recognition,calling,1,0,0,0,0,0,0,0,0,0,0,0,0,0,0,0,1,0,0,0
data/external/actions/human_action_recognition/train/005754_texting.jpg,Bingsu/Human_Action_Recognition,texting,0,1,0,0,0,0,0,0,0,0,0,0,0,0,0,0,1,0,0,0
data/external/actions/human_action_recognition/train/005755_hugging.jpg,Bingsu/Human_Action_Recognition,hugging,1,0,0,0,0,0,0,0,0,0,0,0,0,0,0,0,1,0,0,0
data/external/actions/human_action_recognition/train/005756_drinking.jpg,Bingsu/Human_Action_Recognition,drinking,0,0,0,0,0,0,0,0,0,0,0,0,0,0,1,0,0,0,0,0
data/external/actions/human_action_recognition/train/005757_listening_to_music.jpg,Bingsu/Human_Action_Recognition,listening_to_music,0,1,0,0,0,0,0,0,0,0,0,0,0,0,0,0,1,0,0,0
data/external/actions/human_action_recognition/train/005758_texting.jpg,Bingsu/Human_Action_Recognition,texting,0,1,0,0,0,0,0,0,0,0,0,0,0,0,0,0,1,0,0,0
data/external/actions/human_action_recognition/train/005759_fighting.jpg,Bingsu/Human_Action_Recognition,fighting,0,0,0,0,0,0,0,0,0,0,0,0,0,0,0,0,0,1,1,0
data/external/actions/human_action_recognition/train/005760_cycling.jpg,Bingsu/Human_Action_Recognition,cycling,0,0,0,0,0,0,0,0,1,0,0,0,0,0,0,0,0,1,0,0
data/external/actions/human_action_recognition/train/005761_using_laptop.jpg,Bingsu/Human_Action_Recognition,using_laptop,0,1,0,0,0,0,0,0,0,0,0,0,1,0,0,0,1,0,0,0
data/external/actions/human_action_recognition/train/005762_drinking.jpg,Bingsu/Human_Action_Recognition,drinking,0,0,0,0,0,0,0,0,0,0,0,0,0,0,1,0,0,0,0,0
data/external/actions/human_action_recognition/train/005763_eating.jpg,Bingsu/Human_Action_Recognition,eating,0,0,0,0,0,0,0,0,0,0,0,0,0,1,0,0,0,0,0,0
data/external/actions/human_action_recognition/train/005764_running.jpg,Bingsu/Human_Action_Recognition,running,0,0,0,0,0,0,1,0,0,0,0,0,0,0,0,0,0,1,1,0
data/external/actions/human_action_recognition/train/005765_listening_to_music.jpg,Bingsu/Human_Action_Recognition,listening_to_music,0,1,0,0,0,0,0,0,0,0,0,0,0,0,0,0,1,0,0,0
data/external/actions/human_action_recognition/train/005766_cycling.jpg,Bingsu/Human_Action_Recognition,cycling,0,0,0,0,0,0,0,0,1,0,0,0,0,0,0,0,0,1,0,0
data/external/actions/human_action_recognition/train/005767_running.jpg,Bingsu/Human_Action_Recognition,running,0,0,0,0,0,0,1,0,0,0,0,0,0,0,0,0,0,1,1,0
data/external/actions/human_action_recognition/train/005768_dancing.jpg,Bingsu/Human_Action_Recognition,dancing,0,0,0,0,0,0,0,0,0,0,1,0,0,0,0,0,0,1,0,0
data/external/actions/human_action_recognition/train/005769_texting.jpg,Bingsu/Human_Action_Recognition,texting,0,1,0,0,0,0,0,0,0,0,0,0,0,0,0,0,1,0,0,0
data/external/actions/human_action_recognition/train/005770_laughing.jpg,Bingsu/Human_Action_Recognition,laughing,1,0,0,0,0,0,0,0,0,0,0,0,0,0,0,0,1,0,0,0
data/external/actions/human_action_recognition/train/005771_running.jpg,Bingsu/Human_Action_Recognition,running,0,0,0,0,0,0,1,0,0,0,0,0,0,0,0,0,0,1,1,0
data/external/actions/human_action_recognition/train/005772_dancing.jpg,Bingsu/Human_Action_Recognition,dancing,0,0,0,0,0,0,0,0,0,0,1,0,0,0,0,0,0,1,0,0
data/external/actions/human_action_recognition/train/005773_using_laptop.jpg,Bingsu/Human_Action_Recognition,using_laptop,0,1,0,0,0,0,0,0,0,0,0,0,1,0,0,0,1,0,0,0
data/external/actions/human_action_recognition/train/005774_sitting.jpg,Bingsu/Human_Action_Recognition,sitting,0,1,0,0,0,0,0,0,0,0,0,0,0,0,0,0,1,0,0,0
data/external/actions/human_action_recognition/train/005775_listening_to_music.jpg,Bingsu/Human_Action_Recognition,listening_to_music,0,1,0,0,0,0,0,0,0,0,0,0,0,0,0,0,1,0,0,0
data/external/actions/human_action_recognition/train/005776_listening_to_music.jpg,Bingsu/Human_Action_Recognition,listening_to_music,0,1,0,0,0,0,0,0,0,0,0,0,0,0,0,0,1,0,0,0
data/external/actions/human_action_recognition/train/005777_listening_to_music.jpg,Bingsu/Human_Action_Recognition,listening_to_music,0,1,0,0,0,0,0,0,0,0,0,0,0,0,0,0,1,0,0,0
data/external/actions/human_action_recognition/train/005778_running.jpg,Bingsu/Human_Action_Recognition,running,0,0,0,0,0,0,1,0,0,0,0,0,0,0,0,0,0,1,1,0
data/external/actions/human_action_recognition/train/005779_sitting.jpg,Bingsu/Human_Action_Recognition,sitting,0,1,0,0,0,0,0,0,0,0,0,0,0,0,0,0,1,0,0,0
data/external/actions/human_action_recognition/train/005780_sitting.jpg,Bingsu/Human_Action_Recognition,sitting,0,1,0,0,0,0,0,0,0,0,0,0,0,0,0,0,1,0,0,0
data/external/actions/human_action_recognition/train/005781_texting.jpg,Bingsu/Human_Action_Recognition,texting,0,1,0,0,0,0,0,0,0,0,0,0,0,0,0,0,1,0,0,0
data/external/actions/human_action_recognition/train/005782_sitting.jpg,Bingsu/Human_Action_Recognition,sitting,0,1,0,0,0,0,0,0,0,0,0,0,0,0,0,0,1,0,0,0
data/external/actions/human_action_recognition/train/005783_running.jpg,Bingsu/Human_Action_Recognition,running,0,0,0,0,0,0,1,0,0,0,0,0,0,0,0,0,0,1,1,0
data/external/actions/human_action_recognition/train/005784_laughing.jpg,Bingsu/Human_Action_Recognition,laughing,1,0,0,0,0,0,0,0,0,0,0,0,0,0,0,0,1,0,0,0
data/external/actions/human_action_recognition/train/005785_dancing.jpg,Bingsu/Human_Action_Recognition,dancing,0,0,0,0,0,0,0,0,0,0,1,0,0,0,0,0,0,1,0,0
data/external/actions/human_action_recognition/train/005786_laughing.jpg,Bingsu/Human_Action_Recognition,laughing,1,0,0,0,0,0,0,0,0,0,0,0,0,0,0,0,1,0,0,0
data/external/actions/human_action_recognition/train/005787_texting.jpg,Bingsu/Human_Action_Recognition,texting,0,1,0,0,0,0,0,0,0,0,0,0,0,0,0,0,1,0,0,0
data/external/actions/human_action_recognition/train/005788_dancing.jpg,Bingsu/Human_Action_Recognition,dancing,0,0,0,0,0,0,0,0,0,0,1,0,0,0,0,0,0,1,0,0
data/external/actions/human_action_recognition/train/005789_drinking.jpg,Bingsu/Human_Action_Recognition,drinking,0,0,0,0,0,0,0,0,0,0,0,0,0,0,1,0,0,0,0,0
data/external/actions/human_action_recognition/train/005790_texting.jpg,Bingsu/Human_Action_Recognition,texting,0,1,0,0,0,0,0,0,0,0,0,0,0,0,0,0,1,0,0,0
data/external/actions/human_action_recognition/train/005791_eating.jpg,Bingsu/Human_Action_Recognition,eating,0,0,0,0,0,0,0,0,0,0,0,0,0,1,0,0,0,0,0,0
data/external/actions/human_action_recognition/train/005792_fighting.jpg,Bingsu/Human_Action_Recognition,fighting,0,0,0,0,0,0,0,0,0,0,0,0,0,0,0,0,0,1,1,0
data/external/actions/human_action_recognition/train/005793_texting.jpg,Bingsu/Human_Action_Recognition,texting,0,1,0,0,0,0,0,0,0,0,0,0,0,0,0,0,1,0,0,0
data/external/actions/human_action_recognition/train/005794_eating.jpg,Bingsu/Human_Action_Recognition,eating,0,0,0,0,0,0,0,0,0,0,0,0,0,1,0,0,0,0,0,0
data/external/actions/human_action_recognition/train/005795_fighting.jpg,Bingsu/Human_Action_Recognition,fighting,0,0,0,0,0,0,0,0,0,0,0,0,0,0,0,0,0,1,1,0
data/external/actions/human_action_recognition/train/005796_clapping.jpg,Bingsu/Human_Action_Recognition,clapping,0,0,0,0,1,0,0,0,0,0,0,0,0,0,0,0,0,1,0,0
data/external/actions/human_action_recognition/train/005797_eating.jpg,Bingsu/Human_Action_Recognition,eating,0,0,0,0,0,0,0,0,0,0,0,0,0,1,0,0,0,0,0,0
data/external/actions/human_action_recognition/train/005798_using_laptop.jpg,Bingsu/Human_Action_Recognition,using_laptop,0,1,0,0,0,0,0,0,0,0,0,0,1,0,0,0,1,0,0,0
data/external/actions/human_action_recognition/train/005799_sleeping.jpg,Bingsu/Human_Action_Recognition,sleeping,0,0,1,0,0,0,0,0,0,0,0,0,0,0,0,0,1,0,0,0
data/external/actions/human_action_recognition/train/005800_sitting.jpg,Bingsu/Human_Action_Recognition,sitting,0,1,0,0,0,0,0,0,0,0,0,0,0,0,0,0,1,0,0,0
data/external/actions/human_action_recognition/train/005801_calling.jpg,Bingsu/Human_Action_Recognition,calling,1,0,0,0,0,0,0,0,0,0,0,0,0,0,0,0,1,0,0,0
data/external/actions/human_action_recognition/train/005802_calling.jpg,Bingsu/Human_Action_Recognition,calling,1,0,0,0,0,0,0,0,0,0,0,0,0,0,0,0,1,0,0,0
data/external/actions/human_action_recognition/train/005803_using_laptop.jpg,Bingsu/Human_Action_Recognition,using_laptop,0,1,0,0,0,0,0,0,0,0,0,0,1,0,0,0,1,0,0,0
data/external/actions/human_action_recognition/train/005804_using_laptop.jpg,Bingsu/Human_Action_Recognition,using_laptop,0,1,0,0,0,0,0,0,0,0,0,0,1,0,0,0,1,0,0,0
data/external/actions/human_action_recognition/train/005805_calling.jpg,Bingsu/Human_Action_Recognition,calling,1,0,0,0,0,0,0,0,0,0,0,0,0,0,0,0,1,0,0,0
data/external/actions/human_action_recognition/train/005806_cycling.jpg,Bingsu/Human_Action_Recognition,cycling,0,0,0,0,0,0,0,0,1,0,0,0,0,0,0,0,0,1,0,0
data/external/actions/human_action_recognition/train/005807_clapping.jpg,Bingsu/Human_Action_Recognition,clapping,0,0,0,0,1,0,0,0,0,0,0,0,0,0,0,0,0,1,0,0
data/external/actions/human_action_recognition/train/005808_running.jpg,Bingsu/Human_Action_Recognition,running,0,0,0,0,0,0,1,0,0,0,0,0,0,0,0,0,0,1,1,0
data/external/actions/human_action_recognition/train/005809_fighting.jpg,Bingsu/Human_Action_Recognition,fighting,0,0,0,0,0,0,0,0,0,0,0,0,0,0,0,0,0,1,1,0
data/external/actions/human_action_recognition/train/005810_sitting.jpg,Bingsu/Human_Action_Recognition,sitting,0,1,0,0,0,0,0,0,0,0,0,0,0,0,0,0,1,0,0,0
data/external/actions/human_action_recognition/train/005811_calling.jpg,Bingsu/Human_Action_Recognition,calling,1,0,0,0,0,0,0,0,0,0,0,0,0,0,0,0,1,0,0,0
data/external/actions/human_action_recognition/train/005812_fighting.jpg,Bingsu/Human_Action_Recognition,fighting,0,0,0,0,0,0,0,0,0,0,0,0,0,0,0,0,0,1,1,0
data/external/actions/human_action_recognition/train/005813_texting.jpg,Bingsu/Human_Action_Recognition,texting,0,1,0,0,0,0,0,0,0,0,0,0,0,0,0,0,1,0,0,0
data/external/actions/human_action_recognition/train/005814_fighting.jpg,Bingsu/Human_Action_Recognition,fighting,0,0,0,0,0,0,0,0,0,0,0,0,0,0,0,0,0,1,1,0
data/external/actions/human_action_recognition/train/005815_texting.jpg,Bingsu/Human_Action_Recognition,texting,0,1,0,0,0,0,0,0,0,0,0,0,0,0,0,0,1,0,0,0
data/external/actions/human_action_recognition/train/005816_running.jpg,Bingsu/Human_Action_Recognition,running,0,0,0,0,0,0,1,0,0,0,0,0,0,0,0,0,0,1,1,0
data/external/actions/human_action_recognition/train/005817_hugging.jpg,Bingsu/Human_Action_Recognition,hugging,1,0,0,0,0,0,0,0,0,0,0,0,0,0,0,0,1,0,0,0
data/external/actions/human_action_recognition/train/005818_sleeping.jpg,Bingsu/Human_Action_Recognition,sleeping,0,0,1,0,0,0,0,0,0,0,0,0,0,0,0,0,1,0,0,0
data/external/actions/human_action_recognition/train/005819_eating.jpg,Bingsu/Human_Action_Recognition,eating,0,0,0,0,0,0,0,0,0,0,0,0,0,1,0,0,0,0,0,0
data/external/actions/human_action_recognition/train/005820_laughing.jpg,Bingsu/Human_Action_Recognition,laughing,1,0,0,0,0,0,0,0,0,0,0,0,0,0,0,0,1,0,0,0
data/external/actions/human_action_recognition/train/005821_eating.jpg,Bingsu/Human_Action_Recognition,eating,0,0,0,0,0,0,0,0,0,0,0,0,0,1,0,0,0,0,0,0
data/external/actions/human_action_recognition/train/005822_listening_to_music.jpg,Bingsu/Human_Action_Recognition,listening_to_music,0,1,0,0,0,0,0,0,0,0,0,0,0,0,0,0,1,0,0,0
data/external/actions/human_action_recognition/train/005823_clapping.jpg,Bingsu/Human_Action_Recognition,clapping,0,0,0,0,1,0,0,0,0,0,0,0,0,0,0,0,0,1,0,0
data/external/actions/human_action_recognition/train/005824_cycling.jpg,Bingsu/Human_Action_Recognition,cycling,0,0,0,0,0,0,0,0,1,0,0,0,0,0,0,0,0,1,0,0
data/external/actions/human_action_recognition/train/005825_hugging.jpg,Bingsu/Human_Action_Recognition,hugging,1,0,0,0,0,0,0,0,0,0,0,0,0,0,0,0,1,0,0,0
data/external/actions/human_action_recognition/train/005826_calling.jpg,Bingsu/Human_Action_Recognition,calling,1,0,0,0,0,0,0,0,0,0,0,0,0,0,0,0,1,0,0,0
data/external/actions/human_action_recognition/train/005827_laughing.jpg,Bingsu/Human_Action_Recognition,laughing,1,0,0,0,0,0,0,0,0,0,0,0,0,0,0,0,1,0,0,0
data/external/actions/human_action_recognition/train/005828_sitting.jpg,Bingsu/Human_Action_Recognition,sitting,0,1,0,0,0,0,0,0,0,0,0,0,0,0,0,0,1,0,0,0
data/external/actions/human_action_recognition/train/005829_texting.jpg,Bingsu/Human_Action_Recognition,texting,0,1,0,0,0,0,0,0,0,0,0,0,0,0,0,0,1,0,0,0
data/external/actions/human_action_recognition/train/005830_hugging.jpg,Bingsu/Human_Action_Recognition,hugging,1,0,0,0,0,0,0,0,0,0,0,0,0,0,0,0,1,0,0,0
data/external/actions/human_action_recognition/train/005831_sitting.jpg,Bingsu/Human_Action_Recognition,sitting,0,1,0,0,0,0,0,0,0,0,0,0,0,0,0,0,1,0,0,0
data/external/actions/human_action_recognition/train/005832_laughing.jpg,Bingsu/Human_Action_Recognition,laughing,1,0,0,0,0,0,0,0,0,0,0,0,0,0,0,0,1,0,0,0
data/external/actions/human_action_recognition/train/005833_sitting.jpg,Bingsu/Human_Action_Recognition,sitting,0,1,0,0,0,0,0,0,0,0,0,0,0,0,0,0,1,0,0,0
data/external/actions/human_action_recognition/train/005834_fighting.jpg,Bingsu/Human_Action_Recognition,fighting,0,0,0,0,0,0,0,0,0,0,0,0,0,0,0,0,0,1,1,0
data/external/actions/human_action_recognition/train/005835_listening_to_music.jpg,Bingsu/Human_Action_Recognition,listening_to_music,0,1,0,0,0,0,0,0,0,0,0,0,0,0,0,0,1,0,0,0
data/external/actions/human_action_recognition/train/005836_hugging.jpg,Bingsu/Human_Action_Recognition,hugging,1,0,0,0,0,0,0,0,0,0,0,0,0,0,0,0,1,0,0,0
data/external/actions/human_action_recognition/train/005837_dancing.jpg,Bingsu/Human_Action_Recognition,dancing,0,0,0,0,0,0,0,0,0,0,1,0,0,0,0,0,0,1,0,0
data/external/actions/human_action_recognition/train/005838_laughing.jpg,Bingsu/Human_Action_Recognition,laughing,1,0,0,0,0,0,0,0,0,0,0,0,0,0,0,0,1,0,0,0
data/external/actions/human_action_recognition/train/005839_running.jpg,Bingsu/Human_Action_Recognition,running,0,0,0,0,0,0,1,0,0,0,0,0,0,0,0,0,0,1,1,0
data/external/actions/human_action_recognition/train/005840_clapping.jpg,Bingsu/Human_Action_Recognition,clapping,0,0,0,0,1,0,0,0,0,0,0,0,0,0,0,0,0,1,0,0
data/external/actions/human_action_recognition/train/005841_listening_to_music.jpg,Bingsu/Human_Action_Recognition,listening_to_music,0,1,0,0,0,0,0,0,0,0,0,0,0,0,0,0,1,0,0,0
data/external/actions/human_action_recognition/train/005842_dancing.jpg,Bingsu/Human_Action_Recognition,dancing,0,0,0,0,0,0,0,0,0,0,1,0,0,0,0,0,0,1,0,0
data/external/actions/human_action_recognition/train/005843_using_laptop.jpg,Bingsu/Human_Action_Recognition,using_laptop,0,1,0,0,0,0,0,0,0,0,0,0,1,0,0,0,1,0,0,0
data/external/actions/human_action_recognition/train/005844_running.jpg,Bingsu/Human_Action_Recognition,running,0,0,0,0,0,0,1,0,0,0,0,0,0,0,0,0,0,1,1,0
data/external/actions/human_action_recognition/train/005845_fighting.jpg,Bingsu/Human_Action_Recognition,fighting,0,0,0,0,0,0,0,0,0,0,0,0,0,0,0,0,0,1,1,0
data/external/actions/human_action_recognition/train/005846_dancing.jpg,Bingsu/Human_Action_Recognition,dancing,0,0,0,0,0,0,0,0,0,0,1,0,0,0,0,0,0,1,0,0
data/external/actions/human_action_recognition/train/005847_dancing.jpg,Bingsu/Human_Action_Recognition,dancing,0,0,0,0,0,0,0,0,0,0,1,0,0,0,0,0,0,1,0,0
data/external/actions/human_action_recognition/train/005848_running.jpg,Bingsu/Human_Action_Recognition,running,0,0,0,0,0,0,1,0,0,0,0,0,0,0,0,0,0,1,1,0
data/external/actions/human_action_recognition/train/005849_sleeping.jpg,Bingsu/Human_Action_Recognition,sleeping,0,0,1,0,0,0,0,0,0,0,0,0,0,0,0,0,1,0,0,0
data/external/actions/human_action_recognition/train/005850_laughing.jpg,Bingsu/Human_Action_Recognition,laughing,1,0,0,0,0,0,0,0,0,0,0,0,0,0,0,0,1,0,0,0
data/external/actions/human_action_recognition/train/005851_running.jpg,Bingsu/Human_Action_Recognition,running,0,0,0,0,0,0,1,0,0,0,0,0,0,0,0,0,0,1,1,0
data/external/actions/human_action_recognition/train/005852_drinking.jpg,Bingsu/Human_Action_Recognition,drinking,0,0,0,0,0,0,0,0,0,0,0,0,0,0,1,0,0,0,0,0
data/external/actions/human_action_recognition/train/005853_cycling.jpg,Bingsu/Human_Action_Recognition,cycling,0,0,0,0,0,0,0,0,1,0,0,0,0,0,0,0,0,1,0,0
data/external/actions/human_action_recognition/train/005854_using_laptop.jpg,Bingsu/Human_Action_Recognition,using_laptop,0,1,0,0,0,0,0,0,0,0,0,0,1,0,0,0,1,0,0,0
data/external/actions/human_action_recognition/train/005855_texting.jpg,Bingsu/Human_Action_Recognition,texting,0,1,0,0,0,0,0,0,0,0,0,0,0,0,0,0,1,0,0,0
data/external/actions/human_action_recognition/train/005856_sitting.jpg,Bingsu/Human_Action_Recognition,sitting,0,1,0,0,0,0,0,0,0,0,0,0,0,0,0,0,1,0,0,0
data/external/actions/human_action_recognition/train/005857_cycling.jpg,Bingsu/Human_Action_Recognition,cycling,0,0,0,0,0,0,0,0,1,0,0,0,0,0,0,0,0,1,0,0
data/external/actions/human_action_recognition/train/005858_texting.jpg,Bingsu/Human_Action_Recognition,texting,0,1,0,0,0,0,0,0,0,0,0,0,0,0,0,0,1,0,0,0
data/external/actions/human_action_recognition/train/005859_calling.jpg,Bingsu/Human_Action_Recognition,calling,1,0,0,0,0,0,0,0,0,0,0,0,0,0,0,0,1,0,0,0
data/external/actions/human_action_recognition/train/005860_clapping.jpg,Bingsu/Human_Action_Recognition,clapping,0,0,0,0,1,0,0,0,0,0,0,0,0,0,0,0,0,1,0,0
data/external/actions/human_action_recognition/train/005861_laughing.jpg,Bingsu/Human_Action_Recognition,laughing,1,0,0,0,0,0,0,0,0,0,0,0,0,0,0,0,1,0,0,0
data/external/actions/human_action_recognition/train/005862_drinking.jpg,Bingsu/Human_Action_Recognition,drinking,0,0,0,0,0,0,0,0,0,0,0,0,0,0,1,0,0,0,0,0
data/external/actions/human_action_recognition/train/005863_using_laptop.jpg,Bingsu/Human_Action_Recognition,using_laptop,0,1,0,0,0,0,0,0,0,0,0,0,1,0,0,0,1,0,0,0
data/external/actions/human_action_recognition/train/005864_listening_to_music.jpg,Bingsu/Human_Action_Recognition,listening_to_music,0,1,0,0,0,0,0,0,0,0,0,0,0,0,0,0,1,0,0,0
data/external/actions/human_action_recognition/train/005865_texting.jpg,Bingsu/Human_Action_Recognition,texting,0,1,0,0,0,0,0,0,0,0,0,0,0,0,0,0,1,0,0,0
data/external/actions/human_action_recognition/train/005866_texting.jpg,Bingsu/Human_Action_Recognition,texting,0,1,0,0,0,0,0,0,0,0,0,0,0,0,0,0,1,0,0,0
data/external/actions/human_action_recognition/train/005867_dancing.jpg,Bingsu/Human_Action_Recognition,dancing,0,0,0,0,0,0,0,0,0,0,1,0,0,0,0,0,0,1,0,0
data/external/actions/human_action_recognition/train/005868_using_laptop.jpg,Bingsu/Human_Action_Recognition,using_laptop,0,1,0,0,0,0,0,0,0,0,0,0,1,0,0,0,1,0,0,0
data/external/actions/human_action_recognition/train/005869_running.jpg,Bingsu/Human_Action_Recognition,running,0,0,0,0,0,0,1,0,0,0,0,0,0,0,0,0,0,1,1,0
data/external/actions/human_action_recognition/train/005870_laughing.jpg,Bingsu/Human_Action_Recognition,laughing,1,0,0,0,0,0,0,0,0,0,0,0,0,0,0,0,1,0,0,0
data/external/actions/human_action_recognition/train/005871_calling.jpg,Bingsu/Human_Action_Recognition,calling,1,0,0,0,0,0,0,0,0,0,0,0,0,0,0,0,1,0,0,0
data/external/actions/human_action_recognition/train/005872_clapping.jpg,Bingsu/Human_Action_Recognition,clapping,0,0,0,0,1,0,0,0,0,0,0,0,0,0,0,0,0,1,0,0
data/external/actions/human_action_recognition/train/005873_dancing.jpg,Bingsu/Human_Action_Recognition,dancing,0,0,0,0,0,0,0,0,0,0,1,0,0,0,0,0,0,1,0,0
data/external/actions/human_action_recognition/train/005874_using_laptop.jpg,Bingsu/Human_Action_Recognition,using_laptop,0,1,0,0,0,0,0,0,0,0,0,0,1,0,0,0,1,0,0,0
data/external/actions/human_action_recognition/train/005875_running.jpg,Bingsu/Human_Action_Recognition,running,0,0,0,0,0,0,1,0,0,0,0,0,0,0,0,0,0,1,1,0
data/external/actions/human_action_recognition/train/005876_laughing.jpg,Bingsu/Human_Action_Recognition,laughing,1,0,0,0,0,0,0,0,0,0,0,0,0,0,0,0,1,0,0,0
data/external/actions/human_action_recognition/train/005877_listening_to_music.jpg,Bingsu/Human_Action_Recognition,listening_to_music,0,1,0,0,0,0,0,0,0,0,0,0,0,0,0,0,1,0,0,0
data/external/actions/human_action_recognition/train/005878_hugging.jpg,Bingsu/Human_Action_Recognition,hugging,1,0,0,0,0,0,0,0,0,0,0,0,0,0,0,0,1,0,0,0
data/external/actions/human_action_recognition/train/005879_eating.jpg,Bingsu/Human_Action_Recognition,eating,0,0,0,0,0,0,0,0,0,0,0,0,0,1,0,0,0,0,0,0
data/external/actions/human_action_recognition/train/005880_dancing.jpg,Bingsu/Human_Action_Recognition,dancing,0,0,0,0,0,0,0,0,0,0,1,0,0,0,0,0,0,1,0,0
data/external/actions/human_action_recognition/train/005881_cycling.jpg,Bingsu/Human_Action_Recognition,cycling,0,0,0,0,0,0,0,0,1,0,0,0,0,0,0,0,0,1,0,0
data/external/actions/human_action_recognition/train/005882_using_laptop.jpg,Bingsu/Human_Action_Recognition,using_laptop,0,1,0,0,0,0,0,0,0,0,0,0,1,0,0,0,1,0,0,0
data/external/actions/human_action_recognition/train/005883_eating.jpg,Bingsu/Human_Action_Recognition,eating,0,0,0,0,0,0,0,0,0,0,0,0,0,1,0,0,0,0,0,0
data/external/actions/human_action_recognition/train/005884_laughing.jpg,Bingsu/Human_Action_Recognition,laughing,1,0,0,0,0,0,0,0,0,0,0,0,0,0,0,0,1,0,0,0
data/external/actions/human_action_recognition/train/005885_texting.jpg,Bingsu/Human_Action_Recognition,texting,0,1,0,0,0,0,0,0,0,0,0,0,0,0,0,0,1,0,0,0
data/external/actions/human_action_recognition/train/005886_sitting.jpg,Bingsu/Human_Action_Recognition,sitting,0,1,0,0,0,0,0,0,0,0,0,0,0,0,0,0,1,0,0,0
data/external/actions/human_action_recognition/train/005887_laughing.jpg,Bingsu/Human_Action_Recognition,laughing,1,0,0,0,0,0,0,0,0,0,0,0,0,0,0,0,1,0,0,0
data/external/actions/human_action_recognition/train/005888_cycling.jpg,Bingsu/Human_Action_Recognition,cycling,0,0,0,0,0,0,0,0,1,0,0,0,0,0,0,0,0,1,0,0
data/external/actions/human_action_recognition/train/005889_hugging.jpg,Bingsu/Human_Action_Recognition,hugging,1,0,0,0,0,0,0,0,0,0,0,0,0,0,0,0,1,0,0,0
data/external/actions/human_action_recognition/train/005890_sitting.jpg,Bingsu/Human_Action_Recognition,sitting,0,1,0,0,0,0,0,0,0,0,0,0,0,0,0,0,1,0,0,0
data/external/actions/human_action_recognition/train/005891_cycling.jpg,Bingsu/Human_Action_Recognition,cycling,0,0,0,0,0,0,0,0,1,0,0,0,0,0,0,0,0,1,0,0
data/external/actions/human_action_recognition/train/005892_eating.jpg,Bingsu/Human_Action_Recognition,eating,0,0,0,0,0,0,0,0,0,0,0,0,0,1,0,0,0,0,0,0
data/external/actions/human_action_recognition/train/005893_dancing.jpg,Bingsu/Human_Action_Recognition,dancing,0,0,0,0,0,0,0,0,0,0,1,0,0,0,0,0,0,1,0,0
data/external/actions/human_action_recognition/train/005894_drinking.jpg,Bingsu/Human_Action_Recognition,drinking,0,0,0,0,0,0,0,0,0,0,0,0,0,0,1,0,0,0,0,0
data/external/actions/human_action_recognition/train/005895_listening_to_music.jpg,Bingsu/Human_Action_Recognition,listening_to_music,0,1,0,0,0,0,0,0,0,0,0,0,0,0,0,0,1,0,0,0
data/external/actions/human_action_recognition/train/005896_hugging.jpg,Bingsu/Human_Action_Recognition,hugging,1,0,0,0,0,0,0,0,0,0,0,0,0,0,0,0,1,0,0,0
data/external/actions/human_action_recognition/train/005897_cycling.jpg,Bingsu/Human_Action_Recognition,cycling,0,0,0,0,0,0,0,0,1,0,0,0,0,0,0,0,0,1,0,0
data/external/actions/human_action_recognition/train/005898_sleeping.jpg,Bingsu/Human_Action_Recognition,sleeping,0,0,1,0,0,0,0,0,0,0,0,0,0,0,0,0,1,0,0,0
data/external/actions/human_action_recognition/train/005899_cycling.jpg,Bingsu/Human_Action_Recognition,cycling,0,0,0,0,0,0,0,0,1,0,0,0,0,0,0,0,0,1,0,0
data/external/actions/human_action_recognition/train/005900_sitting.jpg,Bingsu/Human_Action_Recognition,sitting,0,1,0,0,0,0,0,0,0,0,0,0,0,0,0,0,1,0,0,0
data/external/actions/human_action_recognition/train/005901_cycling.jpg,Bingsu/Human_Action_Recognition,cycling,0,0,0,0,0,0,0,0,1,0,0,0,0,0,0,0,0,1,0,0
data/external/actions/human_action_recognition/train/005902_clapping.jpg,Bingsu/Human_Action_Recognition,clapping,0,0,0,0,1,0,0,0,0,0,0,0,0,0,0,0,0,1,0,0
data/external/actions/human_action_recognition/train/005903_listening_to_music.jpg,Bingsu/Human_Action_Recognition,listening_to_music,0,1,0,0,0,0,0,0,0,0,0,0,0,0,0,0,1,0,0,0
data/external/actions/human_action_recognition/train/005904_dancing.jpg,Bingsu/Human_Action_Recognition,dancing,0,0,0,0,0,0,0,0,0,0,1,0,0,0,0,0,0,1,0,0
data/external/actions/human_action_recognition/train/005905_clapping.jpg,Bingsu/Human_Action_Recognition,clapping,0,0,0,0,1,0,0,0,0,0,0,0,0,0,0,0,0,1,0,0
data/external/actions/human_action_recognition/train/005906_texting.jpg,Bingsu/Human_Action_Recognition,texting,0,1,0,0,0,0,0,0,0,0,0,0,0,0,0,0,1,0,0,0
data/external/actions/human_action_recognition/train/005907_texting.jpg,Bingsu/Human_Action_Recognition,texting,0,1,0,0,0,0,0,0,0,0,0,0,0,0,0,0,1,0,0,0
data/external/actions/human_action_recognition/train/005908_calling.jpg,Bingsu/Human_Action_Recognition,calling,1,0,0,0,0,0,0,0,0,0,0,0,0,0,0,0,1,0,0,0
data/external/actions/human_action_recognition/train/005909_cycling.jpg,Bingsu/Human_Action_Recognition,cycling,0,0,0,0,0,0,0,0,1,0,0,0,0,0,0,0,0,1,0,0
data/external/actions/human_action_recognition/train/005910_laughing.jpg,Bingsu/Human_Action_Recognition,laughing,1,0,0,0,0,0,0,0,0,0,0,0,0,0,0,0,1,0,0,0
data/external/actions/human_action_recognition/train/005911_using_laptop.jpg,Bingsu/Human_Action_Recognition,using_laptop,0,1,0,0,0,0,0,0,0,0,0,0,1,0,0,0,1,0,0,0
data/external/actions/human_action_recognition/train/005912_calling.jpg,Bingsu/Human_Action_Recognition,calling,1,0,0,0,0,0,0,0,0,0,0,0,0,0,0,0,1,0,0,0
data/external/actions/human_action_recognition/train/005913_hugging.jpg,Bingsu/Human_Action_Recognition,hugging,1,0,0,0,0,0,0,0,0,0,0,0,0,0,0,0,1,0,0,0
data/external/actions/human_action_recognition/train/005914_using_laptop.jpg,Bingsu/Human_Action_Recognition,using_laptop,0,1,0,0,0,0,0,0,0,0,0,0,1,0,0,0,1,0,0,0
data/external/actions/human_action_recognition/train/005915_texting.jpg,Bingsu/Human_Action_Recognition,texting,0,1,0,0,0,0,0,0,0,0,0,0,0,0,0,0,1,0,0,0
data/external/actions/human_action_recognition/train/005916_dancing.jpg,Bingsu/Human_Action_Recognition,dancing,0,0,0,0,0,0,0,0,0,0,1,0,0,0,0,0,0,1,0,0
data/external/actions/human_action_recognition/train/005917_hugging.jpg,Bingsu/Human_Action_Recognition,hugging,1,0,0,0,0,0,0,0,0,0,0,0,0,0,0,0,1,0,0,0
data/external/actions/human_action_recognition/train/005918_drinking.jpg,Bingsu/Human_Action_Recognition,drinking,0,0,0,0,0,0,0,0,0,0,0,0,0,0,1,0,0,0,0,0
data/external/actions/human_action_recognition/train/005919_fighting.jpg,Bingsu/Human_Action_Recognition,fighting,0,0,0,0,0,0,0,0,0,0,0,0,0,0,0,0,0,1,1,0
data/external/actions/human_action_recognition/train/005920_hugging.jpg,Bingsu/Human_Action_Recognition,hugging,1,0,0,0,0,0,0,0,0,0,0,0,0,0,0,0,1,0,0,0
data/external/actions/human_action_recognition/train/005921_sitting.jpg,Bingsu/Human_Action_Recognition,sitting,0,1,0,0,0,0,0,0,0,0,0,0,0,0,0,0,1,0,0,0
data/external/actions/human_action_recognition/train/005922_cycling.jpg,Bingsu/Human_Action_Recognition,cycling,0,0,0,0,0,0,0,0,1,0,0,0,0,0,0,0,0,1,0,0
data/external/actions/human_action_recognition/train/005923_listening_to_music.jpg,Bingsu/Human_Action_Recognition,listening_to_music,0,1,0,0,0,0,0,0,0,0,0,0,0,0,0,0,1,0,0,0
data/external/actions/human_action_recognition/train/005924_sleeping.jpg,Bingsu/Human_Action_Recognition,sleeping,0,0,1,0,0,0,0,0,0,0,0,0,0,0,0,0,1,0,0,0
data/external/actions/human_action_recognition/train/005925_clapping.jpg,Bingsu/Human_Action_Recognition,clapping,0,0,0,0,1,0,0,0,0,0,0,0,0,0,0,0,0,1,0,0
data/external/actions/human_action_recognition/train/005926_calling.jpg,Bingsu/Human_Action_Recognition,calling,1,0,0,0,0,0,0,0,0,0,0,0,0,0,0,0,1,0,0,0
data/external/actions/human_action_recognition/train/005927_hugging.jpg,Bingsu/Human_Action_Recognition,hugging,1,0,0,0,0,0,0,0,0,0,0,0,0,0,0,0,1,0,0,0
data/external/actions/human_action_recognition/train/005928_dancing.jpg,Bingsu/Human_Action_Recognition,dancing,0,0,0,0,0,0,0,0,0,0,1,0,0,0,0,0,0,1,0,0
data/external/actions/human_action_recognition/train/005929_listening_to_music.jpg,Bingsu/Human_Action_Recognition,listening_to_music,0,1,0,0,0,0,0,0,0,0,0,0,0,0,0,0,1,0,0,0
data/external/actions/human_action_recognition/train/005930_eating.jpg,Bingsu/Human_Action_Recognition,eating,0,0,0,0,0,0,0,0,0,0,0,0,0,1,0,0,0,0,0,0
data/external/actions/human_action_recognition/train/005931_hugging.jpg,Bingsu/Human_Action_Recognition,hugging,1,0,0,0,0,0,0,0,0,0,0,0,0,0,0,0,1,0,0,0
data/external/actions/human_action_recognition/train/005932_sleeping.jpg,Bingsu/Human_Action_Recognition,sleeping,0,0,1,0,0,0,0,0,0,0,0,0,0,0,0,0,1,0,0,0
data/external/actions/human_action_recognition/train/005933_clapping.jpg,Bingsu/Human_Action_Recognition,clapping,0,0,0,0,1,0,0,0,0,0,0,0,0,0,0,0,0,1,0,0
data/external/actions/human_action_recognition/train/005934_running.jpg,Bingsu/Human_Action_Recognition,running,0,0,0,0,0,0,1,0,0,0,0,0,0,0,0,0,0,1,1,0
data/external/actions/human_action_recognition/train/005935_texting.jpg,Bingsu/Human_Action_Recognition,texting,0,1,0,0,0,0,0,0,0,0,0,0,0,0,0,0,1,0,0,0
data/external/actions/human_action_recognition/train/005936_hugging.jpg,Bingsu/Human_Action_Recognition,hugging,1,0,0,0,0,0,0,0,0,0,0,0,0,0,0,0,1,0,0,0
data/external/actions/human_action_recognition/train/005937_listening_to_music.jpg,Bingsu/Human_Action_Recognition,listening_to_music,0,1,0,0,0,0,0,0,0,0,0,0,0,0,0,0,1,0,0,0
data/external/actions/human_action_recognition/train/005938_using_laptop.jpg,Bingsu/Human_Action_Recognition,using_laptop,0,1,0,0,0,0,0,0,0,0,0,0,1,0,0,0,1,0,0,0
data/external/actions/human_action_recognition/train/005939_eating.jpg,Bingsu/Human_Action_Recognition,eating,0,0,0,0,0,0,0,0,0,0,0,0,0,1,0,0,0,0,0,0
data/external/actions/human_action_recognition/train/005940_using_laptop.jpg,Bingsu/Human_Action_Recognition,using_laptop,0,1,0,0,0,0,0,0,0,0,0,0,1,0,0,0,1,0,0,0
data/external/actions/human_action_recognition/train/005941_laughing.jpg,Bingsu/Human_Action_Recognition,laughing,1,0,0,0,0,0,0,0,0,0,0,0,0,0,0,0,1,0,0,0
data/external/actions/human_action_recognition/train/005942_sleeping.jpg,Bingsu/Human_Action_Recognition,sleeping,0,0,1,0,0,0,0,0,0,0,0,0,0,0,0,0,1,0,0,0
data/external/actions/human_action_recognition/train/005943_drinking.jpg,Bingsu/Human_Action_Recognition,drinking,0,0,0,0,0,0,0,0,0,0,0,0,0,0,1,0,0,0,0,0
data/external/actions/human_action_recognition/train/005944_cycling.jpg,Bingsu/Human_Action_Recognition,cycling,0,0,0,0,0,0,0,0,1,0,0,0,0,0,0,0,0,1,0,0
data/external/actions/human_action_recognition/train/005945_drinking.jpg,Bingsu/Human_Action_Recognition,drinking,0,0,0,0,0,0,0,0,0,0,0,0,0,0,1,0,0,0,0,0
data/external/actions/human_action_recognition/train/005946_eating.jpg,Bingsu/Human_Action_Recognition,eating,0,0,0,0,0,0,0,0,0,0,0,0,0,1,0,0,0,0,0,0
data/external/actions/human_action_recognition/train/005947_texting.jpg,Bingsu/Human_Action_Recognition,texting,0,1,0,0,0,0,0,0,0,0,0,0,0,0,0,0,1,0,0,0
data/external/actions/human_action_recognition/train/005948_listening_to_music.jpg,Bingsu/Human_Action_Recognition,listening_to_music,0,1,0,0,0,0,0,0,0,0,0,0,0,0,0,0,1,0,0,0
data/external/actions/human_action_recognition/train/005949_sleeping.jpg,Bingsu/Human_Action_Recognition,sleeping,0,0,1,0,0,0,0,0,0,0,0,0,0,0,0,0,1,0,0,0
data/external/actions/human_action_recognition/train/005950_sitting.jpg,Bingsu/Human_Action_Recognition,sitting,0,1,0,0,0,0,0,0,0,0,0,0,0,0,0,0,1,0,0,0
data/external/actions/human_action_recognition/train/005951_texting.jpg,Bingsu/Human_Action_Recognition,texting,0,1,0,0,0,0,0,0,0,0,0,0,0,0,0,0,1,0,0,0
data/external/actions/human_action_recognition/train/005952_dancing.jpg,Bingsu/Human_Action_Recognition,dancing,0,0,0,0,0,0,0,0,0,0,1,0,0,0,0,0,0,1,0,0
data/external/actions/human_action_recognition/train/005953_calling.jpg,Bingsu/Human_Action_Recognition,calling,1,0,0,0,0,0,0,0,0,0,0,0,0,0,0,0,1,0,0,0
data/external/actions/human_action_recognition/train/005954_clapping.jpg,Bingsu/Human_Action_Recognition,clapping,0,0,0,0,1,0,0,0,0,0,0,0,0,0,0,0,0,1,0,0
data/external/actions/human_action_recognition/train/005955_cycling.jpg,Bingsu/Human_Action_Recognition,cycling,0,0,0,0,0,0,0,0,1,0,0,0,0,0,0,0,0,1,0,0
data/external/actions/human_action_recognition/train/005956_drinking.jpg,Bingsu/Human_Action_Recognition,drinking,0,0,0,0,0,0,0,0,0,0,0,0,0,0,1,0,0,0,0,0
data/external/actions/human_action_recognition/train/005957_clapping.jpg,Bingsu/Human_Action_Recognition,clapping,0,0,0,0,1,0,0,0,0,0,0,0,0,0,0,0,0,1,0,0
data/external/actions/human_action_recognition/train/005958_running.jpg,Bingsu/Human_Action_Recognition,running,0,0,0,0,0,0,1,0,0,0,0,0,0,0,0,0,0,1,1,0
data/external/actions/human_action_recognition/train/005959_drinking.jpg,Bingsu/Human_Action_Recognition,drinking,0,0,0,0,0,0,0,0,0,0,0,0,0,0,1,0,0,0,0,0
data/external/actions/human_action_recognition/train/005960_using_laptop.jpg,Bingsu/Human_Action_Recognition,using_laptop,0,1,0,0,0,0,0,0,0,0,0,0,1,0,0,0,1,0,0,0
data/external/actions/human_action_recognition/train/005961_using_laptop.jpg,Bingsu/Human_Action_Recognition,using_laptop,0,1,0,0,0,0,0,0,0,0,0,0,1,0,0,0,1,0,0,0
data/external/actions/human_action_recognition/train/005962_clapping.jpg,Bingsu/Human_Action_Recognition,clapping,0,0,0,0,1,0,0,0,0,0,0,0,0,0,0,0,0,1,0,0
data/external/actions/human_action_recognition/train/005963_eating.jpg,Bingsu/Human_Action_Recognition,eating,0,0,0,0,0,0,0,0,0,0,0,0,0,1,0,0,0,0,0,0
data/external/actions/human_action_recognition/train/005964_drinking.jpg,Bingsu/Human_Action_Recognition,drinking,0,0,0,0,0,0,0,0,0,0,0,0,0,0,1,0,0,0,0,0
data/external/actions/human_action_recognition/train/005965_eating.jpg,Bingsu/Human_Action_Recognition,eating,0,0,0,0,0,0,0,0,0,0,0,0,0,1,0,0,0,0,0,0
data/external/actions/human_action_recognition/train/005966_listening_to_music.jpg,Bingsu/Human_Action_Recognition,listening_to_music,0,1,0,0,0,0,0,0,0,0,0,0,0,0,0,0,1,0,0,0
data/external/actions/human_action_recognition/train/005967_clapping.jpg,Bingsu/Human_Action_Recognition,clapping,0,0,0,0,1,0,0,0,0,0,0,0,0,0,0,0,0,1,0,0
data/external/actions/human_action_recognition/train/005968_texting.jpg,Bingsu/Human_Action_Recognition,texting,0,1,0,0,0,0,0,0,0,0,0,0,0,0,0,0,1,0,0,0
data/external/actions/human_action_recognition/train/005969_running.jpg,Bingsu/Human_Action_Recognition,running,0,0,0,0,0,0,1,0,0,0,0,0,0,0,0,0,0,1,1,0
data/external/actions/human_action_recognition/train/005970_fighting.jpg,Bingsu/Human_Action_Recognition,fighting,0,0,0,0,0,0,0,0,0,0,0,0,0,0,0,0,0,1,1,0
data/external/actions/human_action_recognition/train/005971_cycling.jpg,Bingsu/Human_Action_Recognition,cycling,0,0,0,0,0,0,0,0,1,0,0,0,0,0,0,0,0,1,0,0
data/external/actions/human_action_recognition/train/005972_texting.jpg,Bingsu/Human_Action_Recognition,texting,0,1,0,0,0,0,0,0,0,0,0,0,0,0,0,0,1,0,0,0
data/external/actions/human_action_recognition/train/005973_eating.jpg,Bingsu/Human_Action_Recognition,eating,0,0,0,0,0,0,0,0,0,0,0,0,0,1,0,0,0,0,0,0
data/external/actions/human_action_recognition/train/005974_drinking.jpg,Bingsu/Human_Action_Recognition,drinking,0,0,0,0,0,0,0,0,0,0,0,0,0,0,1,0,0,0,0,0
data/external/actions/human_action_recognition/train/005975_calling.jpg,Bingsu/Human_Action_Recognition,calling,1,0,0,0,0,0,0,0,0,0,0,0,0,0,0,0,1,0,0,0
data/external/actions/human_action_recognition/train/005976_using_laptop.jpg,Bingsu/Human_Action_Recognition,using_laptop,0,1,0,0,0,0,0,0,0,0,0,0,1,0,0,0,1,0,0,0
data/external/actions/human_action_recognition/train/005977_drinking.jpg,Bingsu/Human_Action_Recognition,drinking,0,0,0,0,0,0,0,0,0,0,0,0,0,0,1,0,0,0,0,0
data/external/actions/human_action_recognition/train/005978_sleeping.jpg,Bingsu/Human_Action_Recognition,sleeping,0,0,1,0,0,0,0,0,0,0,0,0,0,0,0,0,1,0,0,0
data/external/actions/human_action_recognition/train/005979_running.jpg,Bingsu/Human_Action_Recognition,running,0,0,0,0,0,0,1,0,0,0,0,0,0,0,0,0,0,1,1,0
data/external/actions/human_action_recognition/train/005980_using_laptop.jpg,Bingsu/Human_Action_Recognition,using_laptop,0,1,0,0,0,0,0,0,0,0,0,0,1,0,0,0,1,0,0,0
data/external/actions/human_action_recognition/train/005981_laughing.jpg,Bingsu/Human_Action_Recognition,laughing,1,0,0,0,0,0,0,0,0,0,0,0,0,0,0,0,1,0,0,0
data/external/actions/human_action_recognition/train/005982_dancing.jpg,Bingsu/Human_Action_Recognition,dancing,0,0,0,0,0,0,0,0,0,0,1,0,0,0,0,0,0,1,0,0
data/external/actions/human_action_recognition/train/005983_sitting.jpg,Bingsu/Human_Action_Recognition,sitting,0,1,0,0,0,0,0,0,0,0,0,0,0,0,0,0,1,0,0,0
data/external/actions/human_action_recognition/train/005984_clapping.jpg,Bingsu/Human_Action_Recognition,clapping,0,0,0,0,1,0,0,0,0,0,0,0,0,0,0,0,0,1,0,0
data/external/actions/human_action_recognition/train/005985_listening_to_music.jpg,Bingsu/Human_Action_Recognition,listening_to_music,0,1,0,0,0,0,0,0,0,0,0,0,0,0,0,0,1,0,0,0
data/external/actions/human_action_recognition/train/005986_drinking.jpg,Bingsu/Human_Action_Recognition,drinking,0,0,0,0,0,0,0,0,0,0,0,0,0,0,1,0,0,0,0,0
data/external/actions/human_action_recognition/train/005987_dancing.jpg,Bingsu/Human_Action_Recognition,dancing,0,0,0,0,0,0,0,0,0,0,1,0,0,0,0,0,0,1,0,0
data/external/actions/human_action_recognition/train/005988_clapping.jpg,Bingsu/Human_Action_Recognition,clapping,0,0,0,0,1,0,0,0,0,0,0,0,0,0,0,0,0,1,0,0
data/external/actions/human_action_recognition/train/005989_using_laptop.jpg,Bingsu/Human_Action_Recognition,using_laptop,0,1,0,0,0,0,0,0,0,0,0,0,1,0,0,0,1,0,0,0
data/external/actions/human_action_recognition/train/005990_listening_to_music.jpg,Bingsu/Human_Action_Recognition,listening_to_music,0,1,0,0,0,0,0,0,0,0,0,0,0,0,0,0,1,0,0,0
data/external/actions/human_action_recognition/train/005991_running.jpg,Bingsu/Human_Action_Recognition,running,0,0,0,0,0,0,1,0,0,0,0,0,0,0,0,0,0,1,1,0
data/external/actions/human_action_recognition/train/005992_using_laptop.jpg,Bingsu/Human_Action_Recognition,using_laptop,0,1,0,0,0,0,0,0,0,0,0,0,1,0,0,0,1,0,0,0
data/external/actions/human_action_recognition/train/005993_sleeping.jpg,Bingsu/Human_Action_Recognition,sleeping,0,0,1,0,0,0,0,0,0,0,0,0,0,0,0,0,1,0,0,0
data/external/actions/human_action_recognition/train/005994_sitting.jpg,Bingsu/Human_Action_Recognition,sitting,0,1,0,0,0,0,0,0,0,0,0,0,0,0,0,0,1,0,0,0
data/external/actions/human_action_recognition/train/005995_using_laptop.jpg,Bingsu/Human_Action_Recognition,using_laptop,0,1,0,0,0,0,0,0,0,0,0,0,1,0,0,0,1,0,0,0
data/external/actions/human_action_recognition/train/005996_calling.jpg,Bingsu/Human_Action_Recognition,calling,1,0,0,0,0,0,0,0,0,0,0,0,0,0,0,0,1,0,0,0
data/external/actions/human_action_recognition/train/005997_texting.jpg,Bingsu/Human_Action_Recognition,texting,0,1,0,0,0,0,0,0,0,0,0,0,0,0,0,0,1,0,0,0
data/external/actions/human_action_recognition/train/005998_listening_to_music.jpg,Bingsu/Human_Action_Recognition,listening_to_music,0,1,0,0,0,0,0,0,0,0,0,0,0,0,0,0,1,0,0,0
data/external/actions/human_action_recognition/train/005999_sleeping.jpg,Bingsu/Human_Action_Recognition,sleeping,0,0,1,0,0,0,0,0,0,0,0,0,0,0,0,0,1,0,0,0
data/external/actions/human_action_recognition/train/006000_fighting.jpg,Bingsu/Human_Action_Recognition,fighting,0,0,0,0,0,0,0,0,0,0,0,0,0,0,0,0,0,1,1,0
data/external/actions/human_action_recognition/train/006001_sleeping.jpg,Bingsu/Human_Action_Recognition,sleeping,0,0,1,0,0,0,0,0,0,0,0,0,0,0,0,0,1,0,0,0
data/external/actions/human_action_recognition/train/006002_running.jpg,Bingsu/Human_Action_Recognition,running,0,0,0,0,0,0,1,0,0,0,0,0,0,0,0,0,0,1,1,0
data/external/actions/human_action_recognition/train/006003_clapping.jpg,Bingsu/Human_Action_Recognition,clapping,0,0,0,0,1,0,0,0,0,0,0,0,0,0,0,0,0,1,0,0
data/external/actions/human_action_recognition/train/006004_eating.jpg,Bingsu/Human_Action_Recognition,eating,0,0,0,0,0,0,0,0,0,0,0,0,0,1,0,0,0,0,0,0
data/external/actions/human_action_recognition/train/006005_sitting.jpg,Bingsu/Human_Action_Recognition,sitting,0,1,0,0,0,0,0,0,0,0,0,0,0,0,0,0,1,0,0,0
data/external/actions/human_action_recognition/train/006006_hugging.jpg,Bingsu/Human_Action_Recognition,hugging,1,0,0,0,0,0,0,0,0,0,0,0,0,0,0,0,1,0,0,0
data/external/actions/human_action_recognition/train/006007_cycling.jpg,Bingsu/Human_Action_Recognition,cycling,0,0,0,0,0,0,0,0,1,0,0,0,0,0,0,0,0,1,0,0
data/external/actions/human_action_recognition/train/006008_hugging.jpg,Bingsu/Human_Action_Recognition,hugging,1,0,0,0,0,0,0,0,0,0,0,0,0,0,0,0,1,0,0,0
data/external/actions/human_action_recognition/train/006009_eating.jpg,Bingsu/Human_Action_Recognition,eating,0,0,0,0,0,0,0,0,0,0,0,0,0,1,0,0,0,0,0,0
data/external/actions/human_action_recognition/train/006010_fighting.jpg,Bingsu/Human_Action_Recognition,fighting,0,0,0,0,0,0,0,0,0,0,0,0,0,0,0,0,0,1,1,0
data/external/actions/human_action_recognition/train/006011_cycling.jpg,Bingsu/Human_Action_Recognition,cycling,0,0,0,0,0,0,0,0,1,0,0,0,0,0,0,0,0,1,0,0
data/external/actions/human_action_recognition/train/006012_using_laptop.jpg,Bingsu/Human_Action_Recognition,using_laptop,0,1,0,0,0,0,0,0,0,0,0,0,1,0,0,0,1,0,0,0
data/external/actions/human_action_recognition/train/006013_eating.jpg,Bingsu/Human_Action_Recognition,eating,0,0,0,0,0,0,0,0,0,0,0,0,0,1,0,0,0,0,0,0
data/external/actions/human_action_recognition/train/006014_clapping.jpg,Bingsu/Human_Action_Recognition,clapping,0,0,0,0,1,0,0,0,0,0,0,0,0,0,0,0,0,1,0,0
data/external/actions/human_action_recognition/train/006015_drinking.jpg,Bingsu/Human_Action_Recognition,drinking,0,0,0,0,0,0,0,0,0,0,0,0,0,0,1,0,0,0,0,0
data/external/actions/human_action_recognition/train/006016_texting.jpg,Bingsu/Human_Action_Recognition,texting,0,1,0,0,0,0,0,0,0,0,0,0,0,0,0,0,1,0,0,0
data/external/actions/human_action_recognition/train/006017_drinking.jpg,Bingsu/Human_Action_Recognition,drinking,0,0,0,0,0,0,0,0,0,0,0,0,0,0,1,0,0,0,0,0
data/external/actions/human_action_recognition/train/006018_using_laptop.jpg,Bingsu/Human_Action_Recognition,using_laptop,0,1,0,0,0,0,0,0,0,0,0,0,1,0,0,0,1,0,0,0
data/external/actions/human_action_recognition/train/006019_cycling.jpg,Bingsu/Human_Action_Recognition,cycling,0,0,0,0,0,0,0,0,1,0,0,0,0,0,0,0,0,1,0,0
data/external/actions/human_action_recognition/train/006020_laughing.jpg,Bingsu/Human_Action_Recognition,laughing,1,0,0,0,0,0,0,0,0,0,0,0,0,0,0,0,1,0,0,0
data/external/actions/human_action_recognition/train/006021_clapping.jpg,Bingsu/Human_Action_Recognition,clapping,0,0,0,0,1,0,0,0,0,0,0,0,0,0,0,0,0,1,0,0
data/external/actions/human_action_recognition/train/006022_listening_to_music.jpg,Bingsu/Human_Action_Recognition,listening_to_music,0,1,0,0,0,0,0,0,0,0,0,0,0,0,0,0,1,0,0,0
data/external/actions/human_action_recognition/train/006023_drinking.jpg,Bingsu/Human_Action_Recognition,drinking,0,0,0,0,0,0,0,0,0,0,0,0,0,0,1,0,0,0,0,0
data/external/actions/human_action_recognition/train/006024_using_laptop.jpg,Bingsu/Human_Action_Recognition,using_laptop,0,1,0,0,0,0,0,0,0,0,0,0,1,0,0,0,1,0,0,0
data/external/actions/human_action_recognition/train/006025_laughing.jpg,Bingsu/Human_Action_Recognition,laughing,1,0,0,0,0,0,0,0,0,0,0,0,0,0,0,0,1,0,0,0
data/external/actions/human_action_recognition/train/006026_eating.jpg,Bingsu/Human_Action_Recognition,eating,0,0,0,0,0,0,0,0,0,0,0,0,0,1,0,0,0,0,0,0
data/external/actions/human_action_recognition/train/006027_sitting.jpg,Bingsu/Human_Action_Recognition,sitting,0,1,0,0,0,0,0,0,0,0,0,0,0,0,0,0,1,0,0,0
data/external/actions/human_action_recognition/train/006028_listening_to_music.jpg,Bingsu/Human_Action_Recognition,listening_to_music,0,1,0,0,0,0,0,0,0,0,0,0,0,0,0,0,1,0,0,0
data/external/actions/human_action_recognition/train/006029_using_laptop.jpg,Bingsu/Human_Action_Recognition,using_laptop,0,1,0,0,0,0,0,0,0,0,0,0,1,0,0,0,1,0,0,0
data/external/actions/human_action_recognition/train/006030_listening_to_music.jpg,Bingsu/Human_Action_Recognition,listening_to_music,0,1,0,0,0,0,0,0,0,0,0,0,0,0,0,0,1,0,0,0
data/external/actions/human_action_recognition/train/006031_eating.jpg,Bingsu/Human_Action_Recognition,eating,0,0,0,0,0,0,0,0,0,0,0,0,0,1,0,0,0,0,0,0
data/external/actions/human_action_recognition/train/006032_sleeping.jpg,Bingsu/Human_Action_Recognition,sleeping,0,0,1,0,0,0,0,0,0,0,0,0,0,0,0,0,1,0,0,0
data/external/actions/human_action_recognition/train/006033_eating.jpg,Bingsu/Human_Action_Recognition,eating,0,0,0,0,0,0,0,0,0,0,0,0,0,1,0,0,0,0,0,0
data/external/actions/human_action_recognition/train/006034_fighting.jpg,Bingsu/Human_Action_Recognition,fighting,0,0,0,0,0,0,0,0,0,0,0,0,0,0,0,0,0,1,1,0
data/external/actions/human_action_recognition/train/006035_clapping.jpg,Bingsu/Human_Action_Recognition,clapping,0,0,0,0,1,0,0,0,0,0,0,0,0,0,0,0,0,1,0,0
data/external/actions/human_action_recognition/train/006036_calling.jpg,Bingsu/Human_Action_Recognition,calling,1,0,0,0,0,0,0,0,0,0,0,0,0,0,0,0,1,0,0,0
data/external/actions/human_action_recognition/train/006037_drinking.jpg,Bingsu/Human_Action_Recognition,drinking,0,0,0,0,0,0,0,0,0,0,0,0,0,0,1,0,0,0,0,0
data/external/actions/human_action_recognition/train/006038_listening_to_music.jpg,Bingsu/Human_Action_Recognition,listening_to_music,0,1,0,0,0,0,0,0,0,0,0,0,0,0,0,0,1,0,0,0
data/external/actions/human_action_recognition/train/006039_laughing.jpg,Bingsu/Human_Action_Recognition,laughing,1,0,0,0,0,0,0,0,0,0,0,0,0,0,0,0,1,0,0,0
data/external/actions/human_action_recognition/train/006040_fighting.jpg,Bingsu/Human_Action_Recognition,fighting,0,0,0,0,0,0,0,0,0,0,0,0,0,0,0,0,0,1,1,0
data/external/actions/human_action_recognition/train/006041_dancing.jpg,Bingsu/Human_Action_Recognition,dancing,0,0,0,0,0,0,0,0,0,0,1,0,0,0,0,0,0,1,0,0
data/external/actions/human_action_recognition/train/006042_cycling.jpg,Bingsu/Human_Action_Recognition,cycling,0,0,0,0,0,0,0,0,1,0,0,0,0,0,0,0,0,1,0,0
data/external/actions/human_action_recognition/train/006043_texting.jpg,Bingsu/Human_Action_Recognition,texting,0,1,0,0,0,0,0,0,0,0,0,0,0,0,0,0,1,0,0,0
data/external/actions/human_action_recognition/train/006044_listening_to_music.jpg,Bingsu/Human_Action_Recognition,listening_to_music,0,1,0,0,0,0,0,0,0,0,0,0,0,0,0,0,1,0,0,0
data/external/actions/human_action_recognition/train/006045_sleeping.jpg,Bingsu/Human_Action_Recognition,sleeping,0,0,1,0,0,0,0,0,0,0,0,0,0,0,0,0,1,0,0,0
data/external/actions/human_action_recognition/train/006046_sitting.jpg,Bingsu/Human_Action_Recognition,sitting,0,1,0,0,0,0,0,0,0,0,0,0,0,0,0,0,1,0,0,0
data/external/actions/human_action_recognition/train/006047_hugging.jpg,Bingsu/Human_Action_Recognition,hugging,1,0,0,0,0,0,0,0,0,0,0,0,0,0,0,0,1,0,0,0
data/external/actions/human_action_recognition/train/006048_laughing.jpg,Bingsu/Human_Action_Recognition,laughing,1,0,0,0,0,0,0,0,0,0,0,0,0,0,0,0,1,0,0,0
data/external/actions/human_action_recognition/train/006049_clapping.jpg,Bingsu/Human_Action_Recognition,clapping,0,0,0,0,1,0,0,0,0,0,0,0,0,0,0,0,0,1,0,0
data/external/actions/human_action_recognition/train/006050_cycling.jpg,Bingsu/Human_Action_Recognition,cycling,0,0,0,0,0,0,0,0,1,0,0,0,0,0,0,0,0,1,0,0
data/external/actions/human_action_recognition/train/006051_laughing.jpg,Bingsu/Human_Action_Recognition,laughing,1,0,0,0,0,0,0,0,0,0,0,0,0,0,0,0,1,0,0,0
data/external/actions/human_action_recognition/train/006052_fighting.jpg,Bingsu/Human_Action_Recognition,fighting,0,0,0,0,0,0,0,0,0,0,0,0,0,0,0,0,0,1,1,0
data/external/actions/human_action_recognition/train/006053_dancing.jpg,Bingsu/Human_Action_Recognition,dancing,0,0,0,0,0,0,0,0,0,0,1,0,0,0,0,0,0,1,0,0
data/external/actions/human_action_recognition/train/006054_sleeping.jpg,Bingsu/Human_Action_Recognition,sleeping,0,0,1,0,0,0,0,0,0,0,0,0,0,0,0,0,1,0,0,0
data/external/actions/human_action_recognition/train/006055_running.jpg,Bingsu/Human_Action_Recognition,running,0,0,0,0,0,0,1,0,0,0,0,0,0,0,0,0,0,1,1,0
data/external/actions/human_action_recognition/train/006056_laughing.jpg,Bingsu/Human_Action_Recognition,laughing,1,0,0,0,0,0,0,0,0,0,0,0,0,0,0,0,1,0,0,0
data/external/actions/human_action_recognition/train/006057_using_laptop.jpg,Bingsu/Human_Action_Recognition,using_laptop,0,1,0,0,0,0,0,0,0,0,0,0,1,0,0,0,1,0,0,0
data/external/actions/human_action_recognition/train/006058_texting.jpg,Bingsu/Human_Action_Recognition,texting,0,1,0,0,0,0,0,0,0,0,0,0,0,0,0,0,1,0,0,0
data/external/actions/human_action_recognition/train/006059_clapping.jpg,Bingsu/Human_Action_Recognition,clapping,0,0,0,0,1,0,0,0,0,0,0,0,0,0,0,0,0,1,0,0
data/external/actions/human_action_recognition/train/006060_clapping.jpg,Bingsu/Human_Action_Recognition,clapping,0,0,0,0,1,0,0,0,0,0,0,0,0,0,0,0,0,1,0,0
data/external/actions/human_action_recognition/train/006061_drinking.jpg,Bingsu/Human_Action_Recognition,drinking,0,0,0,0,0,0,0,0,0,0,0,0,0,0,1,0,0,0,0,0
data/external/actions/human_action_recognition/train/006062_running.jpg,Bingsu/Human_Action_Recognition,running,0,0,0,0,0,0,1,0,0,0,0,0,0,0,0,0,0,1,1,0
data/external/actions/human_action_recognition/train/006063_listening_to_music.jpg,Bingsu/Human_Action_Recognition,listening_to_music,0,1,0,0,0,0,0,0,0,0,0,0,0,0,0,0,1,0,0,0
data/external/actions/human_action_recognition/train/006064_dancing.jpg,Bingsu/Human_Action_Recognition,dancing,0,0,0,0,0,0,0,0,0,0,1,0,0,0,0,0,0,1,0,0
data/external/actions/human_action_recognition/train/006065_hugging.jpg,Bingsu/Human_Action_Recognition,hugging,1,0,0,0,0,0,0,0,0,0,0,0,0,0,0,0,1,0,0,0
data/external/actions/human_action_recognition/train/006066_running.jpg,Bingsu/Human_Action_Recognition,running,0,0,0,0,0,0,1,0,0,0,0,0,0,0,0,0,0,1,1,0
data/external/actions/human_action_recognition/train/006067_using_laptop.jpg,Bingsu/Human_Action_Recognition,using_laptop,0,1,0,0,0,0,0,0,0,0,0,0,1,0,0,0,1,0,0,0
data/external/actions/human_action_recognition/train/006068_fighting.jpg,Bingsu/Human_Action_Recognition,fighting,0,0,0,0,0,0,0,0,0,0,0,0,0,0,0,0,0,1,1,0
data/external/actions/human_action_recognition/train/006069_clapping.jpg,Bingsu/Human_Action_Recognition,clapping,0,0,0,0,1,0,0,0,0,0,0,0,0,0,0,0,0,1,0,0
data/external/actions/human_action_recognition/train/006070_eating.jpg,Bingsu/Human_Action_Recognition,eating,0,0,0,0,0,0,0,0,0,0,0,0,0,1,0,0,0,0,0,0
data/external/actions/human_action_recognition/train/006071_fighting.jpg,Bingsu/Human_Action_Recognition,fighting,0,0,0,0,0,0,0,0,0,0,0,0,0,0,0,0,0,1,1,0
data/external/actions/human_action_recognition/train/006072_clapping.jpg,Bingsu/Human_Action_Recognition,clapping,0,0,0,0,1,0,0,0,0,0,0,0,0,0,0,0,0,1,0,0
data/external/actions/human_action_recognition/train/006073_dancing.jpg,Bingsu/Human_Action_Recognition,dancing,0,0,0,0,0,0,0,0,0,0,1,0,0,0,0,0,0,1,0,0
data/external/actions/human_action_recognition/train/006074_sitting.jpg,Bingsu/Human_Action_Recognition,sitting,0,1,0,0,0,0,0,0,0,0,0,0,0,0,0,0,1,0,0,0
data/external/actions/human_action_recognition/train/006075_laughing.jpg,Bingsu/Human_Action_Recognition,laughing,1,0,0,0,0,0,0,0,0,0,0,0,0,0,0,0,1,0,0,0
data/external/actions/human_action_recognition/train/006076_clapping.jpg,Bingsu/Human_Action_Recognition,clapping,0,0,0,0,1,0,0,0,0,0,0,0,0,0,0,0,0,1,0,0
data/external/actions/human_action_recognition/train/006077_sitting.jpg,Bingsu/Human_Action_Recognition,sitting,0,1,0,0,0,0,0,0,0,0,0,0,0,0,0,0,1,0,0,0
data/external/actions/human_action_recognition/train/006078_clapping.jpg,Bingsu/Human_Action_Recognition,clapping,0,0,0,0,1,0,0,0,0,0,0,0,0,0,0,0,0,1,0,0
data/external/actions/human_action_recognition/train/006079_sleeping.jpg,Bingsu/Human_Action_Recognition,sleeping,0,0,1,0,0,0,0,0,0,0,0,0,0,0,0,0,1,0,0,0
data/external/actions/human_action_recognition/train/006080_dancing.jpg,Bingsu/Human_Action_Recognition,dancing,0,0,0,0,0,0,0,0,0,0,1,0,0,0,0,0,0,1,0,0
data/external/actions/human_action_recognition/train/006081_using_laptop.jpg,Bingsu/Human_Action_Recognition,using_laptop,0,1,0,0,0,0,0,0,0,0,0,0,1,0,0,0,1,0,0,0
data/external/actions/human_action_recognition/train/006082_sleeping.jpg,Bingsu/Human_Action_Recognition,sleeping,0,0,1,0,0,0,0,0,0,0,0,0,0,0,0,0,1,0,0,0
data/external/actions/human_action_recognition/train/006083_hugging.jpg,Bingsu/Human_Action_Recognition,hugging,1,0,0,0,0,0,0,0,0,0,0,0,0,0,0,0,1,0,0,0
data/external/actions/human_action_recognition/train/006084_clapping.jpg,Bingsu/Human_Action_Recognition,clapping,0,0,0,0,1,0,0,0,0,0,0,0,0,0,0,0,0,1,0,0
data/external/actions/human_action_recognition/train/006085_sleeping.jpg,Bingsu/Human_Action_Recognition,sleeping,0,0,1,0,0,0,0,0,0,0,0,0,0,0,0,0,1,0,0,0
data/external/actions/human_action_recognition/train/006086_calling.jpg,Bingsu/Human_Action_Recognition,calling,1,0,0,0,0,0,0,0,0,0,0,0,0,0,0,0,1,0,0,0
data/external/actions/human_action_recognition/train/006087_dancing.jpg,Bingsu/Human_Action_Recognition,dancing,0,0,0,0,0,0,0,0,0,0,1,0,0,0,0,0,0,1,0,0
data/external/actions/human_action_recognition/train/006088_cycling.jpg,Bingsu/Human_Action_Recognition,cycling,0,0,0,0,0,0,0,0,1,0,0,0,0,0,0,0,0,1,0,0
data/external/actions/human_action_recognition/train/006089_hugging.jpg,Bingsu/Human_Action_Recognition,hugging,1,0,0,0,0,0,0,0,0,0,0,0,0,0,0,0,1,0,0,0
data/external/actions/human_action_recognition/train/006090_sleeping.jpg,Bingsu/Human_Action_Recognition,sleeping,0,0,1,0,0,0,0,0,0,0,0,0,0,0,0,0,1,0,0,0
data/external/actions/human_action_recognition/train/006091_running.jpg,Bingsu/Human_Action_Recognition,running,0,0,0,0,0,0,1,0,0,0,0,0,0,0,0,0,0,1,1,0
data/external/actions/human_action_recognition/train/006092_fighting.jpg,Bingsu/Human_Action_Recognition,fighting,0,0,0,0,0,0,0,0,0,0,0,0,0,0,0,0,0,1,1,0
data/external/actions/human_action_recognition/train/006093_calling.jpg,Bingsu/Human_Action_Recognition,calling,1,0,0,0,0,0,0,0,0,0,0,0,0,0,0,0,1,0,0,0
data/external/actions/human_action_recognition/train/006094_dancing.jpg,Bingsu/Human_Action_Recognition,dancing,0,0,0,0,0,0,0,0,0,0,1,0,0,0,0,0,0,1,0,0
data/external/actions/human_action_recognition/train/006095_cycling.jpg,Bingsu/Human_Action_Recognition,cycling,0,0,0,0,0,0,0,0,1,0,0,0,0,0,0,0,0,1,0,0
data/external/actions/human_action_recognition/train/006096_texting.jpg,Bingsu/Human_Action_Recognition,texting,0,1,0,0,0,0,0,0,0,0,0,0,0,0,0,0,1,0,0,0
data/external/actions/human_action_recognition/train/006097_clapping.jpg,Bingsu/Human_Action_Recognition,clapping,0,0,0,0,1,0,0,0,0,0,0,0,0,0,0,0,0,1,0,0
data/external/actions/human_action_recognition/train/006098_clapping.jpg,Bingsu/Human_Action_Recognition,clapping,0,0,0,0,1,0,0,0,0,0,0,0,0,0,0,0,0,1,0,0
data/external/actions/human_action_recognition/train/006099_using_laptop.jpg,Bingsu/Human_Action_Recognition,using_laptop,0,1,0,0,0,0,0,0,0,0,0,0,1,0,0,0,1,0,0,0
data/external/actions/human_action_recognition/train/006100_laughing.jpg,Bingsu/Human_Action_Recognition,laughing,1,0,0,0,0,0,0,0,0,0,0,0,0,0,0,0,1,0,0,0
data/external/actions/human_action_recognition/train/006101_laughing.jpg,Bingsu/Human_Action_Recognition,laughing,1,0,0,0,0,0,0,0,0,0,0,0,0,0,0,0,1,0,0,0
data/external/actions/human_action_recognition/train/006102_sitting.jpg,Bingsu/Human_Action_Recognition,sitting,0,1,0,0,0,0,0,0,0,0,0,0,0,0,0,0,1,0,0,0
data/external/actions/human_action_recognition/train/006103_laughing.jpg,Bingsu/Human_Action_Recognition,laughing,1,0,0,0,0,0,0,0,0,0,0,0,0,0,0,0,1,0,0,0
data/external/actions/human_action_recognition/train/006104_using_laptop.jpg,Bingsu/Human_Action_Recognition,using_laptop,0,1,0,0,0,0,0,0,0,0,0,0,1,0,0,0,1,0,0,0
data/external/actions/human_action_recognition/train/006105_texting.jpg,Bingsu/Human_Action_Recognition,texting,0,1,0,0,0,0,0,0,0,0,0,0,0,0,0,0,1,0,0,0
data/external/actions/human_action_recognition/train/006106_sitting.jpg,Bingsu/Human_Action_Recognition,sitting,0,1,0,0,0,0,0,0,0,0,0,0,0,0,0,0,1,0,0,0
data/external/actions/human_action_recognition/train/006107_dancing.jpg,Bingsu/Human_Action_Recognition,dancing,0,0,0,0,0,0,0,0,0,0,1,0,0,0,0,0,0,1,0,0
data/external/actions/human_action_recognition/train/006108_using_laptop.jpg,Bingsu/Human_Action_Recognition,using_laptop,0,1,0,0,0,0,0,0,0,0,0,0,1,0,0,0,1,0,0,0
data/external/actions/human_action_recognition/train/006109_sleeping.jpg,Bingsu/Human_Action_Recognition,sleeping,0,0,1,0,0,0,0,0,0,0,0,0,0,0,0,0,1,0,0,0
data/external/actions/human_action_recognition/train/006110_using_laptop.jpg,Bingsu/Human_Action_Recognition,using_laptop,0,1,0,0,0,0,0,0,0,0,0,0,1,0,0,0,1,0,0,0
data/external/actions/human_action_recognition/train/006111_cycling.jpg,Bingsu/Human_Action_Recognition,cycling,0,0,0,0,0,0,0,0,1,0,0,0,0,0,0,0,0,1,0,0
data/external/actions/human_action_recognition/train/006112_laughing.jpg,Bingsu/Human_Action_Recognition,laughing,1,0,0,0,0,0,0,0,0,0,0,0,0,0,0,0,1,0,0,0
data/external/actions/human_action_recognition/train/006113_dancing.jpg,Bingsu/Human_Action_Recognition,dancing,0,0,0,0,0,0,0,0,0,0,1,0,0,0,0,0,0,1,0,0
data/external/actions/human_action_recognition/train/006114_texting.jpg,Bingsu/Human_Action_Recognition,texting,0,1,0,0,0,0,0,0,0,0,0,0,0,0,0,0,1,0,0,0
data/external/actions/human_action_recognition/train/006115_eating.jpg,Bingsu/Human_Action_Recognition,eating,0,0,0,0,0,0,0,0,0,0,0,0,0,1,0,0,0,0,0,0
data/external/actions/human_action_recognition/train/006116_texting.jpg,Bingsu/Human_Action_Recognition,texting,0,1,0,0,0,0,0,0,0,0,0,0,0,0,0,0,1,0,0,0
data/external/actions/human_action_recognition/train/006117_fighting.jpg,Bingsu/Human_Action_Recognition,fighting,0,0,0,0,0,0,0,0,0,0,0,0,0,0,0,0,0,1,1,0
data/external/actions/human_action_recognition/train/006118_listening_to_music.jpg,Bingsu/Human_Action_Recognition,listening_to_music,0,1,0,0,0,0,0,0,0,0,0,0,0,0,0,0,1,0,0,0
data/external/actions/human_action_recognition/train/006119_texting.jpg,Bingsu/Human_Action_Recognition,texting,0,1,0,0,0,0,0,0,0,0,0,0,0,0,0,0,1,0,0,0
data/external/actions/human_action_recognition/train/006120_hugging.jpg,Bingsu/Human_Action_Recognition,hugging,1,0,0,0,0,0,0,0,0,0,0,0,0,0,0,0,1,0,0,0
data/external/actions/human_action_recognition/train/006121_laughing.jpg,Bingsu/Human_Action_Recognition,laughing,1,0,0,0,0,0,0,0,0,0,0,0,0,0,0,0,1,0,0,0
data/external/actions/human_action_recognition/train/006122_fighting.jpg,Bingsu/Human_Action_Recognition,fighting,0,0,0,0,0,0,0,0,0,0,0,0,0,0,0,0,0,1,1,0
data/external/actions/human_action_recognition/train/006123_running.jpg,Bingsu/Human_Action_Recognition,running,0,0,0,0,0,0,1,0,0,0,0,0,0,0,0,0,0,1,1,0
data/external/actions/human_action_recognition/train/006124_running.jpg,Bingsu/Human_Action_Recognition,running,0,0,0,0,0,0,1,0,0,0,0,0,0,0,0,0,0,1,1,0
data/external/actions/human_action_recognition/train/006125_texting.jpg,Bingsu/Human_Action_Recognition,texting,0,1,0,0,0,0,0,0,0,0,0,0,0,0,0,0,1,0,0,0
data/external/actions/human_action_recognition/train/006126_laughing.jpg,Bingsu/Human_Action_Recognition,laughing,1,0,0,0,0,0,0,0,0,0,0,0,0,0,0,0,1,0,0,0
data/external/actions/human_action_recognition/train/006127_laughing.jpg,Bingsu/Human_Action_Recognition,laughing,1,0,0,0,0,0,0,0,0,0,0,0,0,0,0,0,1,0,0,0
data/external/actions/human_action_recognition/train/006128_dancing.jpg,Bingsu/Human_Action_Recognition,dancing,0,0,0,0,0,0,0,0,0,0,1,0,0,0,0,0,0,1,0,0
data/external/actions/human_action_recognition/train/006129_sleeping.jpg,Bingsu/Human_Action_Recognition,sleeping,0,0,1,0,0,0,0,0,0,0,0,0,0,0,0,0,1,0,0,0
data/external/actions/human_action_recognition/train/006130_sitting.jpg,Bingsu/Human_Action_Recognition,sitting,0,1,0,0,0,0,0,0,0,0,0,0,0,0,0,0,1,0,0,0
data/external/actions/human_action_recognition/train/006131_running.jpg,Bingsu/Human_Action_Recognition,running,0,0,0,0,0,0,1,0,0,0,0,0,0,0,0,0,0,1,1,0
data/external/actions/human_action_recognition/train/006132_hugging.jpg,Bingsu/Human_Action_Recognition,hugging,1,0,0,0,0,0,0,0,0,0,0,0,0,0,0,0,1,0,0,0
data/external/actions/human_action_recognition/train/006133_clapping.jpg,Bingsu/Human_Action_Recognition,clapping,0,0,0,0,1,0,0,0,0,0,0,0,0,0,0,0,0,1,0,0
data/external/actions/human_action_recognition/train/006134_using_laptop.jpg,Bingsu/Human_Action_Recognition,using_laptop,0,1,0,0,0,0,0,0,0,0,0,0,1,0,0,0,1,0,0,0
data/external/actions/human_action_recognition/train/006135_dancing.jpg,Bingsu/Human_Action_Recognition,dancing,0,0,0,0,0,0,0,0,0,0,1,0,0,0,0,0,0,1,0,0
data/external/actions/human_action_recognition/train/006136_eating.jpg,Bingsu/Human_Action_Recognition,eating,0,0,0,0,0,0,0,0,0,0,0,0,0,1,0,0,0,0,0,0
data/external/actions/human_action_recognition/train/006137_running.jpg,Bingsu/Human_Action_Recognition,running,0,0,0,0,0,0,1,0,0,0,0,0,0,0,0,0,0,1,1,0
data/external/actions/human_action_recognition/train/006138_running.jpg,Bingsu/Human_Action_Recognition,running,0,0,0,0,0,0,1,0,0,0,0,0,0,0,0,0,0,1,1,0
data/external/actions/human_action_recognition/train/006139_sitting.jpg,Bingsu/Human_Action_Recognition,sitting,0,1,0,0,0,0,0,0,0,0,0,0,0,0,0,0,1,0,0,0
data/external/actions/human_action_recognition/train/006140_texting.jpg,Bingsu/Human_Action_Recognition,texting,0,1,0,0,0,0,0,0,0,0,0,0,0,0,0,0,1,0,0,0
data/external/actions/human_action_recognition/train/006141_eating.jpg,Bingsu/Human_Action_Recognition,eating,0,0,0,0,0,0,0,0,0,0,0,0,0,1,0,0,0,0,0,0
data/external/actions/human_action_recognition/train/006142_hugging.jpg,Bingsu/Human_Action_Recognition,hugging,1,0,0,0,0,0,0,0,0,0,0,0,0,0,0,0,1,0,0,0
data/external/actions/human_action_recognition/train/006143_running.jpg,Bingsu/Human_Action_Recognition,running,0,0,0,0,0,0,1,0,0,0,0,0,0,0,0,0,0,1,1,0
data/external/actions/human_action_recognition/train/006144_cycling.jpg,Bingsu/Human_Action_Recognition,cycling,0,0,0,0,0,0,0,0,1,0,0,0,0,0,0,0,0,1,0,0
data/external/actions/human_action_recognition/train/006145_sitting.jpg,Bingsu/Human_Action_Recognition,sitting,0,1,0,0,0,0,0,0,0,0,0,0,0,0,0,0,1,0,0,0
data/external/actions/human_action_recognition/train/006146_eating.jpg,Bingsu/Human_Action_Recognition,eating,0,0,0,0,0,0,0,0,0,0,0,0,0,1,0,0,0,0,0,0
data/external/actions/human_action_recognition/train/006147_sleeping.jpg,Bingsu/Human_Action_Recognition,sleeping,0,0,1,0,0,0,0,0,0,0,0,0,0,0,0,0,1,0,0,0
data/external/actions/human_action_recognition/train/006148_hugging.jpg,Bingsu/Human_Action_Recognition,hugging,1,0,0,0,0,0,0,0,0,0,0,0,0,0,0,0,1,0,0,0
data/external/actions/human_action_recognition/train/006149_using_laptop.jpg,Bingsu/Human_Action_Recognition,using_laptop,0,1,0,0,0,0,0,0,0,0,0,0,1,0,0,0,1,0,0,0
data/external/actions/human_action_recognition/train/006150_eating.jpg,Bingsu/Human_Action_Recognition,eating,0,0,0,0,0,0,0,0,0,0,0,0,0,1,0,0,0,0,0,0
data/external/actions/human_action_recognition/train/006151_calling.jpg,Bingsu/Human_Action_Recognition,calling,1,0,0,0,0,0,0,0,0,0,0,0,0,0,0,0,1,0,0,0
data/external/actions/human_action_recognition/train/006152_texting.jpg,Bingsu/Human_Action_Recognition,texting,0,1,0,0,0,0,0,0,0,0,0,0,0,0,0,0,1,0,0,0
data/external/actions/human_action_recognition/train/006153_cycling.jpg,Bingsu/Human_Action_Recognition,cycling,0,0,0,0,0,0,0,0,1,0,0,0,0,0,0,0,0,1,0,0
data/external/actions/human_action_recognition/train/006154_laughing.jpg,Bingsu/Human_Action_Recognition,laughing,1,0,0,0,0,0,0,0,0,0,0,0,0,0,0,0,1,0,0,0
data/external/actions/human_action_recognition/train/006155_laughing.jpg,Bingsu/Human_Action_Recognition,laughing,1,0,0,0,0,0,0,0,0,0,0,0,0,0,0,0,1,0,0,0
data/external/actions/human_action_recognition/train/006156_texting.jpg,Bingsu/Human_Action_Recognition,texting,0,1,0,0,0,0,0,0,0,0,0,0,0,0,0,0,1,0,0,0
data/external/actions/human_action_recognition/train/006157_clapping.jpg,Bingsu/Human_Action_Recognition,clapping,0,0,0,0,1,0,0,0,0,0,0,0,0,0,0,0,0,1,0,0
data/external/actions/human_action_recognition/train/006158_drinking.jpg,Bingsu/Human_Action_Recognition,drinking,0,0,0,0,0,0,0,0,0,0,0,0,0,0,1,0,0,0,0,0
data/external/actions/human_action_recognition/train/006159_texting.jpg,Bingsu/Human_Action_Recognition,texting,0,1,0,0,0,0,0,0,0,0,0,0,0,0,0,0,1,0,0,0
data/external/actions/human_action_recognition/train/006160_using_laptop.jpg,Bingsu/Human_Action_Recognition,using_laptop,0,1,0,0,0,0,0,0,0,0,0,0,1,0,0,0,1,0,0,0
data/external/actions/human_action_recognition/train/006161_laughing.jpg,Bingsu/Human_Action_Recognition,laughing,1,0,0,0,0,0,0,0,0,0,0,0,0,0,0,0,1,0,0,0
data/external/actions/human_action_recognition/train/006162_sitting.jpg,Bingsu/Human_Action_Recognition,sitting,0,1,0,0,0,0,0,0,0,0,0,0,0,0,0,0,1,0,0,0
data/external/actions/human_action_recognition/train/006163_drinking.jpg,Bingsu/Human_Action_Recognition,drinking,0,0,0,0,0,0,0,0,0,0,0,0,0,0,1,0,0,0,0,0
data/external/actions/human_action_recognition/train/006164_hugging.jpg,Bingsu/Human_Action_Recognition,hugging,1,0,0,0,0,0,0,0,0,0,0,0,0,0,0,0,1,0,0,0
data/external/actions/human_action_recognition/train/006165_drinking.jpg,Bingsu/Human_Action_Recognition,drinking,0,0,0,0,0,0,0,0,0,0,0,0,0,0,1,0,0,0,0,0
data/external/actions/human_action_recognition/train/006166_laughing.jpg,Bingsu/Human_Action_Recognition,laughing,1,0,0,0,0,0,0,0,0,0,0,0,0,0,0,0,1,0,0,0
data/external/actions/human_action_recognition/train/006167_using_laptop.jpg,Bingsu/Human_Action_Recognition,using_laptop,0,1,0,0,0,0,0,0,0,0,0,0,1,0,0,0,1,0,0,0
data/external/actions/human_action_recognition/train/006168_hugging.jpg,Bingsu/Human_Action_Recognition,hugging,1,0,0,0,0,0,0,0,0,0,0,0,0,0,0,0,1,0,0,0
data/external/actions/human_action_recognition/train/006169_laughing.jpg,Bingsu/Human_Action_Recognition,laughing,1,0,0,0,0,0,0,0,0,0,0,0,0,0,0,0,1,0,0,0
data/external/actions/human_action_recognition/train/006170_sitting.jpg,Bingsu/Human_Action_Recognition,sitting,0,1,0,0,0,0,0,0,0,0,0,0,0,0,0,0,1,0,0,0
data/external/actions/human_action_recognition/train/006171_cycling.jpg,Bingsu/Human_Action_Recognition,cycling,0,0,0,0,0,0,0,0,1,0,0,0,0,0,0,0,0,1,0,0
data/external/actions/human_action_recognition/train/006172_using_laptop.jpg,Bingsu/Human_Action_Recognition,using_laptop,0,1,0,0,0,0,0,0,0,0,0,0,1,0,0,0,1,0,0,0
data/external/actions/human_action_recognition/train/006173_texting.jpg,Bingsu/Human_Action_Recognition,texting,0,1,0,0,0,0,0,0,0,0,0,0,0,0,0,0,1,0,0,0
data/external/actions/human_action_recognition/train/006174_sleeping.jpg,Bingsu/Human_Action_Recognition,sleeping,0,0,1,0,0,0,0,0,0,0,0,0,0,0,0,0,1,0,0,0
data/external/actions/human_action_recognition/train/006175_hugging.jpg,Bingsu/Human_Action_Recognition,hugging,1,0,0,0,0,0,0,0,0,0,0,0,0,0,0,0,1,0,0,0
data/external/actions/human_action_recognition/train/006176_eating.jpg,Bingsu/Human_Action_Recognition,eating,0,0,0,0,0,0,0,0,0,0,0,0,0,1,0,0,0,0,0,0
data/external/actions/human_action_recognition/train/006177_eating.jpg,Bingsu/Human_Action_Recognition,eating,0,0,0,0,0,0,0,0,0,0,0,0,0,1,0,0,0,0,0,0
data/external/actions/human_action_recognition/train/006178_fighting.jpg,Bingsu/Human_Action_Recognition,fighting,0,0,0,0,0,0,0,0,0,0,0,0,0,0,0,0,0,1,1,0
data/external/actions/human_action_recognition/train/006179_cycling.jpg,Bingsu/Human_Action_Recognition,cycling,0,0,0,0,0,0,0,0,1,0,0,0,0,0,0,0,0,1,0,0
data/external/actions/human_action_recognition/train/006180_running.jpg,Bingsu/Human_Action_Recognition,running,0,0,0,0,0,0,1,0,0,0,0,0,0,0,0,0,0,1,1,0
data/external/actions/human_action_recognition/train/006181_using_laptop.jpg,Bingsu/Human_Action_Recognition,using_laptop,0,1,0,0,0,0,0,0,0,0,0,0,1,0,0,0,1,0,0,0
data/external/actions/human_action_recognition/train/006182_clapping.jpg,Bingsu/Human_Action_Recognition,clapping,0,0,0,0,1,0,0,0,0,0,0,0,0,0,0,0,0,1,0,0
data/external/actions/human_action_recognition/train/006183_cycling.jpg,Bingsu/Human_Action_Recognition,cycling,0,0,0,0,0,0,0,0,1,0,0,0,0,0,0,0,0,1,0,0
data/external/actions/human_action_recognition/train/006184_hugging.jpg,Bingsu/Human_Action_Recognition,hugging,1,0,0,0,0,0,0,0,0,0,0,0,0,0,0,0,1,0,0,0
data/external/actions/human_action_recognition/train/006185_using_laptop.jpg,Bingsu/Human_Action_Recognition,using_laptop,0,1,0,0,0,0,0,0,0,0,0,0,1,0,0,0,1,0,0,0
data/external/actions/human_action_recognition/train/006186_drinking.jpg,Bingsu/Human_Action_Recognition,drinking,0,0,0,0,0,0,0,0,0,0,0,0,0,0,1,0,0,0,0,0
data/external/actions/human_action_recognition/train/006187_listening_to_music.jpg,Bingsu/Human_Action_Recognition,listening_to_music,0,1,0,0,0,0,0,0,0,0,0,0,0,0,0,0,1,0,0,0
data/external/actions/human_action_recognition/train/006188_listening_to_music.jpg,Bingsu/Human_Action_Recognition,listening_to_music,0,1,0,0,0,0,0,0,0,0,0,0,0,0,0,0,1,0,0,0
data/external/actions/human_action_recognition/train/006189_sleeping.jpg,Bingsu/Human_Action_Recognition,sleeping,0,0,1,0,0,0,0,0,0,0,0,0,0,0,0,0,1,0,0,0
data/external/actions/human_action_recognition/train/006190_using_laptop.jpg,Bingsu/Human_Action_Recognition,using_laptop,0,1,0,0,0,0,0,0,0,0,0,0,1,0,0,0,1,0,0,0
data/external/actions/human_action_recognition/train/006191_hugging.jpg,Bingsu/Human_Action_Recognition,hugging,1,0,0,0,0,0,0,0,0,0,0,0,0,0,0,0,1,0,0,0
data/external/actions/human_action_recognition/train/006192_fighting.jpg,Bingsu/Human_Action_Recognition,fighting,0,0,0,0,0,0,0,0,0,0,0,0,0,0,0,0,0,1,1,0
data/external/actions/human_action_recognition/train/006193_laughing.jpg,Bingsu/Human_Action_Recognition,laughing,1,0,0,0,0,0,0,0,0,0,0,0,0,0,0,0,1,0,0,0
data/external/actions/human_action_recognition/train/006194_hugging.jpg,Bingsu/Human_Action_Recognition,hugging,1,0,0,0,0,0,0,0,0,0,0,0,0,0,0,0,1,0,0,0
data/external/actions/human_action_recognition/train/006195_listening_to_music.jpg,Bingsu/Human_Action_Recognition,listening_to_music,0,1,0,0,0,0,0,0,0,0,0,0,0,0,0,0,1,0,0,0
data/external/actions/human_action_recognition/train/006196_sleeping.jpg,Bingsu/Human_Action_Recognition,sleeping,0,0,1,0,0,0,0,0,0,0,0,0,0,0,0,0,1,0,0,0
data/external/actions/human_action_recognition/train/006197_running.jpg,Bingsu/Human_Action_Recognition,running,0,0,0,0,0,0,1,0,0,0,0,0,0,0,0,0,0,1,1,0
data/external/actions/human_action_recognition/train/006198_using_laptop.jpg,Bingsu/Human_Action_Recognition,using_laptop,0,1,0,0,0,0,0,0,0,0,0,0,1,0,0,0,1,0,0,0
data/external/actions/human_action_recognition/train/006199_cycling.jpg,Bingsu/Human_Action_Recognition,cycling,0,0,0,0,0,0,0,0,1,0,0,0,0,0,0,0,0,1,0,0
data/external/actions/human_action_recognition/train/006200_texting.jpg,Bingsu/Human_Action_Recognition,texting,0,1,0,0,0,0,0,0,0,0,0,0,0,0,0,0,1,0,0,0
data/external/actions/human_action_recognition/train/006201_calling.jpg,Bingsu/Human_Action_Recognition,calling,1,0,0,0,0,0,0,0,0,0,0,0,0,0,0,0,1,0,0,0
data/external/actions/human_action_recognition/train/006202_sleeping.jpg,Bingsu/Human_Action_Recognition,sleeping,0,0,1,0,0,0,0,0,0,0,0,0,0,0,0,0,1,0,0,0
data/external/actions/human_action_recognition/train/006203_sleeping.jpg,Bingsu/Human_Action_Recognition,sleeping,0,0,1,0,0,0,0,0,0,0,0,0,0,0,0,0,1,0,0,0
data/external/actions/human_action_recognition/train/006204_drinking.jpg,Bingsu/Human_Action_Recognition,drinking,0,0,0,0,0,0,0,0,0,0,0,0,0,0,1,0,0,0,0,0
data/external/actions/human_action_recognition/train/006205_sitting.jpg,Bingsu/Human_Action_Recognition,sitting,0,1,0,0,0,0,0,0,0,0,0,0,0,0,0,0,1,0,0,0
data/external/actions/human_action_recognition/train/006206_laughing.jpg,Bingsu/Human_Action_Recognition,laughing,1,0,0,0,0,0,0,0,0,0,0,0,0,0,0,0,1,0,0,0
data/external/actions/human_action_recognition/train/006207_running.jpg,Bingsu/Human_Action_Recognition,running,0,0,0,0,0,0,1,0,0,0,0,0,0,0,0,0,0,1,1,0
data/external/actions/human_action_recognition/train/006208_sitting.jpg,Bingsu/Human_Action_Recognition,sitting,0,1,0,0,0,0,0,0,0,0,0,0,0,0,0,0,1,0,0,0
data/external/actions/human_action_recognition/train/006209_clapping.jpg,Bingsu/Human_Action_Recognition,clapping,0,0,0,0,1,0,0,0,0,0,0,0,0,0,0,0,0,1,0,0
data/external/actions/human_action_recognition/train/006210_fighting.jpg,Bingsu/Human_Action_Recognition,fighting,0,0,0,0,0,0,0,0,0,0,0,0,0,0,0,0,0,1,1,0
data/external/actions/human_action_recognition/train/006211_drinking.jpg,Bingsu/Human_Action_Recognition,drinking,0,0,0,0,0,0,0,0,0,0,0,0,0,0,1,0,0,0,0,0
data/external/actions/human_action_recognition/train/006212_running.jpg,Bingsu/Human_Action_Recognition,running,0,0,0,0,0,0,1,0,0,0,0,0,0,0,0,0,0,1,1,0
data/external/actions/human_action_recognition/train/006213_listening_to_music.jpg,Bingsu/Human_Action_Recognition,listening_to_music,0,1,0,0,0,0,0,0,0,0,0,0,0,0,0,0,1,0,0,0
data/external/actions/human_action_recognition/train/006214_sitting.jpg,Bingsu/Human_Action_Recognition,sitting,0,1,0,0,0,0,0,0,0,0,0,0,0,0,0,0,1,0,0,0
data/external/actions/human_action_recognition/train/006215_running.jpg,Bingsu/Human_Action_Recognition,running,0,0,0,0,0,0,1,0,0,0,0,0,0,0,0,0,0,1,1,0
data/external/actions/human_action_recognition/train/006216_calling.jpg,Bingsu/Human_Action_Recognition,calling,1,0,0,0,0,0,0,0,0,0,0,0,0,0,0,0,1,0,0,0
data/external/actions/human_action_recognition/train/006217_sitting.jpg,Bingsu/Human_Action_Recognition,sitting,0,1,0,0,0,0,0,0,0,0,0,0,0,0,0,0,1,0,0,0
data/external/actions/human_action_recognition/train/006218_fighting.jpg,Bingsu/Human_Action_Recognition,fighting,0,0,0,0,0,0,0,0,0,0,0,0,0,0,0,0,0,1,1,0
data/external/actions/human_action_recognition/train/006219_sleeping.jpg,Bingsu/Human_Action_Recognition,sleeping,0,0,1,0,0,0,0,0,0,0,0,0,0,0,0,0,1,0,0,0
data/external/actions/human_action_recognition/train/006220_cycling.jpg,Bingsu/Human_Action_Recognition,cycling,0,0,0,0,0,0,0,0,1,0,0,0,0,0,0,0,0,1,0,0
data/external/actions/human_action_recognition/train/006221_sitting.jpg,Bingsu/Human_Action_Recognition,sitting,0,1,0,0,0,0,0,0,0,0,0,0,0,0,0,0,1,0,0,0
data/external/actions/human_action_recognition/train/006222_drinking.jpg,Bingsu/Human_Action_Recognition,drinking,0,0,0,0,0,0,0,0,0,0,0,0,0,0,1,0,0,0,0,0
data/external/actions/human_action_recognition/train/006223_sleeping.jpg,Bingsu/Human_Action_Recognition,sleeping,0,0,1,0,0,0,0,0,0,0,0,0,0,0,0,0,1,0,0,0
data/external/actions/human_action_recognition/train/006224_listening_to_music.jpg,Bingsu/Human_Action_Recognition,listening_to_music,0,1,0,0,0,0,0,0,0,0,0,0,0,0,0,0,1,0,0,0
data/external/actions/human_action_recognition/train/006225_sleeping.jpg,Bingsu/Human_Action_Recognition,sleeping,0,0,1,0,0,0,0,0,0,0,0,0,0,0,0,0,1,0,0,0
data/external/actions/human_action_recognition/train/006226_drinking.jpg,Bingsu/Human_Action_Recognition,drinking,0,0,0,0,0,0,0,0,0,0,0,0,0,0,1,0,0,0,0,0
data/external/actions/human_action_recognition/train/006227_calling.jpg,Bingsu/Human_Action_Recognition,calling,1,0,0,0,0,0,0,0,0,0,0,0,0,0,0,0,1,0,0,0
data/external/actions/human_action_recognition/train/006228_clapping.jpg,Bingsu/Human_Action_Recognition,clapping,0,0,0,0,1,0,0,0,0,0,0,0,0,0,0,0,0,1,0,0
data/external/actions/human_action_recognition/train/006229_sitting.jpg,Bingsu/Human_Action_Recognition,sitting,0,1,0,0,0,0,0,0,0,0,0,0,0,0,0,0,1,0,0,0
data/external/actions/human_action_recognition/train/006230_running.jpg,Bingsu/Human_Action_Recognition,running,0,0,0,0,0,0,1,0,0,0,0,0,0,0,0,0,0,1,1,0
data/external/actions/human_action_recognition/train/006231_using_laptop.jpg,Bingsu/Human_Action_Recognition,using_laptop,0,1,0,0,0,0,0,0,0,0,0,0,1,0,0,0,1,0,0,0
data/external/actions/human_action_recognition/train/006232_cycling.jpg,Bingsu/Human_Action_Recognition,cycling,0,0,0,0,0,0,0,0,1,0,0,0,0,0,0,0,0,1,0,0
data/external/actions/human_action_recognition/train/006233_drinking.jpg,Bingsu/Human_Action_Recognition,drinking,0,0,0,0,0,0,0,0,0,0,0,0,0,0,1,0,0,0,0,0
data/external/actions/human_action_recognition/train/006234_eating.jpg,Bingsu/Human_Action_Recognition,eating,0,0,0,0,0,0,0,0,0,0,0,0,0,1,0,0,0,0,0,0
data/external/actions/human_action_recognition/train/006235_drinking.jpg,Bingsu/Human_Action_Recognition,drinking,0,0,0,0,0,0,0,0,0,0,0,0,0,0,1,0,0,0,0,0
data/external/actions/human_action_recognition/train/006236_hugging.jpg,Bingsu/Human_Action_Recognition,hugging,1,0,0,0,0,0,0,0,0,0,0,0,0,0,0,0,1,0,0,0
data/external/actions/human_action_recognition/train/006237_sleeping.jpg,Bingsu/Human_Action_Recognition,sleeping,0,0,1,0,0,0,0,0,0,0,0,0,0,0,0,0,1,0,0,0
data/external/actions/human_action_recognition/train/006238_dancing.jpg,Bingsu/Human_Action_Recognition,dancing,0,0,0,0,0,0,0,0,0,0,1,0,0,0,0,0,0,1,0,0
data/external/actions/human_action_recognition/train/006239_cycling.jpg,Bingsu/Human_Action_Recognition,cycling,0,0,0,0,0,0,0,0,1,0,0,0,0,0,0,0,0,1,0,0
data/external/actions/human_action_recognition/train/006240_eating.jpg,Bingsu/Human_Action_Recognition,eating,0,0,0,0,0,0,0,0,0,0,0,0,0,1,0,0,0,0,0,0
data/external/actions/human_action_recognition/train/006241_using_laptop.jpg,Bingsu/Human_Action_Recognition,using_laptop,0,1,0,0,0,0,0,0,0,0,0,0,1,0,0,0,1,0,0,0
data/external/actions/human_action_recognition/train/006242_clapping.jpg,Bingsu/Human_Action_Recognition,clapping,0,0,0,0,1,0,0,0,0,0,0,0,0,0,0,0,0,1,0,0
data/external/actions/human_action_recognition/train/006243_dancing.jpg,Bingsu/Human_Action_Recognition,dancing,0,0,0,0,0,0,0,0,0,0,1,0,0,0,0,0,0,1,0,0
data/external/actions/human_action_recognition/train/006244_drinking.jpg,Bingsu/Human_Action_Recognition,drinking,0,0,0,0,0,0,0,0,0,0,0,0,0,0,1,0,0,0,0,0
data/external/actions/human_action_recognition/train/006245_listening_to_music.jpg,Bingsu/Human_Action_Recognition,listening_to_music,0,1,0,0,0,0,0,0,0,0,0,0,0,0,0,0,1,0,0,0
data/external/actions/human_action_recognition/train/006246_running.jpg,Bingsu/Human_Action_Recognition,running,0,0,0,0,0,0,1,0,0,0,0,0,0,0,0,0,0,1,1,0
data/external/actions/human_action_recognition/train/006247_fighting.jpg,Bingsu/Human_Action_Recognition,fighting,0,0,0,0,0,0,0,0,0,0,0,0,0,0,0,0,0,1,1,0
data/external/actions/human_action_recognition/train/006248_running.jpg,Bingsu/Human_Action_Recognition,running,0,0,0,0,0,0,1,0,0,0,0,0,0,0,0,0,0,1,1,0
data/external/actions/human_action_recognition/train/006249_laughing.jpg,Bingsu/Human_Action_Recognition,laughing,1,0,0,0,0,0,0,0,0,0,0,0,0,0,0,0,1,0,0,0
data/external/actions/human_action_recognition/train/006250_eating.jpg,Bingsu/Human_Action_Recognition,eating,0,0,0,0,0,0,0,0,0,0,0,0,0,1,0,0,0,0,0,0
data/external/actions/human_action_recognition/train/006251_using_laptop.jpg,Bingsu/Human_Action_Recognition,using_laptop,0,1,0,0,0,0,0,0,0,0,0,0,1,0,0,0,1,0,0,0
data/external/actions/human_action_recognition/train/006252_sitting.jpg,Bingsu/Human_Action_Recognition,sitting,0,1,0,0,0,0,0,0,0,0,0,0,0,0,0,0,1,0,0,0
data/external/actions/human_action_recognition/train/006253_laughing.jpg,Bingsu/Human_Action_Recognition,laughing,1,0,0,0,0,0,0,0,0,0,0,0,0,0,0,0,1,0,0,0
data/external/actions/human_action_recognition/train/006254_using_laptop.jpg,Bingsu/Human_Action_Recognition,using_laptop,0,1,0,0,0,0,0,0,0,0,0,0,1,0,0,0,1,0,0,0
data/external/actions/human_action_recognition/train/006255_fighting.jpg,Bingsu/Human_Action_Recognition,fighting,0,0,0,0,0,0,0,0,0,0,0,0,0,0,0,0,0,1,1,0
data/external/actions/human_action_recognition/train/006256_clapping.jpg,Bingsu/Human_Action_Recognition,clapping,0,0,0,0,1,0,0,0,0,0,0,0,0,0,0,0,0,1,0,0
data/external/actions/human_action_recognition/train/006257_hugging.jpg,Bingsu/Human_Action_Recognition,hugging,1,0,0,0,0,0,0,0,0,0,0,0,0,0,0,0,1,0,0,0
data/external/actions/human_action_recognition/train/006258_sitting.jpg,Bingsu/Human_Action_Recognition,sitting,0,1,0,0,0,0,0,0,0,0,0,0,0,0,0,0,1,0,0,0
data/external/actions/human_action_recognition/train/006259_laughing.jpg,Bingsu/Human_Action_Recognition,laughing,1,0,0,0,0,0,0,0,0,0,0,0,0,0,0,0,1,0,0,0
data/external/actions/human_action_recognition/train/006260_dancing.jpg,Bingsu/Human_Action_Recognition,dancing,0,0,0,0,0,0,0,0,0,0,1,0,0,0,0,0,0,1,0,0
data/external/actions/human_action_recognition/train/006261_eating.jpg,Bingsu/Human_Action_Recognition,eating,0,0,0,0,0,0,0,0,0,0,0,0,0,1,0,0,0,0,0,0
data/external/actions/human_action_recognition/train/006262_calling.jpg,Bingsu/Human_Action_Recognition,calling,1,0,0,0,0,0,0,0,0,0,0,0,0,0,0,0,1,0,0,0
data/external/actions/human_action_recognition/train/006263_sitting.jpg,Bingsu/Human_Action_Recognition,sitting,0,1,0,0,0,0,0,0,0,0,0,0,0,0,0,0,1,0,0,0
data/external/actions/human_action_recognition/train/006264_dancing.jpg,Bingsu/Human_Action_Recognition,dancing,0,0,0,0,0,0,0,0,0,0,1,0,0,0,0,0,0,1,0,0
data/external/actions/human_action_recognition/train/006265_eating.jpg,Bingsu/Human_Action_Recognition,eating,0,0,0,0,0,0,0,0,0,0,0,0,0,1,0,0,0,0,0,0
data/external/actions/human_action_recognition/train/006266_drinking.jpg,Bingsu/Human_Action_Recognition,drinking,0,0,0,0,0,0,0,0,0,0,0,0,0,0,1,0,0,0,0,0
data/external/actions/human_action_recognition/train/006267_clapping.jpg,Bingsu/Human_Action_Recognition,clapping,0,0,0,0,1,0,0,0,0,0,0,0,0,0,0,0,0,1,0,0
data/external/actions/human_action_recognition/train/006268_drinking.jpg,Bingsu/Human_Action_Recognition,drinking,0,0,0,0,0,0,0,0,0,0,0,0,0,0,1,0,0,0,0,0
data/external/actions/human_action_recognition/train/006269_using_laptop.jpg,Bingsu/Human_Action_Recognition,using_laptop,0,1,0,0,0,0,0,0,0,0,0,0,1,0,0,0,1,0,0,0
data/external/actions/human_action_recognition/train/006270_listening_to_music.jpg,Bingsu/Human_Action_Recognition,listening_to_music,0,1,0,0,0,0,0,0,0,0,0,0,0,0,0,0,1,0,0,0
data/external/actions/human_action_recognition/train/006271_hugging.jpg,Bingsu/Human_Action_Recognition,hugging,1,0,0,0,0,0,0,0,0,0,0,0,0,0,0,0,1,0,0,0
data/external/actions/human_action_recognition/train/006272_listening_to_music.jpg,Bingsu/Human_Action_Recognition,listening_to_music,0,1,0,0,0,0,0,0,0,0,0,0,0,0,0,0,1,0,0,0
data/external/actions/human_action_recognition/train/006273_fighting.jpg,Bingsu/Human_Action_Recognition,fighting,0,0,0,0,0,0,0,0,0,0,0,0,0,0,0,0,0,1,1,0
data/external/actions/human_action_recognition/train/006274_dancing.jpg,Bingsu/Human_Action_Recognition,dancing,0,0,0,0,0,0,0,0,0,0,1,0,0,0,0,0,0,1,0,0
data/external/actions/human_action_recognition/train/006275_dancing.jpg,Bingsu/Human_Action_Recognition,dancing,0,0,0,0,0,0,0,0,0,0,1,0,0,0,0,0,0,1,0,0
data/external/actions/human_action_recognition/train/006276_eating.jpg,Bingsu/Human_Action_Recognition,eating,0,0,0,0,0,0,0,0,0,0,0,0,0,1,0,0,0,0,0,0
data/external/actions/human_action_recognition/train/006277_sleeping.jpg,Bingsu/Human_Action_Recognition,sleeping,0,0,1,0,0,0,0,0,0,0,0,0,0,0,0,0,1,0,0,0
data/external/actions/human_action_recognition/train/006278_texting.jpg,Bingsu/Human_Action_Recognition,texting,0,1,0,0,0,0,0,0,0,0,0,0,0,0,0,0,1,0,0,0
data/external/actions/human_action_recognition/train/006279_fighting.jpg,Bingsu/Human_Action_Recognition,fighting,0,0,0,0,0,0,0,0,0,0,0,0,0,0,0,0,0,1,1,0
data/external/actions/human_action_recognition/train/006280_running.jpg,Bingsu/Human_Action_Recognition,running,0,0,0,0,0,0,1,0,0,0,0,0,0,0,0,0,0,1,1,0
data/external/actions/human_action_recognition/train/006281_eating.jpg,Bingsu/Human_Action_Recognition,eating,0,0,0,0,0,0,0,0,0,0,0,0,0,1,0,0,0,0,0,0
data/external/actions/human_action_recognition/train/006282_listening_to_music.jpg,Bingsu/Human_Action_Recognition,listening_to_music,0,1,0,0,0,0,0,0,0,0,0,0,0,0,0,0,1,0,0,0
data/external/actions/human_action_recognition/train/006283_fighting.jpg,Bingsu/Human_Action_Recognition,fighting,0,0,0,0,0,0,0,0,0,0,0,0,0,0,0,0,0,1,1,0
data/external/actions/human_action_recognition/train/006284_dancing.jpg,Bingsu/Human_Action_Recognition,dancing,0,0,0,0,0,0,0,0,0,0,1,0,0,0,0,0,0,1,0,0
data/external/actions/human_action_recognition/train/006285_listening_to_music.jpg,Bingsu/Human_Action_Recognition,listening_to_music,0,1,0,0,0,0,0,0,0,0,0,0,0,0,0,0,1,0,0,0
data/external/actions/human_action_recognition/train/006286_cycling.jpg,Bingsu/Human_Action_Recognition,cycling,0,0,0,0,0,0,0,0,1,0,0,0,0,0,0,0,0,1,0,0
data/external/actions/human_action_recognition/train/006287_listening_to_music.jpg,Bingsu/Human_Action_Recognition,listening_to_music,0,1,0,0,0,0,0,0,0,0,0,0,0,0,0,0,1,0,0,0
data/external/actions/human_action_recognition/train/006288_laughing.jpg,Bingsu/Human_Action_Recognition,laughing,1,0,0,0,0,0,0,0,0,0,0,0,0,0,0,0,1,0,0,0
data/external/actions/human_action_recognition/train/006289_eating.jpg,Bingsu/Human_Action_Recognition,eating,0,0,0,0,0,0,0,0,0,0,0,0,0,1,0,0,0,0,0,0
data/external/actions/human_action_recognition/train/006290_cycling.jpg,Bingsu/Human_Action_Recognition,cycling,0,0,0,0,0,0,0,0,1,0,0,0,0,0,0,0,0,1,0,0
data/external/actions/human_action_recognition/train/006291_running.jpg,Bingsu/Human_Action_Recognition,running,0,0,0,0,0,0,1,0,0,0,0,0,0,0,0,0,0,1,1,0
data/external/actions/human_action_recognition/train/006292_using_laptop.jpg,Bingsu/Human_Action_Recognition,using_laptop,0,1,0,0,0,0,0,0,0,0,0,0,1,0,0,0,1,0,0,0
data/external/actions/human_action_recognition/train/006293_hugging.jpg,Bingsu/Human_Action_Recognition,hugging,1,0,0,0,0,0,0,0,0,0,0,0,0,0,0,0,1,0,0,0
data/external/actions/human_action_recognition/train/006294_sitting.jpg,Bingsu/Human_Action_Recognition,sitting,0,1,0,0,0,0,0,0,0,0,0,0,0,0,0,0,1,0,0,0
data/external/actions/human_action_recognition/train/006295_running.jpg,Bingsu/Human_Action_Recognition,running,0,0,0,0,0,0,1,0,0,0,0,0,0,0,0,0,0,1,1,0
data/external/actions/human_action_recognition/train/006296_hugging.jpg,Bingsu/Human_Action_Recognition,hugging,1,0,0,0,0,0,0,0,0,0,0,0,0,0,0,0,1,0,0,0
data/external/actions/human_action_recognition/train/006297_laughing.jpg,Bingsu/Human_Action_Recognition,laughing,1,0,0,0,0,0,0,0,0,0,0,0,0,0,0,0,1,0,0,0
data/external/actions/human_action_recognition/train/006298_listening_to_music.jpg,Bingsu/Human_Action_Recognition,listening_to_music,0,1,0,0,0,0,0,0,0,0,0,0,0,0,0,0,1,0,0,0
data/external/actions/human_action_recognition/train/006299_sleeping.jpg,Bingsu/Human_Action_Recognition,sleeping,0,0,1,0,0,0,0,0,0,0,0,0,0,0,0,0,1,0,0,0
data/external/actions/human_action_recognition/train/006300_hugging.jpg,Bingsu/Human_Action_Recognition,hugging,1,0,0,0,0,0,0,0,0,0,0,0,0,0,0,0,1,0,0,0
data/external/actions/human_action_recognition/train/006301_hugging.jpg,Bingsu/Human_Action_Recognition,hugging,1,0,0,0,0,0,0,0,0,0,0,0,0,0,0,0,1,0,0,0
data/external/actions/human_action_recognition/train/006302_clapping.jpg,Bingsu/Human_Action_Recognition,clapping,0,0,0,0,1,0,0,0,0,0,0,0,0,0,0,0,0,1,0,0
data/external/actions/human_action_recognition/train/006303_dancing.jpg,Bingsu/Human_Action_Recognition,dancing,0,0,0,0,0,0,0,0,0,0,1,0,0,0,0,0,0,1,0,0
data/external/actions/human_action_recognition/train/006304_drinking.jpg,Bingsu/Human_Action_Recognition,drinking,0,0,0,0,0,0,0,0,0,0,0,0,0,0,1,0,0,0,0,0
data/external/actions/human_action_recognition/train/006305_using_laptop.jpg,Bingsu/Human_Action_Recognition,using_laptop,0,1,0,0,0,0,0,0,0,0,0,0,1,0,0,0,1,0,0,0
data/external/actions/human_action_recognition/train/006306_listening_to_music.jpg,Bingsu/Human_Action_Recognition,listening_to_music,0,1,0,0,0,0,0,0,0,0,0,0,0,0,0,0,1,0,0,0
data/external/actions/human_action_recognition/train/006307_cycling.jpg,Bingsu/Human_Action_Recognition,cycling,0,0,0,0,0,0,0,0,1,0,0,0,0,0,0,0,0,1,0,0
data/external/actions/human_action_recognition/train/006308_sleeping.jpg,Bingsu/Human_Action_Recognition,sleeping,0,0,1,0,0,0,0,0,0,0,0,0,0,0,0,0,1,0,0,0
data/external/actions/human_action_recognition/train/006309_dancing.jpg,Bingsu/Human_Action_Recognition,dancing,0,0,0,0,0,0,0,0,0,0,1,0,0,0,0,0,0,1,0,0
data/external/actions/human_action_recognition/train/006310_calling.jpg,Bingsu/Human_Action_Recognition,calling,1,0,0,0,0,0,0,0,0,0,0,0,0,0,0,0,1,0,0,0
data/external/actions/human_action_recognition/train/006311_sitting.jpg,Bingsu/Human_Action_Recognition,sitting,0,1,0,0,0,0,0,0,0,0,0,0,0,0,0,0,1,0,0,0
data/external/actions/human_action_recognition/train/006312_laughing.jpg,Bingsu/Human_Action_Recognition,laughing,1,0,0,0,0,0,0,0,0,0,0,0,0,0,0,0,1,0,0,0
data/external/actions/human_action_recognition/train/006313_eating.jpg,Bingsu/Human_Action_Recognition,eating,0,0,0,0,0,0,0,0,0,0,0,0,0,1,0,0,0,0,0,0
data/external/actions/human_action_recognition/train/006314_running.jpg,Bingsu/Human_Action_Recognition,running,0,0,0,0,0,0,1,0,0,0,0,0,0,0,0,0,0,1,1,0
data/external/actions/human_action_recognition/train/006315_clapping.jpg,Bingsu/Human_Action_Recognition,clapping,0,0,0,0,1,0,0,0,0,0,0,0,0,0,0,0,0,1,0,0
data/external/actions/human_action_recognition/train/006316_cycling.jpg,Bingsu/Human_Action_Recognition,cycling,0,0,0,0,0,0,0,0,1,0,0,0,0,0,0,0,0,1,0,0
data/external/actions/human_action_recognition/train/006317_laughing.jpg,Bingsu/Human_Action_Recognition,laughing,1,0,0,0,0,0,0,0,0,0,0,0,0,0,0,0,1,0,0,0
data/external/actions/human_action_recognition/train/006318_eating.jpg,Bingsu/Human_Action_Recognition,eating,0,0,0,0,0,0,0,0,0,0,0,0,0,1,0,0,0,0,0,0
data/external/actions/human_action_recognition/train/006319_running.jpg,Bingsu/Human_Action_Recognition,running,0,0,0,0,0,0,1,0,0,0,0,0,0,0,0,0,0,1,1,0
data/external/actions/human_action_recognition/train/006320_cycling.jpg,Bingsu/Human_Action_Recognition,cycling,0,0,0,0,0,0,0,0,1,0,0,0,0,0,0,0,0,1,0,0
data/external/actions/human_action_recognition/train/006321_listening_to_music.jpg,Bingsu/Human_Action_Recognition,listening_to_music,0,1,0,0,0,0,0,0,0,0,0,0,0,0,0,0,1,0,0,0
data/external/actions/human_action_recognition/train/006322_listening_to_music.jpg,Bingsu/Human_Action_Recognition,listening_to_music,0,1,0,0,0,0,0,0,0,0,0,0,0,0,0,0,1,0,0,0
data/external/actions/human_action_recognition/train/006323_running.jpg,Bingsu/Human_Action_Recognition,running,0,0,0,0,0,0,1,0,0,0,0,0,0,0,0,0,0,1,1,0
data/external/actions/human_action_recognition/train/006324_clapping.jpg,Bingsu/Human_Action_Recognition,clapping,0,0,0,0,1,0,0,0,0,0,0,0,0,0,0,0,0,1,0,0
data/external/actions/human_action_recognition/train/006325_running.jpg,Bingsu/Human_Action_Recognition,running,0,0,0,0,0,0,1,0,0,0,0,0,0,0,0,0,0,1,1,0
data/external/actions/human_action_recognition/train/006326_drinking.jpg,Bingsu/Human_Action_Recognition,drinking,0,0,0,0,0,0,0,0,0,0,0,0,0,0,1,0,0,0,0,0
data/external/actions/human_action_recognition/train/006327_running.jpg,Bingsu/Human_Action_Recognition,running,0,0,0,0,0,0,1,0,0,0,0,0,0,0,0,0,0,1,1,0
data/external/actions/human_action_recognition/train/006328_listening_to_music.jpg,Bingsu/Human_Action_Recognition,listening_to_music,0,1,0,0,0,0,0,0,0,0,0,0,0,0,0,0,1,0,0,0
data/external/actions/human_action_recognition/train/006329_sleeping.jpg,Bingsu/Human_Action_Recognition,sleeping,0,0,1,0,0,0,0,0,0,0,0,0,0,0,0,0,1,0,0,0
data/external/actions/human_action_recognition/train/006330_cycling.jpg,Bingsu/Human_Action_Recognition,cycling,0,0,0,0,0,0,0,0,1,0,0,0,0,0,0,0,0,1,0,0
data/external/actions/human_action_recognition/train/006331_sleeping.jpg,Bingsu/Human_Action_Recognition,sleeping,0,0,1,0,0,0,0,0,0,0,0,0,0,0,0,0,1,0,0,0
data/external/actions/human_action_recognition/train/006332_sleeping.jpg,Bingsu/Human_Action_Recognition,sleeping,0,0,1,0,0,0,0,0,0,0,0,0,0,0,0,0,1,0,0,0
data/external/actions/human_action_recognition/train/006333_cycling.jpg,Bingsu/Human_Action_Recognition,cycling,0,0,0,0,0,0,0,0,1,0,0,0,0,0,0,0,0,1,0,0
data/external/actions/human_action_recognition/train/006334_laughing.jpg,Bingsu/Human_Action_Recognition,laughing,1,0,0,0,0,0,0,0,0,0,0,0,0,0,0,0,1,0,0,0
data/external/actions/human_action_recognition/train/006335_running.jpg,Bingsu/Human_Action_Recognition,running,0,0,0,0,0,0,1,0,0,0,0,0,0,0,0,0,0,1,1,0
data/external/actions/human_action_recognition/train/006336_dancing.jpg,Bingsu/Human_Action_Recognition,dancing,0,0,0,0,0,0,0,0,0,0,1,0,0,0,0,0,0,1,0,0
data/external/actions/human_action_recognition/train/006337_dancing.jpg,Bingsu/Human_Action_Recognition,dancing,0,0,0,0,0,0,0,0,0,0,1,0,0,0,0,0,0,1,0,0
data/external/actions/human_action_recognition/train/006338_using_laptop.jpg,Bingsu/Human_Action_Recognition,using_laptop,0,1,0,0,0,0,0,0,0,0,0,0,1,0,0,0,1,0,0,0
data/external/actions/human_action_recognition/train/006339_sleeping.jpg,Bingsu/Human_Action_Recognition,sleeping,0,0,1,0,0,0,0,0,0,0,0,0,0,0,0,0,1,0,0,0
data/external/actions/human_action_recognition/train/006340_fighting.jpg,Bingsu/Human_Action_Recognition,fighting,0,0,0,0,0,0,0,0,0,0,0,0,0,0,0,0,0,1,1,0
data/external/actions/human_action_recognition/train/006341_sleeping.jpg,Bingsu/Human_Action_Recognition,sleeping,0,0,1,0,0,0,0,0,0,0,0,0,0,0,0,0,1,0,0,0
data/external/actions/human_action_recognition/train/006342_listening_to_music.jpg,Bingsu/Human_Action_Recognition,listening_to_music,0,1,0,0,0,0,0,0,0,0,0,0,0,0,0,0,1,0,0,0
data/external/actions/human_action_recognition/train/006343_listening_to_music.jpg,Bingsu/Human_Action_Recognition,listening_to_music,0,1,0,0,0,0,0,0,0,0,0,0,0,0,0,0,1,0,0,0
data/external/actions/human_action_recognition/train/006344_eating.jpg,Bingsu/Human_Action_Recognition,eating,0,0,0,0,0,0,0,0,0,0,0,0,0,1,0,0,0,0,0,0
data/external/actions/human_action_recognition/train/006345_cycling.jpg,Bingsu/Human_Action_Recognition,cycling,0,0,0,0,0,0,0,0,1,0,0,0,0,0,0,0,0,1,0,0
data/external/actions/human_action_recognition/train/006346_texting.jpg,Bingsu/Human_Action_Recognition,texting,0,1,0,0,0,0,0,0,0,0,0,0,0,0,0,0,1,0,0,0
data/external/actions/human_action_recognition/train/006347_using_laptop.jpg,Bingsu/Human_Action_Recognition,using_laptop,0,1,0,0,0,0,0,0,0,0,0,0,1,0,0,0,1,0,0,0
data/external/actions/human_action_recognition/train/006348_drinking.jpg,Bingsu/Human_Action_Recognition,drinking,0,0,0,0,0,0,0,0,0,0,0,0,0,0,1,0,0,0,0,0
data/external/actions/human_action_recognition/train/006349_clapping.jpg,Bingsu/Human_Action_Recognition,clapping,0,0,0,0,1,0,0,0,0,0,0,0,0,0,0,0,0,1,0,0
data/external/actions/human_action_recognition/train/006350_dancing.jpg,Bingsu/Human_Action_Recognition,dancing,0,0,0,0,0,0,0,0,0,0,1,0,0,0,0,0,0,1,0,0
data/external/actions/human_action_recognition/train/006351_fighting.jpg,Bingsu/Human_Action_Recognition,fighting,0,0,0,0,0,0,0,0,0,0,0,0,0,0,0,0,0,1,1,0
data/external/actions/human_action_recognition/train/006352_hugging.jpg,Bingsu/Human_Action_Recognition,hugging,1,0,0,0,0,0,0,0,0,0,0,0,0,0,0,0,1,0,0,0
data/external/actions/human_action_recognition/train/006353_sleeping.jpg,Bingsu/Human_Action_Recognition,sleeping,0,0,1,0,0,0,0,0,0,0,0,0,0,0,0,0,1,0,0,0
data/external/actions/human_action_recognition/train/006354_sleeping.jpg,Bingsu/Human_Action_Recognition,sleeping,0,0,1,0,0,0,0,0,0,0,0,0,0,0,0,0,1,0,0,0
data/external/actions/human_action_recognition/train/006355_sitting.jpg,Bingsu/Human_Action_Recognition,sitting,0,1,0,0,0,0,0,0,0,0,0,0,0,0,0,0,1,0,0,0
data/external/actions/human_action_recognition/train/006356_laughing.jpg,Bingsu/Human_Action_Recognition,laughing,1,0,0,0,0,0,0,0,0,0,0,0,0,0,0,0,1,0,0,0
data/external/actions/human_action_recognition/train/006357_dancing.jpg,Bingsu/Human_Action_Recognition,dancing,0,0,0,0,0,0,0,0,0,0,1,0,0,0,0,0,0,1,0,0
data/external/actions/human_action_recognition/train/006358_clapping.jpg,Bingsu/Human_Action_Recognition,clapping,0,0,0,0,1,0,0,0,0,0,0,0,0,0,0,0,0,1,0,0
data/external/actions/human_action_recognition/train/006359_dancing.jpg,Bingsu/Human_Action_Recognition,dancing,0,0,0,0,0,0,0,0,0,0,1,0,0,0,0,0,0,1,0,0
data/external/actions/human_action_recognition/train/006360_calling.jpg,Bingsu/Human_Action_Recognition,calling,1,0,0,0,0,0,0,0,0,0,0,0,0,0,0,0,1,0,0,0
data/external/actions/human_action_recognition/train/006361_sleeping.jpg,Bingsu/Human_Action_Recognition,sleeping,0,0,1,0,0,0,0,0,0,0,0,0,0,0,0,0,1,0,0,0
data/external/actions/human_action_recognition/train/006362_hugging.jpg,Bingsu/Human_Action_Recognition,hugging,1,0,0,0,0,0,0,0,0,0,0,0,0,0,0,0,1,0,0,0
data/external/actions/human_action_recognition/train/006363_listening_to_music.jpg,Bingsu/Human_Action_Recognition,listening_to_music,0,1,0,0,0,0,0,0,0,0,0,0,0,0,0,0,1,0,0,0
data/external/actions/human_action_recognition/train/006364_drinking.jpg,Bingsu/Human_Action_Recognition,drinking,0,0,0,0,0,0,0,0,0,0,0,0,0,0,1,0,0,0,0,0
data/external/actions/human_action_recognition/train/006365_running.jpg,Bingsu/Human_Action_Recognition,running,0,0,0,0,0,0,1,0,0,0,0,0,0,0,0,0,0,1,1,0
data/external/actions/human_action_recognition/train/006366_laughing.jpg,Bingsu/Human_Action_Recognition,laughing,1,0,0,0,0,0,0,0,0,0,0,0,0,0,0,0,1,0,0,0
data/external/actions/human_action_recognition/train/006367_using_laptop.jpg,Bingsu/Human_Action_Recognition,using_laptop,0,1,0,0,0,0,0,0,0,0,0,0,1,0,0,0,1,0,0,0
data/external/actions/human_action_recognition/train/006368_sitting.jpg,Bingsu/Human_Action_Recognition,sitting,0,1,0,0,0,0,0,0,0,0,0,0,0,0,0,0,1,0,0,0
data/external/actions/human_action_recognition/train/006369_texting.jpg,Bingsu/Human_Action_Recognition,texting,0,1,0,0,0,0,0,0,0,0,0,0,0,0,0,0,1,0,0,0
data/external/actions/human_action_recognition/train/006370_listening_to_music.jpg,Bingsu/Human_Action_Recognition,listening_to_music,0,1,0,0,0,0,0,0,0,0,0,0,0,0,0,0,1,0,0,0
data/external/actions/human_action_recognition/train/006371_running.jpg,Bingsu/Human_Action_Recognition,running,0,0,0,0,0,0,1,0,0,0,0,0,0,0,0,0,0,1,1,0
data/external/actions/human_action_recognition/train/006372_listening_to_music.jpg,Bingsu/Human_Action_Recognition,listening_to_music,0,1,0,0,0,0,0,0,0,0,0,0,0,0,0,0,1,0,0,0
data/external/actions/human_action_recognition/train/006373_listening_to_music.jpg,Bingsu/Human_Action_Recognition,listening_to_music,0,1,0,0,0,0,0,0,0,0,0,0,0,0,0,0,1,0,0,0
data/external/actions/human_action_recognition/train/006374_clapping.jpg,Bingsu/Human_Action_Recognition,clapping,0,0,0,0,1,0,0,0,0,0,0,0,0,0,0,0,0,1,0,0
data/external/actions/human_action_recognition/train/006375_texting.jpg,Bingsu/Human_Action_Recognition,texting,0,1,0,0,0,0,0,0,0,0,0,0,0,0,0,0,1,0,0,0
data/external/actions/human_action_recognition/train/006376_fighting.jpg,Bingsu/Human_Action_Recognition,fighting,0,0,0,0,0,0,0,0,0,0,0,0,0,0,0,0,0,1,1,0
data/external/actions/human_action_recognition/train/006377_fighting.jpg,Bingsu/Human_Action_Recognition,fighting,0,0,0,0,0,0,0,0,0,0,0,0,0,0,0,0,0,1,1,0
data/external/actions/human_action_recognition/train/006378_laughing.jpg,Bingsu/Human_Action_Recognition,laughing,1,0,0,0,0,0,0,0,0,0,0,0,0,0,0,0,1,0,0,0
data/external/actions/human_action_recognition/train/006379_laughing.jpg,Bingsu/Human_Action_Recognition,laughing,1,0,0,0,0,0,0,0,0,0,0,0,0,0,0,0,1,0,0,0
data/external/actions/human_action_recognition/train/006380_cycling.jpg,Bingsu/Human_Action_Recognition,cycling,0,0,0,0,0,0,0,0,1,0,0,0,0,0,0,0,0,1,0,0
data/external/actions/human_action_recognition/train/006381_dancing.jpg,Bingsu/Human_Action_Recognition,dancing,0,0,0,0,0,0,0,0,0,0,1,0,0,0,0,0,0,1,0,0
data/external/actions/human_action_recognition/train/006382_eating.jpg,Bingsu/Human_Action_Recognition,eating,0,0,0,0,0,0,0,0,0,0,0,0,0,1,0,0,0,0,0,0
data/external/actions/human_action_recognition/train/006383_eating.jpg,Bingsu/Human_Action_Recognition,eating,0,0,0,0,0,0,0,0,0,0,0,0,0,1,0,0,0,0,0,0
data/external/actions/human_action_recognition/train/006384_calling.jpg,Bingsu/Human_Action_Recognition,calling,1,0,0,0,0,0,0,0,0,0,0,0,0,0,0,0,1,0,0,0
data/external/actions/human_action_recognition/train/006385_eating.jpg,Bingsu/Human_Action_Recognition,eating,0,0,0,0,0,0,0,0,0,0,0,0,0,1,0,0,0,0,0,0
data/external/actions/human_action_recognition/train/006386_laughing.jpg,Bingsu/Human_Action_Recognition,laughing,1,0,0,0,0,0,0,0,0,0,0,0,0,0,0,0,1,0,0,0
data/external/actions/human_action_recognition/train/006387_sitting.jpg,Bingsu/Human_Action_Recognition,sitting,0,1,0,0,0,0,0,0,0,0,0,0,0,0,0,0,1,0,0,0
data/external/actions/human_action_recognition/train/006388_laughing.jpg,Bingsu/Human_Action_Recognition,laughing,1,0,0,0,0,0,0,0,0,0,0,0,0,0,0,0,1,0,0,0
data/external/actions/human_action_recognition/train/006389_sitting.jpg,Bingsu/Human_Action_Recognition,sitting,0,1,0,0,0,0,0,0,0,0,0,0,0,0,0,0,1,0,0,0
data/external/actions/human_action_recognition/train/006390_eating.jpg,Bingsu/Human_Action_Recognition,eating,0,0,0,0,0,0,0,0,0,0,0,0,0,1,0,0,0,0,0,0
data/external/actions/human_action_recognition/train/006391_drinking.jpg,Bingsu/Human_Action_Recognition,drinking,0,0,0,0,0,0,0,0,0,0,0,0,0,0,1,0,0,0,0,0
data/external/actions/human_action_recognition/train/006392_using_laptop.jpg,Bingsu/Human_Action_Recognition,using_laptop,0,1,0,0,0,0,0,0,0,0,0,0,1,0,0,0,1,0,0,0
data/external/actions/human_action_recognition/train/006393_sitting.jpg,Bingsu/Human_Action_Recognition,sitting,0,1,0,0,0,0,0,0,0,0,0,0,0,0,0,0,1,0,0,0
data/external/actions/human_action_recognition/train/006394_calling.jpg,Bingsu/Human_Action_Recognition,calling,1,0,0,0,0,0,0,0,0,0,0,0,0,0,0,0,1,0,0,0
data/external/actions/human_action_recognition/train/006395_laughing.jpg,Bingsu/Human_Action_Recognition,laughing,1,0,0,0,0,0,0,0,0,0,0,0,0,0,0,0,1,0,0,0
data/external/actions/human_action_recognition/train/006396_texting.jpg,Bingsu/Human_Action_Recognition,texting,0,1,0,0,0,0,0,0,0,0,0,0,0,0,0,0,1,0,0,0
data/external/actions/human_action_recognition/train/006397_fighting.jpg,Bingsu/Human_Action_Recognition,fighting,0,0,0,0,0,0,0,0,0,0,0,0,0,0,0,0,0,1,1,0
data/external/actions/human_action_recognition/train/006398_eating.jpg,Bingsu/Human_Action_Recognition,eating,0,0,0,0,0,0,0,0,0,0,0,0,0,1,0,0,0,0,0,0
data/external/actions/human_action_recognition/train/006399_hugging.jpg,Bingsu/Human_Action_Recognition,hugging,1,0,0,0,0,0,0,0,0,0,0,0,0,0,0,0,1,0,0,0
data/external/actions/human_action_recognition/train/006400_calling.jpg,Bingsu/Human_Action_Recognition,calling,1,0,0,0,0,0,0,0,0,0,0,0,0,0,0,0,1,0,0,0
data/external/actions/human_action_recognition/train/006401_laughing.jpg,Bingsu/Human_Action_Recognition,laughing,1,0,0,0,0,0,0,0,0,0,0,0,0,0,0,0,1,0,0,0
data/external/actions/human_action_recognition/train/006402_fighting.jpg,Bingsu/Human_Action_Recognition,fighting,0,0,0,0,0,0,0,0,0,0,0,0,0,0,0,0,0,1,1,0
data/external/actions/human_action_recognition/train/006403_running.jpg,Bingsu/Human_Action_Recognition,running,0,0,0,0,0,0,1,0,0,0,0,0,0,0,0,0,0,1,1,0
data/external/actions/human_action_recognition/train/006404_dancing.jpg,Bingsu/Human_Action_Recognition,dancing,0,0,0,0,0,0,0,0,0,0,1,0,0,0,0,0,0,1,0,0
data/external/actions/human_action_recognition/train/006405_hugging.jpg,Bingsu/Human_Action_Recognition,hugging,1,0,0,0,0,0,0,0,0,0,0,0,0,0,0,0,1,0,0,0
data/external/actions/human_action_recognition/train/006406_sleeping.jpg,Bingsu/Human_Action_Recognition,sleeping,0,0,1,0,0,0,0,0,0,0,0,0,0,0,0,0,1,0,0,0
data/external/actions/human_action_recognition/train/006407_drinking.jpg,Bingsu/Human_Action_Recognition,drinking,0,0,0,0,0,0,0,0,0,0,0,0,0,0,1,0,0,0,0,0
data/external/actions/human_action_recognition/train/006408_drinking.jpg,Bingsu/Human_Action_Recognition,drinking,0,0,0,0,0,0,0,0,0,0,0,0,0,0,1,0,0,0,0,0
data/external/actions/human_action_recognition/train/006409_laughing.jpg,Bingsu/Human_Action_Recognition,laughing,1,0,0,0,0,0,0,0,0,0,0,0,0,0,0,0,1,0,0,0
data/external/actions/human_action_recognition/train/006410_using_laptop.jpg,Bingsu/Human_Action_Recognition,using_laptop,0,1,0,0,0,0,0,0,0,0,0,0,1,0,0,0,1,0,0,0
data/external/actions/human_action_recognition/train/006411_sitting.jpg,Bingsu/Human_Action_Recognition,sitting,0,1,0,0,0,0,0,0,0,0,0,0,0,0,0,0,1,0,0,0
data/external/actions/human_action_recognition/train/006412_eating.jpg,Bingsu/Human_Action_Recognition,eating,0,0,0,0,0,0,0,0,0,0,0,0,0,1,0,0,0,0,0,0
data/external/actions/human_action_recognition/train/006413_sleeping.jpg,Bingsu/Human_Action_Recognition,sleeping,0,0,1,0,0,0,0,0,0,0,0,0,0,0,0,0,1,0,0,0
data/external/actions/human_action_recognition/train/006414_calling.jpg,Bingsu/Human_Action_Recognition,calling,1,0,0,0,0,0,0,0,0,0,0,0,0,0,0,0,1,0,0,0
data/external/actions/human_action_recognition/train/006415_laughing.jpg,Bingsu/Human_Action_Recognition,laughing,1,0,0,0,0,0,0,0,0,0,0,0,0,0,0,0,1,0,0,0
data/external/actions/human_action_recognition/train/006416_using_laptop.jpg,Bingsu/Human_Action_Recognition,using_laptop,0,1,0,0,0,0,0,0,0,0,0,0,1,0,0,0,1,0,0,0
data/external/actions/human_action_recognition/train/006417_texting.jpg,Bingsu/Human_Action_Recognition,texting,0,1,0,0,0,0,0,0,0,0,0,0,0,0,0,0,1,0,0,0
data/external/actions/human_action_recognition/train/006418_texting.jpg,Bingsu/Human_Action_Recognition,texting,0,1,0,0,0,0,0,0,0,0,0,0,0,0,0,0,1,0,0,0
data/external/actions/human_action_recognition/train/006419_listening_to_music.jpg,Bingsu/Human_Action_Recognition,listening_to_music,0,1,0,0,0,0,0,0,0,0,0,0,0,0,0,0,1,0,0,0
data/external/actions/human_action_recognition/train/006420_laughing.jpg,Bingsu/Human_Action_Recognition,laughing,1,0,0,0,0,0,0,0,0,0,0,0,0,0,0,0,1,0,0,0
data/external/actions/human_action_recognition/train/006421_clapping.jpg,Bingsu/Human_Action_Recognition,clapping,0,0,0,0,1,0,0,0,0,0,0,0,0,0,0,0,0,1,0,0
data/external/actions/human_action_recognition/train/006422_running.jpg,Bingsu/Human_Action_Recognition,running,0,0,0,0,0,0,1,0,0,0,0,0,0,0,0,0,0,1,1,0
data/external/actions/human_action_recognition/train/006423_eating.jpg,Bingsu/Human_Action_Recognition,eating,0,0,0,0,0,0,0,0,0,0,0,0,0,1,0,0,0,0,0,0
data/external/actions/human_action_recognition/train/006424_dancing.jpg,Bingsu/Human_Action_Recognition,dancing,0,0,0,0,0,0,0,0,0,0,1,0,0,0,0,0,0,1,0,0
data/external/actions/human_action_recognition/train/006425_hugging.jpg,Bingsu/Human_Action_Recognition,hugging,1,0,0,0,0,0,0,0,0,0,0,0,0,0,0,0,1,0,0,0
data/external/actions/human_action_recognition/train/006426_listening_to_music.jpg,Bingsu/Human_Action_Recognition,listening_to_music,0,1,0,0,0,0,0,0,0,0,0,0,0,0,0,0,1,0,0,0
data/external/actions/human_action_recognition/train/006427_listening_to_music.jpg,Bingsu/Human_Action_Recognition,listening_to_music,0,1,0,0,0,0,0,0,0,0,0,0,0,0,0,0,1,0,0,0
data/external/actions/human_action_recognition/train/006428_dancing.jpg,Bingsu/Human_Action_Recognition,dancing,0,0,0,0,0,0,0,0,0,0,1,0,0,0,0,0,0,1,0,0
data/external/actions/human_action_recognition/train/006429_drinking.jpg,Bingsu/Human_Action_Recognition,drinking,0,0,0,0,0,0,0,0,0,0,0,0,0,0,1,0,0,0,0,0
data/external/actions/human_action_recognition/train/006430_texting.jpg,Bingsu/Human_Action_Recognition,texting,0,1,0,0,0,0,0,0,0,0,0,0,0,0,0,0,1,0,0,0
data/external/actions/human_action_recognition/train/006431_clapping.jpg,Bingsu/Human_Action_Recognition,clapping,0,0,0,0,1,0,0,0,0,0,0,0,0,0,0,0,0,1,0,0
data/external/actions/human_action_recognition/train/006432_sitting.jpg,Bingsu/Human_Action_Recognition,sitting,0,1,0,0,0,0,0,0,0,0,0,0,0,0,0,0,1,0,0,0
data/external/actions/human_action_recognition/train/006433_clapping.jpg,Bingsu/Human_Action_Recognition,clapping,0,0,0,0,1,0,0,0,0,0,0,0,0,0,0,0,0,1,0,0
data/external/actions/human_action_recognition/train/006434_texting.jpg,Bingsu/Human_Action_Recognition,texting,0,1,0,0,0,0,0,0,0,0,0,0,0,0,0,0,1,0,0,0
data/external/actions/human_action_recognition/train/006435_drinking.jpg,Bingsu/Human_Action_Recognition,drinking,0,0,0,0,0,0,0,0,0,0,0,0,0,0,1,0,0,0,0,0
data/external/actions/human_action_recognition/train/006436_dancing.jpg,Bingsu/Human_Action_Recognition,dancing,0,0,0,0,0,0,0,0,0,0,1,0,0,0,0,0,0,1,0,0
data/external/actions/human_action_recognition/train/006437_eating.jpg,Bingsu/Human_Action_Recognition,eating,0,0,0,0,0,0,0,0,0,0,0,0,0,1,0,0,0,0,0,0
data/external/actions/human_action_recognition/train/006438_fighting.jpg,Bingsu/Human_Action_Recognition,fighting,0,0,0,0,0,0,0,0,0,0,0,0,0,0,0,0,0,1,1,0
data/external/actions/human_action_recognition/train/006439_laughing.jpg,Bingsu/Human_Action_Recognition,laughing,1,0,0,0,0,0,0,0,0,0,0,0,0,0,0,0,1,0,0,0
data/external/actions/human_action_recognition/train/006440_dancing.jpg,Bingsu/Human_Action_Recognition,dancing,0,0,0,0,0,0,0,0,0,0,1,0,0,0,0,0,0,1,0,0
data/external/actions/human_action_recognition/train/006441_clapping.jpg,Bingsu/Human_Action_Recognition,clapping,0,0,0,0,1,0,0,0,0,0,0,0,0,0,0,0,0,1,0,0
data/external/actions/human_action_recognition/train/006442_texting.jpg,Bingsu/Human_Action_Recognition,texting,0,1,0,0,0,0,0,0,0,0,0,0,0,0,0,0,1,0,0,0
data/external/actions/human_action_recognition/train/006443_laughing.jpg,Bingsu/Human_Action_Recognition,laughing,1,0,0,0,0,0,0,0,0,0,0,0,0,0,0,0,1,0,0,0
data/external/actions/human_action_recognition/train/006444_hugging.jpg,Bingsu/Human_Action_Recognition,hugging,1,0,0,0,0,0,0,0,0,0,0,0,0,0,0,0,1,0,0,0
data/external/actions/human_action_recognition/train/006445_listening_to_music.jpg,Bingsu/Human_Action_Recognition,listening_to_music,0,1,0,0,0,0,0,0,0,0,0,0,0,0,0,0,1,0,0,0
data/external/actions/human_action_recognition/train/006446_dancing.jpg,Bingsu/Human_Action_Recognition,dancing,0,0,0,0,0,0,0,0,0,0,1,0,0,0,0,0,0,1,0,0
data/external/actions/human_action_recognition/train/006447_fighting.jpg,Bingsu/Human_Action_Recognition,fighting,0,0,0,0,0,0,0,0,0,0,0,0,0,0,0,0,0,1,1,0
data/external/actions/human_action_recognition/train/006448_using_laptop.jpg,Bingsu/Human_Action_Recognition,using_laptop,0,1,0,0,0,0,0,0,0,0,0,0,1,0,0,0,1,0,0,0
data/external/actions/human_action_recognition/train/006449_fighting.jpg,Bingsu/Human_Action_Recognition,fighting,0,0,0,0,0,0,0,0,0,0,0,0,0,0,0,0,0,1,1,0
data/external/actions/human_action_recognition/train/006450_drinking.jpg,Bingsu/Human_Action_Recognition,drinking,0,0,0,0,0,0,0,0,0,0,0,0,0,0,1,0,0,0,0,0
data/external/actions/human_action_recognition/train/006451_sleeping.jpg,Bingsu/Human_Action_Recognition,sleeping,0,0,1,0,0,0,0,0,0,0,0,0,0,0,0,0,1,0,0,0
data/external/actions/human_action_recognition/train/006452_fighting.jpg,Bingsu/Human_Action_Recognition,fighting,0,0,0,0,0,0,0,0,0,0,0,0,0,0,0,0,0,1,1,0
data/external/actions/human_action_recognition/train/006453_sleeping.jpg,Bingsu/Human_Action_Recognition,sleeping,0,0,1,0,0,0,0,0,0,0,0,0,0,0,0,0,1,0,0,0
data/external/actions/human_action_recognition/train/006454_using_laptop.jpg,Bingsu/Human_Action_Recognition,using_laptop,0,1,0,0,0,0,0,0,0,0,0,0,1,0,0,0,1,0,0,0
data/external/actions/human_action_recognition/train/006455_running.jpg,Bingsu/Human_Action_Recognition,running,0,0,0,0,0,0,1,0,0,0,0,0,0,0,0,0,0,1,1,0
data/external/actions/human_action_recognition/train/006456_calling.jpg,Bingsu/Human_Action_Recognition,calling,1,0,0,0,0,0,0,0,0,0,0,0,0,0,0,0,1,0,0,0
data/external/actions/human_action_recognition/train/006457_sitting.jpg,Bingsu/Human_Action_Recognition,sitting,0,1,0,0,0,0,0,0,0,0,0,0,0,0,0,0,1,0,0,0
data/external/actions/human_action_recognition/train/006458_calling.jpg,Bingsu/Human_Action_Recognition,calling,1,0,0,0,0,0,0,0,0,0,0,0,0,0,0,0,1,0,0,0
data/external/actions/human_action_recognition/train/006459_sitting.jpg,Bingsu/Human_Action_Recognition,sitting,0,1,0,0,0,0,0,0,0,0,0,0,0,0,0,0,1,0,0,0
data/external/actions/human_action_recognition/train/006460_clapping.jpg,Bingsu/Human_Action_Recognition,clapping,0,0,0,0,1,0,0,0,0,0,0,0,0,0,0,0,0,1,0,0
data/external/actions/human_action_recognition/train/006461_calling.jpg,Bingsu/Human_Action_Recognition,calling,1,0,0,0,0,0,0,0,0,0,0,0,0,0,0,0,1,0,0,0
data/external/actions/human_action_recognition/train/006462_sitting.jpg,Bingsu/Human_Action_Recognition,sitting,0,1,0,0,0,0,0,0,0,0,0,0,0,0,0,0,1,0,0,0
data/external/actions/human_action_recognition/train/006463_hugging.jpg,Bingsu/Human_Action_Recognition,hugging,1,0,0,0,0,0,0,0,0,0,0,0,0,0,0,0,1,0,0,0
data/external/actions/human_action_recognition/train/006464_cycling.jpg,Bingsu/Human_Action_Recognition,cycling,0,0,0,0,0,0,0,0,1,0,0,0,0,0,0,0,0,1,0,0
data/external/actions/human_action_recognition/train/006465_fighting.jpg,Bingsu/Human_Action_Recognition,fighting,0,0,0,0,0,0,0,0,0,0,0,0,0,0,0,0,0,1,1,0
data/external/actions/human_action_recognition/train/006466_running.jpg,Bingsu/Human_Action_Recognition,running,0,0,0,0,0,0,1,0,0,0,0,0,0,0,0,0,0,1,1,0
data/external/actions/human_action_recognition/train/006467_texting.jpg,Bingsu/Human_Action_Recognition,texting,0,1,0,0,0,0,0,0,0,0,0,0,0,0,0,0,1,0,0,0
data/external/actions/human_action_recognition/train/006468_clapping.jpg,Bingsu/Human_Action_Recognition,clapping,0,0,0,0,1,0,0,0,0,0,0,0,0,0,0,0,0,1,0,0
data/external/actions/human_action_recognition/train/006469_hugging.jpg,Bingsu/Human_Action_Recognition,hugging,1,0,0,0,0,0,0,0,0,0,0,0,0,0,0,0,1,0,0,0
data/external/actions/human_action_recognition/train/006470_sleeping.jpg,Bingsu/Human_Action_Recognition,sleeping,0,0,1,0,0,0,0,0,0,0,0,0,0,0,0,0,1,0,0,0
data/external/actions/human_action_recognition/train/006471_running.jpg,Bingsu/Human_Action_Recognition,running,0,0,0,0,0,0,1,0,0,0,0,0,0,0,0,0,0,1,1,0
data/external/actions/human_action_recognition/train/006472_drinking.jpg,Bingsu/Human_Action_Recognition,drinking,0,0,0,0,0,0,0,0,0,0,0,0,0,0,1,0,0,0,0,0
data/external/actions/human_action_recognition/train/006473_fighting.jpg,Bingsu/Human_Action_Recognition,fighting,0,0,0,0,0,0,0,0,0,0,0,0,0,0,0,0,0,1,1,0
data/external/actions/human_action_recognition/train/006474_laughing.jpg,Bingsu/Human_Action_Recognition,laughing,1,0,0,0,0,0,0,0,0,0,0,0,0,0,0,0,1,0,0,0
data/external/actions/human_action_recognition/train/006475_laughing.jpg,Bingsu/Human_Action_Recognition,laughing,1,0,0,0,0,0,0,0,0,0,0,0,0,0,0,0,1,0,0,0
data/external/actions/human_action_recognition/train/006476_using_laptop.jpg,Bingsu/Human_Action_Recognition,using_laptop,0,1,0,0,0,0,0,0,0,0,0,0,1,0,0,0,1,0,0,0
data/external/actions/human_action_recognition/train/006477_texting.jpg,Bingsu/Human_Action_Recognition,texting,0,1,0,0,0,0,0,0,0,0,0,0,0,0,0,0,1,0,0,0
data/external/actions/human_action_recognition/train/006478_fighting.jpg,Bingsu/Human_Action_Recognition,fighting,0,0,0,0,0,0,0,0,0,0,0,0,0,0,0,0,0,1,1,0
data/external/actions/human_action_recognition/train/006479_listening_to_music.jpg,Bingsu/Human_Action_Recognition,listening_to_music,0,1,0,0,0,0,0,0,0,0,0,0,0,0,0,0,1,0,0,0
data/external/actions/human_action_recognition/train/006480_listening_to_music.jpg,Bingsu/Human_Action_Recognition,listening_to_music,0,1,0,0,0,0,0,0,0,0,0,0,0,0,0,0,1,0,0,0
data/external/actions/human_action_recognition/train/006481_running.jpg,Bingsu/Human_Action_Recognition,running,0,0,0,0,0,0,1,0,0,0,0,0,0,0,0,0,0,1,1,0
data/external/actions/human_action_recognition/train/006482_listening_to_music.jpg,Bingsu/Human_Action_Recognition,listening_to_music,0,1,0,0,0,0,0,0,0,0,0,0,0,0,0,0,1,0,0,0
data/external/actions/human_action_recognition/train/006483_using_laptop.jpg,Bingsu/Human_Action_Recognition,using_laptop,0,1,0,0,0,0,0,0,0,0,0,0,1,0,0,0,1,0,0,0
data/external/actions/human_action_recognition/train/006484_laughing.jpg,Bingsu/Human_Action_Recognition,laughing,1,0,0,0,0,0,0,0,0,0,0,0,0,0,0,0,1,0,0,0
data/external/actions/human_action_recognition/train/006485_texting.jpg,Bingsu/Human_Action_Recognition,texting,0,1,0,0,0,0,0,0,0,0,0,0,0,0,0,0,1,0,0,0
data/external/actions/human_action_recognition/train/006486_using_laptop.jpg,Bingsu/Human_Action_Recognition,using_laptop,0,1,0,0,0,0,0,0,0,0,0,0,1,0,0,0,1,0,0,0
data/external/actions/human_action_recognition/train/006487_listening_to_music.jpg,Bingsu/Human_Action_Recognition,listening_to_music,0,1,0,0,0,0,0,0,0,0,0,0,0,0,0,0,1,0,0,0
data/external/actions/human_action_recognition/train/006488_eating.jpg,Bingsu/Human_Action_Recognition,eating,0,0,0,0,0,0,0,0,0,0,0,0,0,1,0,0,0,0,0,0
data/external/actions/human_action_recognition/train/006489_eating.jpg,Bingsu/Human_Action_Recognition,eating,0,0,0,0,0,0,0,0,0,0,0,0,0,1,0,0,0,0,0,0
data/external/actions/human_action_recognition/train/006490_hugging.jpg,Bingsu/Human_Action_Recognition,hugging,1,0,0,0,0,0,0,0,0,0,0,0,0,0,0,0,1,0,0,0
data/external/actions/human_action_recognition/train/006491_running.jpg,Bingsu/Human_Action_Recognition,running,0,0,0,0,0,0,1,0,0,0,0,0,0,0,0,0,0,1,1,0
data/external/actions/human_action_recognition/train/006492_sitting.jpg,Bingsu/Human_Action_Recognition,sitting,0,1,0,0,0,0,0,0,0,0,0,0,0,0,0,0,1,0,0,0
data/external/actions/human_action_recognition/train/006493_dancing.jpg,Bingsu/Human_Action_Recognition,dancing,0,0,0,0,0,0,0,0,0,0,1,0,0,0,0,0,0,1,0,0
data/external/actions/human_action_recognition/train/006494_calling.jpg,Bingsu/Human_Action_Recognition,calling,1,0,0,0,0,0,0,0,0,0,0,0,0,0,0,0,1,0,0,0
data/external/actions/human_action_recognition/train/006495_sitting.jpg,Bingsu/Human_Action_Recognition,sitting,0,1,0,0,0,0,0,0,0,0,0,0,0,0,0,0,1,0,0,0
data/external/actions/human_action_recognition/train/006496_running.jpg,Bingsu/Human_Action_Recognition,running,0,0,0,0,0,0,1,0,0,0,0,0,0,0,0,0,0,1,1,0
data/external/actions/human_action_recognition/train/006497_calling.jpg,Bingsu/Human_Action_Recognition,calling,1,0,0,0,0,0,0,0,0,0,0,0,0,0,0,0,1,0,0,0
data/external/actions/human_action_recognition/train/006498_sleeping.jpg,Bingsu/Human_Action_Recognition,sleeping,0,0,1,0,0,0,0,0,0,0,0,0,0,0,0,0,1,0,0,0
data/external/actions/human_action_recognition/train/006499_listening_to_music.jpg,Bingsu/Human_Action_Recognition,listening_to_music,0,1,0,0,0,0,0,0,0,0,0,0,0,0,0,0,1,0,0,0
data/external/actions/human_action_recognition/train/006500_fighting.jpg,Bingsu/Human_Action_Recognition,fighting,0,0,0,0,0,0,0,0,0,0,0,0,0,0,0,0,0,1,1,0
data/external/actions/human_action_recognition/train/006501_sitting.jpg,Bingsu/Human_Action_Recognition,sitting,0,1,0,0,0,0,0,0,0,0,0,0,0,0,0,0,1,0,0,0
data/external/actions/human_action_recognition/train/006502_cycling.jpg,Bingsu/Human_Action_Recognition,cycling,0,0,0,0,0,0,0,0,1,0,0,0,0,0,0,0,0,1,0,0
data/external/actions/human_action_recognition/train/006503_sleeping.jpg,Bingsu/Human_Action_Recognition,sleeping,0,0,1,0,0,0,0,0,0,0,0,0,0,0,0,0,1,0,0,0
data/external/actions/human_action_recognition/train/006504_cycling.jpg,Bingsu/Human_Action_Recognition,cycling,0,0,0,0,0,0,0,0,1,0,0,0,0,0,0,0,0,1,0,0
data/external/actions/human_action_recognition/train/006505_sitting.jpg,Bingsu/Human_Action_Recognition,sitting,0,1,0,0,0,0,0,0,0,0,0,0,0,0,0,0,1,0,0,0
data/external/actions/human_action_recognition/train/006506_drinking.jpg,Bingsu/Human_Action_Recognition,drinking,0,0,0,0,0,0,0,0,0,0,0,0,0,0,1,0,0,0,0,0
data/external/actions/human_action_recognition/train/006507_clapping.jpg,Bingsu/Human_Action_Recognition,clapping,0,0,0,0,1,0,0,0,0,0,0,0,0,0,0,0,0,1,0,0
data/external/actions/human_action_recognition/train/006508_clapping.jpg,Bingsu/Human_Action_Recognition,clapping,0,0,0,0,1,0,0,0,0,0,0,0,0,0,0,0,0,1,0,0
data/external/actions/human_action_recognition/train/006509_drinking.jpg,Bingsu/Human_Action_Recognition,drinking,0,0,0,0,0,0,0,0,0,0,0,0,0,0,1,0,0,0,0,0
data/external/actions/human_action_recognition/train/006510_sleeping.jpg,Bingsu/Human_Action_Recognition,sleeping,0,0,1,0,0,0,0,0,0,0,0,0,0,0,0,0,1,0,0,0
data/external/actions/human_action_recognition/train/006511_dancing.jpg,Bingsu/Human_Action_Recognition,dancing,0,0,0,0,0,0,0,0,0,0,1,0,0,0,0,0,0,1,0,0
data/external/actions/human_action_recognition/train/006512_texting.jpg,Bingsu/Human_Action_Recognition,texting,0,1,0,0,0,0,0,0,0,0,0,0,0,0,0,0,1,0,0,0
data/external/actions/human_action_recognition/train/006513_drinking.jpg,Bingsu/Human_Action_Recognition,drinking,0,0,0,0,0,0,0,0,0,0,0,0,0,0,1,0,0,0,0,0
data/external/actions/human_action_recognition/train/006514_laughing.jpg,Bingsu/Human_Action_Recognition,laughing,1,0,0,0,0,0,0,0,0,0,0,0,0,0,0,0,1,0,0,0
data/external/actions/human_action_recognition/train/006515_using_laptop.jpg,Bingsu/Human_Action_Recognition,using_laptop,0,1,0,0,0,0,0,0,0,0,0,0,1,0,0,0,1,0,0,0
data/external/actions/human_action_recognition/train/006516_dancing.jpg,Bingsu/Human_Action_Recognition,dancing,0,0,0,0,0,0,0,0,0,0,1,0,0,0,0,0,0,1,0,0
data/external/actions/human_action_recognition/train/006517_fighting.jpg,Bingsu/Human_Action_Recognition,fighting,0,0,0,0,0,0,0,0,0,0,0,0,0,0,0,0,0,1,1,0
data/external/actions/human_action_recognition/train/006518_sleeping.jpg,Bingsu/Human_Action_Recognition,sleeping,0,0,1,0,0,0,0,0,0,0,0,0,0,0,0,0,1,0,0,0
data/external/actions/human_action_recognition/train/006519_dancing.jpg,Bingsu/Human_Action_Recognition,dancing,0,0,0,0,0,0,0,0,0,0,1,0,0,0,0,0,0,1,0,0
data/external/actions/human_action_recognition/train/006520_clapping.jpg,Bingsu/Human_Action_Recognition,clapping,0,0,0,0,1,0,0,0,0,0,0,0,0,0,0,0,0,1,0,0
data/external/actions/human_action_recognition/train/006521_cycling.jpg,Bingsu/Human_Action_Recognition,cycling,0,0,0,0,0,0,0,0,1,0,0,0,0,0,0,0,0,1,0,0
data/external/actions/human_action_recognition/train/006522_listening_to_music.jpg,Bingsu/Human_Action_Recognition,listening_to_music,0,1,0,0,0,0,0,0,0,0,0,0,0,0,0,0,1,0,0,0
data/external/actions/human_action_recognition/train/006523_listening_to_music.jpg,Bingsu/Human_Action_Recognition,listening_to_music,0,1,0,0,0,0,0,0,0,0,0,0,0,0,0,0,1,0,0,0
data/external/actions/human_action_recognition/train/006524_using_laptop.jpg,Bingsu/Human_Action_Recognition,using_laptop,0,1,0,0,0,0,0,0,0,0,0,0,1,0,0,0,1,0,0,0
data/external/actions/human_action_recognition/train/006525_eating.jpg,Bingsu/Human_Action_Recognition,eating,0,0,0,0,0,0,0,0,0,0,0,0,0,1,0,0,0,0,0,0
data/external/actions/human_action_recognition/train/006526_running.jpg,Bingsu/Human_Action_Recognition,running,0,0,0,0,0,0,1,0,0,0,0,0,0,0,0,0,0,1,1,0
data/external/actions/human_action_recognition/train/006527_cycling.jpg,Bingsu/Human_Action_Recognition,cycling,0,0,0,0,0,0,0,0,1,0,0,0,0,0,0,0,0,1,0,0
data/external/actions/human_action_recognition/train/006528_running.jpg,Bingsu/Human_Action_Recognition,running,0,0,0,0,0,0,1,0,0,0,0,0,0,0,0,0,0,1,1,0
data/external/actions/human_action_recognition/train/006529_dancing.jpg,Bingsu/Human_Action_Recognition,dancing,0,0,0,0,0,0,0,0,0,0,1,0,0,0,0,0,0,1,0,0
data/external/actions/human_action_recognition/train/006530_texting.jpg,Bingsu/Human_Action_Recognition,texting,0,1,0,0,0,0,0,0,0,0,0,0,0,0,0,0,1,0,0,0
data/external/actions/human_action_recognition/train/006531_sitting.jpg,Bingsu/Human_Action_Recognition,sitting,0,1,0,0,0,0,0,0,0,0,0,0,0,0,0,0,1,0,0,0
data/external/actions/human_action_recognition/train/006532_eating.jpg,Bingsu/Human_Action_Recognition,eating,0,0,0,0,0,0,0,0,0,0,0,0,0,1,0,0,0,0,0,0
data/external/actions/human_action_recognition/train/006533_running.jpg,Bingsu/Human_Action_Recognition,running,0,0,0,0,0,0,1,0,0,0,0,0,0,0,0,0,0,1,1,0
data/external/actions/human_action_recognition/train/006534_listening_to_music.jpg,Bingsu/Human_Action_Recognition,listening_to_music,0,1,0,0,0,0,0,0,0,0,0,0,0,0,0,0,1,0,0,0
data/external/actions/human_action_recognition/train/006535_clapping.jpg,Bingsu/Human_Action_Recognition,clapping,0,0,0,0,1,0,0,0,0,0,0,0,0,0,0,0,0,1,0,0
data/external/actions/human_action_recognition/train/006536_sitting.jpg,Bingsu/Human_Action_Recognition,sitting,0,1,0,0,0,0,0,0,0,0,0,0,0,0,0,0,1,0,0,0
data/external/actions/human_action_recognition/train/006537_hugging.jpg,Bingsu/Human_Action_Recognition,hugging,1,0,0,0,0,0,0,0,0,0,0,0,0,0,0,0,1,0,0,0
data/external/actions/human_action_recognition/train/006538_drinking.jpg,Bingsu/Human_Action_Recognition,drinking,0,0,0,0,0,0,0,0,0,0,0,0,0,0,1,0,0,0,0,0
data/external/actions/human_action_recognition/train/006539_dancing.jpg,Bingsu/Human_Action_Recognition,dancing,0,0,0,0,0,0,0,0,0,0,1,0,0,0,0,0,0,1,0,0
data/external/actions/human_action_recognition/train/006540_sitting.jpg,Bingsu/Human_Action_Recognition,sitting,0,1,0,0,0,0,0,0,0,0,0,0,0,0,0,0,1,0,0,0
data/external/actions/human_action_recognition/train/006541_dancing.jpg,Bingsu/Human_Action_Recognition,dancing,0,0,0,0,0,0,0,0,0,0,1,0,0,0,0,0,0,1,0,0
data/external/actions/human_action_recognition/train/006542_fighting.jpg,Bingsu/Human_Action_Recognition,fighting,0,0,0,0,0,0,0,0,0,0,0,0,0,0,0,0,0,1,1,0
data/external/actions/human_action_recognition/train/006543_dancing.jpg,Bingsu/Human_Action_Recognition,dancing,0,0,0,0,0,0,0,0,0,0,1,0,0,0,0,0,0,1,0,0
data/external/actions/human_action_recognition/train/006544_hugging.jpg,Bingsu/Human_Action_Recognition,hugging,1,0,0,0,0,0,0,0,0,0,0,0,0,0,0,0,1,0,0,0
data/external/actions/human_action_recognition/train/006545_drinking.jpg,Bingsu/Human_Action_Recognition,drinking,0,0,0,0,0,0,0,0,0,0,0,0,0,0,1,0,0,0,0,0
data/external/actions/human_action_recognition/train/006546_hugging.jpg,Bingsu/Human_Action_Recognition,hugging,1,0,0,0,0,0,0,0,0,0,0,0,0,0,0,0,1,0,0,0
data/external/actions/human_action_recognition/train/006547_clapping.jpg,Bingsu/Human_Action_Recognition,clapping,0,0,0,0,1,0,0,0,0,0,0,0,0,0,0,0,0,1,0,0
data/external/actions/human_action_recognition/train/006548_running.jpg,Bingsu/Human_Action_Recognition,running,0,0,0,0,0,0,1,0,0,0,0,0,0,0,0,0,0,1,1,0
data/external/actions/human_action_recognition/train/006549_drinking.jpg,Bingsu/Human_Action_Recognition,drinking,0,0,0,0,0,0,0,0,0,0,0,0,0,0,1,0,0,0,0,0
data/external/actions/human_action_recognition/train/006550_eating.jpg,Bingsu/Human_Action_Recognition,eating,0,0,0,0,0,0,0,0,0,0,0,0,0,1,0,0,0,0,0,0
data/external/actions/human_action_recognition/train/006551_running.jpg,Bingsu/Human_Action_Recognition,running,0,0,0,0,0,0,1,0,0,0,0,0,0,0,0,0,0,1,1,0
data/external/actions/human_action_recognition/train/006552_using_laptop.jpg,Bingsu/Human_Action_Recognition,using_laptop,0,1,0,0,0,0,0,0,0,0,0,0,1,0,0,0,1,0,0,0
data/external/actions/human_action_recognition/train/006553_running.jpg,Bingsu/Human_Action_Recognition,running,0,0,0,0,0,0,1,0,0,0,0,0,0,0,0,0,0,1,1,0
data/external/actions/human_action_recognition/train/006554_laughing.jpg,Bingsu/Human_Action_Recognition,laughing,1,0,0,0,0,0,0,0,0,0,0,0,0,0,0,0,1,0,0,0
data/external/actions/human_action_recognition/train/006555_dancing.jpg,Bingsu/Human_Action_Recognition,dancing,0,0,0,0,0,0,0,0,0,0,1,0,0,0,0,0,0,1,0,0
data/external/actions/human_action_recognition/train/006556_sleeping.jpg,Bingsu/Human_Action_Recognition,sleeping,0,0,1,0,0,0,0,0,0,0,0,0,0,0,0,0,1,0,0,0
data/external/actions/human_action_recognition/train/006557_listening_to_music.jpg,Bingsu/Human_Action_Recognition,listening_to_music,0,1,0,0,0,0,0,0,0,0,0,0,0,0,0,0,1,0,0,0
data/external/actions/human_action_recognition/train/006558_laughing.jpg,Bingsu/Human_Action_Recognition,laughing,1,0,0,0,0,0,0,0,0,0,0,0,0,0,0,0,1,0,0,0
data/external/actions/human_action_recognition/train/006559_laughing.jpg,Bingsu/Human_Action_Recognition,laughing,1,0,0,0,0,0,0,0,0,0,0,0,0,0,0,0,1,0,0,0
data/external/actions/human_action_recognition/train/006560_laughing.jpg,Bingsu/Human_Action_Recognition,laughing,1,0,0,0,0,0,0,0,0,0,0,0,0,0,0,0,1,0,0,0
data/external/actions/human_action_recognition/train/006561_drinking.jpg,Bingsu/Human_Action_Recognition,drinking,0,0,0,0,0,0,0,0,0,0,0,0,0,0,1,0,0,0,0,0
data/external/actions/human_action_recognition/train/006562_laughing.jpg,Bingsu/Human_Action_Recognition,laughing,1,0,0,0,0,0,0,0,0,0,0,0,0,0,0,0,1,0,0,0
data/external/actions/human_action_recognition/train/006563_fighting.jpg,Bingsu/Human_Action_Recognition,fighting,0,0,0,0,0,0,0,0,0,0,0,0,0,0,0,0,0,1,1,0
data/external/actions/human_action_recognition/train/006564_clapping.jpg,Bingsu/Human_Action_Recognition,clapping,0,0,0,0,1,0,0,0,0,0,0,0,0,0,0,0,0,1,0,0
data/external/actions/human_action_recognition/train/006565_calling.jpg,Bingsu/Human_Action_Recognition,calling,1,0,0,0,0,0,0,0,0,0,0,0,0,0,0,0,1,0,0,0
data/external/actions/human_action_recognition/train/006566_texting.jpg,Bingsu/Human_Action_Recognition,texting,0,1,0,0,0,0,0,0,0,0,0,0,0,0,0,0,1,0,0,0
data/external/actions/human_action_recognition/train/006567_clapping.jpg,Bingsu/Human_Action_Recognition,clapping,0,0,0,0,1,0,0,0,0,0,0,0,0,0,0,0,0,1,0,0
data/external/actions/human_action_recognition/train/006568_clapping.jpg,Bingsu/Human_Action_Recognition,clapping,0,0,0,0,1,0,0,0,0,0,0,0,0,0,0,0,0,1,0,0
data/external/actions/human_action_recognition/train/006569_using_laptop.jpg,Bingsu/Human_Action_Recognition,using_laptop,0,1,0,0,0,0,0,0,0,0,0,0,1,0,0,0,1,0,0,0
data/external/actions/human_action_recognition/train/006570_texting.jpg,Bingsu/Human_Action_Recognition,texting,0,1,0,0,0,0,0,0,0,0,0,0,0,0,0,0,1,0,0,0
data/external/actions/human_action_recognition/train/006571_drinking.jpg,Bingsu/Human_Action_Recognition,drinking,0,0,0,0,0,0,0,0,0,0,0,0,0,0,1,0,0,0,0,0
data/external/actions/human_action_recognition/train/006572_hugging.jpg,Bingsu/Human_Action_Recognition,hugging,1,0,0,0,0,0,0,0,0,0,0,0,0,0,0,0,1,0,0,0
data/external/actions/human_action_recognition/train/006573_fighting.jpg,Bingsu/Human_Action_Recognition,fighting,0,0,0,0,0,0,0,0,0,0,0,0,0,0,0,0,0,1,1,0
data/external/actions/human_action_recognition/train/006574_cycling.jpg,Bingsu/Human_Action_Recognition,cycling,0,0,0,0,0,0,0,0,1,0,0,0,0,0,0,0,0,1,0,0
data/external/actions/human_action_recognition/train/006575_hugging.jpg,Bingsu/Human_Action_Recognition,hugging,1,0,0,0,0,0,0,0,0,0,0,0,0,0,0,0,1,0,0,0
data/external/actions/human_action_recognition/train/006576_cycling.jpg,Bingsu/Human_Action_Recognition,cycling,0,0,0,0,0,0,0,0,1,0,0,0,0,0,0,0,0,1,0,0
data/external/actions/human_action_recognition/train/006577_sleeping.jpg,Bingsu/Human_Action_Recognition,sleeping,0,0,1,0,0,0,0,0,0,0,0,0,0,0,0,0,1,0,0,0
data/external/actions/human_action_recognition/train/006578_texting.jpg,Bingsu/Human_Action_Recognition,texting,0,1,0,0,0,0,0,0,0,0,0,0,0,0,0,0,1,0,0,0
data/external/actions/human_action_recognition/train/006579_texting.jpg,Bingsu/Human_Action_Recognition,texting,0,1,0,0,0,0,0,0,0,0,0,0,0,0,0,0,1,0,0,0
data/external/actions/human_action_recognition/train/006580_dancing.jpg,Bingsu/Human_Action_Recognition,dancing,0,0,0,0,0,0,0,0,0,0,1,0,0,0,0,0,0,1,0,0
data/external/actions/human_action_recognition/train/006581_dancing.jpg,Bingsu/Human_Action_Recognition,dancing,0,0,0,0,0,0,0,0,0,0,1,0,0,0,0,0,0,1,0,0
data/external/actions/human_action_recognition/train/006582_clapping.jpg,Bingsu/Human_Action_Recognition,clapping,0,0,0,0,1,0,0,0,0,0,0,0,0,0,0,0,0,1,0,0
data/external/actions/human_action_recognition/train/006583_sleeping.jpg,Bingsu/Human_Action_Recognition,sleeping,0,0,1,0,0,0,0,0,0,0,0,0,0,0,0,0,1,0,0,0
data/external/actions/human_action_recognition/train/006584_texting.jpg,Bingsu/Human_Action_Recognition,texting,0,1,0,0,0,0,0,0,0,0,0,0,0,0,0,0,1,0,0,0
data/external/actions/human_action_recognition/train/006585_running.jpg,Bingsu/Human_Action_Recognition,running,0,0,0,0,0,0,1,0,0,0,0,0,0,0,0,0,0,1,1,0
data/external/actions/human_action_recognition/train/006586_sitting.jpg,Bingsu/Human_Action_Recognition,sitting,0,1,0,0,0,0,0,0,0,0,0,0,0,0,0,0,1,0,0,0
data/external/actions/human_action_recognition/train/006587_drinking.jpg,Bingsu/Human_Action_Recognition,drinking,0,0,0,0,0,0,0,0,0,0,0,0,0,0,1,0,0,0,0,0
data/external/actions/human_action_recognition/train/006588_listening_to_music.jpg,Bingsu/Human_Action_Recognition,listening_to_music,0,1,0,0,0,0,0,0,0,0,0,0,0,0,0,0,1,0,0,0
data/external/actions/human_action_recognition/train/006589_calling.jpg,Bingsu/Human_Action_Recognition,calling,1,0,0,0,0,0,0,0,0,0,0,0,0,0,0,0,1,0,0,0
data/external/actions/human_action_recognition/train/006590_hugging.jpg,Bingsu/Human_Action_Recognition,hugging,1,0,0,0,0,0,0,0,0,0,0,0,0,0,0,0,1,0,0,0
data/external/actions/human_action_recognition/train/006591_calling.jpg,Bingsu/Human_Action_Recognition,calling,1,0,0,0,0,0,0,0,0,0,0,0,0,0,0,0,1,0,0,0
data/external/actions/human_action_recognition/train/006592_sitting.jpg,Bingsu/Human_Action_Recognition,sitting,0,1,0,0,0,0,0,0,0,0,0,0,0,0,0,0,1,0,0,0
data/external/actions/human_action_recognition/train/006593_fighting.jpg,Bingsu/Human_Action_Recognition,fighting,0,0,0,0,0,0,0,0,0,0,0,0,0,0,0,0,0,1,1,0
data/external/actions/human_action_recognition/train/006594_dancing.jpg,Bingsu/Human_Action_Recognition,dancing,0,0,0,0,0,0,0,0,0,0,1,0,0,0,0,0,0,1,0,0
data/external/actions/human_action_recognition/train/006595_eating.jpg,Bingsu/Human_Action_Recognition,eating,0,0,0,0,0,0,0,0,0,0,0,0,0,1,0,0,0,0,0,0
data/external/actions/human_action_recognition/train/006596_listening_to_music.jpg,Bingsu/Human_Action_Recognition,listening_to_music,0,1,0,0,0,0,0,0,0,0,0,0,0,0,0,0,1,0,0,0
data/external/actions/human_action_recognition/train/006597_texting.jpg,Bingsu/Human_Action_Recognition,texting,0,1,0,0,0,0,0,0,0,0,0,0,0,0,0,0,1,0,0,0
data/external/actions/human_action_recognition/train/006598_using_laptop.jpg,Bingsu/Human_Action_Recognition,using_laptop,0,1,0,0,0,0,0,0,0,0,0,0,1,0,0,0,1,0,0,0
data/external/actions/human_action_recognition/train/006599_laughing.jpg,Bingsu/Human_Action_Recognition,laughing,1,0,0,0,0,0,0,0,0,0,0,0,0,0,0,0,1,0,0,0
data/external/actions/human_action_recognition/train/006600_using_laptop.jpg,Bingsu/Human_Action_Recognition,using_laptop,0,1,0,0,0,0,0,0,0,0,0,0,1,0,0,0,1,0,0,0
data/external/actions/human_action_recognition/train/006601_laughing.jpg,Bingsu/Human_Action_Recognition,laughing,1,0,0,0,0,0,0,0,0,0,0,0,0,0,0,0,1,0,0,0
data/external/actions/human_action_recognition/train/006602_cycling.jpg,Bingsu/Human_Action_Recognition,cycling,0,0,0,0,0,0,0,0,1,0,0,0,0,0,0,0,0,1,0,0
data/external/actions/human_action_recognition/train/006603_sleeping.jpg,Bingsu/Human_Action_Recognition,sleeping,0,0,1,0,0,0,0,0,0,0,0,0,0,0,0,0,1,0,0,0
data/external/actions/human_action_recognition/train/006604_drinking.jpg,Bingsu/Human_Action_Recognition,drinking,0,0,0,0,0,0,0,0,0,0,0,0,0,0,1,0,0,0,0,0
data/external/actions/human_action_recognition/train/006605_eating.jpg,Bingsu/Human_Action_Recognition,eating,0,0,0,0,0,0,0,0,0,0,0,0,0,1,0,0,0,0,0,0
data/external/actions/human_action_recognition/train/006606_texting.jpg,Bingsu/Human_Action_Recognition,texting,0,1,0,0,0,0,0,0,0,0,0,0,0,0,0,0,1,0,0,0
data/external/actions/human_action_recognition/train/006607_dancing.jpg,Bingsu/Human_Action_Recognition,dancing,0,0,0,0,0,0,0,0,0,0,1,0,0,0,0,0,0,1,0,0
data/external/actions/human_action_recognition/train/006608_running.jpg,Bingsu/Human_Action_Recognition,running,0,0,0,0,0,0,1,0,0,0,0,0,0,0,0,0,0,1,1,0
data/external/actions/human_action_recognition/train/006609_clapping.jpg,Bingsu/Human_Action_Recognition,clapping,0,0,0,0,1,0,0,0,0,0,0,0,0,0,0,0,0,1,0,0
data/external/actions/human_action_recognition/train/006610_calling.jpg,Bingsu/Human_Action_Recognition,calling,1,0,0,0,0,0,0,0,0,0,0,0,0,0,0,0,1,0,0,0
data/external/actions/human_action_recognition/train/006611_eating.jpg,Bingsu/Human_Action_Recognition,eating,0,0,0,0,0,0,0,0,0,0,0,0,0,1,0,0,0,0,0,0
data/external/actions/human_action_recognition/train/006612_cycling.jpg,Bingsu/Human_Action_Recognition,cycling,0,0,0,0,0,0,0,0,1,0,0,0,0,0,0,0,0,1,0,0
data/external/actions/human_action_recognition/train/006613_texting.jpg,Bingsu/Human_Action_Recognition,texting,0,1,0,0,0,0,0,0,0,0,0,0,0,0,0,0,1,0,0,0
data/external/actions/human_action_recognition/train/006614_using_laptop.jpg,Bingsu/Human_Action_Recognition,using_laptop,0,1,0,0,0,0,0,0,0,0,0,0,1,0,0,0,1,0,0,0
data/external/actions/human_action_recognition/train/006615_calling.jpg,Bingsu/Human_Action_Recognition,calling,1,0,0,0,0,0,0,0,0,0,0,0,0,0,0,0,1,0,0,0
data/external/actions/human_action_recognition/train/006616_clapping.jpg,Bingsu/Human_Action_Recognition,clapping,0,0,0,0,1,0,0,0,0,0,0,0,0,0,0,0,0,1,0,0
data/external/actions/human_action_recognition/train/006617_dancing.jpg,Bingsu/Human_Action_Recognition,dancing,0,0,0,0,0,0,0,0,0,0,1,0,0,0,0,0,0,1,0,0
data/external/actions/human_action_recognition/train/006618_listening_to_music.jpg,Bingsu/Human_Action_Recognition,listening_to_music,0,1,0,0,0,0,0,0,0,0,0,0,0,0,0,0,1,0,0,0
data/external/actions/human_action_recognition/train/006619_cycling.jpg,Bingsu/Human_Action_Recognition,cycling,0,0,0,0,0,0,0,0,1,0,0,0,0,0,0,0,0,1,0,0
data/external/actions/human_action_recognition/train/006620_drinking.jpg,Bingsu/Human_Action_Recognition,drinking,0,0,0,0,0,0,0,0,0,0,0,0,0,0,1,0,0,0,0,0
data/external/actions/human_action_recognition/train/006621_sleeping.jpg,Bingsu/Human_Action_Recognition,sleeping,0,0,1,0,0,0,0,0,0,0,0,0,0,0,0,0,1,0,0,0
data/external/actions/human_action_recognition/train/006622_using_laptop.jpg,Bingsu/Human_Action_Recognition,using_laptop,0,1,0,0,0,0,0,0,0,0,0,0,1,0,0,0,1,0,0,0
data/external/actions/human_action_recognition/train/006623_texting.jpg,Bingsu/Human_Action_Recognition,texting,0,1,0,0,0,0,0,0,0,0,0,0,0,0,0,0,1,0,0,0
data/external/actions/human_action_recognition/train/006624_clapping.jpg,Bingsu/Human_Action_Recognition,clapping,0,0,0,0,1,0,0,0,0,0,0,0,0,0,0,0,0,1,0,0
data/external/actions/human_action_recognition/train/006625_sleeping.jpg,Bingsu/Human_Action_Recognition,sleeping,0,0,1,0,0,0,0,0,0,0,0,0,0,0,0,0,1,0,0,0
data/external/actions/human_action_recognition/train/006626_hugging.jpg,Bingsu/Human_Action_Recognition,hugging,1,0,0,0,0,0,0,0,0,0,0,0,0,0,0,0,1,0,0,0
data/external/actions/human_action_recognition/train/006627_dancing.jpg,Bingsu/Human_Action_Recognition,dancing,0,0,0,0,0,0,0,0,0,0,1,0,0,0,0,0,0,1,0,0
data/external/actions/human_action_recognition/train/006628_sleeping.jpg,Bingsu/Human_Action_Recognition,sleeping,0,0,1,0,0,0,0,0,0,0,0,0,0,0,0,0,1,0,0,0
data/external/actions/human_action_recognition/train/006629_running.jpg,Bingsu/Human_Action_Recognition,running,0,0,0,0,0,0,1,0,0,0,0,0,0,0,0,0,0,1,1,0
data/external/actions/human_action_recognition/train/006630_fighting.jpg,Bingsu/Human_Action_Recognition,fighting,0,0,0,0,0,0,0,0,0,0,0,0,0,0,0,0,0,1,1,0
data/external/actions/human_action_recognition/train/006631_using_laptop.jpg,Bingsu/Human_Action_Recognition,using_laptop,0,1,0,0,0,0,0,0,0,0,0,0,1,0,0,0,1,0,0,0
data/external/actions/human_action_recognition/train/006632_sleeping.jpg,Bingsu/Human_Action_Recognition,sleeping,0,0,1,0,0,0,0,0,0,0,0,0,0,0,0,0,1,0,0,0
data/external/actions/human_action_recognition/train/006633_laughing.jpg,Bingsu/Human_Action_Recognition,laughing,1,0,0,0,0,0,0,0,0,0,0,0,0,0,0,0,1,0,0,0
data/external/actions/human_action_recognition/train/006634_hugging.jpg,Bingsu/Human_Action_Recognition,hugging,1,0,0,0,0,0,0,0,0,0,0,0,0,0,0,0,1,0,0,0
data/external/actions/human_action_recognition/train/006635_sitting.jpg,Bingsu/Human_Action_Recognition,sitting,0,1,0,0,0,0,0,0,0,0,0,0,0,0,0,0,1,0,0,0
data/external/actions/human_action_recognition/train/006636_laughing.jpg,Bingsu/Human_Action_Recognition,laughing,1,0,0,0,0,0,0,0,0,0,0,0,0,0,0,0,1,0,0,0
data/external/actions/human_action_recognition/train/006637_texting.jpg,Bingsu/Human_Action_Recognition,texting,0,1,0,0,0,0,0,0,0,0,0,0,0,0,0,0,1,0,0,0
data/external/actions/human_action_recognition/train/006638_dancing.jpg,Bingsu/Human_Action_Recognition,dancing,0,0,0,0,0,0,0,0,0,0,1,0,0,0,0,0,0,1,0,0
data/external/actions/human_action_recognition/train/006639_laughing.jpg,Bingsu/Human_Action_Recognition,laughing,1,0,0,0,0,0,0,0,0,0,0,0,0,0,0,0,1,0,0,0
data/external/actions/human_action_recognition/train/006640_laughing.jpg,Bingsu/Human_Action_Recognition,laughing,1,0,0,0,0,0,0,0,0,0,0,0,0,0,0,0,1,0,0,0
data/external/actions/human_action_recognition/train/006641_clapping.jpg,Bingsu/Human_Action_Recognition,clapping,0,0,0,0,1,0,0,0,0,0,0,0,0,0,0,0,0,1,0,0
data/external/actions/human_action_recognition/train/006642_drinking.jpg,Bingsu/Human_Action_Recognition,drinking,0,0,0,0,0,0,0,0,0,0,0,0,0,0,1,0,0,0,0,0
data/external/actions/human_action_recognition/train/006643_sleeping.jpg,Bingsu/Human_Action_Recognition,sleeping,0,0,1,0,0,0,0,0,0,0,0,0,0,0,0,0,1,0,0,0
data/external/actions/human_action_recognition/train/006644_hugging.jpg,Bingsu/Human_Action_Recognition,hugging,1,0,0,0,0,0,0,0,0,0,0,0,0,0,0,0,1,0,0,0
data/external/actions/human_action_recognition/train/006645_running.jpg,Bingsu/Human_Action_Recognition,running,0,0,0,0,0,0,1,0,0,0,0,0,0,0,0,0,0,1,1,0
data/external/actions/human_action_recognition/train/006646_laughing.jpg,Bingsu/Human_Action_Recognition,laughing,1,0,0,0,0,0,0,0,0,0,0,0,0,0,0,0,1,0,0,0
data/external/actions/human_action_recognition/train/006647_clapping.jpg,Bingsu/Human_Action_Recognition,clapping,0,0,0,0,1,0,0,0,0,0,0,0,0,0,0,0,0,1,0,0
data/external/actions/human_action_recognition/train/006648_fighting.jpg,Bingsu/Human_Action_Recognition,fighting,0,0,0,0,0,0,0,0,0,0,0,0,0,0,0,0,0,1,1,0
data/external/actions/human_action_recognition/train/006649_using_laptop.jpg,Bingsu/Human_Action_Recognition,using_laptop,0,1,0,0,0,0,0,0,0,0,0,0,1,0,0,0,1,0,0,0
data/external/actions/human_action_recognition/train/006650_calling.jpg,Bingsu/Human_Action_Recognition,calling,1,0,0,0,0,0,0,0,0,0,0,0,0,0,0,0,1,0,0,0
data/external/actions/human_action_recognition/train/006651_listening_to_music.jpg,Bingsu/Human_Action_Recognition,listening_to_music,0,1,0,0,0,0,0,0,0,0,0,0,0,0,0,0,1,0,0,0
data/external/actions/human_action_recognition/train/006652_laughing.jpg,Bingsu/Human_Action_Recognition,laughing,1,0,0,0,0,0,0,0,0,0,0,0,0,0,0,0,1,0,0,0
data/external/actions/human_action_recognition/train/006653_using_laptop.jpg,Bingsu/Human_Action_Recognition,using_laptop,0,1,0,0,0,0,0,0,0,0,0,0,1,0,0,0,1,0,0,0
data/external/actions/human_action_recognition/train/006654_cycling.jpg,Bingsu/Human_Action_Recognition,cycling,0,0,0,0,0,0,0,0,1,0,0,0,0,0,0,0,0,1,0,0
data/external/actions/human_action_recognition/train/006655_drinking.jpg,Bingsu/Human_Action_Recognition,drinking,0,0,0,0,0,0,0,0,0,0,0,0,0,0,1,0,0,0,0,0
data/external/actions/human_action_recognition/train/006656_dancing.jpg,Bingsu/Human_Action_Recognition,dancing,0,0,0,0,0,0,0,0,0,0,1,0,0,0,0,0,0,1,0,0
data/external/actions/human_action_recognition/train/006657_texting.jpg,Bingsu/Human_Action_Recognition,texting,0,1,0,0,0,0,0,0,0,0,0,0,0,0,0,0,1,0,0,0
data/external/actions/human_action_recognition/train/006658_dancing.jpg,Bingsu/Human_Action_Recognition,dancing,0,0,0,0,0,0,0,0,0,0,1,0,0,0,0,0,0,1,0,0
data/external/actions/human_action_recognition/train/006659_sitting.jpg,Bingsu/Human_Action_Recognition,sitting,0,1,0,0,0,0,0,0,0,0,0,0,0,0,0,0,1,0,0,0
data/external/actions/human_action_recognition/train/006660_dancing.jpg,Bingsu/Human_Action_Recognition,dancing,0,0,0,0,0,0,0,0,0,0,1,0,0,0,0,0,0,1,0,0
data/external/actions/human_action_recognition/train/006661_sleeping.jpg,Bingsu/Human_Action_Recognition,sleeping,0,0,1,0,0,0,0,0,0,0,0,0,0,0,0,0,1,0,0,0
data/external/actions/human_action_recognition/train/006662_fighting.jpg,Bingsu/Human_Action_Recognition,fighting,0,0,0,0,0,0,0,0,0,0,0,0,0,0,0,0,0,1,1,0
data/external/actions/human_action_recognition/train/006663_sleeping.jpg,Bingsu/Human_Action_Recognition,sleeping,0,0,1,0,0,0,0,0,0,0,0,0,0,0,0,0,1,0,0,0
data/external/actions/human_action_recognition/train/006664_hugging.jpg,Bingsu/Human_Action_Recognition,hugging,1,0,0,0,0,0,0,0,0,0,0,0,0,0,0,0,1,0,0,0
data/external/actions/human_action_recognition/train/006665_texting.jpg,Bingsu/Human_Action_Recognition,texting,0,1,0,0,0,0,0,0,0,0,0,0,0,0,0,0,1,0,0,0
data/external/actions/human_action_recognition/train/006666_sitting.jpg,Bingsu/Human_Action_Recognition,sitting,0,1,0,0,0,0,0,0,0,0,0,0,0,0,0,0,1,0,0,0
data/external/actions/human_action_recognition/train/006667_fighting.jpg,Bingsu/Human_Action_Recognition,fighting,0,0,0,0,0,0,0,0,0,0,0,0,0,0,0,0,0,1,1,0
data/external/actions/human_action_recognition/train/006668_listening_to_music.jpg,Bingsu/Human_Action_Recognition,listening_to_music,0,1,0,0,0,0,0,0,0,0,0,0,0,0,0,0,1,0,0,0
data/external/actions/human_action_recognition/train/006669_drinking.jpg,Bingsu/Human_Action_Recognition,drinking,0,0,0,0,0,0,0,0,0,0,0,0,0,0,1,0,0,0,0,0
data/external/actions/human_action_recognition/train/006670_dancing.jpg,Bingsu/Human_Action_Recognition,dancing,0,0,0,0,0,0,0,0,0,0,1,0,0,0,0,0,0,1,0,0
data/external/actions/human_action_recognition/train/006671_cycling.jpg,Bingsu/Human_Action_Recognition,cycling,0,0,0,0,0,0,0,0,1,0,0,0,0,0,0,0,0,1,0,0
data/external/actions/human_action_recognition/train/006672_texting.jpg,Bingsu/Human_Action_Recognition,texting,0,1,0,0,0,0,0,0,0,0,0,0,0,0,0,0,1,0,0,0
data/external/actions/human_action_recognition/train/006673_using_laptop.jpg,Bingsu/Human_Action_Recognition,using_laptop,0,1,0,0,0,0,0,0,0,0,0,0,1,0,0,0,1,0,0,0
data/external/actions/human_action_recognition/train/006674_drinking.jpg,Bingsu/Human_Action_Recognition,drinking,0,0,0,0,0,0,0,0,0,0,0,0,0,0,1,0,0,0,0,0
data/external/actions/human_action_recognition/train/006675_calling.jpg,Bingsu/Human_Action_Recognition,calling,1,0,0,0,0,0,0,0,0,0,0,0,0,0,0,0,1,0,0,0
data/external/actions/human_action_recognition/train/006676_running.jpg,Bingsu/Human_Action_Recognition,running,0,0,0,0,0,0,1,0,0,0,0,0,0,0,0,0,0,1,1,0
data/external/actions/human_action_recognition/train/006677_clapping.jpg,Bingsu/Human_Action_Recognition,clapping,0,0,0,0,1,0,0,0,0,0,0,0,0,0,0,0,0,1,0,0
data/external/actions/human_action_recognition/train/006678_dancing.jpg,Bingsu/Human_Action_Recognition,dancing,0,0,0,0,0,0,0,0,0,0,1,0,0,0,0,0,0,1,0,0
data/external/actions/human_action_recognition/train/006679_clapping.jpg,Bingsu/Human_Action_Recognition,clapping,0,0,0,0,1,0,0,0,0,0,0,0,0,0,0,0,0,1,0,0
data/external/actions/human_action_recognition/train/006680_using_laptop.jpg,Bingsu/Human_Action_Recognition,using_laptop,0,1,0,0,0,0,0,0,0,0,0,0,1,0,0,0,1,0,0,0
data/external/actions/human_action_recognition/train/006681_drinking.jpg,Bingsu/Human_Action_Recognition,drinking,0,0,0,0,0,0,0,0,0,0,0,0,0,0,1,0,0,0,0,0
data/external/actions/human_action_recognition/train/006682_calling.jpg,Bingsu/Human_Action_Recognition,calling,1,0,0,0,0,0,0,0,0,0,0,0,0,0,0,0,1,0,0,0
data/external/actions/human_action_recognition/train/006683_clapping.jpg,Bingsu/Human_Action_Recognition,clapping,0,0,0,0,1,0,0,0,0,0,0,0,0,0,0,0,0,1,0,0
data/external/actions/human_action_recognition/train/006684_eating.jpg,Bingsu/Human_Action_Recognition,eating,0,0,0,0,0,0,0,0,0,0,0,0,0,1,0,0,0,0,0,0
data/external/actions/human_action_recognition/train/006685_drinking.jpg,Bingsu/Human_Action_Recognition,drinking,0,0,0,0,0,0,0,0,0,0,0,0,0,0,1,0,0,0,0,0
data/external/actions/human_action_recognition/train/006686_dancing.jpg,Bingsu/Human_Action_Recognition,dancing,0,0,0,0,0,0,0,0,0,0,1,0,0,0,0,0,0,1,0,0
data/external/actions/human_action_recognition/train/006687_cycling.jpg,Bingsu/Human_Action_Recognition,cycling,0,0,0,0,0,0,0,0,1,0,0,0,0,0,0,0,0,1,0,0
data/external/actions/human_action_recognition/train/006688_sleeping.jpg,Bingsu/Human_Action_Recognition,sleeping,0,0,1,0,0,0,0,0,0,0,0,0,0,0,0,0,1,0,0,0
data/external/actions/human_action_recognition/train/006689_laughing.jpg,Bingsu/Human_Action_Recognition,laughing,1,0,0,0,0,0,0,0,0,0,0,0,0,0,0,0,1,0,0,0
data/external/actions/human_action_recognition/train/006690_laughing.jpg,Bingsu/Human_Action_Recognition,laughing,1,0,0,0,0,0,0,0,0,0,0,0,0,0,0,0,1,0,0,0
data/external/actions/human_action_recognition/train/006691_sleeping.jpg,Bingsu/Human_Action_Recognition,sleeping,0,0,1,0,0,0,0,0,0,0,0,0,0,0,0,0,1,0,0,0
data/external/actions/human_action_recognition/train/006692_eating.jpg,Bingsu/Human_Action_Recognition,eating,0,0,0,0,0,0,0,0,0,0,0,0,0,1,0,0,0,0,0,0
data/external/actions/human_action_recognition/train/006693_dancing.jpg,Bingsu/Human_Action_Recognition,dancing,0,0,0,0,0,0,0,0,0,0,1,0,0,0,0,0,0,1,0,0
data/external/actions/human_action_recognition/train/006694_drinking.jpg,Bingsu/Human_Action_Recognition,drinking,0,0,0,0,0,0,0,0,0,0,0,0,0,0,1,0,0,0,0,0
data/external/actions/human_action_recognition/train/006695_sleeping.jpg,Bingsu/Human_Action_Recognition,sleeping,0,0,1,0,0,0,0,0,0,0,0,0,0,0,0,0,1,0,0,0
data/external/actions/human_action_recognition/train/006696_using_laptop.jpg,Bingsu/Human_Action_Recognition,using_laptop,0,1,0,0,0,0,0,0,0,0,0,0,1,0,0,0,1,0,0,0
data/external/actions/human_action_recognition/train/006697_sitting.jpg,Bingsu/Human_Action_Recognition,sitting,0,1,0,0,0,0,0,0,0,0,0,0,0,0,0,0,1,0,0,0
data/external/actions/human_action_recognition/train/006698_fighting.jpg,Bingsu/Human_Action_Recognition,fighting,0,0,0,0,0,0,0,0,0,0,0,0,0,0,0,0,0,1,1,0
data/external/actions/human_action_recognition/train/006699_sleeping.jpg,Bingsu/Human_Action_Recognition,sleeping,0,0,1,0,0,0,0,0,0,0,0,0,0,0,0,0,1,0,0,0
data/external/actions/human_action_recognition/train/006700_fighting.jpg,Bingsu/Human_Action_Recognition,fighting,0,0,0,0,0,0,0,0,0,0,0,0,0,0,0,0,0,1,1,0
data/external/actions/human_action_recognition/train/006701_running.jpg,Bingsu/Human_Action_Recognition,running,0,0,0,0,0,0,1,0,0,0,0,0,0,0,0,0,0,1,1,0
data/external/actions/human_action_recognition/train/006702_fighting.jpg,Bingsu/Human_Action_Recognition,fighting,0,0,0,0,0,0,0,0,0,0,0,0,0,0,0,0,0,1,1,0
data/external/actions/human_action_recognition/train/006703_eating.jpg,Bingsu/Human_Action_Recognition,eating,0,0,0,0,0,0,0,0,0,0,0,0,0,1,0,0,0,0,0,0
data/external/actions/human_action_recognition/train/006704_drinking.jpg,Bingsu/Human_Action_Recognition,drinking,0,0,0,0,0,0,0,0,0,0,0,0,0,0,1,0,0,0,0,0
data/external/actions/human_action_recognition/train/006705_running.jpg,Bingsu/Human_Action_Recognition,running,0,0,0,0,0,0,1,0,0,0,0,0,0,0,0,0,0,1,1,0
data/external/actions/human_action_recognition/train/006706_calling.jpg,Bingsu/Human_Action_Recognition,calling,1,0,0,0,0,0,0,0,0,0,0,0,0,0,0,0,1,0,0,0
data/external/actions/human_action_recognition/train/006707_texting.jpg,Bingsu/Human_Action_Recognition,texting,0,1,0,0,0,0,0,0,0,0,0,0,0,0,0,0,1,0,0,0
data/external/actions/human_action_recognition/train/006708_fighting.jpg,Bingsu/Human_Action_Recognition,fighting,0,0,0,0,0,0,0,0,0,0,0,0,0,0,0,0,0,1,1,0
data/external/actions/human_action_recognition/train/006709_calling.jpg,Bingsu/Human_Action_Recognition,calling,1,0,0,0,0,0,0,0,0,0,0,0,0,0,0,0,1,0,0,0
data/external/actions/human_action_recognition/train/006710_texting.jpg,Bingsu/Human_Action_Recognition,texting,0,1,0,0,0,0,0,0,0,0,0,0,0,0,0,0,1,0,0,0
data/external/actions/human_action_recognition/train/006711_texting.jpg,Bingsu/Human_Action_Recognition,texting,0,1,0,0,0,0,0,0,0,0,0,0,0,0,0,0,1,0,0,0
data/external/actions/human_action_recognition/train/006712_sitting.jpg,Bingsu/Human_Action_Recognition,sitting,0,1,0,0,0,0,0,0,0,0,0,0,0,0,0,0,1,0,0,0
data/external/actions/human_action_recognition/train/006713_eating.jpg,Bingsu/Human_Action_Recognition,eating,0,0,0,0,0,0,0,0,0,0,0,0,0,1,0,0,0,0,0,0
data/external/actions/human_action_recognition/train/006714_listening_to_music.jpg,Bingsu/Human_Action_Recognition,listening_to_music,0,1,0,0,0,0,0,0,0,0,0,0,0,0,0,0,1,0,0,0
data/external/actions/human_action_recognition/train/006715_clapping.jpg,Bingsu/Human_Action_Recognition,clapping,0,0,0,0,1,0,0,0,0,0,0,0,0,0,0,0,0,1,0,0
data/external/actions/human_action_recognition/train/006716_eating.jpg,Bingsu/Human_Action_Recognition,eating,0,0,0,0,0,0,0,0,0,0,0,0,0,1,0,0,0,0,0,0
data/external/actions/human_action_recognition/train/006717_fighting.jpg,Bingsu/Human_Action_Recognition,fighting,0,0,0,0,0,0,0,0,0,0,0,0,0,0,0,0,0,1,1,0
data/external/actions/human_action_recognition/train/006718_cycling.jpg,Bingsu/Human_Action_Recognition,cycling,0,0,0,0,0,0,0,0,1,0,0,0,0,0,0,0,0,1,0,0
data/external/actions/human_action_recognition/train/006719_clapping.jpg,Bingsu/Human_Action_Recognition,clapping,0,0,0,0,1,0,0,0,0,0,0,0,0,0,0,0,0,1,0,0
data/external/actions/human_action_recognition/train/006720_sitting.jpg,Bingsu/Human_Action_Recognition,sitting,0,1,0,0,0,0,0,0,0,0,0,0,0,0,0,0,1,0,0,0
data/external/actions/human_action_recognition/train/006721_fighting.jpg,Bingsu/Human_Action_Recognition,fighting,0,0,0,0,0,0,0,0,0,0,0,0,0,0,0,0,0,1,1,0
data/external/actions/human_action_recognition/train/006722_drinking.jpg,Bingsu/Human_Action_Recognition,drinking,0,0,0,0,0,0,0,0,0,0,0,0,0,0,1,0,0,0,0,0
data/external/actions/human_action_recognition/train/006723_running.jpg,Bingsu/Human_Action_Recognition,running,0,0,0,0,0,0,1,0,0,0,0,0,0,0,0,0,0,1,1,0
data/external/actions/human_action_recognition/train/006724_hugging.jpg,Bingsu/Human_Action_Recognition,hugging,1,0,0,0,0,0,0,0,0,0,0,0,0,0,0,0,1,0,0,0
data/external/actions/human_action_recognition/train/006725_laughing.jpg,Bingsu/Human_Action_Recognition,laughing,1,0,0,0,0,0,0,0,0,0,0,0,0,0,0,0,1,0,0,0
data/external/actions/human_action_recognition/train/006726_running.jpg,Bingsu/Human_Action_Recognition,running,0,0,0,0,0,0,1,0,0,0,0,0,0,0,0,0,0,1,1,0
data/external/actions/human_action_recognition/train/006727_dancing.jpg,Bingsu/Human_Action_Recognition,dancing,0,0,0,0,0,0,0,0,0,0,1,0,0,0,0,0,0,1,0,0
data/external/actions/human_action_recognition/train/006728_using_laptop.jpg,Bingsu/Human_Action_Recognition,using_laptop,0,1,0,0,0,0,0,0,0,0,0,0,1,0,0,0,1,0,0,0
data/external/actions/human_action_recognition/train/006729_drinking.jpg,Bingsu/Human_Action_Recognition,drinking,0,0,0,0,0,0,0,0,0,0,0,0,0,0,1,0,0,0,0,0
data/external/actions/human_action_recognition/train/006730_laughing.jpg,Bingsu/Human_Action_Recognition,laughing,1,0,0,0,0,0,0,0,0,0,0,0,0,0,0,0,1,0,0,0
data/external/actions/human_action_recognition/train/006731_listening_to_music.jpg,Bingsu/Human_Action_Recognition,listening_to_music,0,1,0,0,0,0,0,0,0,0,0,0,0,0,0,0,1,0,0,0
data/external/actions/human_action_recognition/train/006732_fighting.jpg,Bingsu/Human_Action_Recognition,fighting,0,0,0,0,0,0,0,0,0,0,0,0,0,0,0,0,0,1,1,0
data/external/actions/human_action_recognition/train/006733_dancing.jpg,Bingsu/Human_Action_Recognition,dancing,0,0,0,0,0,0,0,0,0,0,1,0,0,0,0,0,0,1,0,0
data/external/actions/human_action_recognition/train/006734_running.jpg,Bingsu/Human_Action_Recognition,running,0,0,0,0,0,0,1,0,0,0,0,0,0,0,0,0,0,1,1,0
data/external/actions/human_action_recognition/train/006735_sleeping.jpg,Bingsu/Human_Action_Recognition,sleeping,0,0,1,0,0,0,0,0,0,0,0,0,0,0,0,0,1,0,0,0
data/external/actions/human_action_recognition/train/006736_sitting.jpg,Bingsu/Human_Action_Recognition,sitting,0,1,0,0,0,0,0,0,0,0,0,0,0,0,0,0,1,0,0,0
data/external/actions/human_action_recognition/train/006737_dancing.jpg,Bingsu/Human_Action_Recognition,dancing,0,0,0,0,0,0,0,0,0,0,1,0,0,0,0,0,0,1,0,0
data/external/actions/human_action_recognition/train/006738_sleeping.jpg,Bingsu/Human_Action_Recognition,sleeping,0,0,1,0,0,0,0,0,0,0,0,0,0,0,0,0,1,0,0,0
data/external/actions/human_action_recognition/train/006739_clapping.jpg,Bingsu/Human_Action_Recognition,clapping,0,0,0,0,1,0,0,0,0,0,0,0,0,0,0,0,0,1,0,0
data/external/actions/human_action_recognition/train/006740_calling.jpg,Bingsu/Human_Action_Recognition,calling,1,0,0,0,0,0,0,0,0,0,0,0,0,0,0,0,1,0,0,0
data/external/actions/human_action_recognition/train/006741_running.jpg,Bingsu/Human_Action_Recognition,running,0,0,0,0,0,0,1,0,0,0,0,0,0,0,0,0,0,1,1,0
data/external/actions/human_action_recognition/train/006742_fighting.jpg,Bingsu/Human_Action_Recognition,fighting,0,0,0,0,0,0,0,0,0,0,0,0,0,0,0,0,0,1,1,0
data/external/actions/human_action_recognition/train/006743_clapping.jpg,Bingsu/Human_Action_Recognition,clapping,0,0,0,0,1,0,0,0,0,0,0,0,0,0,0,0,0,1,0,0
data/external/actions/human_action_recognition/train/006744_running.jpg,Bingsu/Human_Action_Recognition,running,0,0,0,0,0,0,1,0,0,0,0,0,0,0,0,0,0,1,1,0
data/external/actions/human_action_recognition/train/006745_dancing.jpg,Bingsu/Human_Action_Recognition,dancing,0,0,0,0,0,0,0,0,0,0,1,0,0,0,0,0,0,1,0,0
data/external/actions/human_action_recognition/train/006746_texting.jpg,Bingsu/Human_Action_Recognition,texting,0,1,0,0,0,0,0,0,0,0,0,0,0,0,0,0,1,0,0,0
data/external/actions/human_action_recognition/train/006747_clapping.jpg,Bingsu/Human_Action_Recognition,clapping,0,0,0,0,1,0,0,0,0,0,0,0,0,0,0,0,0,1,0,0
data/external/actions/human_action_recognition/train/006748_clapping.jpg,Bingsu/Human_Action_Recognition,clapping,0,0,0,0,1,0,0,0,0,0,0,0,0,0,0,0,0,1,0,0
data/external/actions/human_action_recognition/train/006749_listening_to_music.jpg,Bingsu/Human_Action_Recognition,listening_to_music,0,1,0,0,0,0,0,0,0,0,0,0,0,0,0,0,1,0,0,0
data/external/actions/human_action_recognition/train/006750_cycling.jpg,Bingsu/Human_Action_Recognition,cycling,0,0,0,0,0,0,0,0,1,0,0,0,0,0,0,0,0,1,0,0
data/external/actions/human_action_recognition/train/006751_sleeping.jpg,Bingsu/Human_Action_Recognition,sleeping,0,0,1,0,0,0,0,0,0,0,0,0,0,0,0,0,1,0,0,0
data/external/actions/human_action_recognition/train/006752_hugging.jpg,Bingsu/Human_Action_Recognition,hugging,1,0,0,0,0,0,0,0,0,0,0,0,0,0,0,0,1,0,0,0
data/external/actions/human_action_recognition/train/006753_sleeping.jpg,Bingsu/Human_Action_Recognition,sleeping,0,0,1,0,0,0,0,0,0,0,0,0,0,0,0,0,1,0,0,0
data/external/actions/human_action_recognition/train/006754_cycling.jpg,Bingsu/Human_Action_Recognition,cycling,0,0,0,0,0,0,0,0,1,0,0,0,0,0,0,0,0,1,0,0
data/external/actions/human_action_recognition/train/006755_sitting.jpg,Bingsu/Human_Action_Recognition,sitting,0,1,0,0,0,0,0,0,0,0,0,0,0,0,0,0,1,0,0,0
data/external/actions/human_action_recognition/train/006756_dancing.jpg,Bingsu/Human_Action_Recognition,dancing,0,0,0,0,0,0,0,0,0,0,1,0,0,0,0,0,0,1,0,0
data/external/actions/human_action_recognition/train/006757_cycling.jpg,Bingsu/Human_Action_Recognition,cycling,0,0,0,0,0,0,0,0,1,0,0,0,0,0,0,0,0,1,0,0
data/external/actions/human_action_recognition/train/006758_listening_to_music.jpg,Bingsu/Human_Action_Recognition,listening_to_music,0,1,0,0,0,0,0,0,0,0,0,0,0,0,0,0,1,0,0,0
data/external/actions/human_action_recognition/train/006759_hugging.jpg,Bingsu/Human_Action_Recognition,hugging,1,0,0,0,0,0,0,0,0,0,0,0,0,0,0,0,1,0,0,0
data/external/actions/human_action_recognition/train/006760_dancing.jpg,Bingsu/Human_Action_Recognition,dancing,0,0,0,0,0,0,0,0,0,0,1,0,0,0,0,0,0,1,0,0
data/external/actions/human_action_recognition/train/006761_sitting.jpg,Bingsu/Human_Action_Recognition,sitting,0,1,0,0,0,0,0,0,0,0,0,0,0,0,0,0,1,0,0,0
data/external/actions/human_action_recognition/train/006762_listening_to_music.jpg,Bingsu/Human_Action_Recognition,listening_to_music,0,1,0,0,0,0,0,0,0,0,0,0,0,0,0,0,1,0,0,0
data/external/actions/human_action_recognition/train/006763_drinking.jpg,Bingsu/Human_Action_Recognition,drinking,0,0,0,0,0,0,0,0,0,0,0,0,0,0,1,0,0,0,0,0
data/external/actions/human_action_recognition/train/006764_hugging.jpg,Bingsu/Human_Action_Recognition,hugging,1,0,0,0,0,0,0,0,0,0,0,0,0,0,0,0,1,0,0,0
data/external/actions/human_action_recognition/train/006765_using_laptop.jpg,Bingsu/Human_Action_Recognition,using_laptop,0,1,0,0,0,0,0,0,0,0,0,0,1,0,0,0,1,0,0,0
data/external/actions/human_action_recognition/train/006766_listening_to_music.jpg,Bingsu/Human_Action_Recognition,listening_to_music,0,1,0,0,0,0,0,0,0,0,0,0,0,0,0,0,1,0,0,0
data/external/actions/human_action_recognition/train/006767_sleeping.jpg,Bingsu/Human_Action_Recognition,sleeping,0,0,1,0,0,0,0,0,0,0,0,0,0,0,0,0,1,0,0,0
data/external/actions/human_action_recognition/train/006768_listening_to_music.jpg,Bingsu/Human_Action_Recognition,listening_to_music,0,1,0,0,0,0,0,0,0,0,0,0,0,0,0,0,1,0,0,0
data/external/actions/human_action_recognition/train/006769_listening_to_music.jpg,Bingsu/Human_Action_Recognition,listening_to_music,0,1,0,0,0,0,0,0,0,0,0,0,0,0,0,0,1,0,0,0
data/external/actions/human_action_recognition/train/006770_laughing.jpg,Bingsu/Human_Action_Recognition,laughing,1,0,0,0,0,0,0,0,0,0,0,0,0,0,0,0,1,0,0,0
data/external/actions/human_action_recognition/train/006771_laughing.jpg,Bingsu/Human_Action_Recognition,laughing,1,0,0,0,0,0,0,0,0,0,0,0,0,0,0,0,1,0,0,0
data/external/actions/human_action_recognition/train/006772_drinking.jpg,Bingsu/Human_Action_Recognition,drinking,0,0,0,0,0,0,0,0,0,0,0,0,0,0,1,0,0,0,0,0
data/external/actions/human_action_recognition/train/006773_sleeping.jpg,Bingsu/Human_Action_Recognition,sleeping,0,0,1,0,0,0,0,0,0,0,0,0,0,0,0,0,1,0,0,0
data/external/actions/human_action_recognition/train/006774_clapping.jpg,Bingsu/Human_Action_Recognition,clapping,0,0,0,0,1,0,0,0,0,0,0,0,0,0,0,0,0,1,0,0
data/external/actions/human_action_recognition/train/006775_calling.jpg,Bingsu/Human_Action_Recognition,calling,1,0,0,0,0,0,0,0,0,0,0,0,0,0,0,0,1,0,0,0
data/external/actions/human_action_recognition/train/006776_dancing.jpg,Bingsu/Human_Action_Recognition,dancing,0,0,0,0,0,0,0,0,0,0,1,0,0,0,0,0,0,1,0,0
data/external/actions/human_action_recognition/train/006777_hugging.jpg,Bingsu/Human_Action_Recognition,hugging,1,0,0,0,0,0,0,0,0,0,0,0,0,0,0,0,1,0,0,0
data/external/actions/human_action_recognition/train/006778_cycling.jpg,Bingsu/Human_Action_Recognition,cycling,0,0,0,0,0,0,0,0,1,0,0,0,0,0,0,0,0,1,0,0
data/external/actions/human_action_recognition/train/006779_listening_to_music.jpg,Bingsu/Human_Action_Recognition,listening_to_music,0,1,0,0,0,0,0,0,0,0,0,0,0,0,0,0,1,0,0,0
data/external/actions/human_action_recognition/train/006780_dancing.jpg,Bingsu/Human_Action_Recognition,dancing,0,0,0,0,0,0,0,0,0,0,1,0,0,0,0,0,0,1,0,0
data/external/actions/human_action_recognition/train/006781_laughing.jpg,Bingsu/Human_Action_Recognition,laughing,1,0,0,0,0,0,0,0,0,0,0,0,0,0,0,0,1,0,0,0
data/external/actions/human_action_recognition/train/006782_listening_to_music.jpg,Bingsu/Human_Action_Recognition,listening_to_music,0,1,0,0,0,0,0,0,0,0,0,0,0,0,0,0,1,0,0,0
data/external/actions/human_action_recognition/train/006783_hugging.jpg,Bingsu/Human_Action_Recognition,hugging,1,0,0,0,0,0,0,0,0,0,0,0,0,0,0,0,1,0,0,0
data/external/actions/human_action_recognition/train/006784_listening_to_music.jpg,Bingsu/Human_Action_Recognition,listening_to_music,0,1,0,0,0,0,0,0,0,0,0,0,0,0,0,0,1,0,0,0
data/external/actions/human_action_recognition/train/006785_drinking.jpg,Bingsu/Human_Action_Recognition,drinking,0,0,0,0,0,0,0,0,0,0,0,0,0,0,1,0,0,0,0,0
data/external/actions/human_action_recognition/train/006786_drinking.jpg,Bingsu/Human_Action_Recognition,drinking,0,0,0,0,0,0,0,0,0,0,0,0,0,0,1,0,0,0,0,0
data/external/actions/human_action_recognition/train/006787_sleeping.jpg,Bingsu/Human_Action_Recognition,sleeping,0,0,1,0,0,0,0,0,0,0,0,0,0,0,0,0,1,0,0,0
data/external/actions/human_action_recognition/train/006788_sitting.jpg,Bingsu/Human_Action_Recognition,sitting,0,1,0,0,0,0,0,0,0,0,0,0,0,0,0,0,1,0,0,0
data/external/actions/human_action_recognition/train/006789_hugging.jpg,Bingsu/Human_Action_Recognition,hugging,1,0,0,0,0,0,0,0,0,0,0,0,0,0,0,0,1,0,0,0
data/external/actions/human_action_recognition/train/006790_using_laptop.jpg,Bingsu/Human_Action_Recognition,using_laptop,0,1,0,0,0,0,0,0,0,0,0,0,1,0,0,0,1,0,0,0
data/external/actions/human_action_recognition/train/006791_listening_to_music.jpg,Bingsu/Human_Action_Recognition,listening_to_music,0,1,0,0,0,0,0,0,0,0,0,0,0,0,0,0,1,0,0,0
data/external/actions/human_action_recognition/train/006792_sleeping.jpg,Bingsu/Human_Action_Recognition,sleeping,0,0,1,0,0,0,0,0,0,0,0,0,0,0,0,0,1,0,0,0
data/external/actions/human_action_recognition/train/006793_sitting.jpg,Bingsu/Human_Action_Recognition,sitting,0,1,0,0,0,0,0,0,0,0,0,0,0,0,0,0,1,0,0,0
data/external/actions/human_action_recognition/train/006794_sleeping.jpg,Bingsu/Human_Action_Recognition,sleeping,0,0,1,0,0,0,0,0,0,0,0,0,0,0,0,0,1,0,0,0
data/external/actions/human_action_recognition/train/006795_calling.jpg,Bingsu/Human_Action_Recognition,calling,1,0,0,0,0,0,0,0,0,0,0,0,0,0,0,0,1,0,0,0
data/external/actions/human_action_recognition/train/006796_clapping.jpg,Bingsu/Human_Action_Recognition,clapping,0,0,0,0,1,0,0,0,0,0,0,0,0,0,0,0,0,1,0,0
data/external/actions/human_action_recognition/train/006797_clapping.jpg,Bingsu/Human_Action_Recognition,clapping,0,0,0,0,1,0,0,0,0,0,0,0,0,0,0,0,0,1,0,0
data/external/actions/human_action_recognition/train/006798_laughing.jpg,Bingsu/Human_Action_Recognition,laughing,1,0,0,0,0,0,0,0,0,0,0,0,0,0,0,0,1,0,0,0
data/external/actions/human_action_recognition/train/006799_sitting.jpg,Bingsu/Human_Action_Recognition,sitting,0,1,0,0,0,0,0,0,0,0,0,0,0,0,0,0,1,0,0,0
data/external/actions/human_action_recognition/train/006800_calling.jpg,Bingsu/Human_Action_Recognition,calling,1,0,0,0,0,0,0,0,0,0,0,0,0,0,0,0,1,0,0,0
data/external/actions/human_action_recognition/train/006801_calling.jpg,Bingsu/Human_Action_Recognition,calling,1,0,0,0,0,0,0,0,0,0,0,0,0,0,0,0,1,0,0,0
data/external/actions/human_action_recognition/train/006802_running.jpg,Bingsu/Human_Action_Recognition,running,0,0,0,0,0,0,1,0,0,0,0,0,0,0,0,0,0,1,1,0
data/external/actions/human_action_recognition/train/006803_calling.jpg,Bingsu/Human_Action_Recognition,calling,1,0,0,0,0,0,0,0,0,0,0,0,0,0,0,0,1,0,0,0
data/external/actions/human_action_recognition/train/006804_eating.jpg,Bingsu/Human_Action_Recognition,eating,0,0,0,0,0,0,0,0,0,0,0,0,0,1,0,0,0,0,0,0
data/external/actions/human_action_recognition/train/006805_using_laptop.jpg,Bingsu/Human_Action_Recognition,using_laptop,0,1,0,0,0,0,0,0,0,0,0,0,1,0,0,0,1,0,0,0
data/external/actions/human_action_recognition/train/006806_calling.jpg,Bingsu/Human_Action_Recognition,calling,1,0,0,0,0,0,0,0,0,0,0,0,0,0,0,0,1,0,0,0
data/external/actions/human_action_recognition/train/006807_fighting.jpg,Bingsu/Human_Action_Recognition,fighting,0,0,0,0,0,0,0,0,0,0,0,0,0,0,0,0,0,1,1,0
data/external/actions/human_action_recognition/train/006808_clapping.jpg,Bingsu/Human_Action_Recognition,clapping,0,0,0,0,1,0,0,0,0,0,0,0,0,0,0,0,0,1,0,0
data/external/actions/human_action_recognition/train/006809_sleeping.jpg,Bingsu/Human_Action_Recognition,sleeping,0,0,1,0,0,0,0,0,0,0,0,0,0,0,0,0,1,0,0,0
data/external/actions/human_action_recognition/train/006810_fighting.jpg,Bingsu/Human_Action_Recognition,fighting,0,0,0,0,0,0,0,0,0,0,0,0,0,0,0,0,0,1,1,0
data/external/actions/human_action_recognition/train/006811_fighting.jpg,Bingsu/Human_Action_Recognition,fighting,0,0,0,0,0,0,0,0,0,0,0,0,0,0,0,0,0,1,1,0
data/external/actions/human_action_recognition/train/006812_sleeping.jpg,Bingsu/Human_Action_Recognition,sleeping,0,0,1,0,0,0,0,0,0,0,0,0,0,0,0,0,1,0,0,0
data/external/actions/human_action_recognition/train/006813_cycling.jpg,Bingsu/Human_Action_Recognition,cycling,0,0,0,0,0,0,0,0,1,0,0,0,0,0,0,0,0,1,0,0
data/external/actions/human_action_recognition/train/006814_texting.jpg,Bingsu/Human_Action_Recognition,texting,0,1,0,0,0,0,0,0,0,0,0,0,0,0,0,0,1,0,0,0
data/external/actions/human_action_recognition/train/006815_dancing.jpg,Bingsu/Human_Action_Recognition,dancing,0,0,0,0,0,0,0,0,0,0,1,0,0,0,0,0,0,1,0,0
data/external/actions/human_action_recognition/train/006816_texting.jpg,Bingsu/Human_Action_Recognition,texting,0,1,0,0,0,0,0,0,0,0,0,0,0,0,0,0,1,0,0,0
data/external/actions/human_action_recognition/train/006817_fighting.jpg,Bingsu/Human_Action_Recognition,fighting,0,0,0,0,0,0,0,0,0,0,0,0,0,0,0,0,0,1,1,0
data/external/actions/human_action_recognition/train/006818_fighting.jpg,Bingsu/Human_Action_Recognition,fighting,0,0,0,0,0,0,0,0,0,0,0,0,0,0,0,0,0,1,1,0
data/external/actions/human_action_recognition/train/006819_running.jpg,Bingsu/Human_Action_Recognition,running,0,0,0,0,0,0,1,0,0,0,0,0,0,0,0,0,0,1,1,0
data/external/actions/human_action_recognition/train/006820_hugging.jpg,Bingsu/Human_Action_Recognition,hugging,1,0,0,0,0,0,0,0,0,0,0,0,0,0,0,0,1,0,0,0
data/external/actions/human_action_recognition/train/006821_fighting.jpg,Bingsu/Human_Action_Recognition,fighting,0,0,0,0,0,0,0,0,0,0,0,0,0,0,0,0,0,1,1,0
data/external/actions/human_action_recognition/train/006822_drinking.jpg,Bingsu/Human_Action_Recognition,drinking,0,0,0,0,0,0,0,0,0,0,0,0,0,0,1,0,0,0,0,0
data/external/actions/human_action_recognition/train/006823_drinking.jpg,Bingsu/Human_Action_Recognition,drinking,0,0,0,0,0,0,0,0,0,0,0,0,0,0,1,0,0,0,0,0
data/external/actions/human_action_recognition/train/006824_sleeping.jpg,Bingsu/Human_Action_Recognition,sleeping,0,0,1,0,0,0,0,0,0,0,0,0,0,0,0,0,1,0,0,0
data/external/actions/human_action_recognition/train/006825_dancing.jpg,Bingsu/Human_Action_Recognition,dancing,0,0,0,0,0,0,0,0,0,0,1,0,0,0,0,0,0,1,0,0
data/external/actions/human_action_recognition/train/006826_eating.jpg,Bingsu/Human_Action_Recognition,eating,0,0,0,0,0,0,0,0,0,0,0,0,0,1,0,0,0,0,0,0
data/external/actions/human_action_recognition/train/006827_calling.jpg,Bingsu/Human_Action_Recognition,calling,1,0,0,0,0,0,0,0,0,0,0,0,0,0,0,0,1,0,0,0
data/external/actions/human_action_recognition/train/006828_sleeping.jpg,Bingsu/Human_Action_Recognition,sleeping,0,0,1,0,0,0,0,0,0,0,0,0,0,0,0,0,1,0,0,0
data/external/actions/human_action_recognition/train/006829_laughing.jpg,Bingsu/Human_Action_Recognition,laughing,1,0,0,0,0,0,0,0,0,0,0,0,0,0,0,0,1,0,0,0
data/external/actions/human_action_recognition/train/006830_laughing.jpg,Bingsu/Human_Action_Recognition,laughing,1,0,0,0,0,0,0,0,0,0,0,0,0,0,0,0,1,0,0,0
data/external/actions/human_action_recognition/train/006831_running.jpg,Bingsu/Human_Action_Recognition,running,0,0,0,0,0,0,1,0,0,0,0,0,0,0,0,0,0,1,1,0
data/external/actions/human_action_recognition/train/006832_running.jpg,Bingsu/Human_Action_Recognition,running,0,0,0,0,0,0,1,0,0,0,0,0,0,0,0,0,0,1,1,0
data/external/actions/human_action_recognition/train/006833_calling.jpg,Bingsu/Human_Action_Recognition,calling,1,0,0,0,0,0,0,0,0,0,0,0,0,0,0,0,1,0,0,0
data/external/actions/human_action_recognition/train/006834_eating.jpg,Bingsu/Human_Action_Recognition,eating,0,0,0,0,0,0,0,0,0,0,0,0,0,1,0,0,0,0,0,0
data/external/actions/human_action_recognition/train/006835_sleeping.jpg,Bingsu/Human_Action_Recognition,sleeping,0,0,1,0,0,0,0,0,0,0,0,0,0,0,0,0,1,0,0,0
data/external/actions/human_action_recognition/train/006836_texting.jpg,Bingsu/Human_Action_Recognition,texting,0,1,0,0,0,0,0,0,0,0,0,0,0,0,0,0,1,0,0,0
data/external/actions/human_action_recognition/train/006837_sleeping.jpg,Bingsu/Human_Action_Recognition,sleeping,0,0,1,0,0,0,0,0,0,0,0,0,0,0,0,0,1,0,0,0
data/external/actions/human_action_recognition/train/006838_listening_to_music.jpg,Bingsu/Human_Action_Recognition,listening_to_music,0,1,0,0,0,0,0,0,0,0,0,0,0,0,0,0,1,0,0,0
data/external/actions/human_action_recognition/train/006839_running.jpg,Bingsu/Human_Action_Recognition,running,0,0,0,0,0,0,1,0,0,0,0,0,0,0,0,0,0,1,1,0
data/external/actions/human_action_recognition/train/006840_sleeping.jpg,Bingsu/Human_Action_Recognition,sleeping,0,0,1,0,0,0,0,0,0,0,0,0,0,0,0,0,1,0,0,0
data/external/actions/human_action_recognition/train/006841_eating.jpg,Bingsu/Human_Action_Recognition,eating,0,0,0,0,0,0,0,0,0,0,0,0,0,1,0,0,0,0,0,0
data/external/actions/human_action_recognition/train/006842_listening_to_music.jpg,Bingsu/Human_Action_Recognition,listening_to_music,0,1,0,0,0,0,0,0,0,0,0,0,0,0,0,0,1,0,0,0
data/external/actions/human_action_recognition/train/006843_using_laptop.jpg,Bingsu/Human_Action_Recognition,using_laptop,0,1,0,0,0,0,0,0,0,0,0,0,1,0,0,0,1,0,0,0
data/external/actions/human_action_recognition/train/006844_sleeping.jpg,Bingsu/Human_Action_Recognition,sleeping,0,0,1,0,0,0,0,0,0,0,0,0,0,0,0,0,1,0,0,0
data/external/actions/human_action_recognition/train/006845_fighting.jpg,Bingsu/Human_Action_Recognition,fighting,0,0,0,0,0,0,0,0,0,0,0,0,0,0,0,0,0,1,1,0
data/external/actions/human_action_recognition/train/006846_calling.jpg,Bingsu/Human_Action_Recognition,calling,1,0,0,0,0,0,0,0,0,0,0,0,0,0,0,0,1,0,0,0
data/external/actions/human_action_recognition/train/006847_drinking.jpg,Bingsu/Human_Action_Recognition,drinking,0,0,0,0,0,0,0,0,0,0,0,0,0,0,1,0,0,0,0,0
data/external/actions/human_action_recognition/train/006848_sitting.jpg,Bingsu/Human_Action_Recognition,sitting,0,1,0,0,0,0,0,0,0,0,0,0,0,0,0,0,1,0,0,0
data/external/actions/human_action_recognition/train/006849_dancing.jpg,Bingsu/Human_Action_Recognition,dancing,0,0,0,0,0,0,0,0,0,0,1,0,0,0,0,0,0,1,0,0
data/external/actions/human_action_recognition/train/006850_running.jpg,Bingsu/Human_Action_Recognition,running,0,0,0,0,0,0,1,0,0,0,0,0,0,0,0,0,0,1,1,0
data/external/actions/human_action_recognition/train/006851_listening_to_music.jpg,Bingsu/Human_Action_Recognition,listening_to_music,0,1,0,0,0,0,0,0,0,0,0,0,0,0,0,0,1,0,0,0
data/external/actions/human_action_recognition/train/006852_eating.jpg,Bingsu/Human_Action_Recognition,eating,0,0,0,0,0,0,0,0,0,0,0,0,0,1,0,0,0,0,0,0
data/external/actions/human_action_recognition/train/006853_sitting.jpg,Bingsu/Human_Action_Recognition,sitting,0,1,0,0,0,0,0,0,0,0,0,0,0,0,0,0,1,0,0,0
data/external/actions/human_action_recognition/train/006854_drinking.jpg,Bingsu/Human_Action_Recognition,drinking,0,0,0,0,0,0,0,0,0,0,0,0,0,0,1,0,0,0,0,0
data/external/actions/human_action_recognition/train/006855_running.jpg,Bingsu/Human_Action_Recognition,running,0,0,0,0,0,0,1,0,0,0,0,0,0,0,0,0,0,1,1,0
data/external/actions/human_action_recognition/train/006856_eating.jpg,Bingsu/Human_Action_Recognition,eating,0,0,0,0,0,0,0,0,0,0,0,0,0,1,0,0,0,0,0,0
data/external/actions/human_action_recognition/train/006857_listening_to_music.jpg,Bingsu/Human_Action_Recognition,listening_to_music,0,1,0,0,0,0,0,0,0,0,0,0,0,0,0,0,1,0,0,0
data/external/actions/human_action_recognition/train/006858_sitting.jpg,Bingsu/Human_Action_Recognition,sitting,0,1,0,0,0,0,0,0,0,0,0,0,0,0,0,0,1,0,0,0
data/external/actions/human_action_recognition/train/006859_hugging.jpg,Bingsu/Human_Action_Recognition,hugging,1,0,0,0,0,0,0,0,0,0,0,0,0,0,0,0,1,0,0,0
data/external/actions/human_action_recognition/train/006860_texting.jpg,Bingsu/Human_Action_Recognition,texting,0,1,0,0,0,0,0,0,0,0,0,0,0,0,0,0,1,0,0,0
data/external/actions/human_action_recognition/train/006861_sitting.jpg,Bingsu/Human_Action_Recognition,sitting,0,1,0,0,0,0,0,0,0,0,0,0,0,0,0,0,1,0,0,0
data/external/actions/human_action_recognition/train/006862_using_laptop.jpg,Bingsu/Human_Action_Recognition,using_laptop,0,1,0,0,0,0,0,0,0,0,0,0,1,0,0,0,1,0,0,0
data/external/actions/human_action_recognition/train/006863_using_laptop.jpg,Bingsu/Human_Action_Recognition,using_laptop,0,1,0,0,0,0,0,0,0,0,0,0,1,0,0,0,1,0,0,0
data/external/actions/human_action_recognition/train/006864_laughing.jpg,Bingsu/Human_Action_Recognition,laughing,1,0,0,0,0,0,0,0,0,0,0,0,0,0,0,0,1,0,0,0
data/external/actions/human_action_recognition/train/006865_drinking.jpg,Bingsu/Human_Action_Recognition,drinking,0,0,0,0,0,0,0,0,0,0,0,0,0,0,1,0,0,0,0,0
data/external/actions/human_action_recognition/train/006866_running.jpg,Bingsu/Human_Action_Recognition,running,0,0,0,0,0,0,1,0,0,0,0,0,0,0,0,0,0,1,1,0
data/external/actions/human_action_recognition/train/006867_using_laptop.jpg,Bingsu/Human_Action_Recognition,using_laptop,0,1,0,0,0,0,0,0,0,0,0,0,1,0,0,0,1,0,0,0
data/external/actions/human_action_recognition/train/006868_running.jpg,Bingsu/Human_Action_Recognition,running,0,0,0,0,0,0,1,0,0,0,0,0,0,0,0,0,0,1,1,0
data/external/actions/human_action_recognition/train/006869_using_laptop.jpg,Bingsu/Human_Action_Recognition,using_laptop,0,1,0,0,0,0,0,0,0,0,0,0,1,0,0,0,1,0,0,0
data/external/actions/human_action_recognition/train/006870_texting.jpg,Bingsu/Human_Action_Recognition,texting,0,1,0,0,0,0,0,0,0,0,0,0,0,0,0,0,1,0,0,0
data/external/actions/human_action_recognition/train/006871_sleeping.jpg,Bingsu/Human_Action_Recognition,sleeping,0,0,1,0,0,0,0,0,0,0,0,0,0,0,0,0,1,0,0,0
data/external/actions/human_action_recognition/train/006872_texting.jpg,Bingsu/Human_Action_Recognition,texting,0,1,0,0,0,0,0,0,0,0,0,0,0,0,0,0,1,0,0,0
data/external/actions/human_action_recognition/train/006873_listening_to_music.jpg,Bingsu/Human_Action_Recognition,listening_to_music,0,1,0,0,0,0,0,0,0,0,0,0,0,0,0,0,1,0,0,0
data/external/actions/human_action_recognition/train/006874_texting.jpg,Bingsu/Human_Action_Recognition,texting,0,1,0,0,0,0,0,0,0,0,0,0,0,0,0,0,1,0,0,0
data/external/actions/human_action_recognition/train/006875_dancing.jpg,Bingsu/Human_Action_Recognition,dancing,0,0,0,0,0,0,0,0,0,0,1,0,0,0,0,0,0,1,0,0
data/external/actions/human_action_recognition/train/006876_sitting.jpg,Bingsu/Human_Action_Recognition,sitting,0,1,0,0,0,0,0,0,0,0,0,0,0,0,0,0,1,0,0,0
data/external/actions/human_action_recognition/train/006877_sitting.jpg,Bingsu/Human_Action_Recognition,sitting,0,1,0,0,0,0,0,0,0,0,0,0,0,0,0,0,1,0,0,0
data/external/actions/human_action_recognition/train/006878_hugging.jpg,Bingsu/Human_Action_Recognition,hugging,1,0,0,0,0,0,0,0,0,0,0,0,0,0,0,0,1,0,0,0
data/external/actions/human_action_recognition/train/006879_sitting.jpg,Bingsu/Human_Action_Recognition,sitting,0,1,0,0,0,0,0,0,0,0,0,0,0,0,0,0,1,0,0,0
data/external/actions/human_action_recognition/train/006880_clapping.jpg,Bingsu/Human_Action_Recognition,clapping,0,0,0,0,1,0,0,0,0,0,0,0,0,0,0,0,0,1,0,0
data/external/actions/human_action_recognition/train/006881_clapping.jpg,Bingsu/Human_Action_Recognition,clapping,0,0,0,0,1,0,0,0,0,0,0,0,0,0,0,0,0,1,0,0
data/external/actions/human_action_recognition/train/006882_cycling.jpg,Bingsu/Human_Action_Recognition,cycling,0,0,0,0,0,0,0,0,1,0,0,0,0,0,0,0,0,1,0,0
data/external/actions/human_action_recognition/train/006883_cycling.jpg,Bingsu/Human_Action_Recognition,cycling,0,0,0,0,0,0,0,0,1,0,0,0,0,0,0,0,0,1,0,0
data/external/actions/human_action_recognition/train/006884_eating.jpg,Bingsu/Human_Action_Recognition,eating,0,0,0,0,0,0,0,0,0,0,0,0,0,1,0,0,0,0,0,0
data/external/actions/human_action_recognition/train/006885_listening_to_music.jpg,Bingsu/Human_Action_Recognition,listening_to_music,0,1,0,0,0,0,0,0,0,0,0,0,0,0,0,0,1,0,0,0
data/external/actions/human_action_recognition/train/006886_calling.jpg,Bingsu/Human_Action_Recognition,calling,1,0,0,0,0,0,0,0,0,0,0,0,0,0,0,0,1,0,0,0
data/external/actions/human_action_recognition/train/006887_laughing.jpg,Bingsu/Human_Action_Recognition,laughing,1,0,0,0,0,0,0,0,0,0,0,0,0,0,0,0,1,0,0,0
data/external/actions/human_action_recognition/train/006888_drinking.jpg,Bingsu/Human_Action_Recognition,drinking,0,0,0,0,0,0,0,0,0,0,0,0,0,0,1,0,0,0,0,0
data/external/actions/human_action_recognition/train/006889_running.jpg,Bingsu/Human_Action_Recognition,running,0,0,0,0,0,0,1,0,0,0,0,0,0,0,0,0,0,1,1,0
data/external/actions/human_action_recognition/train/006890_hugging.jpg,Bingsu/Human_Action_Recognition,hugging,1,0,0,0,0,0,0,0,0,0,0,0,0,0,0,0,1,0,0,0
data/external/actions/human_action_recognition/train/006891_hugging.jpg,Bingsu/Human_Action_Recognition,hugging,1,0,0,0,0,0,0,0,0,0,0,0,0,0,0,0,1,0,0,0
data/external/actions/human_action_recognition/train/006892_using_laptop.jpg,Bingsu/Human_Action_Recognition,using_laptop,0,1,0,0,0,0,0,0,0,0,0,0,1,0,0,0,1,0,0,0
data/external/actions/human_action_recognition/train/006893_dancing.jpg,Bingsu/Human_Action_Recognition,dancing,0,0,0,0,0,0,0,0,0,0,1,0,0,0,0,0,0,1,0,0
data/external/actions/human_action_recognition/train/006894_drinking.jpg,Bingsu/Human_Action_Recognition,drinking,0,0,0,0,0,0,0,0,0,0,0,0,0,0,1,0,0,0,0,0
data/external/actions/human_action_recognition/train/006895_clapping.jpg,Bingsu/Human_Action_Recognition,clapping,0,0,0,0,1,0,0,0,0,0,0,0,0,0,0,0,0,1,0,0
data/external/actions/human_action_recognition/train/006896_texting.jpg,Bingsu/Human_Action_Recognition,texting,0,1,0,0,0,0,0,0,0,0,0,0,0,0,0,0,1,0,0,0
data/external/actions/human_action_recognition/train/006897_cycling.jpg,Bingsu/Human_Action_Recognition,cycling,0,0,0,0,0,0,0,0,1,0,0,0,0,0,0,0,0,1,0,0
data/external/actions/human_action_recognition/train/006898_dancing.jpg,Bingsu/Human_Action_Recognition,dancing,0,0,0,0,0,0,0,0,0,0,1,0,0,0,0,0,0,1,0,0
data/external/actions/human_action_recognition/train/006899_using_laptop.jpg,Bingsu/Human_Action_Recognition,using_laptop,0,1,0,0,0,0,0,0,0,0,0,0,1,0,0,0,1,0,0,0
data/external/actions/human_action_recognition/train/006900_eating.jpg,Bingsu/Human_Action_Recognition,eating,0,0,0,0,0,0,0,0,0,0,0,0,0,1,0,0,0,0,0,0
data/external/actions/human_action_recognition/train/006901_calling.jpg,Bingsu/Human_Action_Recognition,calling,1,0,0,0,0,0,0,0,0,0,0,0,0,0,0,0,1,0,0,0
data/external/actions/human_action_recognition/train/006902_dancing.jpg,Bingsu/Human_Action_Recognition,dancing,0,0,0,0,0,0,0,0,0,0,1,0,0,0,0,0,0,1,0,0
data/external/actions/human_action_recognition/train/006903_laughing.jpg,Bingsu/Human_Action_Recognition,laughing,1,0,0,0,0,0,0,0,0,0,0,0,0,0,0,0,1,0,0,0
data/external/actions/human_action_recognition/train/006904_hugging.jpg,Bingsu/Human_Action_Recognition,hugging,1,0,0,0,0,0,0,0,0,0,0,0,0,0,0,0,1,0,0,0
data/external/actions/human_action_recognition/train/006905_fighting.jpg,Bingsu/Human_Action_Recognition,fighting,0,0,0,0,0,0,0,0,0,0,0,0,0,0,0,0,0,1,1,0
data/external/actions/human_action_recognition/train/006906_running.jpg,Bingsu/Human_Action_Recognition,running,0,0,0,0,0,0,1,0,0,0,0,0,0,0,0,0,0,1,1,0
data/external/actions/human_action_recognition/train/006907_eating.jpg,Bingsu/Human_Action_Recognition,eating,0,0,0,0,0,0,0,0,0,0,0,0,0,1,0,0,0,0,0,0
data/external/actions/human_action_recognition/train/006908_cycling.jpg,Bingsu/Human_Action_Recognition,cycling,0,0,0,0,0,0,0,0,1,0,0,0,0,0,0,0,0,1,0,0
data/external/actions/human_action_recognition/train/006909_texting.jpg,Bingsu/Human_Action_Recognition,texting,0,1,0,0,0,0,0,0,0,0,0,0,0,0,0,0,1,0,0,0
data/external/actions/human_action_recognition/train/006910_dancing.jpg,Bingsu/Human_Action_Recognition,dancing,0,0,0,0,0,0,0,0,0,0,1,0,0,0,0,0,0,1,0,0
data/external/actions/human_action_recognition/train/006911_cycling.jpg,Bingsu/Human_Action_Recognition,cycling,0,0,0,0,0,0,0,0,1,0,0,0,0,0,0,0,0,1,0,0
data/external/actions/human_action_recognition/train/006912_texting.jpg,Bingsu/Human_Action_Recognition,texting,0,1,0,0,0,0,0,0,0,0,0,0,0,0,0,0,1,0,0,0
data/external/actions/human_action_recognition/train/006913_clapping.jpg,Bingsu/Human_Action_Recognition,clapping,0,0,0,0,1,0,0,0,0,0,0,0,0,0,0,0,0,1,0,0
data/external/actions/human_action_recognition/train/006914_sitting.jpg,Bingsu/Human_Action_Recognition,sitting,0,1,0,0,0,0,0,0,0,0,0,0,0,0,0,0,1,0,0,0
data/external/actions/human_action_recognition/train/006915_calling.jpg,Bingsu/Human_Action_Recognition,calling,1,0,0,0,0,0,0,0,0,0,0,0,0,0,0,0,1,0,0,0
data/external/actions/human_action_recognition/train/006916_drinking.jpg,Bingsu/Human_Action_Recognition,drinking,0,0,0,0,0,0,0,0,0,0,0,0,0,0,1,0,0,0,0,0
data/external/actions/human_action_recognition/train/006917_eating.jpg,Bingsu/Human_Action_Recognition,eating,0,0,0,0,0,0,0,0,0,0,0,0,0,1,0,0,0,0,0,0
data/external/actions/human_action_recognition/train/006918_fighting.jpg,Bingsu/Human_Action_Recognition,fighting,0,0,0,0,0,0,0,0,0,0,0,0,0,0,0,0,0,1,1,0
data/external/actions/human_action_recognition/train/006919_dancing.jpg,Bingsu/Human_Action_Recognition,dancing,0,0,0,0,0,0,0,0,0,0,1,0,0,0,0,0,0,1,0,0
data/external/actions/human_action_recognition/train/006920_fighting.jpg,Bingsu/Human_Action_Recognition,fighting,0,0,0,0,0,0,0,0,0,0,0,0,0,0,0,0,0,1,1,0
data/external/actions/human_action_recognition/train/006921_using_laptop.jpg,Bingsu/Human_Action_Recognition,using_laptop,0,1,0,0,0,0,0,0,0,0,0,0,1,0,0,0,1,0,0,0
data/external/actions/human_action_recognition/train/006922_calling.jpg,Bingsu/Human_Action_Recognition,calling,1,0,0,0,0,0,0,0,0,0,0,0,0,0,0,0,1,0,0,0
data/external/actions/human_action_recognition/train/006923_listening_to_music.jpg,Bingsu/Human_Action_Recognition,listening_to_music,0,1,0,0,0,0,0,0,0,0,0,0,0,0,0,0,1,0,0,0
data/external/actions/human_action_recognition/train/006924_fighting.jpg,Bingsu/Human_Action_Recognition,fighting,0,0,0,0,0,0,0,0,0,0,0,0,0,0,0,0,0,1,1,0
data/external/actions/human_action_recognition/train/006925_eating.jpg,Bingsu/Human_Action_Recognition,eating,0,0,0,0,0,0,0,0,0,0,0,0,0,1,0,0,0,0,0,0
data/external/actions/human_action_recognition/train/006926_sleeping.jpg,Bingsu/Human_Action_Recognition,sleeping,0,0,1,0,0,0,0,0,0,0,0,0,0,0,0,0,1,0,0,0
data/external/actions/human_action_recognition/train/006927_dancing.jpg,Bingsu/Human_Action_Recognition,dancing,0,0,0,0,0,0,0,0,0,0,1,0,0,0,0,0,0,1,0,0
data/external/actions/human_action_recognition/train/006928_fighting.jpg,Bingsu/Human_Action_Recognition,fighting,0,0,0,0,0,0,0,0,0,0,0,0,0,0,0,0,0,1,1,0
data/external/actions/human_action_recognition/train/006929_drinking.jpg,Bingsu/Human_Action_Recognition,drinking,0,0,0,0,0,0,0,0,0,0,0,0,0,0,1,0,0,0,0,0
data/external/actions/human_action_recognition/train/006930_eating.jpg,Bingsu/Human_Action_Recognition,eating,0,0,0,0,0,0,0,0,0,0,0,0,0,1,0,0,0,0,0,0
data/external/actions/human_action_recognition/train/006931_calling.jpg,Bingsu/Human_Action_Recognition,calling,1,0,0,0,0,0,0,0,0,0,0,0,0,0,0,0,1,0,0,0
data/external/actions/human_action_recognition/train/006932_cycling.jpg,Bingsu/Human_Action_Recognition,cycling,0,0,0,0,0,0,0,0,1,0,0,0,0,0,0,0,0,1,0,0
data/external/actions/human_action_recognition/train/006933_texting.jpg,Bingsu/Human_Action_Recognition,texting,0,1,0,0,0,0,0,0,0,0,0,0,0,0,0,0,1,0,0,0
data/external/actions/human_action_recognition/train/006934_calling.jpg,Bingsu/Human_Action_Recognition,calling,1,0,0,0,0,0,0,0,0,0,0,0,0,0,0,0,1,0,0,0
data/external/actions/human_action_recognition/train/006935_eating.jpg,Bingsu/Human_Action_Recognition,eating,0,0,0,0,0,0,0,0,0,0,0,0,0,1,0,0,0,0,0,0
data/external/actions/human_action_recognition/train/006936_laughing.jpg,Bingsu/Human_Action_Recognition,laughing,1,0,0,0,0,0,0,0,0,0,0,0,0,0,0,0,1,0,0,0
data/external/actions/human_action_recognition/train/006937_texting.jpg,Bingsu/Human_Action_Recognition,texting,0,1,0,0,0,0,0,0,0,0,0,0,0,0,0,0,1,0,0,0
data/external/actions/human_action_recognition/train/006938_sleeping.jpg,Bingsu/Human_Action_Recognition,sleeping,0,0,1,0,0,0,0,0,0,0,0,0,0,0,0,0,1,0,0,0
data/external/actions/human_action_recognition/train/006939_drinking.jpg,Bingsu/Human_Action_Recognition,drinking,0,0,0,0,0,0,0,0,0,0,0,0,0,0,1,0,0,0,0,0
data/external/actions/human_action_recognition/train/006940_cycling.jpg,Bingsu/Human_Action_Recognition,cycling,0,0,0,0,0,0,0,0,1,0,0,0,0,0,0,0,0,1,0,0
data/external/actions/human_action_recognition/train/006941_listening_to_music.jpg,Bingsu/Human_Action_Recognition,listening_to_music,0,1,0,0,0,0,0,0,0,0,0,0,0,0,0,0,1,0,0,0
data/external/actions/human_action_recognition/train/006942_sleeping.jpg,Bingsu/Human_Action_Recognition,sleeping,0,0,1,0,0,0,0,0,0,0,0,0,0,0,0,0,1,0,0,0
data/external/actions/human_action_recognition/train/006943_sleeping.jpg,Bingsu/Human_Action_Recognition,sleeping,0,0,1,0,0,0,0,0,0,0,0,0,0,0,0,0,1,0,0,0
data/external/actions/human_action_recognition/train/006944_calling.jpg,Bingsu/Human_Action_Recognition,calling,1,0,0,0,0,0,0,0,0,0,0,0,0,0,0,0,1,0,0,0
data/external/actions/human_action_recognition/train/006945_cycling.jpg,Bingsu/Human_Action_Recognition,cycling,0,0,0,0,0,0,0,0,1,0,0,0,0,0,0,0,0,1,0,0
data/external/actions/human_action_recognition/train/006946_listening_to_music.jpg,Bingsu/Human_Action_Recognition,listening_to_music,0,1,0,0,0,0,0,0,0,0,0,0,0,0,0,0,1,0,0,0
data/external/actions/human_action_recognition/train/006947_laughing.jpg,Bingsu/Human_Action_Recognition,laughing,1,0,0,0,0,0,0,0,0,0,0,0,0,0,0,0,1,0,0,0
data/external/actions/human_action_recognition/train/006948_sleeping.jpg,Bingsu/Human_Action_Recognition,sleeping,0,0,1,0,0,0,0,0,0,0,0,0,0,0,0,0,1,0,0,0
data/external/actions/human_action_recognition/train/006949_texting.jpg,Bingsu/Human_Action_Recognition,texting,0,1,0,0,0,0,0,0,0,0,0,0,0,0,0,0,1,0,0,0
data/external/actions/human_action_recognition/train/006950_using_laptop.jpg,Bingsu/Human_Action_Recognition,using_laptop,0,1,0,0,0,0,0,0,0,0,0,0,1,0,0,0,1,0,0,0
data/external/actions/human_action_recognition/train/006951_running.jpg,Bingsu/Human_Action_Recognition,running,0,0,0,0,0,0,1,0,0,0,0,0,0,0,0,0,0,1,1,0
data/external/actions/human_action_recognition/train/006952_sitting.jpg,Bingsu/Human_Action_Recognition,sitting,0,1,0,0,0,0,0,0,0,0,0,0,0,0,0,0,1,0,0,0
data/external/actions/human_action_recognition/train/006953_drinking.jpg,Bingsu/Human_Action_Recognition,drinking,0,0,0,0,0,0,0,0,0,0,0,0,0,0,1,0,0,0,0,0
data/external/actions/human_action_recognition/train/006954_using_laptop.jpg,Bingsu/Human_Action_Recognition,using_laptop,0,1,0,0,0,0,0,0,0,0,0,0,1,0,0,0,1,0,0,0
data/external/actions/human_action_recognition/train/006955_laughing.jpg,Bingsu/Human_Action_Recognition,laughing,1,0,0,0,0,0,0,0,0,0,0,0,0,0,0,0,1,0,0,0
data/external/actions/human_action_recognition/train/006956_drinking.jpg,Bingsu/Human_Action_Recognition,drinking,0,0,0,0,0,0,0,0,0,0,0,0,0,0,1,0,0,0,0,0
data/external/actions/human_action_recognition/train/006957_hugging.jpg,Bingsu/Human_Action_Recognition,hugging,1,0,0,0,0,0,0,0,0,0,0,0,0,0,0,0,1,0,0,0
data/external/actions/human_action_recognition/train/006958_using_laptop.jpg,Bingsu/Human_Action_Recognition,using_laptop,0,1,0,0,0,0,0,0,0,0,0,0,1,0,0,0,1,0,0,0
data/external/actions/human_action_recognition/train/006959_cycling.jpg,Bingsu/Human_Action_Recognition,cycling,0,0,0,0,0,0,0,0,1,0,0,0,0,0,0,0,0,1,0,0
data/external/actions/human_action_recognition/train/006960_using_laptop.jpg,Bingsu/Human_Action_Recognition,using_laptop,0,1,0,0,0,0,0,0,0,0,0,0,1,0,0,0,1,0,0,0
data/external/actions/human_action_recognition/train/006961_sitting.jpg,Bingsu/Human_Action_Recognition,sitting,0,1,0,0,0,0,0,0,0,0,0,0,0,0,0,0,1,0,0,0
data/external/actions/human_action_recognition/train/006962_sitting.jpg,Bingsu/Human_Action_Recognition,sitting,0,1,0,0,0,0,0,0,0,0,0,0,0,0,0,0,1,0,0,0
data/external/actions/human_action_recognition/train/006963_running.jpg,Bingsu/Human_Action_Recognition,running,0,0,0,0,0,0,1,0,0,0,0,0,0,0,0,0,0,1,1,0
data/external/actions/human_action_recognition/train/006964_using_laptop.jpg,Bingsu/Human_Action_Recognition,using_laptop,0,1,0,0,0,0,0,0,0,0,0,0,1,0,0,0,1,0,0,0
data/external/actions/human_action_recognition/train/006965_clapping.jpg,Bingsu/Human_Action_Recognition,clapping,0,0,0,0,1,0,0,0,0,0,0,0,0,0,0,0,0,1,0,0
data/external/actions/human_action_recognition/train/006966_eating.jpg,Bingsu/Human_Action_Recognition,eating,0,0,0,0,0,0,0,0,0,0,0,0,0,1,0,0,0,0,0,0
data/external/actions/human_action_recognition/train/006967_calling.jpg,Bingsu/Human_Action_Recognition,calling,1,0,0,0,0,0,0,0,0,0,0,0,0,0,0,0,1,0,0,0
data/external/actions/human_action_recognition/train/006968_sitting.jpg,Bingsu/Human_Action_Recognition,sitting,0,1,0,0,0,0,0,0,0,0,0,0,0,0,0,0,1,0,0,0
data/external/actions/human_action_recognition/train/006969_running.jpg,Bingsu/Human_Action_Recognition,running,0,0,0,0,0,0,1,0,0,0,0,0,0,0,0,0,0,1,1,0
data/external/actions/human_action_recognition/train/006970_dancing.jpg,Bingsu/Human_Action_Recognition,dancing,0,0,0,0,0,0,0,0,0,0,1,0,0,0,0,0,0,1,0,0
data/external/actions/human_action_recognition/train/006971_clapping.jpg,Bingsu/Human_Action_Recognition,clapping,0,0,0,0,1,0,0,0,0,0,0,0,0,0,0,0,0,1,0,0
data/external/actions/human_action_recognition/train/006972_running.jpg,Bingsu/Human_Action_Recognition,running,0,0,0,0,0,0,1,0,0,0,0,0,0,0,0,0,0,1,1,0
data/external/actions/human_action_recognition/train/006973_hugging.jpg,Bingsu/Human_Action_Recognition,hugging,1,0,0,0,0,0,0,0,0,0,0,0,0,0,0,0,1,0,0,0
data/external/actions/human_action_recognition/train/006974_laughing.jpg,Bingsu/Human_Action_Recognition,laughing,1,0,0,0,0,0,0,0,0,0,0,0,0,0,0,0,1,0,0,0
data/external/actions/human_action_recognition/train/006975_clapping.jpg,Bingsu/Human_Action_Recognition,clapping,0,0,0,0,1,0,0,0,0,0,0,0,0,0,0,0,0,1,0,0
data/external/actions/human_action_recognition/train/006976_dancing.jpg,Bingsu/Human_Action_Recognition,dancing,0,0,0,0,0,0,0,0,0,0,1,0,0,0,0,0,0,1,0,0
data/external/actions/human_action_recognition/train/006977_cycling.jpg,Bingsu/Human_Action_Recognition,cycling,0,0,0,0,0,0,0,0,1,0,0,0,0,0,0,0,0,1,0,0
data/external/actions/human_action_recognition/train/006978_texting.jpg,Bingsu/Human_Action_Recognition,texting,0,1,0,0,0,0,0,0,0,0,0,0,0,0,0,0,1,0,0,0
data/external/actions/human_action_recognition/train/006979_eating.jpg,Bingsu/Human_Action_Recognition,eating,0,0,0,0,0,0,0,0,0,0,0,0,0,1,0,0,0,0,0,0
data/external/actions/human_action_recognition/train/006980_clapping.jpg,Bingsu/Human_Action_Recognition,clapping,0,0,0,0,1,0,0,0,0,0,0,0,0,0,0,0,0,1,0,0
data/external/actions/human_action_recognition/train/006981_dancing.jpg,Bingsu/Human_Action_Recognition,dancing,0,0,0,0,0,0,0,0,0,0,1,0,0,0,0,0,0,1,0,0
data/external/actions/human_action_recognition/train/006982_running.jpg,Bingsu/Human_Action_Recognition,running,0,0,0,0,0,0,1,0,0,0,0,0,0,0,0,0,0,1,1,0
data/external/actions/human_action_recognition/train/006983_drinking.jpg,Bingsu/Human_Action_Recognition,drinking,0,0,0,0,0,0,0,0,0,0,0,0,0,0,1,0,0,0,0,0
data/external/actions/human_action_recognition/train/006984_texting.jpg,Bingsu/Human_Action_Recognition,texting,0,1,0,0,0,0,0,0,0,0,0,0,0,0,0,0,1,0,0,0
data/external/actions/human_action_recognition/train/006985_cycling.jpg,Bingsu/Human_Action_Recognition,cycling,0,0,0,0,0,0,0,0,1,0,0,0,0,0,0,0,0,1,0,0
data/external/actions/human_action_recognition/train/006986_drinking.jpg,Bingsu/Human_Action_Recognition,drinking,0,0,0,0,0,0,0,0,0,0,0,0,0,0,1,0,0,0,0,0
data/external/actions/human_action_recognition/train/006987_clapping.jpg,Bingsu/Human_Action_Recognition,clapping,0,0,0,0,1,0,0,0,0,0,0,0,0,0,0,0,0,1,0,0
data/external/actions/human_action_recognition/train/006988_cycling.jpg,Bingsu/Human_Action_Recognition,cycling,0,0,0,0,0,0,0,0,1,0,0,0,0,0,0,0,0,1,0,0
data/external/actions/human_action_recognition/train/006989_eating.jpg,Bingsu/Human_Action_Recognition,eating,0,0,0,0,0,0,0,0,0,0,0,0,0,1,0,0,0,0,0,0
data/external/actions/human_action_recognition/train/006990_running.jpg,Bingsu/Human_Action_Recognition,running,0,0,0,0,0,0,1,0,0,0,0,0,0,0,0,0,0,1,1,0
data/external/actions/human_action_recognition/train/006991_eating.jpg,Bingsu/Human_Action_Recognition,eating,0,0,0,0,0,0,0,0,0,0,0,0,0,1,0,0,0,0,0,0
data/external/actions/human_action_recognition/train/006992_sitting.jpg,Bingsu/Human_Action_Recognition,sitting,0,1,0,0,0,0,0,0,0,0,0,0,0,0,0,0,1,0,0,0
data/external/actions/human_action_recognition/train/006993_sitting.jpg,Bingsu/Human_Action_Recognition,sitting,0,1,0,0,0,0,0,0,0,0,0,0,0,0,0,0,1,0,0,0
data/external/actions/human_action_recognition/train/006994_sleeping.jpg,Bingsu/Human_Action_Recognition,sleeping,0,0,1,0,0,0,0,0,0,0,0,0,0,0,0,0,1,0,0,0
data/external/actions/human_action_recognition/train/006995_using_laptop.jpg,Bingsu/Human_Action_Recognition,using_laptop,0,1,0,0,0,0,0,0,0,0,0,0,1,0,0,0,1,0,0,0
data/external/actions/human_action_recognition/train/006996_drinking.jpg,Bingsu/Human_Action_Recognition,drinking,0,0,0,0,0,0,0,0,0,0,0,0,0,0,1,0,0,0,0,0
data/external/actions/human_action_recognition/train/006997_listening_to_music.jpg,Bingsu/Human_Action_Recognition,listening_to_music,0,1,0,0,0,0,0,0,0,0,0,0,0,0,0,0,1,0,0,0
data/external/actions/human_action_recognition/train/006998_calling.jpg,Bingsu/Human_Action_Recognition,calling,1,0,0,0,0,0,0,0,0,0,0,0,0,0,0,0,1,0,0,0
data/external/actions/human_action_recognition/train/006999_listening_to_music.jpg,Bingsu/Human_Action_Recognition,listening_to_music,0,1,0,0,0,0,0,0,0,0,0,0,0,0,0,0,1,0,0,0
data/external/actions/human_action_recognition/train/007000_running.jpg,Bingsu/Human_Action_Recognition,running,0,0,0,0,0,0,1,0,0,0,0,0,0,0,0,0,0,1,1,0
data/external/actions/human_action_recognition/train/007001_calling.jpg,Bingsu/Human_Action_Recognition,calling,1,0,0,0,0,0,0,0,0,0,0,0,0,0,0,0,1,0,0,0
data/external/actions/human_action_recognition/train/007002_running.jpg,Bingsu/Human_Action_Recognition,running,0,0,0,0,0,0,1,0,0,0,0,0,0,0,0,0,0,1,1,0
data/external/actions/human_action_recognition/train/007003_eating.jpg,Bingsu/Human_Action_Recognition,eating,0,0,0,0,0,0,0,0,0,0,0,0,0,1,0,0,0,0,0,0
data/external/actions/human_action_recognition/train/007004_calling.jpg,Bingsu/Human_Action_Recognition,calling,1,0,0,0,0,0,0,0,0,0,0,0,0,0,0,0,1,0,0,0
data/external/actions/human_action_recognition/train/007005_sitting.jpg,Bingsu/Human_Action_Recognition,sitting,0,1,0,0,0,0,0,0,0,0,0,0,0,0,0,0,1,0,0,0
data/external/actions/human_action_recognition/train/007006_drinking.jpg,Bingsu/Human_Action_Recognition,drinking,0,0,0,0,0,0,0,0,0,0,0,0,0,0,1,0,0,0,0,0
data/external/actions/human_action_recognition/train/007007_laughing.jpg,Bingsu/Human_Action_Recognition,laughing,1,0,0,0,0,0,0,0,0,0,0,0,0,0,0,0,1,0,0,0
data/external/actions/human_action_recognition/train/007008_drinking.jpg,Bingsu/Human_Action_Recognition,drinking,0,0,0,0,0,0,0,0,0,0,0,0,0,0,1,0,0,0,0,0
data/external/actions/human_action_recognition/train/007009_running.jpg,Bingsu/Human_Action_Recognition,running,0,0,0,0,0,0,1,0,0,0,0,0,0,0,0,0,0,1,1,0
data/external/actions/human_action_recognition/train/007010_hugging.jpg,Bingsu/Human_Action_Recognition,hugging,1,0,0,0,0,0,0,0,0,0,0,0,0,0,0,0,1,0,0,0
data/external/actions/human_action_recognition/train/007011_clapping.jpg,Bingsu/Human_Action_Recognition,clapping,0,0,0,0,1,0,0,0,0,0,0,0,0,0,0,0,0,1,0,0
data/external/actions/human_action_recognition/train/007012_clapping.jpg,Bingsu/Human_Action_Recognition,clapping,0,0,0,0,1,0,0,0,0,0,0,0,0,0,0,0,0,1,0,0
data/external/actions/human_action_recognition/train/007013_listening_to_music.jpg,Bingsu/Human_Action_Recognition,listening_to_music,0,1,0,0,0,0,0,0,0,0,0,0,0,0,0,0,1,0,0,0
data/external/actions/human_action_recognition/train/007014_cycling.jpg,Bingsu/Human_Action_Recognition,cycling,0,0,0,0,0,0,0,0,1,0,0,0,0,0,0,0,0,1,0,0
data/external/actions/human_action_recognition/train/007015_clapping.jpg,Bingsu/Human_Action_Recognition,clapping,0,0,0,0,1,0,0,0,0,0,0,0,0,0,0,0,0,1,0,0
data/external/actions/human_action_recognition/train/007016_dancing.jpg,Bingsu/Human_Action_Recognition,dancing,0,0,0,0,0,0,0,0,0,0,1,0,0,0,0,0,0,1,0,0
data/external/actions/human_action_recognition/train/007017_eating.jpg,Bingsu/Human_Action_Recognition,eating,0,0,0,0,0,0,0,0,0,0,0,0,0,1,0,0,0,0,0,0
data/external/actions/human_action_recognition/train/007018_laughing.jpg,Bingsu/Human_Action_Recognition,laughing,1,0,0,0,0,0,0,0,0,0,0,0,0,0,0,0,1,0,0,0
data/external/actions/human_action_recognition/train/007019_using_laptop.jpg,Bingsu/Human_Action_Recognition,using_laptop,0,1,0,0,0,0,0,0,0,0,0,0,1,0,0,0,1,0,0,0
data/external/actions/human_action_recognition/train/007020_using_laptop.jpg,Bingsu/Human_Action_Recognition,using_laptop,0,1,0,0,0,0,0,0,0,0,0,0,1,0,0,0,1,0,0,0
data/external/actions/human_action_recognition/train/007021_texting.jpg,Bingsu/Human_Action_Recognition,texting,0,1,0,0,0,0,0,0,0,0,0,0,0,0,0,0,1,0,0,0
data/external/actions/human_action_recognition/train/007022_laughing.jpg,Bingsu/Human_Action_Recognition,laughing,1,0,0,0,0,0,0,0,0,0,0,0,0,0,0,0,1,0,0,0
data/external/actions/human_action_recognition/train/007023_eating.jpg,Bingsu/Human_Action_Recognition,eating,0,0,0,0,0,0,0,0,0,0,0,0,0,1,0,0,0,0,0,0
data/external/actions/human_action_recognition/train/007024_laughing.jpg,Bingsu/Human_Action_Recognition,laughing,1,0,0,0,0,0,0,0,0,0,0,0,0,0,0,0,1,0,0,0
data/external/actions/human_action_recognition/train/007025_using_laptop.jpg,Bingsu/Human_Action_Recognition,using_laptop,0,1,0,0,0,0,0,0,0,0,0,0,1,0,0,0,1,0,0,0
data/external/actions/human_action_recognition/train/007026_calling.jpg,Bingsu/Human_Action_Recognition,calling,1,0,0,0,0,0,0,0,0,0,0,0,0,0,0,0,1,0,0,0
data/external/actions/human_action_recognition/train/007027_dancing.jpg,Bingsu/Human_Action_Recognition,dancing,0,0,0,0,0,0,0,0,0,0,1,0,0,0,0,0,0,1,0,0
data/external/actions/human_action_recognition/train/007028_sleeping.jpg,Bingsu/Human_Action_Recognition,sleeping,0,0,1,0,0,0,0,0,0,0,0,0,0,0,0,0,1,0,0,0
data/external/actions/human_action_recognition/train/007029_eating.jpg,Bingsu/Human_Action_Recognition,eating,0,0,0,0,0,0,0,0,0,0,0,0,0,1,0,0,0,0,0,0
data/external/actions/human_action_recognition/train/007030_listening_to_music.jpg,Bingsu/Human_Action_Recognition,listening_to_music,0,1,0,0,0,0,0,0,0,0,0,0,0,0,0,0,1,0,0,0
data/external/actions/human_action_recognition/train/007031_clapping.jpg,Bingsu/Human_Action_Recognition,clapping,0,0,0,0,1,0,0,0,0,0,0,0,0,0,0,0,0,1,0,0
data/external/actions/human_action_recognition/train/007032_running.jpg,Bingsu/Human_Action_Recognition,running,0,0,0,0,0,0,1,0,0,0,0,0,0,0,0,0,0,1,1,0
data/external/actions/human_action_recognition/train/007033_drinking.jpg,Bingsu/Human_Action_Recognition,drinking,0,0,0,0,0,0,0,0,0,0,0,0,0,0,1,0,0,0,0,0
data/external/actions/human_action_recognition/train/007034_calling.jpg,Bingsu/Human_Action_Recognition,calling,1,0,0,0,0,0,0,0,0,0,0,0,0,0,0,0,1,0,0,0
data/external/actions/human_action_recognition/train/007035_fighting.jpg,Bingsu/Human_Action_Recognition,fighting,0,0,0,0,0,0,0,0,0,0,0,0,0,0,0,0,0,1,1,0
data/external/actions/human_action_recognition/train/007036_listening_to_music.jpg,Bingsu/Human_Action_Recognition,listening_to_music,0,1,0,0,0,0,0,0,0,0,0,0,0,0,0,0,1,0,0,0
data/external/actions/human_action_recognition/train/007037_eating.jpg,Bingsu/Human_Action_Recognition,eating,0,0,0,0,0,0,0,0,0,0,0,0,0,1,0,0,0,0,0,0
data/external/actions/human_action_recognition/train/007038_texting.jpg,Bingsu/Human_Action_Recognition,texting,0,1,0,0,0,0,0,0,0,0,0,0,0,0,0,0,1,0,0,0
data/external/actions/human_action_recognition/train/007039_fighting.jpg,Bingsu/Human_Action_Recognition,fighting,0,0,0,0,0,0,0,0,0,0,0,0,0,0,0,0,0,1,1,0
data/external/actions/human_action_recognition/train/007040_drinking.jpg,Bingsu/Human_Action_Recognition,drinking,0,0,0,0,0,0,0,0,0,0,0,0,0,0,1,0,0,0,0,0
data/external/actions/human_action_recognition/train/007041_fighting.jpg,Bingsu/Human_Action_Recognition,fighting,0,0,0,0,0,0,0,0,0,0,0,0,0,0,0,0,0,1,1,0
data/external/actions/human_action_recognition/train/007042_laughing.jpg,Bingsu/Human_Action_Recognition,laughing,1,0,0,0,0,0,0,0,0,0,0,0,0,0,0,0,1,0,0,0
data/external/actions/human_action_recognition/train/007043_running.jpg,Bingsu/Human_Action_Recognition,running,0,0,0,0,0,0,1,0,0,0,0,0,0,0,0,0,0,1,1,0
data/external/actions/human_action_recognition/train/007044_dancing.jpg,Bingsu/Human_Action_Recognition,dancing,0,0,0,0,0,0,0,0,0,0,1,0,0,0,0,0,0,1,0,0
data/external/actions/human_action_recognition/train/007045_running.jpg,Bingsu/Human_Action_Recognition,running,0,0,0,0,0,0,1,0,0,0,0,0,0,0,0,0,0,1,1,0
data/external/actions/human_action_recognition/train/007046_running.jpg,Bingsu/Human_Action_Recognition,running,0,0,0,0,0,0,1,0,0,0,0,0,0,0,0,0,0,1,1,0
data/external/actions/human_action_recognition/train/007047_drinking.jpg,Bingsu/Human_Action_Recognition,drinking,0,0,0,0,0,0,0,0,0,0,0,0,0,0,1,0,0,0,0,0
data/external/actions/human_action_recognition/train/007048_laughing.jpg,Bingsu/Human_Action_Recognition,laughing,1,0,0,0,0,0,0,0,0,0,0,0,0,0,0,0,1,0,0,0
data/external/actions/human_action_recognition/train/007049_laughing.jpg,Bingsu/Human_Action_Recognition,laughing,1,0,0,0,0,0,0,0,0,0,0,0,0,0,0,0,1,0,0,0
data/external/actions/human_action_recognition/train/007050_listening_to_music.jpg,Bingsu/Human_Action_Recognition,listening_to_music,0,1,0,0,0,0,0,0,0,0,0,0,0,0,0,0,1,0,0,0
data/external/actions/human_action_recognition/train/007051_sleeping.jpg,Bingsu/Human_Action_Recognition,sleeping,0,0,1,0,0,0,0,0,0,0,0,0,0,0,0,0,1,0,0,0
data/external/actions/human_action_recognition/train/007052_drinking.jpg,Bingsu/Human_Action_Recognition,drinking,0,0,0,0,0,0,0,0,0,0,0,0,0,0,1,0,0,0,0,0
data/external/actions/human_action_recognition/train/007053_cycling.jpg,Bingsu/Human_Action_Recognition,cycling,0,0,0,0,0,0,0,0,1,0,0,0,0,0,0,0,0,1,0,0
data/external/actions/human_action_recognition/train/007054_listening_to_music.jpg,Bingsu/Human_Action_Recognition,listening_to_music,0,1,0,0,0,0,0,0,0,0,0,0,0,0,0,0,1,0,0,0
data/external/actions/human_action_recognition/train/007055_eating.jpg,Bingsu/Human_Action_Recognition,eating,0,0,0,0,0,0,0,0,0,0,0,0,0,1,0,0,0,0,0,0
data/external/actions/human_action_recognition/train/007056_sitting.jpg,Bingsu/Human_Action_Recognition,sitting,0,1,0,0,0,0,0,0,0,0,0,0,0,0,0,0,1,0,0,0
data/external/actions/human_action_recognition/train/007057_cycling.jpg,Bingsu/Human_Action_Recognition,cycling,0,0,0,0,0,0,0,0,1,0,0,0,0,0,0,0,0,1,0,0
data/external/actions/human_action_recognition/train/007058_running.jpg,Bingsu/Human_Action_Recognition,running,0,0,0,0,0,0,1,0,0,0,0,0,0,0,0,0,0,1,1,0
data/external/actions/human_action_recognition/train/007059_listening_to_music.jpg,Bingsu/Human_Action_Recognition,listening_to_music,0,1,0,0,0,0,0,0,0,0,0,0,0,0,0,0,1,0,0,0
data/external/actions/human_action_recognition/train/007060_sleeping.jpg,Bingsu/Human_Action_Recognition,sleeping,0,0,1,0,0,0,0,0,0,0,0,0,0,0,0,0,1,0,0,0
data/external/actions/human_action_recognition/train/007061_drinking.jpg,Bingsu/Human_Action_Recognition,drinking,0,0,0,0,0,0,0,0,0,0,0,0,0,0,1,0,0,0,0,0
data/external/actions/human_action_recognition/train/007062_laughing.jpg,Bingsu/Human_Action_Recognition,laughing,1,0,0,0,0,0,0,0,0,0,0,0,0,0,0,0,1,0,0,0
data/external/actions/human_action_recognition/train/007063_dancing.jpg,Bingsu/Human_Action_Recognition,dancing,0,0,0,0,0,0,0,0,0,0,1,0,0,0,0,0,0,1,0,0
data/external/actions/human_action_recognition/train/007064_eating.jpg,Bingsu/Human_Action_Recognition,eating,0,0,0,0,0,0,0,0,0,0,0,0,0,1,0,0,0,0,0,0
data/external/actions/human_action_recognition/train/007065_listening_to_music.jpg,Bingsu/Human_Action_Recognition,listening_to_music,0,1,0,0,0,0,0,0,0,0,0,0,0,0,0,0,1,0,0,0
data/external/actions/human_action_recognition/train/007066_drinking.jpg,Bingsu/Human_Action_Recognition,drinking,0,0,0,0,0,0,0,0,0,0,0,0,0,0,1,0,0,0,0,0
data/external/actions/human_action_recognition/train/007067_listening_to_music.jpg,Bingsu/Human_Action_Recognition,listening_to_music,0,1,0,0,0,0,0,0,0,0,0,0,0,0,0,0,1,0,0,0
data/external/actions/human_action_recognition/train/007068_laughing.jpg,Bingsu/Human_Action_Recognition,laughing,1,0,0,0,0,0,0,0,0,0,0,0,0,0,0,0,1,0,0,0
data/external/actions/human_action_recognition/train/007069_listening_to_music.jpg,Bingsu/Human_Action_Recognition,listening_to_music,0,1,0,0,0,0,0,0,0,0,0,0,0,0,0,0,1,0,0,0
data/external/actions/human_action_recognition/train/007070_laughing.jpg,Bingsu/Human_Action_Recognition,laughing,1,0,0,0,0,0,0,0,0,0,0,0,0,0,0,0,1,0,0,0
data/external/actions/human_action_recognition/train/007071_calling.jpg,Bingsu/Human_Action_Recognition,calling,1,0,0,0,0,0,0,0,0,0,0,0,0,0,0,0,1,0,0,0
data/external/actions/human_action_recognition/train/007072_sleeping.jpg,Bingsu/Human_Action_Recognition,sleeping,0,0,1,0,0,0,0,0,0,0,0,0,0,0,0,0,1,0,0,0
data/external/actions/human_action_recognition/train/007073_clapping.jpg,Bingsu/Human_Action_Recognition,clapping,0,0,0,0,1,0,0,0,0,0,0,0,0,0,0,0,0,1,0,0
data/external/actions/human_action_recognition/train/007074_calling.jpg,Bingsu/Human_Action_Recognition,calling,1,0,0,0,0,0,0,0,0,0,0,0,0,0,0,0,1,0,0,0
data/external/actions/human_action_recognition/train/007075_sleeping.jpg,Bingsu/Human_Action_Recognition,sleeping,0,0,1,0,0,0,0,0,0,0,0,0,0,0,0,0,1,0,0,0
data/external/actions/human_action_recognition/train/007076_sleeping.jpg,Bingsu/Human_Action_Recognition,sleeping,0,0,1,0,0,0,0,0,0,0,0,0,0,0,0,0,1,0,0,0
data/external/actions/human_action_recognition/train/007077_fighting.jpg,Bingsu/Human_Action_Recognition,fighting,0,0,0,0,0,0,0,0,0,0,0,0,0,0,0,0,0,1,1,0
data/external/actions/human_action_recognition/train/007078_fighting.jpg,Bingsu/Human_Action_Recognition,fighting,0,0,0,0,0,0,0,0,0,0,0,0,0,0,0,0,0,1,1,0
data/external/actions/human_action_recognition/train/007079_texting.jpg,Bingsu/Human_Action_Recognition,texting,0,1,0,0,0,0,0,0,0,0,0,0,0,0,0,0,1,0,0,0
data/external/actions/human_action_recognition/train/007080_fighting.jpg,Bingsu/Human_Action_Recognition,fighting,0,0,0,0,0,0,0,0,0,0,0,0,0,0,0,0,0,1,1,0
data/external/actions/human_action_recognition/train/007081_using_laptop.jpg,Bingsu/Human_Action_Recognition,using_laptop,0,1,0,0,0,0,0,0,0,0,0,0,1,0,0,0,1,0,0,0
data/external/actions/human_action_recognition/train/007082_sitting.jpg,Bingsu/Human_Action_Recognition,sitting,0,1,0,0,0,0,0,0,0,0,0,0,0,0,0,0,1,0,0,0
data/external/actions/human_action_recognition/train/007083_listening_to_music.jpg,Bingsu/Human_Action_Recognition,listening_to_music,0,1,0,0,0,0,0,0,0,0,0,0,0,0,0,0,1,0,0,0
data/external/actions/human_action_recognition/train/007084_sitting.jpg,Bingsu/Human_Action_Recognition,sitting,0,1,0,0,0,0,0,0,0,0,0,0,0,0,0,0,1,0,0,0
data/external/actions/human_action_recognition/train/007085_listening_to_music.jpg,Bingsu/Human_Action_Recognition,listening_to_music,0,1,0,0,0,0,0,0,0,0,0,0,0,0,0,0,1,0,0,0
data/external/actions/human_action_recognition/train/007086_texting.jpg,Bingsu/Human_Action_Recognition,texting,0,1,0,0,0,0,0,0,0,0,0,0,0,0,0,0,1,0,0,0
data/external/actions/human_action_recognition/train/007087_laughing.jpg,Bingsu/Human_Action_Recognition,laughing,1,0,0,0,0,0,0,0,0,0,0,0,0,0,0,0,1,0,0,0
data/external/actions/human_action_recognition/train/007088_sleeping.jpg,Bingsu/Human_Action_Recognition,sleeping,0,0,1,0,0,0,0,0,0,0,0,0,0,0,0,0,1,0,0,0
data/external/actions/human_action_recognition/train/007089_eating.jpg,Bingsu/Human_Action_Recognition,eating,0,0,0,0,0,0,0,0,0,0,0,0,0,1,0,0,0,0,0,0
data/external/actions/human_action_recognition/train/007090_sitting.jpg,Bingsu/Human_Action_Recognition,sitting,0,1,0,0,0,0,0,0,0,0,0,0,0,0,0,0,1,0,0,0
data/external/actions/human_action_recognition/train/007091_texting.jpg,Bingsu/Human_Action_Recognition,texting,0,1,0,0,0,0,0,0,0,0,0,0,0,0,0,0,1,0,0,0
data/external/actions/human_action_recognition/train/007092_calling.jpg,Bingsu/Human_Action_Recognition,calling,1,0,0,0,0,0,0,0,0,0,0,0,0,0,0,0,1,0,0,0
data/external/actions/human_action_recognition/train/007093_sleeping.jpg,Bingsu/Human_Action_Recognition,sleeping,0,0,1,0,0,0,0,0,0,0,0,0,0,0,0,0,1,0,0,0
data/external/actions/human_action_recognition/train/007094_drinking.jpg,Bingsu/Human_Action_Recognition,drinking,0,0,0,0,0,0,0,0,0,0,0,0,0,0,1,0,0,0,0,0
data/external/actions/human_action_recognition/train/007095_running.jpg,Bingsu/Human_Action_Recognition,running,0,0,0,0,0,0,1,0,0,0,0,0,0,0,0,0,0,1,1,0
data/external/actions/human_action_recognition/train/007096_sitting.jpg,Bingsu/Human_Action_Recognition,sitting,0,1,0,0,0,0,0,0,0,0,0,0,0,0,0,0,1,0,0,0
data/external/actions/human_action_recognition/train/007097_dancing.jpg,Bingsu/Human_Action_Recognition,dancing,0,0,0,0,0,0,0,0,0,0,1,0,0,0,0,0,0,1,0,0
data/external/actions/human_action_recognition/train/007098_eating.jpg,Bingsu/Human_Action_Recognition,eating,0,0,0,0,0,0,0,0,0,0,0,0,0,1,0,0,0,0,0,0
data/external/actions/human_action_recognition/train/007099_cycling.jpg,Bingsu/Human_Action_Recognition,cycling,0,0,0,0,0,0,0,0,1,0,0,0,0,0,0,0,0,1,0,0
data/external/actions/human_action_recognition/train/007100_laughing.jpg,Bingsu/Human_Action_Recognition,laughing,1,0,0,0,0,0,0,0,0,0,0,0,0,0,0,0,1,0,0,0
data/external/actions/human_action_recognition/train/007101_dancing.jpg,Bingsu/Human_Action_Recognition,dancing,0,0,0,0,0,0,0,0,0,0,1,0,0,0,0,0,0,1,0,0
data/external/actions/human_action_recognition/train/007102_fighting.jpg,Bingsu/Human_Action_Recognition,fighting,0,0,0,0,0,0,0,0,0,0,0,0,0,0,0,0,0,1,1,0
data/external/actions/human_action_recognition/train/007103_clapping.jpg,Bingsu/Human_Action_Recognition,clapping,0,0,0,0,1,0,0,0,0,0,0,0,0,0,0,0,0,1,0,0
data/external/actions/human_action_recognition/train/007104_texting.jpg,Bingsu/Human_Action_Recognition,texting,0,1,0,0,0,0,0,0,0,0,0,0,0,0,0,0,1,0,0,0
data/external/actions/human_action_recognition/train/007105_listening_to_music.jpg,Bingsu/Human_Action_Recognition,listening_to_music,0,1,0,0,0,0,0,0,0,0,0,0,0,0,0,0,1,0,0,0
data/external/actions/human_action_recognition/train/007106_clapping.jpg,Bingsu/Human_Action_Recognition,clapping,0,0,0,0,1,0,0,0,0,0,0,0,0,0,0,0,0,1,0,0
data/external/actions/human_action_recognition/train/007107_drinking.jpg,Bingsu/Human_Action_Recognition,drinking,0,0,0,0,0,0,0,0,0,0,0,0,0,0,1,0,0,0,0,0
data/external/actions/human_action_recognition/train/007108_laughing.jpg,Bingsu/Human_Action_Recognition,laughing,1,0,0,0,0,0,0,0,0,0,0,0,0,0,0,0,1,0,0,0
data/external/actions/human_action_recognition/train/007109_fighting.jpg,Bingsu/Human_Action_Recognition,fighting,0,0,0,0,0,0,0,0,0,0,0,0,0,0,0,0,0,1,1,0
data/external/actions/human_action_recognition/train/007110_hugging.jpg,Bingsu/Human_Action_Recognition,hugging,1,0,0,0,0,0,0,0,0,0,0,0,0,0,0,0,1,0,0,0
data/external/actions/human_action_recognition/train/007111_eating.jpg,Bingsu/Human_Action_Recognition,eating,0,0,0,0,0,0,0,0,0,0,0,0,0,1,0,0,0,0,0,0
data/external/actions/human_action_recognition/train/007112_hugging.jpg,Bingsu/Human_Action_Recognition,hugging,1,0,0,0,0,0,0,0,0,0,0,0,0,0,0,0,1,0,0,0
data/external/actions/human_action_recognition/train/007113_texting.jpg,Bingsu/Human_Action_Recognition,texting,0,1,0,0,0,0,0,0,0,0,0,0,0,0,0,0,1,0,0,0
data/external/actions/human_action_recognition/train/007114_texting.jpg,Bingsu/Human_Action_Recognition,texting,0,1,0,0,0,0,0,0,0,0,0,0,0,0,0,0,1,0,0,0
data/external/actions/human_action_recognition/train/007115_texting.jpg,Bingsu/Human_Action_Recognition,texting,0,1,0,0,0,0,0,0,0,0,0,0,0,0,0,0,1,0,0,0
data/external/actions/human_action_recognition/train/007116_hugging.jpg,Bingsu/Human_Action_Recognition,hugging,1,0,0,0,0,0,0,0,0,0,0,0,0,0,0,0,1,0,0,0
data/external/actions/human_action_recognition/train/007117_fighting.jpg,Bingsu/Human_Action_Recognition,fighting,0,0,0,0,0,0,0,0,0,0,0,0,0,0,0,0,0,1,1,0
data/external/actions/human_action_recognition/train/007118_clapping.jpg,Bingsu/Human_Action_Recognition,clapping,0,0,0,0,1,0,0,0,0,0,0,0,0,0,0,0,0,1,0,0
data/external/actions/human_action_recognition/train/007119_sleeping.jpg,Bingsu/Human_Action_Recognition,sleeping,0,0,1,0,0,0,0,0,0,0,0,0,0,0,0,0,1,0,0,0
data/external/actions/human_action_recognition/train/007120_fighting.jpg,Bingsu/Human_Action_Recognition,fighting,0,0,0,0,0,0,0,0,0,0,0,0,0,0,0,0,0,1,1,0
data/external/actions/human_action_recognition/train/007121_dancing.jpg,Bingsu/Human_Action_Recognition,dancing,0,0,0,0,0,0,0,0,0,0,1,0,0,0,0,0,0,1,0,0
data/external/actions/human_action_recognition/train/007122_listening_to_music.jpg,Bingsu/Human_Action_Recognition,listening_to_music,0,1,0,0,0,0,0,0,0,0,0,0,0,0,0,0,1,0,0,0
data/external/actions/human_action_recognition/train/007123_texting.jpg,Bingsu/Human_Action_Recognition,texting,0,1,0,0,0,0,0,0,0,0,0,0,0,0,0,0,1,0,0,0
data/external/actions/human_action_recognition/train/007124_cycling.jpg,Bingsu/Human_Action_Recognition,cycling,0,0,0,0,0,0,0,0,1,0,0,0,0,0,0,0,0,1,0,0
data/external/actions/human_action_recognition/train/007125_fighting.jpg,Bingsu/Human_Action_Recognition,fighting,0,0,0,0,0,0,0,0,0,0,0,0,0,0,0,0,0,1,1,0
data/external/actions/human_action_recognition/train/007126_using_laptop.jpg,Bingsu/Human_Action_Recognition,using_laptop,0,1,0,0,0,0,0,0,0,0,0,0,1,0,0,0,1,0,0,0
data/external/actions/human_action_recognition/train/007127_hugging.jpg,Bingsu/Human_Action_Recognition,hugging,1,0,0,0,0,0,0,0,0,0,0,0,0,0,0,0,1,0,0,0
data/external/actions/human_action_recognition/train/007128_fighting.jpg,Bingsu/Human_Action_Recognition,fighting,0,0,0,0,0,0,0,0,0,0,0,0,0,0,0,0,0,1,1,0
data/external/actions/human_action_recognition/train/007129_drinking.jpg,Bingsu/Human_Action_Recognition,drinking,0,0,0,0,0,0,0,0,0,0,0,0,0,0,1,0,0,0,0,0
data/external/actions/human_action_recognition/train/007130_texting.jpg,Bingsu/Human_Action_Recognition,texting,0,1,0,0,0,0,0,0,0,0,0,0,0,0,0,0,1,0,0,0
data/external/actions/human_action_recognition/train/007131_eating.jpg,Bingsu/Human_Action_Recognition,eating,0,0,0,0,0,0,0,0,0,0,0,0,0,1,0,0,0,0,0,0
data/external/actions/human_action_recognition/train/007132_laughing.jpg,Bingsu/Human_Action_Recognition,laughing,1,0,0,0,0,0,0,0,0,0,0,0,0,0,0,0,1,0,0,0
data/external/actions/human_action_recognition/train/007133_using_laptop.jpg,Bingsu/Human_Action_Recognition,using_laptop,0,1,0,0,0,0,0,0,0,0,0,0,1,0,0,0,1,0,0,0
data/external/actions/human_action_recognition/train/007134_laughing.jpg,Bingsu/Human_Action_Recognition,laughing,1,0,0,0,0,0,0,0,0,0,0,0,0,0,0,0,1,0,0,0
data/external/actions/human_action_recognition/train/007135_laughing.jpg,Bingsu/Human_Action_Recognition,laughing,1,0,0,0,0,0,0,0,0,0,0,0,0,0,0,0,1,0,0,0
data/external/actions/human_action_recognition/train/007136_eating.jpg,Bingsu/Human_Action_Recognition,eating,0,0,0,0,0,0,0,0,0,0,0,0,0,1,0,0,0,0,0,0
data/external/actions/human_action_recognition/train/007137_running.jpg,Bingsu/Human_Action_Recognition,running,0,0,0,0,0,0,1,0,0,0,0,0,0,0,0,0,0,1,1,0
data/external/actions/human_action_recognition/train/007138_calling.jpg,Bingsu/Human_Action_Recognition,calling,1,0,0,0,0,0,0,0,0,0,0,0,0,0,0,0,1,0,0,0
data/external/actions/human_action_recognition/train/007139_laughing.jpg,Bingsu/Human_Action_Recognition,laughing,1,0,0,0,0,0,0,0,0,0,0,0,0,0,0,0,1,0,0,0
data/external/actions/human_action_recognition/train/007140_laughing.jpg,Bingsu/Human_Action_Recognition,laughing,1,0,0,0,0,0,0,0,0,0,0,0,0,0,0,0,1,0,0,0
data/external/actions/human_action_recognition/train/007141_sitting.jpg,Bingsu/Human_Action_Recognition,sitting,0,1,0,0,0,0,0,0,0,0,0,0,0,0,0,0,1,0,0,0
data/external/actions/human_action_recognition/train/007142_dancing.jpg,Bingsu/Human_Action_Recognition,dancing,0,0,0,0,0,0,0,0,0,0,1,0,0,0,0,0,0,1,0,0
data/external/actions/human_action_recognition/train/007143_listening_to_music.jpg,Bingsu/Human_Action_Recognition,listening_to_music,0,1,0,0,0,0,0,0,0,0,0,0,0,0,0,0,1,0,0,0
data/external/actions/human_action_recognition/train/007144_sitting.jpg,Bingsu/Human_Action_Recognition,sitting,0,1,0,0,0,0,0,0,0,0,0,0,0,0,0,0,1,0,0,0
data/external/actions/human_action_recognition/train/007145_listening_to_music.jpg,Bingsu/Human_Action_Recognition,listening_to_music,0,1,0,0,0,0,0,0,0,0,0,0,0,0,0,0,1,0,0,0
data/external/actions/human_action_recognition/train/007146_drinking.jpg,Bingsu/Human_Action_Recognition,drinking,0,0,0,0,0,0,0,0,0,0,0,0,0,0,1,0,0,0,0,0
data/external/actions/human_action_recognition/train/007147_fighting.jpg,Bingsu/Human_Action_Recognition,fighting,0,0,0,0,0,0,0,0,0,0,0,0,0,0,0,0,0,1,1,0
data/external/actions/human_action_recognition/train/007148_eating.jpg,Bingsu/Human_Action_Recognition,eating,0,0,0,0,0,0,0,0,0,0,0,0,0,1,0,0,0,0,0,0
data/external/actions/human_action_recognition/train/007149_running.jpg,Bingsu/Human_Action_Recognition,running,0,0,0,0,0,0,1,0,0,0,0,0,0,0,0,0,0,1,1,0
data/external/actions/human_action_recognition/train/007150_cycling.jpg,Bingsu/Human_Action_Recognition,cycling,0,0,0,0,0,0,0,0,1,0,0,0,0,0,0,0,0,1,0,0
data/external/actions/human_action_recognition/train/007151_eating.jpg,Bingsu/Human_Action_Recognition,eating,0,0,0,0,0,0,0,0,0,0,0,0,0,1,0,0,0,0,0,0
data/external/actions/human_action_recognition/train/007152_running.jpg,Bingsu/Human_Action_Recognition,running,0,0,0,0,0,0,1,0,0,0,0,0,0,0,0,0,0,1,1,0
data/external/actions/human_action_recognition/train/007153_texting.jpg,Bingsu/Human_Action_Recognition,texting,0,1,0,0,0,0,0,0,0,0,0,0,0,0,0,0,1,0,0,0
data/external/actions/human_action_recognition/train/007154_sleeping.jpg,Bingsu/Human_Action_Recognition,sleeping,0,0,1,0,0,0,0,0,0,0,0,0,0,0,0,0,1,0,0,0
data/external/actions/human_action_recognition/train/007155_listening_to_music.jpg,Bingsu/Human_Action_Recognition,listening_to_music,0,1,0,0,0,0,0,0,0,0,0,0,0,0,0,0,1,0,0,0
data/external/actions/human_action_recognition/train/007156_clapping.jpg,Bingsu/Human_Action_Recognition,clapping,0,0,0,0,1,0,0,0,0,0,0,0,0,0,0,0,0,1,0,0
data/external/actions/human_action_recognition/train/007157_listening_to_music.jpg,Bingsu/Human_Action_Recognition,listening_to_music,0,1,0,0,0,0,0,0,0,0,0,0,0,0,0,0,1,0,0,0
data/external/actions/human_action_recognition/train/007158_drinking.jpg,Bingsu/Human_Action_Recognition,drinking,0,0,0,0,0,0,0,0,0,0,0,0,0,0,1,0,0,0,0,0
data/external/actions/human_action_recognition/train/007159_sleeping.jpg,Bingsu/Human_Action_Recognition,sleeping,0,0,1,0,0,0,0,0,0,0,0,0,0,0,0,0,1,0,0,0
data/external/actions/human_action_recognition/train/007160_fighting.jpg,Bingsu/Human_Action_Recognition,fighting,0,0,0,0,0,0,0,0,0,0,0,0,0,0,0,0,0,1,1,0
data/external/actions/human_action_recognition/train/007161_clapping.jpg,Bingsu/Human_Action_Recognition,clapping,0,0,0,0,1,0,0,0,0,0,0,0,0,0,0,0,0,1,0,0
data/external/actions/human_action_recognition/train/007162_calling.jpg,Bingsu/Human_Action_Recognition,calling,1,0,0,0,0,0,0,0,0,0,0,0,0,0,0,0,1,0,0,0
data/external/actions/human_action_recognition/train/007163_clapping.jpg,Bingsu/Human_Action_Recognition,clapping,0,0,0,0,1,0,0,0,0,0,0,0,0,0,0,0,0,1,0,0
data/external/actions/human_action_recognition/train/007164_using_laptop.jpg,Bingsu/Human_Action_Recognition,using_laptop,0,1,0,0,0,0,0,0,0,0,0,0,1,0,0,0,1,0,0,0
data/external/actions/human_action_recognition/train/007165_drinking.jpg,Bingsu/Human_Action_Recognition,drinking,0,0,0,0,0,0,0,0,0,0,0,0,0,0,1,0,0,0,0,0
data/external/actions/human_action_recognition/train/007166_listening_to_music.jpg,Bingsu/Human_Action_Recognition,listening_to_music,0,1,0,0,0,0,0,0,0,0,0,0,0,0,0,0,1,0,0,0
data/external/actions/human_action_recognition/train/007167_sitting.jpg,Bingsu/Human_Action_Recognition,sitting,0,1,0,0,0,0,0,0,0,0,0,0,0,0,0,0,1,0,0,0
data/external/actions/human_action_recognition/train/007168_sitting.jpg,Bingsu/Human_Action_Recognition,sitting,0,1,0,0,0,0,0,0,0,0,0,0,0,0,0,0,1,0,0,0
data/external/actions/human_action_recognition/train/007169_calling.jpg,Bingsu/Human_Action_Recognition,calling,1,0,0,0,0,0,0,0,0,0,0,0,0,0,0,0,1,0,0,0
data/external/actions/human_action_recognition/train/007170_sleeping.jpg,Bingsu/Human_Action_Recognition,sleeping,0,0,1,0,0,0,0,0,0,0,0,0,0,0,0,0,1,0,0,0
data/external/actions/human_action_recognition/train/007171_using_laptop.jpg,Bingsu/Human_Action_Recognition,using_laptop,0,1,0,0,0,0,0,0,0,0,0,0,1,0,0,0,1,0,0,0
data/external/actions/human_action_recognition/train/007172_running.jpg,Bingsu/Human_Action_Recognition,running,0,0,0,0,0,0,1,0,0,0,0,0,0,0,0,0,0,1,1,0
data/external/actions/human_action_recognition/train/007173_calling.jpg,Bingsu/Human_Action_Recognition,calling,1,0,0,0,0,0,0,0,0,0,0,0,0,0,0,0,1,0,0,0
data/external/actions/human_action_recognition/train/007174_running.jpg,Bingsu/Human_Action_Recognition,running,0,0,0,0,0,0,1,0,0,0,0,0,0,0,0,0,0,1,1,0
data/external/actions/human_action_recognition/train/007175_fighting.jpg,Bingsu/Human_Action_Recognition,fighting,0,0,0,0,0,0,0,0,0,0,0,0,0,0,0,0,0,1,1,0
data/external/actions/human_action_recognition/train/007176_drinking.jpg,Bingsu/Human_Action_Recognition,drinking,0,0,0,0,0,0,0,0,0,0,0,0,0,0,1,0,0,0,0,0
data/external/actions/human_action_recognition/train/007177_hugging.jpg,Bingsu/Human_Action_Recognition,hugging,1,0,0,0,0,0,0,0,0,0,0,0,0,0,0,0,1,0,0,0
data/external/actions/human_action_recognition/train/007178_clapping.jpg,Bingsu/Human_Action_Recognition,clapping,0,0,0,0,1,0,0,0,0,0,0,0,0,0,0,0,0,1,0,0
data/external/actions/human_action_recognition/train/007179_sitting.jpg,Bingsu/Human_Action_Recognition,sitting,0,1,0,0,0,0,0,0,0,0,0,0,0,0,0,0,1,0,0,0
data/external/actions/human_action_recognition/train/007180_clapping.jpg,Bingsu/Human_Action_Recognition,clapping,0,0,0,0,1,0,0,0,0,0,0,0,0,0,0,0,0,1,0,0
data/external/actions/human_action_recognition/train/007181_laughing.jpg,Bingsu/Human_Action_Recognition,laughing,1,0,0,0,0,0,0,0,0,0,0,0,0,0,0,0,1,0,0,0
data/external/actions/human_action_recognition/train/007182_listening_to_music.jpg,Bingsu/Human_Action_Recognition,listening_to_music,0,1,0,0,0,0,0,0,0,0,0,0,0,0,0,0,1,0,0,0
data/external/actions/human_action_recognition/train/007183_sleeping.jpg,Bingsu/Human_Action_Recognition,sleeping,0,0,1,0,0,0,0,0,0,0,0,0,0,0,0,0,1,0,0,0
data/external/actions/human_action_recognition/train/007184_listening_to_music.jpg,Bingsu/Human_Action_Recognition,listening_to_music,0,1,0,0,0,0,0,0,0,0,0,0,0,0,0,0,1,0,0,0
data/external/actions/human_action_recognition/train/007185_hugging.jpg,Bingsu/Human_Action_Recognition,hugging,1,0,0,0,0,0,0,0,0,0,0,0,0,0,0,0,1,0,0,0
data/external/actions/human_action_recognition/train/007186_listening_to_music.jpg,Bingsu/Human_Action_Recognition,listening_to_music,0,1,0,0,0,0,0,0,0,0,0,0,0,0,0,0,1,0,0,0
data/external/actions/human_action_recognition/train/007187_hugging.jpg,Bingsu/Human_Action_Recognition,hugging,1,0,0,0,0,0,0,0,0,0,0,0,0,0,0,0,1,0,0,0
data/external/actions/human_action_recognition/train/007188_laughing.jpg,Bingsu/Human_Action_Recognition,laughing,1,0,0,0,0,0,0,0,0,0,0,0,0,0,0,0,1,0,0,0
data/external/actions/human_action_recognition/train/007189_laughing.jpg,Bingsu/Human_Action_Recognition,laughing,1,0,0,0,0,0,0,0,0,0,0,0,0,0,0,0,1,0,0,0
data/external/actions/human_action_recognition/train/007190_eating.jpg,Bingsu/Human_Action_Recognition,eating,0,0,0,0,0,0,0,0,0,0,0,0,0,1,0,0,0,0,0,0
data/external/actions/human_action_recognition/train/007191_sitting.jpg,Bingsu/Human_Action_Recognition,sitting,0,1,0,0,0,0,0,0,0,0,0,0,0,0,0,0,1,0,0,0
data/external/actions/human_action_recognition/train/007192_texting.jpg,Bingsu/Human_Action_Recognition,texting,0,1,0,0,0,0,0,0,0,0,0,0,0,0,0,0,1,0,0,0
data/external/actions/human_action_recognition/train/007193_sitting.jpg,Bingsu/Human_Action_Recognition,sitting,0,1,0,0,0,0,0,0,0,0,0,0,0,0,0,0,1,0,0,0
data/external/actions/human_action_recognition/train/007194_texting.jpg,Bingsu/Human_Action_Recognition,texting,0,1,0,0,0,0,0,0,0,0,0,0,0,0,0,0,1,0,0,0
data/external/actions/human_action_recognition/train/007195_cycling.jpg,Bingsu/Human_Action_Recognition,cycling,0,0,0,0,0,0,0,0,1,0,0,0,0,0,0,0,0,1,0,0
data/external/actions/human_action_recognition/train/007196_drinking.jpg,Bingsu/Human_Action_Recognition,drinking,0,0,0,0,0,0,0,0,0,0,0,0,0,0,1,0,0,0,0,0
data/external/actions/human_action_recognition/train/007197_texting.jpg,Bingsu/Human_Action_Recognition,texting,0,1,0,0,0,0,0,0,0,0,0,0,0,0,0,0,1,0,0,0
data/external/actions/human_action_recognition/train/007198_texting.jpg,Bingsu/Human_Action_Recognition,texting,0,1,0,0,0,0,0,0,0,0,0,0,0,0,0,0,1,0,0,0
data/external/actions/human_action_recognition/train/007199_sitting.jpg,Bingsu/Human_Action_Recognition,sitting,0,1,0,0,0,0,0,0,0,0,0,0,0,0,0,0,1,0,0,0
data/external/actions/human_action_recognition/train/007200_hugging.jpg,Bingsu/Human_Action_Recognition,hugging,1,0,0,0,0,0,0,0,0,0,0,0,0,0,0,0,1,0,0,0
data/external/actions/human_action_recognition/train/007201_calling.jpg,Bingsu/Human_Action_Recognition,calling,1,0,0,0,0,0,0,0,0,0,0,0,0,0,0,0,1,0,0,0
data/external/actions/human_action_recognition/train/007202_clapping.jpg,Bingsu/Human_Action_Recognition,clapping,0,0,0,0,1,0,0,0,0,0,0,0,0,0,0,0,0,1,0,0
data/external/actions/human_action_recognition/train/007203_using_laptop.jpg,Bingsu/Human_Action_Recognition,using_laptop,0,1,0,0,0,0,0,0,0,0,0,0,1,0,0,0,1,0,0,0
data/external/actions/human_action_recognition/train/007204_dancing.jpg,Bingsu/Human_Action_Recognition,dancing,0,0,0,0,0,0,0,0,0,0,1,0,0,0,0,0,0,1,0,0
data/external/actions/human_action_recognition/train/007205_sitting.jpg,Bingsu/Human_Action_Recognition,sitting,0,1,0,0,0,0,0,0,0,0,0,0,0,0,0,0,1,0,0,0
data/external/actions/human_action_recognition/train/007206_eating.jpg,Bingsu/Human_Action_Recognition,eating,0,0,0,0,0,0,0,0,0,0,0,0,0,1,0,0,0,0,0,0
data/external/actions/human_action_recognition/train/007207_using_laptop.jpg,Bingsu/Human_Action_Recognition,using_laptop,0,1,0,0,0,0,0,0,0,0,0,0,1,0,0,0,1,0,0,0
data/external/actions/human_action_recognition/train/007208_fighting.jpg,Bingsu/Human_Action_Recognition,fighting,0,0,0,0,0,0,0,0,0,0,0,0,0,0,0,0,0,1,1,0
data/external/actions/human_action_recognition/train/007209_fighting.jpg,Bingsu/Human_Action_Recognition,fighting,0,0,0,0,0,0,0,0,0,0,0,0,0,0,0,0,0,1,1,0
data/external/actions/human_action_recognition/train/007210_cycling.jpg,Bingsu/Human_Action_Recognition,cycling,0,0,0,0,0,0,0,0,1,0,0,0,0,0,0,0,0,1,0,0
data/external/actions/human_action_recognition/train/007211_clapping.jpg,Bingsu/Human_Action_Recognition,clapping,0,0,0,0,1,0,0,0,0,0,0,0,0,0,0,0,0,1,0,0
data/external/actions/human_action_recognition/train/007212_hugging.jpg,Bingsu/Human_Action_Recognition,hugging,1,0,0,0,0,0,0,0,0,0,0,0,0,0,0,0,1,0,0,0
data/external/actions/human_action_recognition/train/007213_fighting.jpg,Bingsu/Human_Action_Recognition,fighting,0,0,0,0,0,0,0,0,0,0,0,0,0,0,0,0,0,1,1,0
data/external/actions/human_action_recognition/train/007214_fighting.jpg,Bingsu/Human_Action_Recognition,fighting,0,0,0,0,0,0,0,0,0,0,0,0,0,0,0,0,0,1,1,0
data/external/actions/human_action_recognition/train/007215_laughing.jpg,Bingsu/Human_Action_Recognition,laughing,1,0,0,0,0,0,0,0,0,0,0,0,0,0,0,0,1,0,0,0
data/external/actions/human_action_recognition/train/007216_sleeping.jpg,Bingsu/Human_Action_Recognition,sleeping,0,0,1,0,0,0,0,0,0,0,0,0,0,0,0,0,1,0,0,0
data/external/actions/human_action_recognition/train/007217_using_laptop.jpg,Bingsu/Human_Action_Recognition,using_laptop,0,1,0,0,0,0,0,0,0,0,0,0,1,0,0,0,1,0,0,0
data/external/actions/human_action_recognition/train/007218_texting.jpg,Bingsu/Human_Action_Recognition,texting,0,1,0,0,0,0,0,0,0,0,0,0,0,0,0,0,1,0,0,0
data/external/actions/human_action_recognition/train/007219_running.jpg,Bingsu/Human_Action_Recognition,running,0,0,0,0,0,0,1,0,0,0,0,0,0,0,0,0,0,1,1,0
data/external/actions/human_action_recognition/train/007220_laughing.jpg,Bingsu/Human_Action_Recognition,laughing,1,0,0,0,0,0,0,0,0,0,0,0,0,0,0,0,1,0,0,0
data/external/actions/human_action_recognition/train/007221_drinking.jpg,Bingsu/Human_Action_Recognition,drinking,0,0,0,0,0,0,0,0,0,0,0,0,0,0,1,0,0,0,0,0
data/external/actions/human_action_recognition/train/007222_clapping.jpg,Bingsu/Human_Action_Recognition,clapping,0,0,0,0,1,0,0,0,0,0,0,0,0,0,0,0,0,1,0,0
data/external/actions/human_action_recognition/train/007223_sleeping.jpg,Bingsu/Human_Action_Recognition,sleeping,0,0,1,0,0,0,0,0,0,0,0,0,0,0,0,0,1,0,0,0
data/external/actions/human_action_recognition/train/007224_cycling.jpg,Bingsu/Human_Action_Recognition,cycling,0,0,0,0,0,0,0,0,1,0,0,0,0,0,0,0,0,1,0,0
data/external/actions/human_action_recognition/train/007225_eating.jpg,Bingsu/Human_Action_Recognition,eating,0,0,0,0,0,0,0,0,0,0,0,0,0,1,0,0,0,0,0,0
data/external/actions/human_action_recognition/train/007226_running.jpg,Bingsu/Human_Action_Recognition,running,0,0,0,0,0,0,1,0,0,0,0,0,0,0,0,0,0,1,1,0
data/external/actions/human_action_recognition/train/007227_calling.jpg,Bingsu/Human_Action_Recognition,calling,1,0,0,0,0,0,0,0,0,0,0,0,0,0,0,0,1,0,0,0
data/external/actions/human_action_recognition/train/007228_texting.jpg,Bingsu/Human_Action_Recognition,texting,0,1,0,0,0,0,0,0,0,0,0,0,0,0,0,0,1,0,0,0
data/external/actions/human_action_recognition/train/007229_hugging.jpg,Bingsu/Human_Action_Recognition,hugging,1,0,0,0,0,0,0,0,0,0,0,0,0,0,0,0,1,0,0,0
data/external/actions/human_action_recognition/train/007230_eating.jpg,Bingsu/Human_Action_Recognition,eating,0,0,0,0,0,0,0,0,0,0,0,0,0,1,0,0,0,0,0,0
data/external/actions/human_action_recognition/train/007231_drinking.jpg,Bingsu/Human_Action_Recognition,drinking,0,0,0,0,0,0,0,0,0,0,0,0,0,0,1,0,0,0,0,0
data/external/actions/human_action_recognition/train/007232_using_laptop.jpg,Bingsu/Human_Action_Recognition,using_laptop,0,1,0,0,0,0,0,0,0,0,0,0,1,0,0,0,1,0,0,0
data/external/actions/human_action_recognition/train/007233_hugging.jpg,Bingsu/Human_Action_Recognition,hugging,1,0,0,0,0,0,0,0,0,0,0,0,0,0,0,0,1,0,0,0
data/external/actions/human_action_recognition/train/007234_cycling.jpg,Bingsu/Human_Action_Recognition,cycling,0,0,0,0,0,0,0,0,1,0,0,0,0,0,0,0,0,1,0,0
data/external/actions/human_action_recognition/train/007235_using_laptop.jpg,Bingsu/Human_Action_Recognition,using_laptop,0,1,0,0,0,0,0,0,0,0,0,0,1,0,0,0,1,0,0,0
data/external/actions/human_action_recognition/train/007236_texting.jpg,Bingsu/Human_Action_Recognition,texting,0,1,0,0,0,0,0,0,0,0,0,0,0,0,0,0,1,0,0,0
data/external/actions/human_action_recognition/train/007237_running.jpg,Bingsu/Human_Action_Recognition,running,0,0,0,0,0,0,1,0,0,0,0,0,0,0,0,0,0,1,1,0
data/external/actions/human_action_recognition/train/007238_hugging.jpg,Bingsu/Human_Action_Recognition,hugging,1,0,0,0,0,0,0,0,0,0,0,0,0,0,0,0,1,0,0,0
data/external/actions/human_action_recognition/train/007239_running.jpg,Bingsu/Human_Action_Recognition,running,0,0,0,0,0,0,1,0,0,0,0,0,0,0,0,0,0,1,1,0
data/external/actions/human_action_recognition/train/007240_cycling.jpg,Bingsu/Human_Action_Recognition,cycling,0,0,0,0,0,0,0,0,1,0,0,0,0,0,0,0,0,1,0,0
data/external/actions/human_action_recognition/train/007241_sitting.jpg,Bingsu/Human_Action_Recognition,sitting,0,1,0,0,0,0,0,0,0,0,0,0,0,0,0,0,1,0,0,0
data/external/actions/human_action_recognition/train/007242_running.jpg,Bingsu/Human_Action_Recognition,running,0,0,0,0,0,0,1,0,0,0,0,0,0,0,0,0,0,1,1,0
data/external/actions/human_action_recognition/train/007243_calling.jpg,Bingsu/Human_Action_Recognition,calling,1,0,0,0,0,0,0,0,0,0,0,0,0,0,0,0,1,0,0,0
data/external/actions/human_action_recognition/train/007244_dancing.jpg,Bingsu/Human_Action_Recognition,dancing,0,0,0,0,0,0,0,0,0,0,1,0,0,0,0,0,0,1,0,0
data/external/actions/human_action_recognition/train/007245_laughing.jpg,Bingsu/Human_Action_Recognition,laughing,1,0,0,0,0,0,0,0,0,0,0,0,0,0,0,0,1,0,0,0
data/external/actions/human_action_recognition/train/007246_sleeping.jpg,Bingsu/Human_Action_Recognition,sleeping,0,0,1,0,0,0,0,0,0,0,0,0,0,0,0,0,1,0,0,0
data/external/actions/human_action_recognition/train/007247_eating.jpg,Bingsu/Human_Action_Recognition,eating,0,0,0,0,0,0,0,0,0,0,0,0,0,1,0,0,0,0,0,0
data/external/actions/human_action_recognition/train/007248_fighting.jpg,Bingsu/Human_Action_Recognition,fighting,0,0,0,0,0,0,0,0,0,0,0,0,0,0,0,0,0,1,1,0
data/external/actions/human_action_recognition/train/007249_drinking.jpg,Bingsu/Human_Action_Recognition,drinking,0,0,0,0,0,0,0,0,0,0,0,0,0,0,1,0,0,0,0,0
data/external/actions/human_action_recognition/train/007250_dancing.jpg,Bingsu/Human_Action_Recognition,dancing,0,0,0,0,0,0,0,0,0,0,1,0,0,0,0,0,0,1,0,0
data/external/actions/human_action_recognition/train/007251_texting.jpg,Bingsu/Human_Action_Recognition,texting,0,1,0,0,0,0,0,0,0,0,0,0,0,0,0,0,1,0,0,0
data/external/actions/human_action_recognition/train/007252_sitting.jpg,Bingsu/Human_Action_Recognition,sitting,0,1,0,0,0,0,0,0,0,0,0,0,0,0,0,0,1,0,0,0
data/external/actions/human_action_recognition/train/007253_texting.jpg,Bingsu/Human_Action_Recognition,texting,0,1,0,0,0,0,0,0,0,0,0,0,0,0,0,0,1,0,0,0
data/external/actions/human_action_recognition/train/007254_fighting.jpg,Bingsu/Human_Action_Recognition,fighting,0,0,0,0,0,0,0,0,0,0,0,0,0,0,0,0,0,1,1,0
data/external/actions/human_action_recognition/train/007255_listening_to_music.jpg,Bingsu/Human_Action_Recognition,listening_to_music,0,1,0,0,0,0,0,0,0,0,0,0,0,0,0,0,1,0,0,0
data/external/actions/human_action_recognition/train/007256_sitting.jpg,Bingsu/Human_Action_Recognition,sitting,0,1,0,0,0,0,0,0,0,0,0,0,0,0,0,0,1,0,0,0
data/external/actions/human_action_recognition/train/007257_listening_to_music.jpg,Bingsu/Human_Action_Recognition,listening_to_music,0,1,0,0,0,0,0,0,0,0,0,0,0,0,0,0,1,0,0,0
data/external/actions/human_action_recognition/train/007258_eating.jpg,Bingsu/Human_Action_Recognition,eating,0,0,0,0,0,0,0,0,0,0,0,0,0,1,0,0,0,0,0,0
data/external/actions/human_action_recognition/train/007259_eating.jpg,Bingsu/Human_Action_Recognition,eating,0,0,0,0,0,0,0,0,0,0,0,0,0,1,0,0,0,0,0,0
data/external/actions/human_action_recognition/train/007260_clapping.jpg,Bingsu/Human_Action_Recognition,clapping,0,0,0,0,1,0,0,0,0,0,0,0,0,0,0,0,0,1,0,0
data/external/actions/human_action_recognition/train/007261_cycling.jpg,Bingsu/Human_Action_Recognition,cycling,0,0,0,0,0,0,0,0,1,0,0,0,0,0,0,0,0,1,0,0
data/external/actions/human_action_recognition/train/007262_texting.jpg,Bingsu/Human_Action_Recognition,texting,0,1,0,0,0,0,0,0,0,0,0,0,0,0,0,0,1,0,0,0
data/external/actions/human_action_recognition/train/007263_texting.jpg,Bingsu/Human_Action_Recognition,texting,0,1,0,0,0,0,0,0,0,0,0,0,0,0,0,0,1,0,0,0
data/external/actions/human_action_recognition/train/007264_sitting.jpg,Bingsu/Human_Action_Recognition,sitting,0,1,0,0,0,0,0,0,0,0,0,0,0,0,0,0,1,0,0,0
data/external/actions/human_action_recognition/train/007265_hugging.jpg,Bingsu/Human_Action_Recognition,hugging,1,0,0,0,0,0,0,0,0,0,0,0,0,0,0,0,1,0,0,0
data/external/actions/human_action_recognition/train/007266_sitting.jpg,Bingsu/Human_Action_Recognition,sitting,0,1,0,0,0,0,0,0,0,0,0,0,0,0,0,0,1,0,0,0
data/external/actions/human_action_recognition/train/007267_hugging.jpg,Bingsu/Human_Action_Recognition,hugging,1,0,0,0,0,0,0,0,0,0,0,0,0,0,0,0,1,0,0,0
data/external/actions/human_action_recognition/train/007268_using_laptop.jpg,Bingsu/Human_Action_Recognition,using_laptop,0,1,0,0,0,0,0,0,0,0,0,0,1,0,0,0,1,0,0,0
data/external/actions/human_action_recognition/train/007269_fighting.jpg,Bingsu/Human_Action_Recognition,fighting,0,0,0,0,0,0,0,0,0,0,0,0,0,0,0,0,0,1,1,0
data/external/actions/human_action_recognition/train/007270_clapping.jpg,Bingsu/Human_Action_Recognition,clapping,0,0,0,0,1,0,0,0,0,0,0,0,0,0,0,0,0,1,0,0
data/external/actions/human_action_recognition/train/007271_laughing.jpg,Bingsu/Human_Action_Recognition,laughing,1,0,0,0,0,0,0,0,0,0,0,0,0,0,0,0,1,0,0,0
data/external/actions/human_action_recognition/train/007272_clapping.jpg,Bingsu/Human_Action_Recognition,clapping,0,0,0,0,1,0,0,0,0,0,0,0,0,0,0,0,0,1,0,0
data/external/actions/human_action_recognition/train/007273_sleeping.jpg,Bingsu/Human_Action_Recognition,sleeping,0,0,1,0,0,0,0,0,0,0,0,0,0,0,0,0,1,0,0,0
data/external/actions/human_action_recognition/train/007274_hugging.jpg,Bingsu/Human_Action_Recognition,hugging,1,0,0,0,0,0,0,0,0,0,0,0,0,0,0,0,1,0,0,0
data/external/actions/human_action_recognition/train/007275_using_laptop.jpg,Bingsu/Human_Action_Recognition,using_laptop,0,1,0,0,0,0,0,0,0,0,0,0,1,0,0,0,1,0,0,0
data/external/actions/human_action_recognition/train/007276_calling.jpg,Bingsu/Human_Action_Recognition,calling,1,0,0,0,0,0,0,0,0,0,0,0,0,0,0,0,1,0,0,0
data/external/actions/human_action_recognition/train/007277_sleeping.jpg,Bingsu/Human_Action_Recognition,sleeping,0,0,1,0,0,0,0,0,0,0,0,0,0,0,0,0,1,0,0,0
data/external/actions/human_action_recognition/train/007278_drinking.jpg,Bingsu/Human_Action_Recognition,drinking,0,0,0,0,0,0,0,0,0,0,0,0,0,0,1,0,0,0,0,0
data/external/actions/human_action_recognition/train/007279_hugging.jpg,Bingsu/Human_Action_Recognition,hugging,1,0,0,0,0,0,0,0,0,0,0,0,0,0,0,0,1,0,0,0
data/external/actions/human_action_recognition/train/007280_listening_to_music.jpg,Bingsu/Human_Action_Recognition,listening_to_music,0,1,0,0,0,0,0,0,0,0,0,0,0,0,0,0,1,0,0,0
data/external/actions/human_action_recognition/train/007281_laughing.jpg,Bingsu/Human_Action_Recognition,laughing,1,0,0,0,0,0,0,0,0,0,0,0,0,0,0,0,1,0,0,0
data/external/actions/human_action_recognition/train/007282_drinking.jpg,Bingsu/Human_Action_Recognition,drinking,0,0,0,0,0,0,0,0,0,0,0,0,0,0,1,0,0,0,0,0
data/external/actions/human_action_recognition/train/007283_using_laptop.jpg,Bingsu/Human_Action_Recognition,using_laptop,0,1,0,0,0,0,0,0,0,0,0,0,1,0,0,0,1,0,0,0
data/external/actions/human_action_recognition/train/007284_drinking.jpg,Bingsu/Human_Action_Recognition,drinking,0,0,0,0,0,0,0,0,0,0,0,0,0,0,1,0,0,0,0,0
data/external/actions/human_action_recognition/train/007285_sitting.jpg,Bingsu/Human_Action_Recognition,sitting,0,1,0,0,0,0,0,0,0,0,0,0,0,0,0,0,1,0,0,0
data/external/actions/human_action_recognition/train/007286_cycling.jpg,Bingsu/Human_Action_Recognition,cycling,0,0,0,0,0,0,0,0,1,0,0,0,0,0,0,0,0,1,0,0
data/external/actions/human_action_recognition/train/007287_dancing.jpg,Bingsu/Human_Action_Recognition,dancing,0,0,0,0,0,0,0,0,0,0,1,0,0,0,0,0,0,1,0,0
data/external/actions/human_action_recognition/train/007288_running.jpg,Bingsu/Human_Action_Recognition,running,0,0,0,0,0,0,1,0,0,0,0,0,0,0,0,0,0,1,1,0
data/external/actions/human_action_recognition/train/007289_dancing.jpg,Bingsu/Human_Action_Recognition,dancing,0,0,0,0,0,0,0,0,0,0,1,0,0,0,0,0,0,1,0,0
data/external/actions/human_action_recognition/train/007290_clapping.jpg,Bingsu/Human_Action_Recognition,clapping,0,0,0,0,1,0,0,0,0,0,0,0,0,0,0,0,0,1,0,0
data/external/actions/human_action_recognition/train/007291_fighting.jpg,Bingsu/Human_Action_Recognition,fighting,0,0,0,0,0,0,0,0,0,0,0,0,0,0,0,0,0,1,1,0
data/external/actions/human_action_recognition/train/007292_running.jpg,Bingsu/Human_Action_Recognition,running,0,0,0,0,0,0,1,0,0,0,0,0,0,0,0,0,0,1,1,0
data/external/actions/human_action_recognition/train/007293_clapping.jpg,Bingsu/Human_Action_Recognition,clapping,0,0,0,0,1,0,0,0,0,0,0,0,0,0,0,0,0,1,0,0
data/external/actions/human_action_recognition/train/007294_listening_to_music.jpg,Bingsu/Human_Action_Recognition,listening_to_music,0,1,0,0,0,0,0,0,0,0,0,0,0,0,0,0,1,0,0,0
data/external/actions/human_action_recognition/train/007295_sleeping.jpg,Bingsu/Human_Action_Recognition,sleeping,0,0,1,0,0,0,0,0,0,0,0,0,0,0,0,0,1,0,0,0
data/external/actions/human_action_recognition/train/007296_running.jpg,Bingsu/Human_Action_Recognition,running,0,0,0,0,0,0,1,0,0,0,0,0,0,0,0,0,0,1,1,0
data/external/actions/human_action_recognition/train/007297_listening_to_music.jpg,Bingsu/Human_Action_Recognition,listening_to_music,0,1,0,0,0,0,0,0,0,0,0,0,0,0,0,0,1,0,0,0
data/external/actions/human_action_recognition/train/007298_sitting.jpg,Bingsu/Human_Action_Recognition,sitting,0,1,0,0,0,0,0,0,0,0,0,0,0,0,0,0,1,0,0,0
data/external/actions/human_action_recognition/train/007299_texting.jpg,Bingsu/Human_Action_Recognition,texting,0,1,0,0,0,0,0,0,0,0,0,0,0,0,0,0,1,0,0,0
data/external/actions/human_action_recognition/train/007300_running.jpg,Bingsu/Human_Action_Recognition,running,0,0,0,0,0,0,1,0,0,0,0,0,0,0,0,0,0,1,1,0
data/external/actions/human_action_recognition/train/007301_sleeping.jpg,Bingsu/Human_Action_Recognition,sleeping,0,0,1,0,0,0,0,0,0,0,0,0,0,0,0,0,1,0,0,0
data/external/actions/human_action_recognition/train/007302_sleeping.jpg,Bingsu/Human_Action_Recognition,sleeping,0,0,1,0,0,0,0,0,0,0,0,0,0,0,0,0,1,0,0,0
data/external/actions/human_action_recognition/train/007303_listening_to_music.jpg,Bingsu/Human_Action_Recognition,listening_to_music,0,1,0,0,0,0,0,0,0,0,0,0,0,0,0,0,1,0,0,0
data/external/actions/human_action_recognition/train/007304_hugging.jpg,Bingsu/Human_Action_Recognition,hugging,1,0,0,0,0,0,0,0,0,0,0,0,0,0,0,0,1,0,0,0
data/external/actions/human_action_recognition/train/007305_dancing.jpg,Bingsu/Human_Action_Recognition,dancing,0,0,0,0,0,0,0,0,0,0,1,0,0,0,0,0,0,1,0,0
data/external/actions/human_action_recognition/train/007306_eating.jpg,Bingsu/Human_Action_Recognition,eating,0,0,0,0,0,0,0,0,0,0,0,0,0,1,0,0,0,0,0,0
data/external/actions/human_action_recognition/train/007307_sitting.jpg,Bingsu/Human_Action_Recognition,sitting,0,1,0,0,0,0,0,0,0,0,0,0,0,0,0,0,1,0,0,0
data/external/actions/human_action_recognition/train/007308_listening_to_music.jpg,Bingsu/Human_Action_Recognition,listening_to_music,0,1,0,0,0,0,0,0,0,0,0,0,0,0,0,0,1,0,0,0
data/external/actions/human_action_recognition/train/007309_clapping.jpg,Bingsu/Human_Action_Recognition,clapping,0,0,0,0,1,0,0,0,0,0,0,0,0,0,0,0,0,1,0,0
data/external/actions/human_action_recognition/train/007310_calling.jpg,Bingsu/Human_Action_Recognition,calling,1,0,0,0,0,0,0,0,0,0,0,0,0,0,0,0,1,0,0,0
data/external/actions/human_action_recognition/train/007311_texting.jpg,Bingsu/Human_Action_Recognition,texting,0,1,0,0,0,0,0,0,0,0,0,0,0,0,0,0,1,0,0,0
data/external/actions/human_action_recognition/train/007312_sleeping.jpg,Bingsu/Human_Action_Recognition,sleeping,0,0,1,0,0,0,0,0,0,0,0,0,0,0,0,0,1,0,0,0
data/external/actions/human_action_recognition/train/007313_listening_to_music.jpg,Bingsu/Human_Action_Recognition,listening_to_music,0,1,0,0,0,0,0,0,0,0,0,0,0,0,0,0,1,0,0,0
data/external/actions/human_action_recognition/train/007314_sitting.jpg,Bingsu/Human_Action_Recognition,sitting,0,1,0,0,0,0,0,0,0,0,0,0,0,0,0,0,1,0,0,0
data/external/actions/human_action_recognition/train/007315_sleeping.jpg,Bingsu/Human_Action_Recognition,sleeping,0,0,1,0,0,0,0,0,0,0,0,0,0,0,0,0,1,0,0,0
data/external/actions/human_action_recognition/train/007316_dancing.jpg,Bingsu/Human_Action_Recognition,dancing,0,0,0,0,0,0,0,0,0,0,1,0,0,0,0,0,0,1,0,0
data/external/actions/human_action_recognition/train/007317_drinking.jpg,Bingsu/Human_Action_Recognition,drinking,0,0,0,0,0,0,0,0,0,0,0,0,0,0,1,0,0,0,0,0
data/external/actions/human_action_recognition/train/007318_texting.jpg,Bingsu/Human_Action_Recognition,texting,0,1,0,0,0,0,0,0,0,0,0,0,0,0,0,0,1,0,0,0
data/external/actions/human_action_recognition/train/007319_sitting.jpg,Bingsu/Human_Action_Recognition,sitting,0,1,0,0,0,0,0,0,0,0,0,0,0,0,0,0,1,0,0,0
data/external/actions/human_action_recognition/train/007320_sitting.jpg,Bingsu/Human_Action_Recognition,sitting,0,1,0,0,0,0,0,0,0,0,0,0,0,0,0,0,1,0,0,0
data/external/actions/human_action_recognition/train/007321_hugging.jpg,Bingsu/Human_Action_Recognition,hugging,1,0,0,0,0,0,0,0,0,0,0,0,0,0,0,0,1,0,0,0
data/external/actions/human_action_recognition/train/007322_eating.jpg,Bingsu/Human_Action_Recognition,eating,0,0,0,0,0,0,0,0,0,0,0,0,0,1,0,0,0,0,0,0
data/external/actions/human_action_recognition/train/007323_using_laptop.jpg,Bingsu/Human_Action_Recognition,using_laptop,0,1,0,0,0,0,0,0,0,0,0,0,1,0,0,0,1,0,0,0
data/external/actions/human_action_recognition/train/007324_dancing.jpg,Bingsu/Human_Action_Recognition,dancing,0,0,0,0,0,0,0,0,0,0,1,0,0,0,0,0,0,1,0,0
data/external/actions/human_action_recognition/train/007325_eating.jpg,Bingsu/Human_Action_Recognition,eating,0,0,0,0,0,0,0,0,0,0,0,0,0,1,0,0,0,0,0,0
data/external/actions/human_action_recognition/train/007326_calling.jpg,Bingsu/Human_Action_Recognition,calling,1,0,0,0,0,0,0,0,0,0,0,0,0,0,0,0,1,0,0,0
data/external/actions/human_action_recognition/train/007327_sitting.jpg,Bingsu/Human_Action_Recognition,sitting,0,1,0,0,0,0,0,0,0,0,0,0,0,0,0,0,1,0,0,0
data/external/actions/human_action_recognition/train/007328_hugging.jpg,Bingsu/Human_Action_Recognition,hugging,1,0,0,0,0,0,0,0,0,0,0,0,0,0,0,0,1,0,0,0
data/external/actions/human_action_recognition/train/007329_calling.jpg,Bingsu/Human_Action_Recognition,calling,1,0,0,0,0,0,0,0,0,0,0,0,0,0,0,0,1,0,0,0
data/external/actions/human_action_recognition/train/007330_dancing.jpg,Bingsu/Human_Action_Recognition,dancing,0,0,0,0,0,0,0,0,0,0,1,0,0,0,0,0,0,1,0,0
data/external/actions/human_action_recognition/train/007331_dancing.jpg,Bingsu/Human_Action_Recognition,dancing,0,0,0,0,0,0,0,0,0,0,1,0,0,0,0,0,0,1,0,0
data/external/actions/human_action_recognition/train/007332_cycling.jpg,Bingsu/Human_Action_Recognition,cycling,0,0,0,0,0,0,0,0,1,0,0,0,0,0,0,0,0,1,0,0
data/external/actions/human_action_recognition/train/007333_laughing.jpg,Bingsu/Human_Action_Recognition,laughing,1,0,0,0,0,0,0,0,0,0,0,0,0,0,0,0,1,0,0,0
data/external/actions/human_action_recognition/train/007334_sleeping.jpg,Bingsu/Human_Action_Recognition,sleeping,0,0,1,0,0,0,0,0,0,0,0,0,0,0,0,0,1,0,0,0
data/external/actions/human_action_recognition/train/007335_eating.jpg,Bingsu/Human_Action_Recognition,eating,0,0,0,0,0,0,0,0,0,0,0,0,0,1,0,0,0,0,0,0
data/external/actions/human_action_recognition/train/007336_eating.jpg,Bingsu/Human_Action_Recognition,eating,0,0,0,0,0,0,0,0,0,0,0,0,0,1,0,0,0,0,0,0
data/external/actions/human_action_recognition/train/007337_fighting.jpg,Bingsu/Human_Action_Recognition,fighting,0,0,0,0,0,0,0,0,0,0,0,0,0,0,0,0,0,1,1,0
data/external/actions/human_action_recognition/train/007338_fighting.jpg,Bingsu/Human_Action_Recognition,fighting,0,0,0,0,0,0,0,0,0,0,0,0,0,0,0,0,0,1,1,0
data/external/actions/human_action_recognition/train/007339_listening_to_music.jpg,Bingsu/Human_Action_Recognition,listening_to_music,0,1,0,0,0,0,0,0,0,0,0,0,0,0,0,0,1,0,0,0
data/external/actions/human_action_recognition/train/007340_fighting.jpg,Bingsu/Human_Action_Recognition,fighting,0,0,0,0,0,0,0,0,0,0,0,0,0,0,0,0,0,1,1,0
data/external/actions/human_action_recognition/train/007341_listening_to_music.jpg,Bingsu/Human_Action_Recognition,listening_to_music,0,1,0,0,0,0,0,0,0,0,0,0,0,0,0,0,1,0,0,0
data/external/actions/human_action_recognition/train/007342_cycling.jpg,Bingsu/Human_Action_Recognition,cycling,0,0,0,0,0,0,0,0,1,0,0,0,0,0,0,0,0,1,0,0
data/external/actions/human_action_recognition/train/007343_listening_to_music.jpg,Bingsu/Human_Action_Recognition,listening_to_music,0,1,0,0,0,0,0,0,0,0,0,0,0,0,0,0,1,0,0,0
data/external/actions/human_action_recognition/train/007344_sleeping.jpg,Bingsu/Human_Action_Recognition,sleeping,0,0,1,0,0,0,0,0,0,0,0,0,0,0,0,0,1,0,0,0
data/external/actions/human_action_recognition/train/007345_sitting.jpg,Bingsu/Human_Action_Recognition,sitting,0,1,0,0,0,0,0,0,0,0,0,0,0,0,0,0,1,0,0,0
data/external/actions/human_action_recognition/train/007346_eating.jpg,Bingsu/Human_Action_Recognition,eating,0,0,0,0,0,0,0,0,0,0,0,0,0,1,0,0,0,0,0,0
data/external/actions/human_action_recognition/train/007347_sleeping.jpg,Bingsu/Human_Action_Recognition,sleeping,0,0,1,0,0,0,0,0,0,0,0,0,0,0,0,0,1,0,0,0
data/external/actions/human_action_recognition/train/007348_clapping.jpg,Bingsu/Human_Action_Recognition,clapping,0,0,0,0,1,0,0,0,0,0,0,0,0,0,0,0,0,1,0,0
data/external/actions/human_action_recognition/train/007349_fighting.jpg,Bingsu/Human_Action_Recognition,fighting,0,0,0,0,0,0,0,0,0,0,0,0,0,0,0,0,0,1,1,0
data/external/actions/human_action_recognition/train/007350_dancing.jpg,Bingsu/Human_Action_Recognition,dancing,0,0,0,0,0,0,0,0,0,0,1,0,0,0,0,0,0,1,0,0
data/external/actions/human_action_recognition/train/007351_laughing.jpg,Bingsu/Human_Action_Recognition,laughing,1,0,0,0,0,0,0,0,0,0,0,0,0,0,0,0,1,0,0,0
data/external/actions/human_action_recognition/train/007352_using_laptop.jpg,Bingsu/Human_Action_Recognition,using_laptop,0,1,0,0,0,0,0,0,0,0,0,0,1,0,0,0,1,0,0,0
data/external/actions/human_action_recognition/train/007353_texting.jpg,Bingsu/Human_Action_Recognition,texting,0,1,0,0,0,0,0,0,0,0,0,0,0,0,0,0,1,0,0,0
data/external/actions/human_action_recognition/train/007354_drinking.jpg,Bingsu/Human_Action_Recognition,drinking,0,0,0,0,0,0,0,0,0,0,0,0,0,0,1,0,0,0,0,0
data/external/actions/human_action_recognition/train/007355_listening_to_music.jpg,Bingsu/Human_Action_Recognition,listening_to_music,0,1,0,0,0,0,0,0,0,0,0,0,0,0,0,0,1,0,0,0
data/external/actions/human_action_recognition/train/007356_hugging.jpg,Bingsu/Human_Action_Recognition,hugging,1,0,0,0,0,0,0,0,0,0,0,0,0,0,0,0,1,0,0,0
data/external/actions/human_action_recognition/train/007357_running.jpg,Bingsu/Human_Action_Recognition,running,0,0,0,0,0,0,1,0,0,0,0,0,0,0,0,0,0,1,1,0
data/external/actions/human_action_recognition/train/007358_eating.jpg,Bingsu/Human_Action_Recognition,eating,0,0,0,0,0,0,0,0,0,0,0,0,0,1,0,0,0,0,0,0
data/external/actions/human_action_recognition/train/007359_running.jpg,Bingsu/Human_Action_Recognition,running,0,0,0,0,0,0,1,0,0,0,0,0,0,0,0,0,0,1,1,0
data/external/actions/human_action_recognition/train/007360_drinking.jpg,Bingsu/Human_Action_Recognition,drinking,0,0,0,0,0,0,0,0,0,0,0,0,0,0,1,0,0,0,0,0
data/external/actions/human_action_recognition/train/007361_cycling.jpg,Bingsu/Human_Action_Recognition,cycling,0,0,0,0,0,0,0,0,1,0,0,0,0,0,0,0,0,1,0,0
data/external/actions/human_action_recognition/train/007362_cycling.jpg,Bingsu/Human_Action_Recognition,cycling,0,0,0,0,0,0,0,0,1,0,0,0,0,0,0,0,0,1,0,0
data/external/actions/human_action_recognition/train/007363_sitting.jpg,Bingsu/Human_Action_Recognition,sitting,0,1,0,0,0,0,0,0,0,0,0,0,0,0,0,0,1,0,0,0
data/external/actions/human_action_recognition/train/007364_sitting.jpg,Bingsu/Human_Action_Recognition,sitting,0,1,0,0,0,0,0,0,0,0,0,0,0,0,0,0,1,0,0,0
data/external/actions/human_action_recognition/train/007365_eating.jpg,Bingsu/Human_Action_Recognition,eating,0,0,0,0,0,0,0,0,0,0,0,0,0,1,0,0,0,0,0,0
data/external/actions/human_action_recognition/train/007366_using_laptop.jpg,Bingsu/Human_Action_Recognition,using_laptop,0,1,0,0,0,0,0,0,0,0,0,0,1,0,0,0,1,0,0,0
data/external/actions/human_action_recognition/train/007367_sitting.jpg,Bingsu/Human_Action_Recognition,sitting,0,1,0,0,0,0,0,0,0,0,0,0,0,0,0,0,1,0,0,0
data/external/actions/human_action_recognition/train/007368_texting.jpg,Bingsu/Human_Action_Recognition,texting,0,1,0,0,0,0,0,0,0,0,0,0,0,0,0,0,1,0,0,0
data/external/actions/human_action_recognition/train/007369_clapping.jpg,Bingsu/Human_Action_Recognition,clapping,0,0,0,0,1,0,0,0,0,0,0,0,0,0,0,0,0,1,0,0
data/external/actions/human_action_recognition/train/007370_fighting.jpg,Bingsu/Human_Action_Recognition,fighting,0,0,0,0,0,0,0,0,0,0,0,0,0,0,0,0,0,1,1,0
data/external/actions/human_action_recognition/train/007371_using_laptop.jpg,Bingsu/Human_Action_Recognition,using_laptop,0,1,0,0,0,0,0,0,0,0,0,0,1,0,0,0,1,0,0,0
data/external/actions/human_action_recognition/train/007372_listening_to_music.jpg,Bingsu/Human_Action_Recognition,listening_to_music,0,1,0,0,0,0,0,0,0,0,0,0,0,0,0,0,1,0,0,0
data/external/actions/human_action_recognition/train/007373_sleeping.jpg,Bingsu/Human_Action_Recognition,sleeping,0,0,1,0,0,0,0,0,0,0,0,0,0,0,0,0,1,0,0,0
data/external/actions/human_action_recognition/train/007374_clapping.jpg,Bingsu/Human_Action_Recognition,clapping,0,0,0,0,1,0,0,0,0,0,0,0,0,0,0,0,0,1,0,0
data/external/actions/human_action_recognition/train/007375_hugging.jpg,Bingsu/Human_Action_Recognition,hugging,1,0,0,0,0,0,0,0,0,0,0,0,0,0,0,0,1,0,0,0
data/external/actions/human_action_recognition/train/007376_dancing.jpg,Bingsu/Human_Action_Recognition,dancing,0,0,0,0,0,0,0,0,0,0,1,0,0,0,0,0,0,1,0,0
data/external/actions/human_action_recognition/train/007377_clapping.jpg,Bingsu/Human_Action_Recognition,clapping,0,0,0,0,1,0,0,0,0,0,0,0,0,0,0,0,0,1,0,0
data/external/actions/human_action_recognition/train/007378_clapping.jpg,Bingsu/Human_Action_Recognition,clapping,0,0,0,0,1,0,0,0,0,0,0,0,0,0,0,0,0,1,0,0
data/external/actions/human_action_recognition/train/007379_hugging.jpg,Bingsu/Human_Action_Recognition,hugging,1,0,0,0,0,0,0,0,0,0,0,0,0,0,0,0,1,0,0,0
data/external/actions/human_action_recognition/train/007380_eating.jpg,Bingsu/Human_Action_Recognition,eating,0,0,0,0,0,0,0,0,0,0,0,0,0,1,0,0,0,0,0,0
data/external/actions/human_action_recognition/train/007381_clapping.jpg,Bingsu/Human_Action_Recognition,clapping,0,0,0,0,1,0,0,0,0,0,0,0,0,0,0,0,0,1,0,0
data/external/actions/human_action_recognition/train/007382_hugging.jpg,Bingsu/Human_Action_Recognition,hugging,1,0,0,0,0,0,0,0,0,0,0,0,0,0,0,0,1,0,0,0
data/external/actions/human_action_recognition/train/007383_hugging.jpg,Bingsu/Human_Action_Recognition,hugging,1,0,0,0,0,0,0,0,0,0,0,0,0,0,0,0,1,0,0,0
data/external/actions/human_action_recognition/train/007384_running.jpg,Bingsu/Human_Action_Recognition,running,0,0,0,0,0,0,1,0,0,0,0,0,0,0,0,0,0,1,1,0
data/external/actions/human_action_recognition/train/007385_fighting.jpg,Bingsu/Human_Action_Recognition,fighting,0,0,0,0,0,0,0,0,0,0,0,0,0,0,0,0,0,1,1,0
data/external/actions/human_action_recognition/train/007386_listening_to_music.jpg,Bingsu/Human_Action_Recognition,listening_to_music,0,1,0,0,0,0,0,0,0,0,0,0,0,0,0,0,1,0,0,0
data/external/actions/human_action_recognition/train/007387_sitting.jpg,Bingsu/Human_Action_Recognition,sitting,0,1,0,0,0,0,0,0,0,0,0,0,0,0,0,0,1,0,0,0
data/external/actions/human_action_recognition/train/007388_dancing.jpg,Bingsu/Human_Action_Recognition,dancing,0,0,0,0,0,0,0,0,0,0,1,0,0,0,0,0,0,1,0,0
data/external/actions/human_action_recognition/train/007389_drinking.jpg,Bingsu/Human_Action_Recognition,drinking,0,0,0,0,0,0,0,0,0,0,0,0,0,0,1,0,0,0,0,0
data/external/actions/human_action_recognition/train/007390_drinking.jpg,Bingsu/Human_Action_Recognition,drinking,0,0,0,0,0,0,0,0,0,0,0,0,0,0,1,0,0,0,0,0
data/external/actions/human_action_recognition/train/007391_cycling.jpg,Bingsu/Human_Action_Recognition,cycling,0,0,0,0,0,0,0,0,1,0,0,0,0,0,0,0,0,1,0,0
data/external/actions/human_action_recognition/train/007392_hugging.jpg,Bingsu/Human_Action_Recognition,hugging,1,0,0,0,0,0,0,0,0,0,0,0,0,0,0,0,1,0,0,0
data/external/actions/human_action_recognition/train/007393_fighting.jpg,Bingsu/Human_Action_Recognition,fighting,0,0,0,0,0,0,0,0,0,0,0,0,0,0,0,0,0,1,1,0
data/external/actions/human_action_recognition/train/007394_dancing.jpg,Bingsu/Human_Action_Recognition,dancing,0,0,0,0,0,0,0,0,0,0,1,0,0,0,0,0,0,1,0,0
data/external/actions/human_action_recognition/train/007395_hugging.jpg,Bingsu/Human_Action_Recognition,hugging,1,0,0,0,0,0,0,0,0,0,0,0,0,0,0,0,1,0,0,0
data/external/actions/human_action_recognition/train/007396_running.jpg,Bingsu/Human_Action_Recognition,running,0,0,0,0,0,0,1,0,0,0,0,0,0,0,0,0,0,1,1,0
data/external/actions/human_action_recognition/train/007397_calling.jpg,Bingsu/Human_Action_Recognition,calling,1,0,0,0,0,0,0,0,0,0,0,0,0,0,0,0,1,0,0,0
data/external/actions/human_action_recognition/train/007398_sleeping.jpg,Bingsu/Human_Action_Recognition,sleeping,0,0,1,0,0,0,0,0,0,0,0,0,0,0,0,0,1,0,0,0
data/external/actions/human_action_recognition/train/007399_listening_to_music.jpg,Bingsu/Human_Action_Recognition,listening_to_music,0,1,0,0,0,0,0,0,0,0,0,0,0,0,0,0,1,0,0,0
data/external/actions/human_action_recognition/train/007400_running.jpg,Bingsu/Human_Action_Recognition,running,0,0,0,0,0,0,1,0,0,0,0,0,0,0,0,0,0,1,1,0
data/external/actions/human_action_recognition/train/007401_using_laptop.jpg,Bingsu/Human_Action_Recognition,using_laptop,0,1,0,0,0,0,0,0,0,0,0,0,1,0,0,0,1,0,0,0
data/external/actions/human_action_recognition/train/007402_sitting.jpg,Bingsu/Human_Action_Recognition,sitting,0,1,0,0,0,0,0,0,0,0,0,0,0,0,0,0,1,0,0,0
data/external/actions/human_action_recognition/train/007403_listening_to_music.jpg,Bingsu/Human_Action_Recognition,listening_to_music,0,1,0,0,0,0,0,0,0,0,0,0,0,0,0,0,1,0,0,0
data/external/actions/human_action_recognition/train/007404_hugging.jpg,Bingsu/Human_Action_Recognition,hugging,1,0,0,0,0,0,0,0,0,0,0,0,0,0,0,0,1,0,0,0
data/external/actions/human_action_recognition/train/007405_fighting.jpg,Bingsu/Human_Action_Recognition,fighting,0,0,0,0,0,0,0,0,0,0,0,0,0,0,0,0,0,1,1,0
data/external/actions/human_action_recognition/train/007406_calling.jpg,Bingsu/Human_Action_Recognition,calling,1,0,0,0,0,0,0,0,0,0,0,0,0,0,0,0,1,0,0,0
data/external/actions/human_action_recognition/train/007407_clapping.jpg,Bingsu/Human_Action_Recognition,clapping,0,0,0,0,1,0,0,0,0,0,0,0,0,0,0,0,0,1,0,0
data/external/actions/human_action_recognition/train/007408_eating.jpg,Bingsu/Human_Action_Recognition,eating,0,0,0,0,0,0,0,0,0,0,0,0,0,1,0,0,0,0,0,0
data/external/actions/human_action_recognition/train/007409_fighting.jpg,Bingsu/Human_Action_Recognition,fighting,0,0,0,0,0,0,0,0,0,0,0,0,0,0,0,0,0,1,1,0
data/external/actions/human_action_recognition/train/007410_sleeping.jpg,Bingsu/Human_Action_Recognition,sleeping,0,0,1,0,0,0,0,0,0,0,0,0,0,0,0,0,1,0,0,0
data/external/actions/human_action_recognition/train/007411_eating.jpg,Bingsu/Human_Action_Recognition,eating,0,0,0,0,0,0,0,0,0,0,0,0,0,1,0,0,0,0,0,0
data/external/actions/human_action_recognition/train/007412_hugging.jpg,Bingsu/Human_Action_Recognition,hugging,1,0,0,0,0,0,0,0,0,0,0,0,0,0,0,0,1,0,0,0
data/external/actions/human_action_recognition/train/007413_sleeping.jpg,Bingsu/Human_Action_Recognition,sleeping,0,0,1,0,0,0,0,0,0,0,0,0,0,0,0,0,1,0,0,0
data/external/actions/human_action_recognition/train/007414_clapping.jpg,Bingsu/Human_Action_Recognition,clapping,0,0,0,0,1,0,0,0,0,0,0,0,0,0,0,0,0,1,0,0
data/external/actions/human_action_recognition/train/007415_eating.jpg,Bingsu/Human_Action_Recognition,eating,0,0,0,0,0,0,0,0,0,0,0,0,0,1,0,0,0,0,0,0
data/external/actions/human_action_recognition/train/007416_calling.jpg,Bingsu/Human_Action_Recognition,calling,1,0,0,0,0,0,0,0,0,0,0,0,0,0,0,0,1,0,0,0
data/external/actions/human_action_recognition/train/007417_hugging.jpg,Bingsu/Human_Action_Recognition,hugging,1,0,0,0,0,0,0,0,0,0,0,0,0,0,0,0,1,0,0,0
data/external/actions/human_action_recognition/train/007418_using_laptop.jpg,Bingsu/Human_Action_Recognition,using_laptop,0,1,0,0,0,0,0,0,0,0,0,0,1,0,0,0,1,0,0,0
data/external/actions/human_action_recognition/train/007419_dancing.jpg,Bingsu/Human_Action_Recognition,dancing,0,0,0,0,0,0,0,0,0,0,1,0,0,0,0,0,0,1,0,0
data/external/actions/human_action_recognition/train/007420_running.jpg,Bingsu/Human_Action_Recognition,running,0,0,0,0,0,0,1,0,0,0,0,0,0,0,0,0,0,1,1,0
data/external/actions/human_action_recognition/train/007421_eating.jpg,Bingsu/Human_Action_Recognition,eating,0,0,0,0,0,0,0,0,0,0,0,0,0,1,0,0,0,0,0,0
data/external/actions/human_action_recognition/train/007422_hugging.jpg,Bingsu/Human_Action_Recognition,hugging,1,0,0,0,0,0,0,0,0,0,0,0,0,0,0,0,1,0,0,0
data/external/actions/human_action_recognition/train/007423_listening_to_music.jpg,Bingsu/Human_Action_Recognition,listening_to_music,0,1,0,0,0,0,0,0,0,0,0,0,0,0,0,0,1,0,0,0
data/external/actions/human_action_recognition/train/007424_running.jpg,Bingsu/Human_Action_Recognition,running,0,0,0,0,0,0,1,0,0,0,0,0,0,0,0,0,0,1,1,0
data/external/actions/human_action_recognition/train/007425_hugging.jpg,Bingsu/Human_Action_Recognition,hugging,1,0,0,0,0,0,0,0,0,0,0,0,0,0,0,0,1,0,0,0
data/external/actions/human_action_recognition/train/007426_calling.jpg,Bingsu/Human_Action_Recognition,calling,1,0,0,0,0,0,0,0,0,0,0,0,0,0,0,0,1,0,0,0
data/external/actions/human_action_recognition/train/007427_clapping.jpg,Bingsu/Human_Action_Recognition,clapping,0,0,0,0,1,0,0,0,0,0,0,0,0,0,0,0,0,1,0,0
data/external/actions/human_action_recognition/train/007428_running.jpg,Bingsu/Human_Action_Recognition,running,0,0,0,0,0,0,1,0,0,0,0,0,0,0,0,0,0,1,1,0
data/external/actions/human_action_recognition/train/007429_sleeping.jpg,Bingsu/Human_Action_Recognition,sleeping,0,0,1,0,0,0,0,0,0,0,0,0,0,0,0,0,1,0,0,0
data/external/actions/human_action_recognition/train/007430_sitting.jpg,Bingsu/Human_Action_Recognition,sitting,0,1,0,0,0,0,0,0,0,0,0,0,0,0,0,0,1,0,0,0
data/external/actions/human_action_recognition/train/007431_using_laptop.jpg,Bingsu/Human_Action_Recognition,using_laptop,0,1,0,0,0,0,0,0,0,0,0,0,1,0,0,0,1,0,0,0
data/external/actions/human_action_recognition/train/007432_hugging.jpg,Bingsu/Human_Action_Recognition,hugging,1,0,0,0,0,0,0,0,0,0,0,0,0,0,0,0,1,0,0,0
data/external/actions/human_action_recognition/train/007433_sitting.jpg,Bingsu/Human_Action_Recognition,sitting,0,1,0,0,0,0,0,0,0,0,0,0,0,0,0,0,1,0,0,0
data/external/actions/human_action_recognition/train/007434_texting.jpg,Bingsu/Human_Action_Recognition,texting,0,1,0,0,0,0,0,0,0,0,0,0,0,0,0,0,1,0,0,0
data/external/actions/human_action_recognition/train/007435_dancing.jpg,Bingsu/Human_Action_Recognition,dancing,0,0,0,0,0,0,0,0,0,0,1,0,0,0,0,0,0,1,0,0
data/external/actions/human_action_recognition/train/007436_hugging.jpg,Bingsu/Human_Action_Recognition,hugging,1,0,0,0,0,0,0,0,0,0,0,0,0,0,0,0,1,0,0,0
data/external/actions/human_action_recognition/train/007437_sitting.jpg,Bingsu/Human_Action_Recognition,sitting,0,1,0,0,0,0,0,0,0,0,0,0,0,0,0,0,1,0,0,0
data/external/actions/human_action_recognition/train/007438_dancing.jpg,Bingsu/Human_Action_Recognition,dancing,0,0,0,0,0,0,0,0,0,0,1,0,0,0,0,0,0,1,0,0
data/external/actions/human_action_recognition/train/007439_texting.jpg,Bingsu/Human_Action_Recognition,texting,0,1,0,0,0,0,0,0,0,0,0,0,0,0,0,0,1,0,0,0
data/external/actions/human_action_recognition/train/007440_laughing.jpg,Bingsu/Human_Action_Recognition,laughing,1,0,0,0,0,0,0,0,0,0,0,0,0,0,0,0,1,0,0,0
data/external/actions/human_action_recognition/train/007441_calling.jpg,Bingsu/Human_Action_Recognition,calling,1,0,0,0,0,0,0,0,0,0,0,0,0,0,0,0,1,0,0,0
data/external/actions/human_action_recognition/train/007442_clapping.jpg,Bingsu/Human_Action_Recognition,clapping,0,0,0,0,1,0,0,0,0,0,0,0,0,0,0,0,0,1,0,0
data/external/actions/human_action_recognition/train/007443_dancing.jpg,Bingsu/Human_Action_Recognition,dancing,0,0,0,0,0,0,0,0,0,0,1,0,0,0,0,0,0,1,0,0
data/external/actions/human_action_recognition/train/007444_laughing.jpg,Bingsu/Human_Action_Recognition,laughing,1,0,0,0,0,0,0,0,0,0,0,0,0,0,0,0,1,0,0,0
data/external/actions/human_action_recognition/train/007445_eating.jpg,Bingsu/Human_Action_Recognition,eating,0,0,0,0,0,0,0,0,0,0,0,0,0,1,0,0,0,0,0,0
data/external/actions/human_action_recognition/train/007446_eating.jpg,Bingsu/Human_Action_Recognition,eating,0,0,0,0,0,0,0,0,0,0,0,0,0,1,0,0,0,0,0,0
data/external/actions/human_action_recognition/train/007447_listening_to_music.jpg,Bingsu/Human_Action_Recognition,listening_to_music,0,1,0,0,0,0,0,0,0,0,0,0,0,0,0,0,1,0,0,0
data/external/actions/human_action_recognition/train/007448_clapping.jpg,Bingsu/Human_Action_Recognition,clapping,0,0,0,0,1,0,0,0,0,0,0,0,0,0,0,0,0,1,0,0
data/external/actions/human_action_recognition/train/007449_using_laptop.jpg,Bingsu/Human_Action_Recognition,using_laptop,0,1,0,0,0,0,0,0,0,0,0,0,1,0,0,0,1,0,0,0
data/external/actions/human_action_recognition/train/007450_drinking.jpg,Bingsu/Human_Action_Recognition,drinking,0,0,0,0,0,0,0,0,0,0,0,0,0,0,1,0,0,0,0,0
data/external/actions/human_action_recognition/train/007451_dancing.jpg,Bingsu/Human_Action_Recognition,dancing,0,0,0,0,0,0,0,0,0,0,1,0,0,0,0,0,0,1,0,0
data/external/actions/human_action_recognition/train/007452_eating.jpg,Bingsu/Human_Action_Recognition,eating,0,0,0,0,0,0,0,0,0,0,0,0,0,1,0,0,0,0,0,0
data/external/actions/human_action_recognition/train/007453_cycling.jpg,Bingsu/Human_Action_Recognition,cycling,0,0,0,0,0,0,0,0,1,0,0,0,0,0,0,0,0,1,0,0
data/external/actions/human_action_recognition/train/007454_texting.jpg,Bingsu/Human_Action_Recognition,texting,0,1,0,0,0,0,0,0,0,0,0,0,0,0,0,0,1,0,0,0
data/external/actions/human_action_recognition/train/007455_using_laptop.jpg,Bingsu/Human_Action_Recognition,using_laptop,0,1,0,0,0,0,0,0,0,0,0,0,1,0,0,0,1,0,0,0
data/external/actions/human_action_recognition/train/007456_calling.jpg,Bingsu/Human_Action_Recognition,calling,1,0,0,0,0,0,0,0,0,0,0,0,0,0,0,0,1,0,0,0
data/external/actions/human_action_recognition/train/007457_running.jpg,Bingsu/Human_Action_Recognition,running,0,0,0,0,0,0,1,0,0,0,0,0,0,0,0,0,0,1,1,0
data/external/actions/human_action_recognition/train/007458_using_laptop.jpg,Bingsu/Human_Action_Recognition,using_laptop,0,1,0,0,0,0,0,0,0,0,0,0,1,0,0,0,1,0,0,0
data/external/actions/human_action_recognition/train/007459_hugging.jpg,Bingsu/Human_Action_Recognition,hugging,1,0,0,0,0,0,0,0,0,0,0,0,0,0,0,0,1,0,0,0
data/external/actions/human_action_recognition/train/007460_listening_to_music.jpg,Bingsu/Human_Action_Recognition,listening_to_music,0,1,0,0,0,0,0,0,0,0,0,0,0,0,0,0,1,0,0,0
data/external/actions/human_action_recognition/train/007461_eating.jpg,Bingsu/Human_Action_Recognition,eating,0,0,0,0,0,0,0,0,0,0,0,0,0,1,0,0,0,0,0,0
data/external/actions/human_action_recognition/train/007462_cycling.jpg,Bingsu/Human_Action_Recognition,cycling,0,0,0,0,0,0,0,0,1,0,0,0,0,0,0,0,0,1,0,0
data/external/actions/human_action_recognition/train/007463_sitting.jpg,Bingsu/Human_Action_Recognition,sitting,0,1,0,0,0,0,0,0,0,0,0,0,0,0,0,0,1,0,0,0
data/external/actions/human_action_recognition/train/007464_sleeping.jpg,Bingsu/Human_Action_Recognition,sleeping,0,0,1,0,0,0,0,0,0,0,0,0,0,0,0,0,1,0,0,0
data/external/actions/human_action_recognition/train/007465_sitting.jpg,Bingsu/Human_Action_Recognition,sitting,0,1,0,0,0,0,0,0,0,0,0,0,0,0,0,0,1,0,0,0
data/external/actions/human_action_recognition/train/007466_fighting.jpg,Bingsu/Human_Action_Recognition,fighting,0,0,0,0,0,0,0,0,0,0,0,0,0,0,0,0,0,1,1,0
data/external/actions/human_action_recognition/train/007467_clapping.jpg,Bingsu/Human_Action_Recognition,clapping,0,0,0,0,1,0,0,0,0,0,0,0,0,0,0,0,0,1,0,0
data/external/actions/human_action_recognition/train/007468_drinking.jpg,Bingsu/Human_Action_Recognition,drinking,0,0,0,0,0,0,0,0,0,0,0,0,0,0,1,0,0,0,0,0
data/external/actions/human_action_recognition/train/007469_using_laptop.jpg,Bingsu/Human_Action_Recognition,using_laptop,0,1,0,0,0,0,0,0,0,0,0,0,1,0,0,0,1,0,0,0
data/external/actions/human_action_recognition/train/007470_cycling.jpg,Bingsu/Human_Action_Recognition,cycling,0,0,0,0,0,0,0,0,1,0,0,0,0,0,0,0,0,1,0,0
data/external/actions/human_action_recognition/train/007471_listening_to_music.jpg,Bingsu/Human_Action_Recognition,listening_to_music,0,1,0,0,0,0,0,0,0,0,0,0,0,0,0,0,1,0,0,0
data/external/actions/human_action_recognition/train/007472_hugging.jpg,Bingsu/Human_Action_Recognition,hugging,1,0,0,0,0,0,0,0,0,0,0,0,0,0,0,0,1,0,0,0
data/external/actions/human_action_recognition/train/007473_sleeping.jpg,Bingsu/Human_Action_Recognition,sleeping,0,0,1,0,0,0,0,0,0,0,0,0,0,0,0,0,1,0,0,0
data/external/actions/human_action_recognition/train/007474_using_laptop.jpg,Bingsu/Human_Action_Recognition,using_laptop,0,1,0,0,0,0,0,0,0,0,0,0,1,0,0,0,1,0,0,0
data/external/actions/human_action_recognition/train/007475_laughing.jpg,Bingsu/Human_Action_Recognition,laughing,1,0,0,0,0,0,0,0,0,0,0,0,0,0,0,0,1,0,0,0
data/external/actions/human_action_recognition/train/007476_texting.jpg,Bingsu/Human_Action_Recognition,texting,0,1,0,0,0,0,0,0,0,0,0,0,0,0,0,0,1,0,0,0
data/external/actions/human_action_recognition/train/007477_sleeping.jpg,Bingsu/Human_Action_Recognition,sleeping,0,0,1,0,0,0,0,0,0,0,0,0,0,0,0,0,1,0,0,0
data/external/actions/human_action_recognition/train/007478_eating.jpg,Bingsu/Human_Action_Recognition,eating,0,0,0,0,0,0,0,0,0,0,0,0,0,1,0,0,0,0,0,0
data/external/actions/human_action_recognition/train/007479_drinking.jpg,Bingsu/Human_Action_Recognition,drinking,0,0,0,0,0,0,0,0,0,0,0,0,0,0,1,0,0,0,0,0
data/external/actions/human_action_recognition/train/007480_using_laptop.jpg,Bingsu/Human_Action_Recognition,using_laptop,0,1,0,0,0,0,0,0,0,0,0,0,1,0,0,0,1,0,0,0
data/external/actions/human_action_recognition/train/007481_calling.jpg,Bingsu/Human_Action_Recognition,calling,1,0,0,0,0,0,0,0,0,0,0,0,0,0,0,0,1,0,0,0
data/external/actions/human_action_recognition/train/007482_cycling.jpg,Bingsu/Human_Action_Recognition,cycling,0,0,0,0,0,0,0,0,1,0,0,0,0,0,0,0,0,1,0,0
data/external/actions/human_action_recognition/train/007483_eating.jpg,Bingsu/Human_Action_Recognition,eating,0,0,0,0,0,0,0,0,0,0,0,0,0,1,0,0,0,0,0,0
data/external/actions/human_action_recognition/train/007484_laughing.jpg,Bingsu/Human_Action_Recognition,laughing,1,0,0,0,0,0,0,0,0,0,0,0,0,0,0,0,1,0,0,0
data/external/actions/human_action_recognition/train/007485_clapping.jpg,Bingsu/Human_Action_Recognition,clapping,0,0,0,0,1,0,0,0,0,0,0,0,0,0,0,0,0,1,0,0
data/external/actions/human_action_recognition/train/007486_eating.jpg,Bingsu/Human_Action_Recognition,eating,0,0,0,0,0,0,0,0,0,0,0,0,0,1,0,0,0,0,0,0
data/external/actions/human_action_recognition/train/007487_fighting.jpg,Bingsu/Human_Action_Recognition,fighting,0,0,0,0,0,0,0,0,0,0,0,0,0,0,0,0,0,1,1,0
data/external/actions/human_action_recognition/train/007488_clapping.jpg,Bingsu/Human_Action_Recognition,clapping,0,0,0,0,1,0,0,0,0,0,0,0,0,0,0,0,0,1,0,0
data/external/actions/human_action_recognition/train/007489_fighting.jpg,Bingsu/Human_Action_Recognition,fighting,0,0,0,0,0,0,0,0,0,0,0,0,0,0,0,0,0,1,1,0
data/external/actions/human_action_recognition/train/007490_clapping.jpg,Bingsu/Human_Action_Recognition,clapping,0,0,0,0,1,0,0,0,0,0,0,0,0,0,0,0,0,1,0,0
data/external/actions/human_action_recognition/train/007491_listening_to_music.jpg,Bingsu/Human_Action_Recognition,listening_to_music,0,1,0,0,0,0,0,0,0,0,0,0,0,0,0,0,1,0,0,0
data/external/actions/human_action_recognition/train/007492_eating.jpg,Bingsu/Human_Action_Recognition,eating,0,0,0,0,0,0,0,0,0,0,0,0,0,1,0,0,0,0,0,0
data/external/actions/human_action_recognition/train/007493_laughing.jpg,Bingsu/Human_Action_Recognition,laughing,1,0,0,0,0,0,0,0,0,0,0,0,0,0,0,0,1,0,0,0
data/external/actions/human_action_recognition/train/007494_sitting.jpg,Bingsu/Human_Action_Recognition,sitting,0,1,0,0,0,0,0,0,0,0,0,0,0,0,0,0,1,0,0,0
data/external/actions/human_action_recognition/train/007495_clapping.jpg,Bingsu/Human_Action_Recognition,clapping,0,0,0,0,1,0,0,0,0,0,0,0,0,0,0,0,0,1,0,0
data/external/actions/human_action_recognition/train/007496_laughing.jpg,Bingsu/Human_Action_Recognition,laughing,1,0,0,0,0,0,0,0,0,0,0,0,0,0,0,0,1,0,0,0
data/external/actions/human_action_recognition/train/007497_calling.jpg,Bingsu/Human_Action_Recognition,calling,1,0,0,0,0,0,0,0,0,0,0,0,0,0,0,0,1,0,0,0
data/external/actions/human_action_recognition/train/007498_cycling.jpg,Bingsu/Human_Action_Recognition,cycling,0,0,0,0,0,0,0,0,1,0,0,0,0,0,0,0,0,1,0,0
data/external/actions/human_action_recognition/train/007499_cycling.jpg,Bingsu/Human_Action_Recognition,cycling,0,0,0,0,0,0,0,0,1,0,0,0,0,0,0,0,0,1,0,0
data/external/actions/human_action_recognition/train/007500_listening_to_music.jpg,Bingsu/Human_Action_Recognition,listening_to_music,0,1,0,0,0,0,0,0,0,0,0,0,0,0,0,0,1,0,0,0
data/external/actions/human_action_recognition/train/007501_cycling.jpg,Bingsu/Human_Action_Recognition,cycling,0,0,0,0,0,0,0,0,1,0,0,0,0,0,0,0,0,1,0,0
data/external/actions/human_action_recognition/train/007502_drinking.jpg,Bingsu/Human_Action_Recognition,drinking,0,0,0,0,0,0,0,0,0,0,0,0,0,0,1,0,0,0,0,0
data/external/actions/human_action_recognition/train/007503_using_laptop.jpg,Bingsu/Human_Action_Recognition,using_laptop,0,1,0,0,0,0,0,0,0,0,0,0,1,0,0,0,1,0,0,0
data/external/actions/human_action_recognition/train/007504_laughing.jpg,Bingsu/Human_Action_Recognition,laughing,1,0,0,0,0,0,0,0,0,0,0,0,0,0,0,0,1,0,0,0
data/external/actions/human_action_recognition/train/007505_listening_to_music.jpg,Bingsu/Human_Action_Recognition,listening_to_music,0,1,0,0,0,0,0,0,0,0,0,0,0,0,0,0,1,0,0,0
data/external/actions/human_action_recognition/train/007506_calling.jpg,Bingsu/Human_Action_Recognition,calling,1,0,0,0,0,0,0,0,0,0,0,0,0,0,0,0,1,0,0,0
data/external/actions/human_action_recognition/train/007507_listening_to_music.jpg,Bingsu/Human_Action_Recognition,listening_to_music,0,1,0,0,0,0,0,0,0,0,0,0,0,0,0,0,1,0,0,0
data/external/actions/human_action_recognition/train/007508_sitting.jpg,Bingsu/Human_Action_Recognition,sitting,0,1,0,0,0,0,0,0,0,0,0,0,0,0,0,0,1,0,0,0
data/external/actions/human_action_recognition/train/007509_fighting.jpg,Bingsu/Human_Action_Recognition,fighting,0,0,0,0,0,0,0,0,0,0,0,0,0,0,0,0,0,1,1,0
data/external/actions/human_action_recognition/train/007510_running.jpg,Bingsu/Human_Action_Recognition,running,0,0,0,0,0,0,1,0,0,0,0,0,0,0,0,0,0,1,1,0
data/external/actions/human_action_recognition/train/007511_drinking.jpg,Bingsu/Human_Action_Recognition,drinking,0,0,0,0,0,0,0,0,0,0,0,0,0,0,1,0,0,0,0,0
data/external/actions/human_action_recognition/train/007512_texting.jpg,Bingsu/Human_Action_Recognition,texting,0,1,0,0,0,0,0,0,0,0,0,0,0,0,0,0,1,0,0,0
data/external/actions/human_action_recognition/train/007513_drinking.jpg,Bingsu/Human_Action_Recognition,drinking,0,0,0,0,0,0,0,0,0,0,0,0,0,0,1,0,0,0,0,0
data/external/actions/human_action_recognition/train/007514_hugging.jpg,Bingsu/Human_Action_Recognition,hugging,1,0,0,0,0,0,0,0,0,0,0,0,0,0,0,0,1,0,0,0
data/external/actions/human_action_recognition/train/007515_fighting.jpg,Bingsu/Human_Action_Recognition,fighting,0,0,0,0,0,0,0,0,0,0,0,0,0,0,0,0,0,1,1,0
data/external/actions/human_action_recognition/train/007516_hugging.jpg,Bingsu/Human_Action_Recognition,hugging,1,0,0,0,0,0,0,0,0,0,0,0,0,0,0,0,1,0,0,0
data/external/actions/human_action_recognition/train/007517_hugging.jpg,Bingsu/Human_Action_Recognition,hugging,1,0,0,0,0,0,0,0,0,0,0,0,0,0,0,0,1,0,0,0
data/external/actions/human_action_recognition/train/007518_hugging.jpg,Bingsu/Human_Action_Recognition,hugging,1,0,0,0,0,0,0,0,0,0,0,0,0,0,0,0,1,0,0,0
data/external/actions/human_action_recognition/train/007519_calling.jpg,Bingsu/Human_Action_Recognition,calling,1,0,0,0,0,0,0,0,0,0,0,0,0,0,0,0,1,0,0,0
data/external/actions/human_action_recognition/train/007520_eating.jpg,Bingsu/Human_Action_Recognition,eating,0,0,0,0,0,0,0,0,0,0,0,0,0,1,0,0,0,0,0,0
data/external/actions/human_action_recognition/train/007521_clapping.jpg,Bingsu/Human_Action_Recognition,clapping,0,0,0,0,1,0,0,0,0,0,0,0,0,0,0,0,0,1,0,0
data/external/actions/human_action_recognition/train/007522_sitting.jpg,Bingsu/Human_Action_Recognition,sitting,0,1,0,0,0,0,0,0,0,0,0,0,0,0,0,0,1,0,0,0
data/external/actions/human_action_recognition/train/007523_dancing.jpg,Bingsu/Human_Action_Recognition,dancing,0,0,0,0,0,0,0,0,0,0,1,0,0,0,0,0,0,1,0,0
data/external/actions/human_action_recognition/train/007524_texting.jpg,Bingsu/Human_Action_Recognition,texting,0,1,0,0,0,0,0,0,0,0,0,0,0,0,0,0,1,0,0,0
data/external/actions/human_action_recognition/train/007525_using_laptop.jpg,Bingsu/Human_Action_Recognition,using_laptop,0,1,0,0,0,0,0,0,0,0,0,0,1,0,0,0,1,0,0,0
data/external/actions/human_action_recognition/train/007526_cycling.jpg,Bingsu/Human_Action_Recognition,cycling,0,0,0,0,0,0,0,0,1,0,0,0,0,0,0,0,0,1,0,0
data/external/actions/human_action_recognition/train/007527_eating.jpg,Bingsu/Human_Action_Recognition,eating,0,0,0,0,0,0,0,0,0,0,0,0,0,1,0,0,0,0,0,0
data/external/actions/human_action_recognition/train/007528_listening_to_music.jpg,Bingsu/Human_Action_Recognition,listening_to_music,0,1,0,0,0,0,0,0,0,0,0,0,0,0,0,0,1,0,0,0
data/external/actions/human_action_recognition/train/007529_sitting.jpg,Bingsu/Human_Action_Recognition,sitting,0,1,0,0,0,0,0,0,0,0,0,0,0,0,0,0,1,0,0,0
data/external/actions/human_action_recognition/train/007530_hugging.jpg,Bingsu/Human_Action_Recognition,hugging,1,0,0,0,0,0,0,0,0,0,0,0,0,0,0,0,1,0,0,0
data/external/actions/human_action_recognition/train/007531_hugging.jpg,Bingsu/Human_Action_Recognition,hugging,1,0,0,0,0,0,0,0,0,0,0,0,0,0,0,0,1,0,0,0
data/external/actions/human_action_recognition/train/007532_sitting.jpg,Bingsu/Human_Action_Recognition,sitting,0,1,0,0,0,0,0,0,0,0,0,0,0,0,0,0,1,0,0,0
data/external/actions/human_action_recognition/train/007533_texting.jpg,Bingsu/Human_Action_Recognition,texting,0,1,0,0,0,0,0,0,0,0,0,0,0,0,0,0,1,0,0,0
data/external/actions/human_action_recognition/train/007534_listening_to_music.jpg,Bingsu/Human_Action_Recognition,listening_to_music,0,1,0,0,0,0,0,0,0,0,0,0,0,0,0,0,1,0,0,0
data/external/actions/human_action_recognition/train/007535_calling.jpg,Bingsu/Human_Action_Recognition,calling,1,0,0,0,0,0,0,0,0,0,0,0,0,0,0,0,1,0,0,0
data/external/actions/human_action_recognition/train/007536_listening_to_music.jpg,Bingsu/Human_Action_Recognition,listening_to_music,0,1,0,0,0,0,0,0,0,0,0,0,0,0,0,0,1,0,0,0
data/external/actions/human_action_recognition/train/007537_clapping.jpg,Bingsu/Human_Action_Recognition,clapping,0,0,0,0,1,0,0,0,0,0,0,0,0,0,0,0,0,1,0,0
data/external/actions/human_action_recognition/train/007538_running.jpg,Bingsu/Human_Action_Recognition,running,0,0,0,0,0,0,1,0,0,0,0,0,0,0,0,0,0,1,1,0
data/external/actions/human_action_recognition/train/007539_eating.jpg,Bingsu/Human_Action_Recognition,eating,0,0,0,0,0,0,0,0,0,0,0,0,0,1,0,0,0,0,0,0
data/external/actions/human_action_recognition/train/007540_sleeping.jpg,Bingsu/Human_Action_Recognition,sleeping,0,0,1,0,0,0,0,0,0,0,0,0,0,0,0,0,1,0,0,0
data/external/actions/human_action_recognition/train/007541_dancing.jpg,Bingsu/Human_Action_Recognition,dancing,0,0,0,0,0,0,0,0,0,0,1,0,0,0,0,0,0,1,0,0
data/external/actions/human_action_recognition/train/007542_running.jpg,Bingsu/Human_Action_Recognition,running,0,0,0,0,0,0,1,0,0,0,0,0,0,0,0,0,0,1,1,0
data/external/actions/human_action_recognition/train/007543_laughing.jpg,Bingsu/Human_Action_Recognition,laughing,1,0,0,0,0,0,0,0,0,0,0,0,0,0,0,0,1,0,0,0
data/external/actions/human_action_recognition/train/007544_eating.jpg,Bingsu/Human_Action_Recognition,eating,0,0,0,0,0,0,0,0,0,0,0,0,0,1,0,0,0,0,0,0
data/external/actions/human_action_recognition/train/007545_hugging.jpg,Bingsu/Human_Action_Recognition,hugging,1,0,0,0,0,0,0,0,0,0,0,0,0,0,0,0,1,0,0,0
data/external/actions/human_action_recognition/train/007546_texting.jpg,Bingsu/Human_Action_Recognition,texting,0,1,0,0,0,0,0,0,0,0,0,0,0,0,0,0,1,0,0,0
data/external/actions/human_action_recognition/train/007547_drinking.jpg,Bingsu/Human_Action_Recognition,drinking,0,0,0,0,0,0,0,0,0,0,0,0,0,0,1,0,0,0,0,0
data/external/actions/human_action_recognition/train/007548_running.jpg,Bingsu/Human_Action_Recognition,running,0,0,0,0,0,0,1,0,0,0,0,0,0,0,0,0,0,1,1,0
data/external/actions/human_action_recognition/train/007549_fighting.jpg,Bingsu/Human_Action_Recognition,fighting,0,0,0,0,0,0,0,0,0,0,0,0,0,0,0,0,0,1,1,0
data/external/actions/human_action_recognition/train/007550_using_laptop.jpg,Bingsu/Human_Action_Recognition,using_laptop,0,1,0,0,0,0,0,0,0,0,0,0,1,0,0,0,1,0,0,0
data/external/actions/human_action_recognition/train/007551_hugging.jpg,Bingsu/Human_Action_Recognition,hugging,1,0,0,0,0,0,0,0,0,0,0,0,0,0,0,0,1,0,0,0
data/external/actions/human_action_recognition/train/007552_drinking.jpg,Bingsu/Human_Action_Recognition,drinking,0,0,0,0,0,0,0,0,0,0,0,0,0,0,1,0,0,0,0,0
data/external/actions/human_action_recognition/train/007553_listening_to_music.jpg,Bingsu/Human_Action_Recognition,listening_to_music,0,1,0,0,0,0,0,0,0,0,0,0,0,0,0,0,1,0,0,0
data/external/actions/human_action_recognition/train/007554_dancing.jpg,Bingsu/Human_Action_Recognition,dancing,0,0,0,0,0,0,0,0,0,0,1,0,0,0,0,0,0,1,0,0
data/external/actions/human_action_recognition/train/007555_dancing.jpg,Bingsu/Human_Action_Recognition,dancing,0,0,0,0,0,0,0,0,0,0,1,0,0,0,0,0,0,1,0,0
data/external/actions/human_action_recognition/train/007556_using_laptop.jpg,Bingsu/Human_Action_Recognition,using_laptop,0,1,0,0,0,0,0,0,0,0,0,0,1,0,0,0,1,0,0,0
data/external/actions/human_action_recognition/train/007557_calling.jpg,Bingsu/Human_Action_Recognition,calling,1,0,0,0,0,0,0,0,0,0,0,0,0,0,0,0,1,0,0,0
data/external/actions/human_action_recognition/train/007558_calling.jpg,Bingsu/Human_Action_Recognition,calling,1,0,0,0,0,0,0,0,0,0,0,0,0,0,0,0,1,0,0,0
data/external/actions/human_action_recognition/train/007559_sleeping.jpg,Bingsu/Human_Action_Recognition,sleeping,0,0,1,0,0,0,0,0,0,0,0,0,0,0,0,0,1,0,0,0
data/external/actions/human_action_recognition/train/007560_hugging.jpg,Bingsu/Human_Action_Recognition,hugging,1,0,0,0,0,0,0,0,0,0,0,0,0,0,0,0,1,0,0,0
data/external/actions/human_action_recognition/train/007561_calling.jpg,Bingsu/Human_Action_Recognition,calling,1,0,0,0,0,0,0,0,0,0,0,0,0,0,0,0,1,0,0,0
data/external/actions/human_action_recognition/train/007562_sitting.jpg,Bingsu/Human_Action_Recognition,sitting,0,1,0,0,0,0,0,0,0,0,0,0,0,0,0,0,1,0,0,0
data/external/actions/human_action_recognition/train/007563_dancing.jpg,Bingsu/Human_Action_Recognition,dancing,0,0,0,0,0,0,0,0,0,0,1,0,0,0,0,0,0,1,0,0
data/external/actions/human_action_recognition/train/007564_listening_to_music.jpg,Bingsu/Human_Action_Recognition,listening_to_music,0,1,0,0,0,0,0,0,0,0,0,0,0,0,0,0,1,0,0,0
data/external/actions/human_action_recognition/train/007565_cycling.jpg,Bingsu/Human_Action_Recognition,cycling,0,0,0,0,0,0,0,0,1,0,0,0,0,0,0,0,0,1,0,0
data/external/actions/human_action_recognition/train/007566_fighting.jpg,Bingsu/Human_Action_Recognition,fighting,0,0,0,0,0,0,0,0,0,0,0,0,0,0,0,0,0,1,1,0
data/external/actions/human_action_recognition/train/007567_running.jpg,Bingsu/Human_Action_Recognition,running,0,0,0,0,0,0,1,0,0,0,0,0,0,0,0,0,0,1,1,0
data/external/actions/human_action_recognition/train/007568_fighting.jpg,Bingsu/Human_Action_Recognition,fighting,0,0,0,0,0,0,0,0,0,0,0,0,0,0,0,0,0,1,1,0
data/external/actions/human_action_recognition/train/007569_laughing.jpg,Bingsu/Human_Action_Recognition,laughing,1,0,0,0,0,0,0,0,0,0,0,0,0,0,0,0,1,0,0,0
data/external/actions/human_action_recognition/train/007570_cycling.jpg,Bingsu/Human_Action_Recognition,cycling,0,0,0,0,0,0,0,0,1,0,0,0,0,0,0,0,0,1,0,0
data/external/actions/human_action_recognition/train/007571_eating.jpg,Bingsu/Human_Action_Recognition,eating,0,0,0,0,0,0,0,0,0,0,0,0,0,1,0,0,0,0,0,0
data/external/actions/human_action_recognition/train/007572_texting.jpg,Bingsu/Human_Action_Recognition,texting,0,1,0,0,0,0,0,0,0,0,0,0,0,0,0,0,1,0,0,0
data/external/actions/human_action_recognition/train/007573_sitting.jpg,Bingsu/Human_Action_Recognition,sitting,0,1,0,0,0,0,0,0,0,0,0,0,0,0,0,0,1,0,0,0
data/external/actions/human_action_recognition/train/007574_dancing.jpg,Bingsu/Human_Action_Recognition,dancing,0,0,0,0,0,0,0,0,0,0,1,0,0,0,0,0,0,1,0,0
data/external/actions/human_action_recognition/train/007575_dancing.jpg,Bingsu/Human_Action_Recognition,dancing,0,0,0,0,0,0,0,0,0,0,1,0,0,0,0,0,0,1,0,0
data/external/actions/human_action_recognition/train/007576_cycling.jpg,Bingsu/Human_Action_Recognition,cycling,0,0,0,0,0,0,0,0,1,0,0,0,0,0,0,0,0,1,0,0
data/external/actions/human_action_recognition/train/007577_sleeping.jpg,Bingsu/Human_Action_Recognition,sleeping,0,0,1,0,0,0,0,0,0,0,0,0,0,0,0,0,1,0,0,0
data/external/actions/human_action_recognition/train/007578_texting.jpg,Bingsu/Human_Action_Recognition,texting,0,1,0,0,0,0,0,0,0,0,0,0,0,0,0,0,1,0,0,0
data/external/actions/human_action_recognition/train/007579_fighting.jpg,Bingsu/Human_Action_Recognition,fighting,0,0,0,0,0,0,0,0,0,0,0,0,0,0,0,0,0,1,1,0
data/external/actions/human_action_recognition/train/007580_using_laptop.jpg,Bingsu/Human_Action_Recognition,using_laptop,0,1,0,0,0,0,0,0,0,0,0,0,1,0,0,0,1,0,0,0
data/external/actions/human_action_recognition/train/007581_calling.jpg,Bingsu/Human_Action_Recognition,calling,1,0,0,0,0,0,0,0,0,0,0,0,0,0,0,0,1,0,0,0
data/external/actions/human_action_recognition/train/007582_laughing.jpg,Bingsu/Human_Action_Recognition,laughing,1,0,0,0,0,0,0,0,0,0,0,0,0,0,0,0,1,0,0,0
data/external/actions/human_action_recognition/train/007583_cycling.jpg,Bingsu/Human_Action_Recognition,cycling,0,0,0,0,0,0,0,0,1,0,0,0,0,0,0,0,0,1,0,0
data/external/actions/human_action_recognition/train/007584_clapping.jpg,Bingsu/Human_Action_Recognition,clapping,0,0,0,0,1,0,0,0,0,0,0,0,0,0,0,0,0,1,0,0
data/external/actions/human_action_recognition/train/007585_listening_to_music.jpg,Bingsu/Human_Action_Recognition,listening_to_music,0,1,0,0,0,0,0,0,0,0,0,0,0,0,0,0,1,0,0,0
data/external/actions/human_action_recognition/train/007586_fighting.jpg,Bingsu/Human_Action_Recognition,fighting,0,0,0,0,0,0,0,0,0,0,0,0,0,0,0,0,0,1,1,0
data/external/actions/human_action_recognition/train/007587_dancing.jpg,Bingsu/Human_Action_Recognition,dancing,0,0,0,0,0,0,0,0,0,0,1,0,0,0,0,0,0,1,0,0
data/external/actions/human_action_recognition/train/007588_dancing.jpg,Bingsu/Human_Action_Recognition,dancing,0,0,0,0,0,0,0,0,0,0,1,0,0,0,0,0,0,1,0,0
data/external/actions/human_action_recognition/train/007589_texting.jpg,Bingsu/Human_Action_Recognition,texting,0,1,0,0,0,0,0,0,0,0,0,0,0,0,0,0,1,0,0,0
data/external/actions/human_action_recognition/train/007590_drinking.jpg,Bingsu/Human_Action_Recognition,drinking,0,0,0,0,0,0,0,0,0,0,0,0,0,0,1,0,0,0,0,0
data/external/actions/human_action_recognition/train/007591_calling.jpg,Bingsu/Human_Action_Recognition,calling,1,0,0,0,0,0,0,0,0,0,0,0,0,0,0,0,1,0,0,0
data/external/actions/human_action_recognition/train/007592_laughing.jpg,Bingsu/Human_Action_Recognition,laughing,1,0,0,0,0,0,0,0,0,0,0,0,0,0,0,0,1,0,0,0
data/external/actions/human_action_recognition/train/007593_running.jpg,Bingsu/Human_Action_Recognition,running,0,0,0,0,0,0,1,0,0,0,0,0,0,0,0,0,0,1,1,0
data/external/actions/human_action_recognition/train/007594_clapping.jpg,Bingsu/Human_Action_Recognition,clapping,0,0,0,0,1,0,0,0,0,0,0,0,0,0,0,0,0,1,0,0
data/external/actions/human_action_recognition/train/007595_using_laptop.jpg,Bingsu/Human_Action_Recognition,using_laptop,0,1,0,0,0,0,0,0,0,0,0,0,1,0,0,0,1,0,0,0
data/external/actions/human_action_recognition/train/007596_using_laptop.jpg,Bingsu/Human_Action_Recognition,using_laptop,0,1,0,0,0,0,0,0,0,0,0,0,1,0,0,0,1,0,0,0
data/external/actions/human_action_recognition/train/007597_fighting.jpg,Bingsu/Human_Action_Recognition,fighting,0,0,0,0,0,0,0,0,0,0,0,0,0,0,0,0,0,1,1,0
data/external/actions/human_action_recognition/train/007598_cycling.jpg,Bingsu/Human_Action_Recognition,cycling,0,0,0,0,0,0,0,0,1,0,0,0,0,0,0,0,0,1,0,0
data/external/actions/human_action_recognition/train/007599_calling.jpg,Bingsu/Human_Action_Recognition,calling,1,0,0,0,0,0,0,0,0,0,0,0,0,0,0,0,1,0,0,0
data/external/actions/human_action_recognition/train/007600_fighting.jpg,Bingsu/Human_Action_Recognition,fighting,0,0,0,0,0,0,0,0,0,0,0,0,0,0,0,0,0,1,1,0
data/external/actions/human_action_recognition/train/007601_listening_to_music.jpg,Bingsu/Human_Action_Recognition,listening_to_music,0,1,0,0,0,0,0,0,0,0,0,0,0,0,0,0,1,0,0,0
data/external/actions/human_action_recognition/train/007602_eating.jpg,Bingsu/Human_Action_Recognition,eating,0,0,0,0,0,0,0,0,0,0,0,0,0,1,0,0,0,0,0,0
data/external/actions/human_action_recognition/train/007603_using_laptop.jpg,Bingsu/Human_Action_Recognition,using_laptop,0,1,0,0,0,0,0,0,0,0,0,0,1,0,0,0,1,0,0,0
data/external/actions/human_action_recognition/train/007604_fighting.jpg,Bingsu/Human_Action_Recognition,fighting,0,0,0,0,0,0,0,0,0,0,0,0,0,0,0,0,0,1,1,0
data/external/actions/human_action_recognition/train/007605_running.jpg,Bingsu/Human_Action_Recognition,running,0,0,0,0,0,0,1,0,0,0,0,0,0,0,0,0,0,1,1,0
data/external/actions/human_action_recognition/train/007606_fighting.jpg,Bingsu/Human_Action_Recognition,fighting,0,0,0,0,0,0,0,0,0,0,0,0,0,0,0,0,0,1,1,0
data/external/actions/human_action_recognition/train/007607_calling.jpg,Bingsu/Human_Action_Recognition,calling,1,0,0,0,0,0,0,0,0,0,0,0,0,0,0,0,1,0,0,0
data/external/actions/human_action_recognition/train/007608_eating.jpg,Bingsu/Human_Action_Recognition,eating,0,0,0,0,0,0,0,0,0,0,0,0,0,1,0,0,0,0,0,0
data/external/actions/human_action_recognition/train/007609_running.jpg,Bingsu/Human_Action_Recognition,running,0,0,0,0,0,0,1,0,0,0,0,0,0,0,0,0,0,1,1,0
data/external/actions/human_action_recognition/train/007610_dancing.jpg,Bingsu/Human_Action_Recognition,dancing,0,0,0,0,0,0,0,0,0,0,1,0,0,0,0,0,0,1,0,0
data/external/actions/human_action_recognition/train/007611_calling.jpg,Bingsu/Human_Action_Recognition,calling,1,0,0,0,0,0,0,0,0,0,0,0,0,0,0,0,1,0,0,0
data/external/actions/human_action_recognition/train/007612_cycling.jpg,Bingsu/Human_Action_Recognition,cycling,0,0,0,0,0,0,0,0,1,0,0,0,0,0,0,0,0,1,0,0
data/external/actions/human_action_recognition/train/007613_listening_to_music.jpg,Bingsu/Human_Action_Recognition,listening_to_music,0,1,0,0,0,0,0,0,0,0,0,0,0,0,0,0,1,0,0,0
data/external/actions/human_action_recognition/train/007614_texting.jpg,Bingsu/Human_Action_Recognition,texting,0,1,0,0,0,0,0,0,0,0,0,0,0,0,0,0,1,0,0,0
data/external/actions/human_action_recognition/train/007615_eating.jpg,Bingsu/Human_Action_Recognition,eating,0,0,0,0,0,0,0,0,0,0,0,0,0,1,0,0,0,0,0,0
data/external/actions/human_action_recognition/train/007616_listening_to_music.jpg,Bingsu/Human_Action_Recognition,listening_to_music,0,1,0,0,0,0,0,0,0,0,0,0,0,0,0,0,1,0,0,0
data/external/actions/human_action_recognition/train/007617_eating.jpg,Bingsu/Human_Action_Recognition,eating,0,0,0,0,0,0,0,0,0,0,0,0,0,1,0,0,0,0,0,0
data/external/actions/human_action_recognition/train/007618_texting.jpg,Bingsu/Human_Action_Recognition,texting,0,1,0,0,0,0,0,0,0,0,0,0,0,0,0,0,1,0,0,0
data/external/actions/human_action_recognition/train/007619_sitting.jpg,Bingsu/Human_Action_Recognition,sitting,0,1,0,0,0,0,0,0,0,0,0,0,0,0,0,0,1,0,0,0
data/external/actions/human_action_recognition/train/007620_cycling.jpg,Bingsu/Human_Action_Recognition,cycling,0,0,0,0,0,0,0,0,1,0,0,0,0,0,0,0,0,1,0,0
data/external/actions/human_action_recognition/train/007621_sitting.jpg,Bingsu/Human_Action_Recognition,sitting,0,1,0,0,0,0,0,0,0,0,0,0,0,0,0,0,1,0,0,0
data/external/actions/human_action_recognition/train/007622_hugging.jpg,Bingsu/Human_Action_Recognition,hugging,1,0,0,0,0,0,0,0,0,0,0,0,0,0,0,0,1,0,0,0
data/external/actions/human_action_recognition/train/007623_dancing.jpg,Bingsu/Human_Action_Recognition,dancing,0,0,0,0,0,0,0,0,0,0,1,0,0,0,0,0,0,1,0,0
data/external/actions/human_action_recognition/train/007624_texting.jpg,Bingsu/Human_Action_Recognition,texting,0,1,0,0,0,0,0,0,0,0,0,0,0,0,0,0,1,0,0,0
data/external/actions/human_action_recognition/train/007625_texting.jpg,Bingsu/Human_Action_Recognition,texting,0,1,0,0,0,0,0,0,0,0,0,0,0,0,0,0,1,0,0,0
data/external/actions/human_action_recognition/train/007626_dancing.jpg,Bingsu/Human_Action_Recognition,dancing,0,0,0,0,0,0,0,0,0,0,1,0,0,0,0,0,0,1,0,0
data/external/actions/human_action_recognition/train/007627_cycling.jpg,Bingsu/Human_Action_Recognition,cycling,0,0,0,0,0,0,0,0,1,0,0,0,0,0,0,0,0,1,0,0
data/external/actions/human_action_recognition/train/007628_dancing.jpg,Bingsu/Human_Action_Recognition,dancing,0,0,0,0,0,0,0,0,0,0,1,0,0,0,0,0,0,1,0,0
data/external/actions/human_action_recognition/train/007629_texting.jpg,Bingsu/Human_Action_Recognition,texting,0,1,0,0,0,0,0,0,0,0,0,0,0,0,0,0,1,0,0,0
data/external/actions/human_action_recognition/train/007630_running.jpg,Bingsu/Human_Action_Recognition,running,0,0,0,0,0,0,1,0,0,0,0,0,0,0,0,0,0,1,1,0
data/external/actions/human_action_recognition/train/007631_calling.jpg,Bingsu/Human_Action_Recognition,calling,1,0,0,0,0,0,0,0,0,0,0,0,0,0,0,0,1,0,0,0
data/external/actions/human_action_recognition/train/007632_cycling.jpg,Bingsu/Human_Action_Recognition,cycling,0,0,0,0,0,0,0,0,1,0,0,0,0,0,0,0,0,1,0,0
data/external/actions/human_action_recognition/train/007633_clapping.jpg,Bingsu/Human_Action_Recognition,clapping,0,0,0,0,1,0,0,0,0,0,0,0,0,0,0,0,0,1,0,0
data/external/actions/human_action_recognition/train/007634_dancing.jpg,Bingsu/Human_Action_Recognition,dancing,0,0,0,0,0,0,0,0,0,0,1,0,0,0,0,0,0,1,0,0
data/external/actions/human_action_recognition/train/007635_drinking.jpg,Bingsu/Human_Action_Recognition,drinking,0,0,0,0,0,0,0,0,0,0,0,0,0,0,1,0,0,0,0,0
data/external/actions/human_action_recognition/train/007636_listening_to_music.jpg,Bingsu/Human_Action_Recognition,listening_to_music,0,1,0,0,0,0,0,0,0,0,0,0,0,0,0,0,1,0,0,0
data/external/actions/human_action_recognition/train/007637_hugging.jpg,Bingsu/Human_Action_Recognition,hugging,1,0,0,0,0,0,0,0,0,0,0,0,0,0,0,0,1,0,0,0
data/external/actions/human_action_recognition/train/007638_running.jpg,Bingsu/Human_Action_Recognition,running,0,0,0,0,0,0,1,0,0,0,0,0,0,0,0,0,0,1,1,0
data/external/actions/human_action_recognition/train/007639_listening_to_music.jpg,Bingsu/Human_Action_Recognition,listening_to_music,0,1,0,0,0,0,0,0,0,0,0,0,0,0,0,0,1,0,0,0
data/external/actions/human_action_recognition/train/007640_using_laptop.jpg,Bingsu/Human_Action_Recognition,using_laptop,0,1,0,0,0,0,0,0,0,0,0,0,1,0,0,0,1,0,0,0
data/external/actions/human_action_recognition/train/007641_sleeping.jpg,Bingsu/Human_Action_Recognition,sleeping,0,0,1,0,0,0,0,0,0,0,0,0,0,0,0,0,1,0,0,0
data/external/actions/human_action_recognition/train/007642_sleeping.jpg,Bingsu/Human_Action_Recognition,sleeping,0,0,1,0,0,0,0,0,0,0,0,0,0,0,0,0,1,0,0,0
data/external/actions/human_action_recognition/train/007643_sleeping.jpg,Bingsu/Human_Action_Recognition,sleeping,0,0,1,0,0,0,0,0,0,0,0,0,0,0,0,0,1,0,0,0
data/external/actions/human_action_recognition/train/007644_calling.jpg,Bingsu/Human_Action_Recognition,calling,1,0,0,0,0,0,0,0,0,0,0,0,0,0,0,0,1,0,0,0
data/external/actions/human_action_recognition/train/007645_drinking.jpg,Bingsu/Human_Action_Recognition,drinking,0,0,0,0,0,0,0,0,0,0,0,0,0,0,1,0,0,0,0,0
data/external/actions/human_action_recognition/train/007646_sitting.jpg,Bingsu/Human_Action_Recognition,sitting,0,1,0,0,0,0,0,0,0,0,0,0,0,0,0,0,1,0,0,0
data/external/actions/human_action_recognition/train/007647_dancing.jpg,Bingsu/Human_Action_Recognition,dancing,0,0,0,0,0,0,0,0,0,0,1,0,0,0,0,0,0,1,0,0
data/external/actions/human_action_recognition/train/007648_hugging.jpg,Bingsu/Human_Action_Recognition,hugging,1,0,0,0,0,0,0,0,0,0,0,0,0,0,0,0,1,0,0,0
data/external/actions/human_action_recognition/train/007649_calling.jpg,Bingsu/Human_Action_Recognition,calling,1,0,0,0,0,0,0,0,0,0,0,0,0,0,0,0,1,0,0,0
data/external/actions/human_action_recognition/train/007650_using_laptop.jpg,Bingsu/Human_Action_Recognition,using_laptop,0,1,0,0,0,0,0,0,0,0,0,0,1,0,0,0,1,0,0,0
data/external/actions/human_action_recognition/train/007651_running.jpg,Bingsu/Human_Action_Recognition,running,0,0,0,0,0,0,1,0,0,0,0,0,0,0,0,0,0,1,1,0
data/external/actions/human_action_recognition/train/007652_listening_to_music.jpg,Bingsu/Human_Action_Recognition,listening_to_music,0,1,0,0,0,0,0,0,0,0,0,0,0,0,0,0,1,0,0,0
data/external/actions/human_action_recognition/train/007653_fighting.jpg,Bingsu/Human_Action_Recognition,fighting,0,0,0,0,0,0,0,0,0,0,0,0,0,0,0,0,0,1,1,0
data/external/actions/human_action_recognition/train/007654_eating.jpg,Bingsu/Human_Action_Recognition,eating,0,0,0,0,0,0,0,0,0,0,0,0,0,1,0,0,0,0,0,0
data/external/actions/human_action_recognition/train/007655_dancing.jpg,Bingsu/Human_Action_Recognition,dancing,0,0,0,0,0,0,0,0,0,0,1,0,0,0,0,0,0,1,0,0
data/external/actions/human_action_recognition/train/007656_drinking.jpg,Bingsu/Human_Action_Recognition,drinking,0,0,0,0,0,0,0,0,0,0,0,0,0,0,1,0,0,0,0,0
data/external/actions/human_action_recognition/train/007657_dancing.jpg,Bingsu/Human_Action_Recognition,dancing,0,0,0,0,0,0,0,0,0,0,1,0,0,0,0,0,0,1,0,0
data/external/actions/human_action_recognition/train/007658_dancing.jpg,Bingsu/Human_Action_Recognition,dancing,0,0,0,0,0,0,0,0,0,0,1,0,0,0,0,0,0,1,0,0
data/external/actions/human_action_recognition/train/007659_sleeping.jpg,Bingsu/Human_Action_Recognition,sleeping,0,0,1,0,0,0,0,0,0,0,0,0,0,0,0,0,1,0,0,0
data/external/actions/human_action_recognition/train/007660_cycling.jpg,Bingsu/Human_Action_Recognition,cycling,0,0,0,0,0,0,0,0,1,0,0,0,0,0,0,0,0,1,0,0
data/external/actions/human_action_recognition/train/007661_hugging.jpg,Bingsu/Human_Action_Recognition,hugging,1,0,0,0,0,0,0,0,0,0,0,0,0,0,0,0,1,0,0,0
data/external/actions/human_action_recognition/train/007662_dancing.jpg,Bingsu/Human_Action_Recognition,dancing,0,0,0,0,0,0,0,0,0,0,1,0,0,0,0,0,0,1,0,0
data/external/actions/human_action_recognition/train/007663_drinking.jpg,Bingsu/Human_Action_Recognition,drinking,0,0,0,0,0,0,0,0,0,0,0,0,0,0,1,0,0,0,0,0
data/external/actions/human_action_recognition/train/007664_sitting.jpg,Bingsu/Human_Action_Recognition,sitting,0,1,0,0,0,0,0,0,0,0,0,0,0,0,0,0,1,0,0,0
data/external/actions/human_action_recognition/train/007665_drinking.jpg,Bingsu/Human_Action_Recognition,drinking,0,0,0,0,0,0,0,0,0,0,0,0,0,0,1,0,0,0,0,0
data/external/actions/human_action_recognition/train/007666_calling.jpg,Bingsu/Human_Action_Recognition,calling,1,0,0,0,0,0,0,0,0,0,0,0,0,0,0,0,1,0,0,0
data/external/actions/human_action_recognition/train/007667_running.jpg,Bingsu/Human_Action_Recognition,running,0,0,0,0,0,0,1,0,0,0,0,0,0,0,0,0,0,1,1,0
data/external/actions/human_action_recognition/train/007668_calling.jpg,Bingsu/Human_Action_Recognition,calling,1,0,0,0,0,0,0,0,0,0,0,0,0,0,0,0,1,0,0,0
data/external/actions/human_action_recognition/train/007669_running.jpg,Bingsu/Human_Action_Recognition,running,0,0,0,0,0,0,1,0,0,0,0,0,0,0,0,0,0,1,1,0
data/external/actions/human_action_recognition/train/007670_sleeping.jpg,Bingsu/Human_Action_Recognition,sleeping,0,0,1,0,0,0,0,0,0,0,0,0,0,0,0,0,1,0,0,0
data/external/actions/human_action_recognition/train/007671_texting.jpg,Bingsu/Human_Action_Recognition,texting,0,1,0,0,0,0,0,0,0,0,0,0,0,0,0,0,1,0,0,0
data/external/actions/human_action_recognition/train/007672_calling.jpg,Bingsu/Human_Action_Recognition,calling,1,0,0,0,0,0,0,0,0,0,0,0,0,0,0,0,1,0,0,0
data/external/actions/human_action_recognition/train/007673_fighting.jpg,Bingsu/Human_Action_Recognition,fighting,0,0,0,0,0,0,0,0,0,0,0,0,0,0,0,0,0,1,1,0
data/external/actions/human_action_recognition/train/007674_eating.jpg,Bingsu/Human_Action_Recognition,eating,0,0,0,0,0,0,0,0,0,0,0,0,0,1,0,0,0,0,0,0
data/external/actions/human_action_recognition/train/007675_eating.jpg,Bingsu/Human_Action_Recognition,eating,0,0,0,0,0,0,0,0,0,0,0,0,0,1,0,0,0,0,0,0
data/external/actions/human_action_recognition/train/007676_dancing.jpg,Bingsu/Human_Action_Recognition,dancing,0,0,0,0,0,0,0,0,0,0,1,0,0,0,0,0,0,1,0,0
data/external/actions/human_action_recognition/train/007677_calling.jpg,Bingsu/Human_Action_Recognition,calling,1,0,0,0,0,0,0,0,0,0,0,0,0,0,0,0,1,0,0,0
data/external/actions/human_action_recognition/train/007678_using_laptop.jpg,Bingsu/Human_Action_Recognition,using_laptop,0,1,0,0,0,0,0,0,0,0,0,0,1,0,0,0,1,0,0,0
data/external/actions/human_action_recognition/train/007679_using_laptop.jpg,Bingsu/Human_Action_Recognition,using_laptop,0,1,0,0,0,0,0,0,0,0,0,0,1,0,0,0,1,0,0,0
data/external/actions/human_action_recognition/train/007680_using_laptop.jpg,Bingsu/Human_Action_Recognition,using_laptop,0,1,0,0,0,0,0,0,0,0,0,0,1,0,0,0,1,0,0,0
data/external/actions/human_action_recognition/train/007681_laughing.jpg,Bingsu/Human_Action_Recognition,laughing,1,0,0,0,0,0,0,0,0,0,0,0,0,0,0,0,1,0,0,0
data/external/actions/human_action_recognition/train/007682_laughing.jpg,Bingsu/Human_Action_Recognition,laughing,1,0,0,0,0,0,0,0,0,0,0,0,0,0,0,0,1,0,0,0
data/external/actions/human_action_recognition/train/007683_using_laptop.jpg,Bingsu/Human_Action_Recognition,using_laptop,0,1,0,0,0,0,0,0,0,0,0,0,1,0,0,0,1,0,0,0
data/external/actions/human_action_recognition/train/007684_cycling.jpg,Bingsu/Human_Action_Recognition,cycling,0,0,0,0,0,0,0,0,1,0,0,0,0,0,0,0,0,1,0,0
data/external/actions/human_action_recognition/train/007685_laughing.jpg,Bingsu/Human_Action_Recognition,laughing,1,0,0,0,0,0,0,0,0,0,0,0,0,0,0,0,1,0,0,0
data/external/actions/human_action_recognition/train/007686_eating.jpg,Bingsu/Human_Action_Recognition,eating,0,0,0,0,0,0,0,0,0,0,0,0,0,1,0,0,0,0,0,0
data/external/actions/human_action_recognition/train/007687_dancing.jpg,Bingsu/Human_Action_Recognition,dancing,0,0,0,0,0,0,0,0,0,0,1,0,0,0,0,0,0,1,0,0
data/external/actions/human_action_recognition/train/007688_hugging.jpg,Bingsu/Human_Action_Recognition,hugging,1,0,0,0,0,0,0,0,0,0,0,0,0,0,0,0,1,0,0,0
data/external/actions/human_action_recognition/train/007689_drinking.jpg,Bingsu/Human_Action_Recognition,drinking,0,0,0,0,0,0,0,0,0,0,0,0,0,0,1,0,0,0,0,0
data/external/actions/human_action_recognition/train/007690_drinking.jpg,Bingsu/Human_Action_Recognition,drinking,0,0,0,0,0,0,0,0,0,0,0,0,0,0,1,0,0,0,0,0
data/external/actions/human_action_recognition/train/007691_cycling.jpg,Bingsu/Human_Action_Recognition,cycling,0,0,0,0,0,0,0,0,1,0,0,0,0,0,0,0,0,1,0,0
data/external/actions/human_action_recognition/train/007692_cycling.jpg,Bingsu/Human_Action_Recognition,cycling,0,0,0,0,0,0,0,0,1,0,0,0,0,0,0,0,0,1,0,0
data/external/actions/human_action_recognition/train/007693_eating.jpg,Bingsu/Human_Action_Recognition,eating,0,0,0,0,0,0,0,0,0,0,0,0,0,1,0,0,0,0,0,0
data/external/actions/human_action_recognition/train/007694_sitting.jpg,Bingsu/Human_Action_Recognition,sitting,0,1,0,0,0,0,0,0,0,0,0,0,0,0,0,0,1,0,0,0
data/external/actions/human_action_recognition/train/007695_sitting.jpg,Bingsu/Human_Action_Recognition,sitting,0,1,0,0,0,0,0,0,0,0,0,0,0,0,0,0,1,0,0,0
data/external/actions/human_action_recognition/train/007696_laughing.jpg,Bingsu/Human_Action_Recognition,laughing,1,0,0,0,0,0,0,0,0,0,0,0,0,0,0,0,1,0,0,0
data/external/actions/human_action_recognition/train/007697_sleeping.jpg,Bingsu/Human_Action_Recognition,sleeping,0,0,1,0,0,0,0,0,0,0,0,0,0,0,0,0,1,0,0,0
data/external/actions/human_action_recognition/train/007698_texting.jpg,Bingsu/Human_Action_Recognition,texting,0,1,0,0,0,0,0,0,0,0,0,0,0,0,0,0,1,0,0,0
data/external/actions/human_action_recognition/train/007699_listening_to_music.jpg,Bingsu/Human_Action_Recognition,listening_to_music,0,1,0,0,0,0,0,0,0,0,0,0,0,0,0,0,1,0,0,0
data/external/actions/human_action_recognition/train/007700_texting.jpg,Bingsu/Human_Action_Recognition,texting,0,1,0,0,0,0,0,0,0,0,0,0,0,0,0,0,1,0,0,0
data/external/actions/human_action_recognition/train/007701_drinking.jpg,Bingsu/Human_Action_Recognition,drinking,0,0,0,0,0,0,0,0,0,0,0,0,0,0,1,0,0,0,0,0
data/external/actions/human_action_recognition/train/007702_laughing.jpg,Bingsu/Human_Action_Recognition,laughing,1,0,0,0,0,0,0,0,0,0,0,0,0,0,0,0,1,0,0,0
data/external/actions/human_action_recognition/train/007703_drinking.jpg,Bingsu/Human_Action_Recognition,drinking,0,0,0,0,0,0,0,0,0,0,0,0,0,0,1,0,0,0,0,0
data/external/actions/human_action_recognition/train/007704_eating.jpg,Bingsu/Human_Action_Recognition,eating,0,0,0,0,0,0,0,0,0,0,0,0,0,1,0,0,0,0,0,0
data/external/actions/human_action_recognition/train/007705_sitting.jpg,Bingsu/Human_Action_Recognition,sitting,0,1,0,0,0,0,0,0,0,0,0,0,0,0,0,0,1,0,0,0
data/external/actions/human_action_recognition/train/007706_hugging.jpg,Bingsu/Human_Action_Recognition,hugging,1,0,0,0,0,0,0,0,0,0,0,0,0,0,0,0,1,0,0,0
data/external/actions/human_action_recognition/train/007707_clapping.jpg,Bingsu/Human_Action_Recognition,clapping,0,0,0,0,1,0,0,0,0,0,0,0,0,0,0,0,0,1,0,0
data/external/actions/human_action_recognition/train/007708_drinking.jpg,Bingsu/Human_Action_Recognition,drinking,0,0,0,0,0,0,0,0,0,0,0,0,0,0,1,0,0,0,0,0
data/external/actions/human_action_recognition/train/007709_laughing.jpg,Bingsu/Human_Action_Recognition,laughing,1,0,0,0,0,0,0,0,0,0,0,0,0,0,0,0,1,0,0,0
data/external/actions/human_action_recognition/train/007710_sleeping.jpg,Bingsu/Human_Action_Recognition,sleeping,0,0,1,0,0,0,0,0,0,0,0,0,0,0,0,0,1,0,0,0
data/external/actions/human_action_recognition/train/007711_hugging.jpg,Bingsu/Human_Action_Recognition,hugging,1,0,0,0,0,0,0,0,0,0,0,0,0,0,0,0,1,0,0,0
data/external/actions/human_action_recognition/train/007712_eating.jpg,Bingsu/Human_Action_Recognition,eating,0,0,0,0,0,0,0,0,0,0,0,0,0,1,0,0,0,0,0,0
data/external/actions/human_action_recognition/train/007713_fighting.jpg,Bingsu/Human_Action_Recognition,fighting,0,0,0,0,0,0,0,0,0,0,0,0,0,0,0,0,0,1,1,0
data/external/actions/human_action_recognition/train/007714_laughing.jpg,Bingsu/Human_Action_Recognition,laughing,1,0,0,0,0,0,0,0,0,0,0,0,0,0,0,0,1,0,0,0
data/external/actions/human_action_recognition/train/007715_fighting.jpg,Bingsu/Human_Action_Recognition,fighting,0,0,0,0,0,0,0,0,0,0,0,0,0,0,0,0,0,1,1,0
data/external/actions/human_action_recognition/train/007716_hugging.jpg,Bingsu/Human_Action_Recognition,hugging,1,0,0,0,0,0,0,0,0,0,0,0,0,0,0,0,1,0,0,0
data/external/actions/human_action_recognition/train/007717_using_laptop.jpg,Bingsu/Human_Action_Recognition,using_laptop,0,1,0,0,0,0,0,0,0,0,0,0,1,0,0,0,1,0,0,0
data/external/actions/human_action_recognition/train/007718_cycling.jpg,Bingsu/Human_Action_Recognition,cycling,0,0,0,0,0,0,0,0,1,0,0,0,0,0,0,0,0,1,0,0
data/external/actions/human_action_recognition/train/007719_texting.jpg,Bingsu/Human_Action_Recognition,texting,0,1,0,0,0,0,0,0,0,0,0,0,0,0,0,0,1,0,0,0
data/external/actions/human_action_recognition/train/007720_running.jpg,Bingsu/Human_Action_Recognition,running,0,0,0,0,0,0,1,0,0,0,0,0,0,0,0,0,0,1,1,0
data/external/actions/human_action_recognition/train/007721_running.jpg,Bingsu/Human_Action_Recognition,running,0,0,0,0,0,0,1,0,0,0,0,0,0,0,0,0,0,1,1,0
data/external/actions/human_action_recognition/train/007722_clapping.jpg,Bingsu/Human_Action_Recognition,clapping,0,0,0,0,1,0,0,0,0,0,0,0,0,0,0,0,0,1,0,0
data/external/actions/human_action_recognition/train/007723_laughing.jpg,Bingsu/Human_Action_Recognition,laughing,1,0,0,0,0,0,0,0,0,0,0,0,0,0,0,0,1,0,0,0
data/external/actions/human_action_recognition/train/007724_drinking.jpg,Bingsu/Human_Action_Recognition,drinking,0,0,0,0,0,0,0,0,0,0,0,0,0,0,1,0,0,0,0,0
data/external/actions/human_action_recognition/train/007725_hugging.jpg,Bingsu/Human_Action_Recognition,hugging,1,0,0,0,0,0,0,0,0,0,0,0,0,0,0,0,1,0,0,0
data/external/actions/human_action_recognition/train/007726_sleeping.jpg,Bingsu/Human_Action_Recognition,sleeping,0,0,1,0,0,0,0,0,0,0,0,0,0,0,0,0,1,0,0,0
data/external/actions/human_action_recognition/train/007727_dancing.jpg,Bingsu/Human_Action_Recognition,dancing,0,0,0,0,0,0,0,0,0,0,1,0,0,0,0,0,0,1,0,0
data/external/actions/human_action_recognition/train/007728_listening_to_music.jpg,Bingsu/Human_Action_Recognition,listening_to_music,0,1,0,0,0,0,0,0,0,0,0,0,0,0,0,0,1,0,0,0
data/external/actions/human_action_recognition/train/007729_clapping.jpg,Bingsu/Human_Action_Recognition,clapping,0,0,0,0,1,0,0,0,0,0,0,0,0,0,0,0,0,1,0,0
data/external/actions/human_action_recognition/train/007730_drinking.jpg,Bingsu/Human_Action_Recognition,drinking,0,0,0,0,0,0,0,0,0,0,0,0,0,0,1,0,0,0,0,0
data/external/actions/human_action_recognition/train/007731_calling.jpg,Bingsu/Human_Action_Recognition,calling,1,0,0,0,0,0,0,0,0,0,0,0,0,0,0,0,1,0,0,0
data/external/actions/human_action_recognition/train/007732_listening_to_music.jpg,Bingsu/Human_Action_Recognition,listening_to_music,0,1,0,0,0,0,0,0,0,0,0,0,0,0,0,0,1,0,0,0
data/external/actions/human_action_recognition/train/007733_drinking.jpg,Bingsu/Human_Action_Recognition,drinking,0,0,0,0,0,0,0,0,0,0,0,0,0,0,1,0,0,0,0,0
data/external/actions/human_action_recognition/train/007734_drinking.jpg,Bingsu/Human_Action_Recognition,drinking,0,0,0,0,0,0,0,0,0,0,0,0,0,0,1,0,0,0,0,0
data/external/actions/human_action_recognition/train/007735_eating.jpg,Bingsu/Human_Action_Recognition,eating,0,0,0,0,0,0,0,0,0,0,0,0,0,1,0,0,0,0,0,0
data/external/actions/human_action_recognition/train/007736_eating.jpg,Bingsu/Human_Action_Recognition,eating,0,0,0,0,0,0,0,0,0,0,0,0,0,1,0,0,0,0,0,0
data/external/actions/human_action_recognition/train/007737_listening_to_music.jpg,Bingsu/Human_Action_Recognition,listening_to_music,0,1,0,0,0,0,0,0,0,0,0,0,0,0,0,0,1,0,0,0
data/external/actions/human_action_recognition/train/007738_sleeping.jpg,Bingsu/Human_Action_Recognition,sleeping,0,0,1,0,0,0,0,0,0,0,0,0,0,0,0,0,1,0,0,0
data/external/actions/human_action_recognition/train/007739_running.jpg,Bingsu/Human_Action_Recognition,running,0,0,0,0,0,0,1,0,0,0,0,0,0,0,0,0,0,1,1,0
data/external/actions/human_action_recognition/train/007740_dancing.jpg,Bingsu/Human_Action_Recognition,dancing,0,0,0,0,0,0,0,0,0,0,1,0,0,0,0,0,0,1,0,0
data/external/actions/human_action_recognition/train/007741_sitting.jpg,Bingsu/Human_Action_Recognition,sitting,0,1,0,0,0,0,0,0,0,0,0,0,0,0,0,0,1,0,0,0
data/external/actions/human_action_recognition/train/007742_dancing.jpg,Bingsu/Human_Action_Recognition,dancing,0,0,0,0,0,0,0,0,0,0,1,0,0,0,0,0,0,1,0,0
data/external/actions/human_action_recognition/train/007743_dancing.jpg,Bingsu/Human_Action_Recognition,dancing,0,0,0,0,0,0,0,0,0,0,1,0,0,0,0,0,0,1,0,0
data/external/actions/human_action_recognition/train/007744_sitting.jpg,Bingsu/Human_Action_Recognition,sitting,0,1,0,0,0,0,0,0,0,0,0,0,0,0,0,0,1,0,0,0
data/external/actions/human_action_recognition/train/007745_sitting.jpg,Bingsu/Human_Action_Recognition,sitting,0,1,0,0,0,0,0,0,0,0,0,0,0,0,0,0,1,0,0,0
data/external/actions/human_action_recognition/train/007746_drinking.jpg,Bingsu/Human_Action_Recognition,drinking,0,0,0,0,0,0,0,0,0,0,0,0,0,0,1,0,0,0,0,0
data/external/actions/human_action_recognition/train/007747_sleeping.jpg,Bingsu/Human_Action_Recognition,sleeping,0,0,1,0,0,0,0,0,0,0,0,0,0,0,0,0,1,0,0,0
data/external/actions/human_action_recognition/train/007748_sleeping.jpg,Bingsu/Human_Action_Recognition,sleeping,0,0,1,0,0,0,0,0,0,0,0,0,0,0,0,0,1,0,0,0
data/external/actions/human_action_recognition/train/007749_sleeping.jpg,Bingsu/Human_Action_Recognition,sleeping,0,0,1,0,0,0,0,0,0,0,0,0,0,0,0,0,1,0,0,0
data/external/actions/human_action_recognition/train/007750_eating.jpg,Bingsu/Human_Action_Recognition,eating,0,0,0,0,0,0,0,0,0,0,0,0,0,1,0,0,0,0,0,0
data/external/actions/human_action_recognition/train/007751_dancing.jpg,Bingsu/Human_Action_Recognition,dancing,0,0,0,0,0,0,0,0,0,0,1,0,0,0,0,0,0,1,0,0
data/external/actions/human_action_recognition/train/007752_cycling.jpg,Bingsu/Human_Action_Recognition,cycling,0,0,0,0,0,0,0,0,1,0,0,0,0,0,0,0,0,1,0,0
data/external/actions/human_action_recognition/train/007753_calling.jpg,Bingsu/Human_Action_Recognition,calling,1,0,0,0,0,0,0,0,0,0,0,0,0,0,0,0,1,0,0,0
data/external/actions/human_action_recognition/train/007754_sitting.jpg,Bingsu/Human_Action_Recognition,sitting,0,1,0,0,0,0,0,0,0,0,0,0,0,0,0,0,1,0,0,0
data/external/actions/human_action_recognition/train/007755_texting.jpg,Bingsu/Human_Action_Recognition,texting,0,1,0,0,0,0,0,0,0,0,0,0,0,0,0,0,1,0,0,0
data/external/actions/human_action_recognition/train/007756_listening_to_music.jpg,Bingsu/Human_Action_Recognition,listening_to_music,0,1,0,0,0,0,0,0,0,0,0,0,0,0,0,0,1,0,0,0
data/external/actions/human_action_recognition/train/007757_clapping.jpg,Bingsu/Human_Action_Recognition,clapping,0,0,0,0,1,0,0,0,0,0,0,0,0,0,0,0,0,1,0,0
data/external/actions/human_action_recognition/train/007758_sleeping.jpg,Bingsu/Human_Action_Recognition,sleeping,0,0,1,0,0,0,0,0,0,0,0,0,0,0,0,0,1,0,0,0
data/external/actions/human_action_recognition/train/007759_laughing.jpg,Bingsu/Human_Action_Recognition,laughing,1,0,0,0,0,0,0,0,0,0,0,0,0,0,0,0,1,0,0,0
data/external/actions/human_action_recognition/train/007760_hugging.jpg,Bingsu/Human_Action_Recognition,hugging,1,0,0,0,0,0,0,0,0,0,0,0,0,0,0,0,1,0,0,0
data/external/actions/human_action_recognition/train/007761_calling.jpg,Bingsu/Human_Action_Recognition,calling,1,0,0,0,0,0,0,0,0,0,0,0,0,0,0,0,1,0,0,0
data/external/actions/human_action_recognition/train/007762_cycling.jpg,Bingsu/Human_Action_Recognition,cycling,0,0,0,0,0,0,0,0,1,0,0,0,0,0,0,0,0,1,0,0
data/external/actions/human_action_recognition/train/007763_sleeping.jpg,Bingsu/Human_Action_Recognition,sleeping,0,0,1,0,0,0,0,0,0,0,0,0,0,0,0,0,1,0,0,0
data/external/actions/human_action_recognition/train/007764_hugging.jpg,Bingsu/Human_Action_Recognition,hugging,1,0,0,0,0,0,0,0,0,0,0,0,0,0,0,0,1,0,0,0
data/external/actions/human_action_recognition/train/007765_texting.jpg,Bingsu/Human_Action_Recognition,texting,0,1,0,0,0,0,0,0,0,0,0,0,0,0,0,0,1,0,0,0
data/external/actions/human_action_recognition/train/007766_sleeping.jpg,Bingsu/Human_Action_Recognition,sleeping,0,0,1,0,0,0,0,0,0,0,0,0,0,0,0,0,1,0,0,0
data/external/actions/human_action_recognition/train/007767_laughing.jpg,Bingsu/Human_Action_Recognition,laughing,1,0,0,0,0,0,0,0,0,0,0,0,0,0,0,0,1,0,0,0
data/external/actions/human_action_recognition/train/007768_listening_to_music.jpg,Bingsu/Human_Action_Recognition,listening_to_music,0,1,0,0,0,0,0,0,0,0,0,0,0,0,0,0,1,0,0,0
data/external/actions/human_action_recognition/train/007769_hugging.jpg,Bingsu/Human_Action_Recognition,hugging,1,0,0,0,0,0,0,0,0,0,0,0,0,0,0,0,1,0,0,0
data/external/actions/human_action_recognition/train/007770_clapping.jpg,Bingsu/Human_Action_Recognition,clapping,0,0,0,0,1,0,0,0,0,0,0,0,0,0,0,0,0,1,0,0
data/external/actions/human_action_recognition/train/007771_using_laptop.jpg,Bingsu/Human_Action_Recognition,using_laptop,0,1,0,0,0,0,0,0,0,0,0,0,1,0,0,0,1,0,0,0
data/external/actions/human_action_recognition/train/007772_fighting.jpg,Bingsu/Human_Action_Recognition,fighting,0,0,0,0,0,0,0,0,0,0,0,0,0,0,0,0,0,1,1,0
data/external/actions/human_action_recognition/train/007773_fighting.jpg,Bingsu/Human_Action_Recognition,fighting,0,0,0,0,0,0,0,0,0,0,0,0,0,0,0,0,0,1,1,0
data/external/actions/human_action_recognition/train/007774_eating.jpg,Bingsu/Human_Action_Recognition,eating,0,0,0,0,0,0,0,0,0,0,0,0,0,1,0,0,0,0,0,0
data/external/actions/human_action_recognition/train/007775_laughing.jpg,Bingsu/Human_Action_Recognition,laughing,1,0,0,0,0,0,0,0,0,0,0,0,0,0,0,0,1,0,0,0
data/external/actions/human_action_recognition/train/007776_eating.jpg,Bingsu/Human_Action_Recognition,eating,0,0,0,0,0,0,0,0,0,0,0,0,0,1,0,0,0,0,0,0
data/external/actions/human_action_recognition/train/007777_hugging.jpg,Bingsu/Human_Action_Recognition,hugging,1,0,0,0,0,0,0,0,0,0,0,0,0,0,0,0,1,0,0,0
data/external/actions/human_action_recognition/train/007778_fighting.jpg,Bingsu/Human_Action_Recognition,fighting,0,0,0,0,0,0,0,0,0,0,0,0,0,0,0,0,0,1,1,0
data/external/actions/human_action_recognition/train/007779_hugging.jpg,Bingsu/Human_Action_Recognition,hugging,1,0,0,0,0,0,0,0,0,0,0,0,0,0,0,0,1,0,0,0
data/external/actions/human_action_recognition/train/007780_texting.jpg,Bingsu/Human_Action_Recognition,texting,0,1,0,0,0,0,0,0,0,0,0,0,0,0,0,0,1,0,0,0
data/external/actions/human_action_recognition/train/007781_texting.jpg,Bingsu/Human_Action_Recognition,texting,0,1,0,0,0,0,0,0,0,0,0,0,0,0,0,0,1,0,0,0
data/external/actions/human_action_recognition/train/007782_drinking.jpg,Bingsu/Human_Action_Recognition,drinking,0,0,0,0,0,0,0,0,0,0,0,0,0,0,1,0,0,0,0,0
data/external/actions/human_action_recognition/train/007783_hugging.jpg,Bingsu/Human_Action_Recognition,hugging,1,0,0,0,0,0,0,0,0,0,0,0,0,0,0,0,1,0,0,0
data/external/actions/human_action_recognition/train/007784_listening_to_music.jpg,Bingsu/Human_Action_Recognition,listening_to_music,0,1,0,0,0,0,0,0,0,0,0,0,0,0,0,0,1,0,0,0
data/external/actions/human_action_recognition/train/007785_fighting.jpg,Bingsu/Human_Action_Recognition,fighting,0,0,0,0,0,0,0,0,0,0,0,0,0,0,0,0,0,1,1,0
data/external/actions/human_action_recognition/train/007786_running.jpg,Bingsu/Human_Action_Recognition,running,0,0,0,0,0,0,1,0,0,0,0,0,0,0,0,0,0,1,1,0
data/external/actions/human_action_recognition/train/007787_calling.jpg,Bingsu/Human_Action_Recognition,calling,1,0,0,0,0,0,0,0,0,0,0,0,0,0,0,0,1,0,0,0
data/external/actions/human_action_recognition/train/007788_sitting.jpg,Bingsu/Human_Action_Recognition,sitting,0,1,0,0,0,0,0,0,0,0,0,0,0,0,0,0,1,0,0,0
data/external/actions/human_action_recognition/train/007789_cycling.jpg,Bingsu/Human_Action_Recognition,cycling,0,0,0,0,0,0,0,0,1,0,0,0,0,0,0,0,0,1,0,0
data/external/actions/human_action_recognition/train/007790_listening_to_music.jpg,Bingsu/Human_Action_Recognition,listening_to_music,0,1,0,0,0,0,0,0,0,0,0,0,0,0,0,0,1,0,0,0
data/external/actions/human_action_recognition/train/007791_using_laptop.jpg,Bingsu/Human_Action_Recognition,using_laptop,0,1,0,0,0,0,0,0,0,0,0,0,1,0,0,0,1,0,0,0
data/external/actions/human_action_recognition/train/007792_running.jpg,Bingsu/Human_Action_Recognition,running,0,0,0,0,0,0,1,0,0,0,0,0,0,0,0,0,0,1,1,0
data/external/actions/human_action_recognition/train/007793_cycling.jpg,Bingsu/Human_Action_Recognition,cycling,0,0,0,0,0,0,0,0,1,0,0,0,0,0,0,0,0,1,0,0
data/external/actions/human_action_recognition/train/007794_fighting.jpg,Bingsu/Human_Action_Recognition,fighting,0,0,0,0,0,0,0,0,0,0,0,0,0,0,0,0,0,1,1,0
data/external/actions/human_action_recognition/train/007795_listening_to_music.jpg,Bingsu/Human_Action_Recognition,listening_to_music,0,1,0,0,0,0,0,0,0,0,0,0,0,0,0,0,1,0,0,0
data/external/actions/human_action_recognition/train/007796_listening_to_music.jpg,Bingsu/Human_Action_Recognition,listening_to_music,0,1,0,0,0,0,0,0,0,0,0,0,0,0,0,0,1,0,0,0
data/external/actions/human_action_recognition/train/007797_hugging.jpg,Bingsu/Human_Action_Recognition,hugging,1,0,0,0,0,0,0,0,0,0,0,0,0,0,0,0,1,0,0,0
data/external/actions/human_action_recognition/train/007798_calling.jpg,Bingsu/Human_Action_Recognition,calling,1,0,0,0,0,0,0,0,0,0,0,0,0,0,0,0,1,0,0,0
data/external/actions/human_action_recognition/train/007799_hugging.jpg,Bingsu/Human_Action_Recognition,hugging,1,0,0,0,0,0,0,0,0,0,0,0,0,0,0,0,1,0,0,0
data/external/actions/human_action_recognition/train/007800_sleeping.jpg,Bingsu/Human_Action_Recognition,sleeping,0,0,1,0,0,0,0,0,0,0,0,0,0,0,0,0,1,0,0,0
data/external/actions/human_action_recognition/train/007801_calling.jpg,Bingsu/Human_Action_Recognition,calling,1,0,0,0,0,0,0,0,0,0,0,0,0,0,0,0,1,0,0,0
data/external/actions/human_action_recognition/train/007802_fighting.jpg,Bingsu/Human_Action_Recognition,fighting,0,0,0,0,0,0,0,0,0,0,0,0,0,0,0,0,0,1,1,0
data/external/actions/human_action_recognition/train/007803_laughing.jpg,Bingsu/Human_Action_Recognition,laughing,1,0,0,0,0,0,0,0,0,0,0,0,0,0,0,0,1,0,0,0
data/external/actions/human_action_recognition/train/007804_laughing.jpg,Bingsu/Human_Action_Recognition,laughing,1,0,0,0,0,0,0,0,0,0,0,0,0,0,0,0,1,0,0,0
data/external/actions/human_action_recognition/train/007805_texting.jpg,Bingsu/Human_Action_Recognition,texting,0,1,0,0,0,0,0,0,0,0,0,0,0,0,0,0,1,0,0,0
data/external/actions/human_action_recognition/train/007806_clapping.jpg,Bingsu/Human_Action_Recognition,clapping,0,0,0,0,1,0,0,0,0,0,0,0,0,0,0,0,0,1,0,0
data/external/actions/human_action_recognition/train/007807_sleeping.jpg,Bingsu/Human_Action_Recognition,sleeping,0,0,1,0,0,0,0,0,0,0,0,0,0,0,0,0,1,0,0,0
data/external/actions/human_action_recognition/train/007808_drinking.jpg,Bingsu/Human_Action_Recognition,drinking,0,0,0,0,0,0,0,0,0,0,0,0,0,0,1,0,0,0,0,0
data/external/actions/human_action_recognition/train/007809_drinking.jpg,Bingsu/Human_Action_Recognition,drinking,0,0,0,0,0,0,0,0,0,0,0,0,0,0,1,0,0,0,0,0
data/external/actions/human_action_recognition/train/007810_sleeping.jpg,Bingsu/Human_Action_Recognition,sleeping,0,0,1,0,0,0,0,0,0,0,0,0,0,0,0,0,1,0,0,0
data/external/actions/human_action_recognition/train/007811_laughing.jpg,Bingsu/Human_Action_Recognition,laughing,1,0,0,0,0,0,0,0,0,0,0,0,0,0,0,0,1,0,0,0
data/external/actions/human_action_recognition/train/007812_fighting.jpg,Bingsu/Human_Action_Recognition,fighting,0,0,0,0,0,0,0,0,0,0,0,0,0,0,0,0,0,1,1,0
data/external/actions/human_action_recognition/train/007813_hugging.jpg,Bingsu/Human_Action_Recognition,hugging,1,0,0,0,0,0,0,0,0,0,0,0,0,0,0,0,1,0,0,0
data/external/actions/human_action_recognition/train/007814_running.jpg,Bingsu/Human_Action_Recognition,running,0,0,0,0,0,0,1,0,0,0,0,0,0,0,0,0,0,1,1,0
data/external/actions/human_action_recognition/train/007815_running.jpg,Bingsu/Human_Action_Recognition,running,0,0,0,0,0,0,1,0,0,0,0,0,0,0,0,0,0,1,1,0
data/external/actions/human_action_recognition/train/007816_calling.jpg,Bingsu/Human_Action_Recognition,calling,1,0,0,0,0,0,0,0,0,0,0,0,0,0,0,0,1,0,0,0
data/external/actions/human_action_recognition/train/007817_using_laptop.jpg,Bingsu/Human_Action_Recognition,using_laptop,0,1,0,0,0,0,0,0,0,0,0,0,1,0,0,0,1,0,0,0
data/external/actions/human_action_recognition/train/007818_running.jpg,Bingsu/Human_Action_Recognition,running,0,0,0,0,0,0,1,0,0,0,0,0,0,0,0,0,0,1,1,0
data/external/actions/human_action_recognition/train/007819_dancing.jpg,Bingsu/Human_Action_Recognition,dancing,0,0,0,0,0,0,0,0,0,0,1,0,0,0,0,0,0,1,0,0
data/external/actions/human_action_recognition/train/007820_calling.jpg,Bingsu/Human_Action_Recognition,calling,1,0,0,0,0,0,0,0,0,0,0,0,0,0,0,0,1,0,0,0
data/external/actions/human_action_recognition/train/007821_running.jpg,Bingsu/Human_Action_Recognition,running,0,0,0,0,0,0,1,0,0,0,0,0,0,0,0,0,0,1,1,0
data/external/actions/human_action_recognition/train/007822_cycling.jpg,Bingsu/Human_Action_Recognition,cycling,0,0,0,0,0,0,0,0,1,0,0,0,0,0,0,0,0,1,0,0
data/external/actions/human_action_recognition/train/007823_fighting.jpg,Bingsu/Human_Action_Recognition,fighting,0,0,0,0,0,0,0,0,0,0,0,0,0,0,0,0,0,1,1,0
data/external/actions/human_action_recognition/train/007824_hugging.jpg,Bingsu/Human_Action_Recognition,hugging,1,0,0,0,0,0,0,0,0,0,0,0,0,0,0,0,1,0,0,0
data/external/actions/human_action_recognition/train/007825_running.jpg,Bingsu/Human_Action_Recognition,running,0,0,0,0,0,0,1,0,0,0,0,0,0,0,0,0,0,1,1,0
data/external/actions/human_action_recognition/train/007826_eating.jpg,Bingsu/Human_Action_Recognition,eating,0,0,0,0,0,0,0,0,0,0,0,0,0,1,0,0,0,0,0,0
data/external/actions/human_action_recognition/train/007827_laughing.jpg,Bingsu/Human_Action_Recognition,laughing,1,0,0,0,0,0,0,0,0,0,0,0,0,0,0,0,1,0,0,0
data/external/actions/human_action_recognition/train/007828_running.jpg,Bingsu/Human_Action_Recognition,running,0,0,0,0,0,0,1,0,0,0,0,0,0,0,0,0,0,1,1,0
data/external/actions/human_action_recognition/train/007829_texting.jpg,Bingsu/Human_Action_Recognition,texting,0,1,0,0,0,0,0,0,0,0,0,0,0,0,0,0,1,0,0,0
data/external/actions/human_action_recognition/train/007830_listening_to_music.jpg,Bingsu/Human_Action_Recognition,listening_to_music,0,1,0,0,0,0,0,0,0,0,0,0,0,0,0,0,1,0,0,0
data/external/actions/human_action_recognition/train/007831_fighting.jpg,Bingsu/Human_Action_Recognition,fighting,0,0,0,0,0,0,0,0,0,0,0,0,0,0,0,0,0,1,1,0
data/external/actions/human_action_recognition/train/007832_using_laptop.jpg,Bingsu/Human_Action_Recognition,using_laptop,0,1,0,0,0,0,0,0,0,0,0,0,1,0,0,0,1,0,0,0
data/external/actions/human_action_recognition/train/007833_hugging.jpg,Bingsu/Human_Action_Recognition,hugging,1,0,0,0,0,0,0,0,0,0,0,0,0,0,0,0,1,0,0,0
data/external/actions/human_action_recognition/train/007834_cycling.jpg,Bingsu/Human_Action_Recognition,cycling,0,0,0,0,0,0,0,0,1,0,0,0,0,0,0,0,0,1,0,0
data/external/actions/human_action_recognition/train/007835_fighting.jpg,Bingsu/Human_Action_Recognition,fighting,0,0,0,0,0,0,0,0,0,0,0,0,0,0,0,0,0,1,1,0
data/external/actions/human_action_recognition/train/007836_listening_to_music.jpg,Bingsu/Human_Action_Recognition,listening_to_music,0,1,0,0,0,0,0,0,0,0,0,0,0,0,0,0,1,0,0,0
data/external/actions/human_action_recognition/train/007837_texting.jpg,Bingsu/Human_Action_Recognition,texting,0,1,0,0,0,0,0,0,0,0,0,0,0,0,0,0,1,0,0,0
data/external/actions/human_action_recognition/train/007838_using_laptop.jpg,Bingsu/Human_Action_Recognition,using_laptop,0,1,0,0,0,0,0,0,0,0,0,0,1,0,0,0,1,0,0,0
data/external/actions/human_action_recognition/train/007839_hugging.jpg,Bingsu/Human_Action_Recognition,hugging,1,0,0,0,0,0,0,0,0,0,0,0,0,0,0,0,1,0,0,0
data/external/actions/human_action_recognition/train/007840_using_laptop.jpg,Bingsu/Human_Action_Recognition,using_laptop,0,1,0,0,0,0,0,0,0,0,0,0,1,0,0,0,1,0,0,0
data/external/actions/human_action_recognition/train/007841_texting.jpg,Bingsu/Human_Action_Recognition,texting,0,1,0,0,0,0,0,0,0,0,0,0,0,0,0,0,1,0,0,0
data/external/actions/human_action_recognition/train/007842_running.jpg,Bingsu/Human_Action_Recognition,running,0,0,0,0,0,0,1,0,0,0,0,0,0,0,0,0,0,1,1,0
data/external/actions/human_action_recognition/train/007843_listening_to_music.jpg,Bingsu/Human_Action_Recognition,listening_to_music,0,1,0,0,0,0,0,0,0,0,0,0,0,0,0,0,1,0,0,0
data/external/actions/human_action_recognition/train/007844_dancing.jpg,Bingsu/Human_Action_Recognition,dancing,0,0,0,0,0,0,0,0,0,0,1,0,0,0,0,0,0,1,0,0
data/external/actions/human_action_recognition/train/007845_texting.jpg,Bingsu/Human_Action_Recognition,texting,0,1,0,0,0,0,0,0,0,0,0,0,0,0,0,0,1,0,0,0
data/external/actions/human_action_recognition/train/007846_hugging.jpg,Bingsu/Human_Action_Recognition,hugging,1,0,0,0,0,0,0,0,0,0,0,0,0,0,0,0,1,0,0,0
data/external/actions/human_action_recognition/train/007847_dancing.jpg,Bingsu/Human_Action_Recognition,dancing,0,0,0,0,0,0,0,0,0,0,1,0,0,0,0,0,0,1,0,0
data/external/actions/human_action_recognition/train/007848_calling.jpg,Bingsu/Human_Action_Recognition,calling,1,0,0,0,0,0,0,0,0,0,0,0,0,0,0,0,1,0,0,0
data/external/actions/human_action_recognition/train/007849_calling.jpg,Bingsu/Human_Action_Recognition,calling,1,0,0,0,0,0,0,0,0,0,0,0,0,0,0,0,1,0,0,0
data/external/actions/human_action_recognition/train/007850_sitting.jpg,Bingsu/Human_Action_Recognition,sitting,0,1,0,0,0,0,0,0,0,0,0,0,0,0,0,0,1,0,0,0
data/external/actions/human_action_recognition/train/007851_cycling.jpg,Bingsu/Human_Action_Recognition,cycling,0,0,0,0,0,0,0,0,1,0,0,0,0,0,0,0,0,1,0,0
data/external/actions/human_action_recognition/train/007852_running.jpg,Bingsu/Human_Action_Recognition,running,0,0,0,0,0,0,1,0,0,0,0,0,0,0,0,0,0,1,1,0
data/external/actions/human_action_recognition/train/007853_calling.jpg,Bingsu/Human_Action_Recognition,calling,1,0,0,0,0,0,0,0,0,0,0,0,0,0,0,0,1,0,0,0
data/external/actions/human_action_recognition/train/007854_laughing.jpg,Bingsu/Human_Action_Recognition,laughing,1,0,0,0,0,0,0,0,0,0,0,0,0,0,0,0,1,0,0,0
data/external/actions/human_action_recognition/train/007855_using_laptop.jpg,Bingsu/Human_Action_Recognition,using_laptop,0,1,0,0,0,0,0,0,0,0,0,0,1,0,0,0,1,0,0,0
data/external/actions/human_action_recognition/train/007856_eating.jpg,Bingsu/Human_Action_Recognition,eating,0,0,0,0,0,0,0,0,0,0,0,0,0,1,0,0,0,0,0,0
data/external/actions/human_action_recognition/train/007857_cycling.jpg,Bingsu/Human_Action_Recognition,cycling,0,0,0,0,0,0,0,0,1,0,0,0,0,0,0,0,0,1,0,0
data/external/actions/human_action_recognition/train/007858_sleeping.jpg,Bingsu/Human_Action_Recognition,sleeping,0,0,1,0,0,0,0,0,0,0,0,0,0,0,0,0,1,0,0,0
data/external/actions/human_action_recognition/train/007859_sleeping.jpg,Bingsu/Human_Action_Recognition,sleeping,0,0,1,0,0,0,0,0,0,0,0,0,0,0,0,0,1,0,0,0
data/external/actions/human_action_recognition/train/007860_hugging.jpg,Bingsu/Human_Action_Recognition,hugging,1,0,0,0,0,0,0,0,0,0,0,0,0,0,0,0,1,0,0,0
data/external/actions/human_action_recognition/train/007861_texting.jpg,Bingsu/Human_Action_Recognition,texting,0,1,0,0,0,0,0,0,0,0,0,0,0,0,0,0,1,0,0,0
data/external/actions/human_action_recognition/train/007862_using_laptop.jpg,Bingsu/Human_Action_Recognition,using_laptop,0,1,0,0,0,0,0,0,0,0,0,0,1,0,0,0,1,0,0,0
data/external/actions/human_action_recognition/train/007863_eating.jpg,Bingsu/Human_Action_Recognition,eating,0,0,0,0,0,0,0,0,0,0,0,0,0,1,0,0,0,0,0,0
data/external/actions/human_action_recognition/train/007864_using_laptop.jpg,Bingsu/Human_Action_Recognition,using_laptop,0,1,0,0,0,0,0,0,0,0,0,0,1,0,0,0,1,0,0,0
data/external/actions/human_action_recognition/train/007865_texting.jpg,Bingsu/Human_Action_Recognition,texting,0,1,0,0,0,0,0,0,0,0,0,0,0,0,0,0,1,0,0,0
data/external/actions/human_action_recognition/train/007866_sitting.jpg,Bingsu/Human_Action_Recognition,sitting,0,1,0,0,0,0,0,0,0,0,0,0,0,0,0,0,1,0,0,0
data/external/actions/human_action_recognition/train/007867_drinking.jpg,Bingsu/Human_Action_Recognition,drinking,0,0,0,0,0,0,0,0,0,0,0,0,0,0,1,0,0,0,0,0
data/external/actions/human_action_recognition/train/007868_laughing.jpg,Bingsu/Human_Action_Recognition,laughing,1,0,0,0,0,0,0,0,0,0,0,0,0,0,0,0,1,0,0,0
data/external/actions/human_action_recognition/train/007869_sleeping.jpg,Bingsu/Human_Action_Recognition,sleeping,0,0,1,0,0,0,0,0,0,0,0,0,0,0,0,0,1,0,0,0
data/external/actions/human_action_recognition/train/007870_sleeping.jpg,Bingsu/Human_Action_Recognition,sleeping,0,0,1,0,0,0,0,0,0,0,0,0,0,0,0,0,1,0,0,0
data/external/actions/human_action_recognition/train/007871_clapping.jpg,Bingsu/Human_Action_Recognition,clapping,0,0,0,0,1,0,0,0,0,0,0,0,0,0,0,0,0,1,0,0
data/external/actions/human_action_recognition/train/007872_running.jpg,Bingsu/Human_Action_Recognition,running,0,0,0,0,0,0,1,0,0,0,0,0,0,0,0,0,0,1,1,0
data/external/actions/human_action_recognition/train/007873_cycling.jpg,Bingsu/Human_Action_Recognition,cycling,0,0,0,0,0,0,0,0,1,0,0,0,0,0,0,0,0,1,0,0
data/external/actions/human_action_recognition/train/007874_calling.jpg,Bingsu/Human_Action_Recognition,calling,1,0,0,0,0,0,0,0,0,0,0,0,0,0,0,0,1,0,0,0
data/external/actions/human_action_recognition/train/007875_cycling.jpg,Bingsu/Human_Action_Recognition,cycling,0,0,0,0,0,0,0,0,1,0,0,0,0,0,0,0,0,1,0,0
data/external/actions/human_action_recognition/train/007876_laughing.jpg,Bingsu/Human_Action_Recognition,laughing,1,0,0,0,0,0,0,0,0,0,0,0,0,0,0,0,1,0,0,0
data/external/actions/human_action_recognition/train/007877_clapping.jpg,Bingsu/Human_Action_Recognition,clapping,0,0,0,0,1,0,0,0,0,0,0,0,0,0,0,0,0,1,0,0
data/external/actions/human_action_recognition/train/007878_calling.jpg,Bingsu/Human_Action_Recognition,calling,1,0,0,0,0,0,0,0,0,0,0,0,0,0,0,0,1,0,0,0
data/external/actions/human_action_recognition/train/007879_fighting.jpg,Bingsu/Human_Action_Recognition,fighting,0,0,0,0,0,0,0,0,0,0,0,0,0,0,0,0,0,1,1,0
data/external/actions/human_action_recognition/train/007880_cycling.jpg,Bingsu/Human_Action_Recognition,cycling,0,0,0,0,0,0,0,0,1,0,0,0,0,0,0,0,0,1,0,0
data/external/actions/human_action_recognition/train/007881_clapping.jpg,Bingsu/Human_Action_Recognition,clapping,0,0,0,0,1,0,0,0,0,0,0,0,0,0,0,0,0,1,0,0
data/external/actions/human_action_recognition/train/007882_cycling.jpg,Bingsu/Human_Action_Recognition,cycling,0,0,0,0,0,0,0,0,1,0,0,0,0,0,0,0,0,1,0,0
data/external/actions/human_action_recognition/train/007883_hugging.jpg,Bingsu/Human_Action_Recognition,hugging,1,0,0,0,0,0,0,0,0,0,0,0,0,0,0,0,1,0,0,0
data/external/actions/human_action_recognition/train/007884_sitting.jpg,Bingsu/Human_Action_Recognition,sitting,0,1,0,0,0,0,0,0,0,0,0,0,0,0,0,0,1,0,0,0
data/external/actions/human_action_recognition/train/007885_calling.jpg,Bingsu/Human_Action_Recognition,calling,1,0,0,0,0,0,0,0,0,0,0,0,0,0,0,0,1,0,0,0
data/external/actions/human_action_recognition/train/007886_laughing.jpg,Bingsu/Human_Action_Recognition,laughing,1,0,0,0,0,0,0,0,0,0,0,0,0,0,0,0,1,0,0,0
data/external/actions/human_action_recognition/train/007887_clapping.jpg,Bingsu/Human_Action_Recognition,clapping,0,0,0,0,1,0,0,0,0,0,0,0,0,0,0,0,0,1,0,0
data/external/actions/human_action_recognition/train/007888_drinking.jpg,Bingsu/Human_Action_Recognition,drinking,0,0,0,0,0,0,0,0,0,0,0,0,0,0,1,0,0,0,0,0
data/external/actions/human_action_recognition/train/007889_calling.jpg,Bingsu/Human_Action_Recognition,calling,1,0,0,0,0,0,0,0,0,0,0,0,0,0,0,0,1,0,0,0
data/external/actions/human_action_recognition/train/007890_sitting.jpg,Bingsu/Human_Action_Recognition,sitting,0,1,0,0,0,0,0,0,0,0,0,0,0,0,0,0,1,0,0,0
data/external/actions/human_action_recognition/train/007891_fighting.jpg,Bingsu/Human_Action_Recognition,fighting,0,0,0,0,0,0,0,0,0,0,0,0,0,0,0,0,0,1,1,0
data/external/actions/human_action_recognition/train/007892_laughing.jpg,Bingsu/Human_Action_Recognition,laughing,1,0,0,0,0,0,0,0,0,0,0,0,0,0,0,0,1,0,0,0
data/external/actions/human_action_recognition/train/007893_dancing.jpg,Bingsu/Human_Action_Recognition,dancing,0,0,0,0,0,0,0,0,0,0,1,0,0,0,0,0,0,1,0,0
data/external/actions/human_action_recognition/train/007894_sitting.jpg,Bingsu/Human_Action_Recognition,sitting,0,1,0,0,0,0,0,0,0,0,0,0,0,0,0,0,1,0,0,0
data/external/actions/human_action_recognition/train/007895_listening_to_music.jpg,Bingsu/Human_Action_Recognition,listening_to_music,0,1,0,0,0,0,0,0,0,0,0,0,0,0,0,0,1,0,0,0
data/external/actions/human_action_recognition/train/007896_sitting.jpg,Bingsu/Human_Action_Recognition,sitting,0,1,0,0,0,0,0,0,0,0,0,0,0,0,0,0,1,0,0,0
data/external/actions/human_action_recognition/train/007897_using_laptop.jpg,Bingsu/Human_Action_Recognition,using_laptop,0,1,0,0,0,0,0,0,0,0,0,0,1,0,0,0,1,0,0,0
data/external/actions/human_action_recognition/train/007898_drinking.jpg,Bingsu/Human_Action_Recognition,drinking,0,0,0,0,0,0,0,0,0,0,0,0,0,0,1,0,0,0,0,0
data/external/actions/human_action_recognition/train/007899_drinking.jpg,Bingsu/Human_Action_Recognition,drinking,0,0,0,0,0,0,0,0,0,0,0,0,0,0,1,0,0,0,0,0
data/external/actions/human_action_recognition/train/007900_using_laptop.jpg,Bingsu/Human_Action_Recognition,using_laptop,0,1,0,0,0,0,0,0,0,0,0,0,1,0,0,0,1,0,0,0
data/external/actions/human_action_recognition/train/007901_clapping.jpg,Bingsu/Human_Action_Recognition,clapping,0,0,0,0,1,0,0,0,0,0,0,0,0,0,0,0,0,1,0,0
data/external/actions/human_action_recognition/train/007902_running.jpg,Bingsu/Human_Action_Recognition,running,0,0,0,0,0,0,1,0,0,0,0,0,0,0,0,0,0,1,1,0
data/external/actions/human_action_recognition/train/007903_cycling.jpg,Bingsu/Human_Action_Recognition,cycling,0,0,0,0,0,0,0,0,1,0,0,0,0,0,0,0,0,1,0,0
data/external/actions/human_action_recognition/train/007904_running.jpg,Bingsu/Human_Action_Recognition,running,0,0,0,0,0,0,1,0,0,0,0,0,0,0,0,0,0,1,1,0
data/external/actions/human_action_recognition/train/007905_sleeping.jpg,Bingsu/Human_Action_Recognition,sleeping,0,0,1,0,0,0,0,0,0,0,0,0,0,0,0,0,1,0,0,0
data/external/actions/human_action_recognition/train/007906_running.jpg,Bingsu/Human_Action_Recognition,running,0,0,0,0,0,0,1,0,0,0,0,0,0,0,0,0,0,1,1,0
data/external/actions/human_action_recognition/train/007907_sleeping.jpg,Bingsu/Human_Action_Recognition,sleeping,0,0,1,0,0,0,0,0,0,0,0,0,0,0,0,0,1,0,0,0
data/external/actions/human_action_recognition/train/007908_running.jpg,Bingsu/Human_Action_Recognition,running,0,0,0,0,0,0,1,0,0,0,0,0,0,0,0,0,0,1,1,0
data/external/actions/human_action_recognition/train/007909_listening_to_music.jpg,Bingsu/Human_Action_Recognition,listening_to_music,0,1,0,0,0,0,0,0,0,0,0,0,0,0,0,0,1,0,0,0
data/external/actions/human_action_recognition/train/007910_using_laptop.jpg,Bingsu/Human_Action_Recognition,using_laptop,0,1,0,0,0,0,0,0,0,0,0,0,1,0,0,0,1,0,0,0
data/external/actions/human_action_recognition/train/007911_texting.jpg,Bingsu/Human_Action_Recognition,texting,0,1,0,0,0,0,0,0,0,0,0,0,0,0,0,0,1,0,0,0
data/external/actions/human_action_recognition/train/007912_texting.jpg,Bingsu/Human_Action_Recognition,texting,0,1,0,0,0,0,0,0,0,0,0,0,0,0,0,0,1,0,0,0
data/external/actions/human_action_recognition/train/007913_running.jpg,Bingsu/Human_Action_Recognition,running,0,0,0,0,0,0,1,0,0,0,0,0,0,0,0,0,0,1,1,0
data/external/actions/human_action_recognition/train/007914_hugging.jpg,Bingsu/Human_Action_Recognition,hugging,1,0,0,0,0,0,0,0,0,0,0,0,0,0,0,0,1,0,0,0
data/external/actions/human_action_recognition/train/007915_dancing.jpg,Bingsu/Human_Action_Recognition,dancing,0,0,0,0,0,0,0,0,0,0,1,0,0,0,0,0,0,1,0,0
data/external/actions/human_action_recognition/train/007916_sleeping.jpg,Bingsu/Human_Action_Recognition,sleeping,0,0,1,0,0,0,0,0,0,0,0,0,0,0,0,0,1,0,0,0
data/external/actions/human_action_recognition/train/007917_drinking.jpg,Bingsu/Human_Action_Recognition,drinking,0,0,0,0,0,0,0,0,0,0,0,0,0,0,1,0,0,0,0,0
data/external/actions/human_action_recognition/train/007918_sitting.jpg,Bingsu/Human_Action_Recognition,sitting,0,1,0,0,0,0,0,0,0,0,0,0,0,0,0,0,1,0,0,0
data/external/actions/human_action_recognition/train/007919_fighting.jpg,Bingsu/Human_Action_Recognition,fighting,0,0,0,0,0,0,0,0,0,0,0,0,0,0,0,0,0,1,1,0
data/external/actions/human_action_recognition/train/007920_sleeping.jpg,Bingsu/Human_Action_Recognition,sleeping,0,0,1,0,0,0,0,0,0,0,0,0,0,0,0,0,1,0,0,0
data/external/actions/human_action_recognition/train/007921_calling.jpg,Bingsu/Human_Action_Recognition,calling,1,0,0,0,0,0,0,0,0,0,0,0,0,0,0,0,1,0,0,0
data/external/actions/human_action_recognition/train/007922_eating.jpg,Bingsu/Human_Action_Recognition,eating,0,0,0,0,0,0,0,0,0,0,0,0,0,1,0,0,0,0,0,0
data/external/actions/human_action_recognition/train/007923_sitting.jpg,Bingsu/Human_Action_Recognition,sitting,0,1,0,0,0,0,0,0,0,0,0,0,0,0,0,0,1,0,0,0
data/external/actions/human_action_recognition/train/007924_drinking.jpg,Bingsu/Human_Action_Recognition,drinking,0,0,0,0,0,0,0,0,0,0,0,0,0,0,1,0,0,0,0,0
data/external/actions/human_action_recognition/train/007925_calling.jpg,Bingsu/Human_Action_Recognition,calling,1,0,0,0,0,0,0,0,0,0,0,0,0,0,0,0,1,0,0,0
data/external/actions/human_action_recognition/train/007926_hugging.jpg,Bingsu/Human_Action_Recognition,hugging,1,0,0,0,0,0,0,0,0,0,0,0,0,0,0,0,1,0,0,0
data/external/actions/human_action_recognition/train/007927_clapping.jpg,Bingsu/Human_Action_Recognition,clapping,0,0,0,0,1,0,0,0,0,0,0,0,0,0,0,0,0,1,0,0
data/external/actions/human_action_recognition/train/007928_dancing.jpg,Bingsu/Human_Action_Recognition,dancing,0,0,0,0,0,0,0,0,0,0,1,0,0,0,0,0,0,1,0,0
data/external/actions/human_action_recognition/train/007929_texting.jpg,Bingsu/Human_Action_Recognition,texting,0,1,0,0,0,0,0,0,0,0,0,0,0,0,0,0,1,0,0,0
data/external/actions/human_action_recognition/train/007930_using_laptop.jpg,Bingsu/Human_Action_Recognition,using_laptop,0,1,0,0,0,0,0,0,0,0,0,0,1,0,0,0,1,0,0,0
data/external/actions/human_action_recognition/train/007931_cycling.jpg,Bingsu/Human_Action_Recognition,cycling,0,0,0,0,0,0,0,0,1,0,0,0,0,0,0,0,0,1,0,0
data/external/actions/human_action_recognition/train/007932_using_laptop.jpg,Bingsu/Human_Action_Recognition,using_laptop,0,1,0,0,0,0,0,0,0,0,0,0,1,0,0,0,1,0,0,0
data/external/actions/human_action_recognition/train/007933_texting.jpg,Bingsu/Human_Action_Recognition,texting,0,1,0,0,0,0,0,0,0,0,0,0,0,0,0,0,1,0,0,0
data/external/actions/human_action_recognition/train/007934_hugging.jpg,Bingsu/Human_Action_Recognition,hugging,1,0,0,0,0,0,0,0,0,0,0,0,0,0,0,0,1,0,0,0
data/external/actions/human_action_recognition/train/007935_listening_to_music.jpg,Bingsu/Human_Action_Recognition,listening_to_music,0,1,0,0,0,0,0,0,0,0,0,0,0,0,0,0,1,0,0,0
data/external/actions/human_action_recognition/train/007936_listening_to_music.jpg,Bingsu/Human_Action_Recognition,listening_to_music,0,1,0,0,0,0,0,0,0,0,0,0,0,0,0,0,1,0,0,0
data/external/actions/human_action_recognition/train/007937_eating.jpg,Bingsu/Human_Action_Recognition,eating,0,0,0,0,0,0,0,0,0,0,0,0,0,1,0,0,0,0,0,0
data/external/actions/human_action_recognition/train/007938_eating.jpg,Bingsu/Human_Action_Recognition,eating,0,0,0,0,0,0,0,0,0,0,0,0,0,1,0,0,0,0,0,0
data/external/actions/human_action_recognition/train/007939_fighting.jpg,Bingsu/Human_Action_Recognition,fighting,0,0,0,0,0,0,0,0,0,0,0,0,0,0,0,0,0,1,1,0
data/external/actions/human_action_recognition/train/007940_hugging.jpg,Bingsu/Human_Action_Recognition,hugging,1,0,0,0,0,0,0,0,0,0,0,0,0,0,0,0,1,0,0,0
data/external/actions/human_action_recognition/train/007941_running.jpg,Bingsu/Human_Action_Recognition,running,0,0,0,0,0,0,1,0,0,0,0,0,0,0,0,0,0,1,1,0
data/external/actions/human_action_recognition/train/007942_dancing.jpg,Bingsu/Human_Action_Recognition,dancing,0,0,0,0,0,0,0,0,0,0,1,0,0,0,0,0,0,1,0,0
data/external/actions/human_action_recognition/train/007943_eating.jpg,Bingsu/Human_Action_Recognition,eating,0,0,0,0,0,0,0,0,0,0,0,0,0,1,0,0,0,0,0,0
data/external/actions/human_action_recognition/train/007944_dancing.jpg,Bingsu/Human_Action_Recognition,dancing,0,0,0,0,0,0,0,0,0,0,1,0,0,0,0,0,0,1,0,0
data/external/actions/human_action_recognition/train/007945_laughing.jpg,Bingsu/Human_Action_Recognition,laughing,1,0,0,0,0,0,0,0,0,0,0,0,0,0,0,0,1,0,0,0
data/external/actions/human_action_recognition/train/007946_laughing.jpg,Bingsu/Human_Action_Recognition,laughing,1,0,0,0,0,0,0,0,0,0,0,0,0,0,0,0,1,0,0,0
data/external/actions/human_action_recognition/train/007947_using_laptop.jpg,Bingsu/Human_Action_Recognition,using_laptop,0,1,0,0,0,0,0,0,0,0,0,0,1,0,0,0,1,0,0,0
data/external/actions/human_action_recognition/train/007948_dancing.jpg,Bingsu/Human_Action_Recognition,dancing,0,0,0,0,0,0,0,0,0,0,1,0,0,0,0,0,0,1,0,0
data/external/actions/human_action_recognition/train/007949_fighting.jpg,Bingsu/Human_Action_Recognition,fighting,0,0,0,0,0,0,0,0,0,0,0,0,0,0,0,0,0,1,1,0
data/external/actions/human_action_recognition/train/007950_sitting.jpg,Bingsu/Human_Action_Recognition,sitting,0,1,0,0,0,0,0,0,0,0,0,0,0,0,0,0,1,0,0,0
data/external/actions/human_action_recognition/train/007951_sleeping.jpg,Bingsu/Human_Action_Recognition,sleeping,0,0,1,0,0,0,0,0,0,0,0,0,0,0,0,0,1,0,0,0
data/external/actions/human_action_recognition/train/007952_laughing.jpg,Bingsu/Human_Action_Recognition,laughing,1,0,0,0,0,0,0,0,0,0,0,0,0,0,0,0,1,0,0,0
data/external/actions/human_action_recognition/train/007953_eating.jpg,Bingsu/Human_Action_Recognition,eating,0,0,0,0,0,0,0,0,0,0,0,0,0,1,0,0,0,0,0,0
data/external/actions/human_action_recognition/train/007954_eating.jpg,Bingsu/Human_Action_Recognition,eating,0,0,0,0,0,0,0,0,0,0,0,0,0,1,0,0,0,0,0,0
data/external/actions/human_action_recognition/train/007955_cycling.jpg,Bingsu/Human_Action_Recognition,cycling,0,0,0,0,0,0,0,0,1,0,0,0,0,0,0,0,0,1,0,0
data/external/actions/human_action_recognition/train/007956_eating.jpg,Bingsu/Human_Action_Recognition,eating,0,0,0,0,0,0,0,0,0,0,0,0,0,1,0,0,0,0,0,0
data/external/actions/human_action_recognition/train/007957_texting.jpg,Bingsu/Human_Action_Recognition,texting,0,1,0,0,0,0,0,0,0,0,0,0,0,0,0,0,1,0,0,0
data/external/actions/human_action_recognition/train/007958_clapping.jpg,Bingsu/Human_Action_Recognition,clapping,0,0,0,0,1,0,0,0,0,0,0,0,0,0,0,0,0,1,0,0
data/external/actions/human_action_recognition/train/007959_texting.jpg,Bingsu/Human_Action_Recognition,texting,0,1,0,0,0,0,0,0,0,0,0,0,0,0,0,0,1,0,0,0
data/external/actions/human_action_recognition/train/007960_drinking.jpg,Bingsu/Human_Action_Recognition,drinking,0,0,0,0,0,0,0,0,0,0,0,0,0,0,1,0,0,0,0,0
data/external/actions/human_action_recognition/train/007961_listening_to_music.jpg,Bingsu/Human_Action_Recognition,listening_to_music,0,1,0,0,0,0,0,0,0,0,0,0,0,0,0,0,1,0,0,0
data/external/actions/human_action_recognition/train/007962_hugging.jpg,Bingsu/Human_Action_Recognition,hugging,1,0,0,0,0,0,0,0,0,0,0,0,0,0,0,0,1,0,0,0
data/external/actions/human_action_recognition/train/007963_clapping.jpg,Bingsu/Human_Action_Recognition,clapping,0,0,0,0,1,0,0,0,0,0,0,0,0,0,0,0,0,1,0,0
data/external/actions/human_action_recognition/train/007964_sleeping.jpg,Bingsu/Human_Action_Recognition,sleeping,0,0,1,0,0,0,0,0,0,0,0,0,0,0,0,0,1,0,0,0
data/external/actions/human_action_recognition/train/007965_running.jpg,Bingsu/Human_Action_Recognition,running,0,0,0,0,0,0,1,0,0,0,0,0,0,0,0,0,0,1,1,0
data/external/actions/human_action_recognition/train/007966_eating.jpg,Bingsu/Human_Action_Recognition,eating,0,0,0,0,0,0,0,0,0,0,0,0,0,1,0,0,0,0,0,0
data/external/actions/human_action_recognition/train/007967_hugging.jpg,Bingsu/Human_Action_Recognition,hugging,1,0,0,0,0,0,0,0,0,0,0,0,0,0,0,0,1,0,0,0
data/external/actions/human_action_recognition/train/007968_sleeping.jpg,Bingsu/Human_Action_Recognition,sleeping,0,0,1,0,0,0,0,0,0,0,0,0,0,0,0,0,1,0,0,0
data/external/actions/human_action_recognition/train/007969_eating.jpg,Bingsu/Human_Action_Recognition,eating,0,0,0,0,0,0,0,0,0,0,0,0,0,1,0,0,0,0,0,0
data/external/actions/human_action_recognition/train/007970_cycling.jpg,Bingsu/Human_Action_Recognition,cycling,0,0,0,0,0,0,0,0,1,0,0,0,0,0,0,0,0,1,0,0
data/external/actions/human_action_recognition/train/007971_hugging.jpg,Bingsu/Human_Action_Recognition,hugging,1,0,0,0,0,0,0,0,0,0,0,0,0,0,0,0,1,0,0,0
data/external/actions/human_action_recognition/train/007972_calling.jpg,Bingsu/Human_Action_Recognition,calling,1,0,0,0,0,0,0,0,0,0,0,0,0,0,0,0,1,0,0,0
data/external/actions/human_action_recognition/train/007973_dancing.jpg,Bingsu/Human_Action_Recognition,dancing,0,0,0,0,0,0,0,0,0,0,1,0,0,0,0,0,0,1,0,0
data/external/actions/human_action_recognition/train/007974_sleeping.jpg,Bingsu/Human_Action_Recognition,sleeping,0,0,1,0,0,0,0,0,0,0,0,0,0,0,0,0,1,0,0,0
data/external/actions/human_action_recognition/train/007975_texting.jpg,Bingsu/Human_Action_Recognition,texting,0,1,0,0,0,0,0,0,0,0,0,0,0,0,0,0,1,0,0,0
data/external/actions/human_action_recognition/train/007976_eating.jpg,Bingsu/Human_Action_Recognition,eating,0,0,0,0,0,0,0,0,0,0,0,0,0,1,0,0,0,0,0,0
data/external/actions/human_action_recognition/train/007977_hugging.jpg,Bingsu/Human_Action_Recognition,hugging,1,0,0,0,0,0,0,0,0,0,0,0,0,0,0,0,1,0,0,0
data/external/actions/human_action_recognition/train/007978_dancing.jpg,Bingsu/Human_Action_Recognition,dancing,0,0,0,0,0,0,0,0,0,0,1,0,0,0,0,0,0,1,0,0
data/external/actions/human_action_recognition/train/007979_fighting.jpg,Bingsu/Human_Action_Recognition,fighting,0,0,0,0,0,0,0,0,0,0,0,0,0,0,0,0,0,1,1,0
data/external/actions/human_action_recognition/train/007980_running.jpg,Bingsu/Human_Action_Recognition,running,0,0,0,0,0,0,1,0,0,0,0,0,0,0,0,0,0,1,1,0
data/external/actions/human_action_recognition/train/007981_texting.jpg,Bingsu/Human_Action_Recognition,texting,0,1,0,0,0,0,0,0,0,0,0,0,0,0,0,0,1,0,0,0
data/external/actions/human_action_recognition/train/007982_sleeping.jpg,Bingsu/Human_Action_Recognition,sleeping,0,0,1,0,0,0,0,0,0,0,0,0,0,0,0,0,1,0,0,0
data/external/actions/human_action_recognition/train/007983_fighting.jpg,Bingsu/Human_Action_Recognition,fighting,0,0,0,0,0,0,0,0,0,0,0,0,0,0,0,0,0,1,1,0
data/external/actions/human_action_recognition/train/007984_drinking.jpg,Bingsu/Human_Action_Recognition,drinking,0,0,0,0,0,0,0,0,0,0,0,0,0,0,1,0,0,0,0,0
data/external/actions/human_action_recognition/train/007985_cycling.jpg,Bingsu/Human_Action_Recognition,cycling,0,0,0,0,0,0,0,0,1,0,0,0,0,0,0,0,0,1,0,0
data/external/actions/human_action_recognition/train/007986_fighting.jpg,Bingsu/Human_Action_Recognition,fighting,0,0,0,0,0,0,0,0,0,0,0,0,0,0,0,0,0,1,1,0
data/external/actions/human_action_recognition/train/007987_listening_to_music.jpg,Bingsu/Human_Action_Recognition,listening_to_music,0,1,0,0,0,0,0,0,0,0,0,0,0,0,0,0,1,0,0,0
data/external/actions/human_action_recognition/train/007988_texting.jpg,Bingsu/Human_Action_Recognition,texting,0,1,0,0,0,0,0,0,0,0,0,0,0,0,0,0,1,0,0,0
data/external/actions/human_action_recognition/train/007989_laughing.jpg,Bingsu/Human_Action_Recognition,laughing,1,0,0,0,0,0,0,0,0,0,0,0,0,0,0,0,1,0,0,0
data/external/actions/human_action_recognition/train/007990_hugging.jpg,Bingsu/Human_Action_Recognition,hugging,1,0,0,0,0,0,0,0,0,0,0,0,0,0,0,0,1,0,0,0
data/external/actions/human_action_recognition/train/007991_drinking.jpg,Bingsu/Human_Action_Recognition,drinking,0,0,0,0,0,0,0,0,0,0,0,0,0,0,1,0,0,0,0,0
data/external/actions/human_action_recognition/train/007992_listening_to_music.jpg,Bingsu/Human_Action_Recognition,listening_to_music,0,1,0,0,0,0,0,0,0,0,0,0,0,0,0,0,1,0,0,0
data/external/actions/human_action_recognition/train/007993_cycling.jpg,Bingsu/Human_Action_Recognition,cycling,0,0,0,0,0,0,0,0,1,0,0,0,0,0,0,0,0,1,0,0
data/external/actions/human_action_recognition/train/007994_eating.jpg,Bingsu/Human_Action_Recognition,eating,0,0,0,0,0,0,0,0,0,0,0,0,0,1,0,0,0,0,0,0
data/external/actions/human_action_recognition/train/007995_sleeping.jpg,Bingsu/Human_Action_Recognition,sleeping,0,0,1,0,0,0,0,0,0,0,0,0,0,0,0,0,1,0,0,0
data/external/actions/human_action_recognition/train/007996_dancing.jpg,Bingsu/Human_Action_Recognition,dancing,0,0,0,0,0,0,0,0,0,0,1,0,0,0,0,0,0,1,0,0
data/external/actions/human_action_recognition/train/007997_dancing.jpg,Bingsu/Human_Action_Recognition,dancing,0,0,0,0,0,0,0,0,0,0,1,0,0,0,0,0,0,1,0,0
data/external/actions/human_action_recognition/train/007998_drinking.jpg,Bingsu/Human_Action_Recognition,drinking,0,0,0,0,0,0,0,0,0,0,0,0,0,0,1,0,0,0,0,0
data/external/actions/human_action_recognition/train/007999_dancing.jpg,Bingsu/Human_Action_Recognition,dancing,0,0,0,0,0,0,0,0,0,0,1,0,0,0,0,0,0,1,0,0
data/external/actions/human_action_recognition/train/008000_fighting.jpg,Bingsu/Human_Action_Recognition,fighting,0,0,0,0,0,0,0,0,0,0,0,0,0,0,0,0,0,1,1,0
data/external/actions/human_action_recognition/train/008001_cycling.jpg,Bingsu/Human_Action_Recognition,cycling,0,0,0,0,0,0,0,0,1,0,0,0,0,0,0,0,0,1,0,0
data/external/actions/human_action_recognition/train/008002_using_laptop.jpg,Bingsu/Human_Action_Recognition,using_laptop,0,1,0,0,0,0,0,0,0,0,0,0,1,0,0,0,1,0,0,0
data/external/actions/human_action_recognition/train/008003_using_laptop.jpg,Bingsu/Human_Action_Recognition,using_laptop,0,1,0,0,0,0,0,0,0,0,0,0,1,0,0,0,1,0,0,0
data/external/actions/human_action_recognition/train/008004_using_laptop.jpg,Bingsu/Human_Action_Recognition,using_laptop,0,1,0,0,0,0,0,0,0,0,0,0,1,0,0,0,1,0,0,0
data/external/actions/human_action_recognition/train/008005_running.jpg,Bingsu/Human_Action_Recognition,running,0,0,0,0,0,0,1,0,0,0,0,0,0,0,0,0,0,1,1,0
data/external/actions/human_action_recognition/train/008006_laughing.jpg,Bingsu/Human_Action_Recognition,laughing,1,0,0,0,0,0,0,0,0,0,0,0,0,0,0,0,1,0,0,0
data/external/actions/human_action_recognition/train/008007_listening_to_music.jpg,Bingsu/Human_Action_Recognition,listening_to_music,0,1,0,0,0,0,0,0,0,0,0,0,0,0,0,0,1,0,0,0
data/external/actions/human_action_recognition/train/008008_sleeping.jpg,Bingsu/Human_Action_Recognition,sleeping,0,0,1,0,0,0,0,0,0,0,0,0,0,0,0,0,1,0,0,0
data/external/actions/human_action_recognition/train/008009_running.jpg,Bingsu/Human_Action_Recognition,running,0,0,0,0,0,0,1,0,0,0,0,0,0,0,0,0,0,1,1,0
data/external/actions/human_action_recognition/train/008010_drinking.jpg,Bingsu/Human_Action_Recognition,drinking,0,0,0,0,0,0,0,0,0,0,0,0,0,0,1,0,0,0,0,0
data/external/actions/human_action_recognition/train/008011_drinking.jpg,Bingsu/Human_Action_Recognition,drinking,0,0,0,0,0,0,0,0,0,0,0,0,0,0,1,0,0,0,0,0
data/external/actions/human_action_recognition/train/008012_sitting.jpg,Bingsu/Human_Action_Recognition,sitting,0,1,0,0,0,0,0,0,0,0,0,0,0,0,0,0,1,0,0,0
data/external/actions/human_action_recognition/train/008013_dancing.jpg,Bingsu/Human_Action_Recognition,dancing,0,0,0,0,0,0,0,0,0,0,1,0,0,0,0,0,0,1,0,0
data/external/actions/human_action_recognition/train/008014_clapping.jpg,Bingsu/Human_Action_Recognition,clapping,0,0,0,0,1,0,0,0,0,0,0,0,0,0,0,0,0,1,0,0
data/external/actions/human_action_recognition/train/008015_sitting.jpg,Bingsu/Human_Action_Recognition,sitting,0,1,0,0,0,0,0,0,0,0,0,0,0,0,0,0,1,0,0,0
data/external/actions/human_action_recognition/train/008016_listening_to_music.jpg,Bingsu/Human_Action_Recognition,listening_to_music,0,1,0,0,0,0,0,0,0,0,0,0,0,0,0,0,1,0,0,0
data/external/actions/human_action_recognition/train/008017_running.jpg,Bingsu/Human_Action_Recognition,running,0,0,0,0,0,0,1,0,0,0,0,0,0,0,0,0,0,1,1,0
data/external/actions/human_action_recognition/train/008018_hugging.jpg,Bingsu/Human_Action_Recognition,hugging,1,0,0,0,0,0,0,0,0,0,0,0,0,0,0,0,1,0,0,0
data/external/actions/human_action_recognition/train/008019_dancing.jpg,Bingsu/Human_Action_Recognition,dancing,0,0,0,0,0,0,0,0,0,0,1,0,0,0,0,0,0,1,0,0
data/external/actions/human_action_recognition/train/008020_running.jpg,Bingsu/Human_Action_Recognition,running,0,0,0,0,0,0,1,0,0,0,0,0,0,0,0,0,0,1,1,0
data/external/actions/human_action_recognition/train/008021_cycling.jpg,Bingsu/Human_Action_Recognition,cycling,0,0,0,0,0,0,0,0,1,0,0,0,0,0,0,0,0,1,0,0
data/external/actions/human_action_recognition/train/008022_laughing.jpg,Bingsu/Human_Action_Recognition,laughing,1,0,0,0,0,0,0,0,0,0,0,0,0,0,0,0,1,0,0,0
data/external/actions/human_action_recognition/train/008023_listening_to_music.jpg,Bingsu/Human_Action_Recognition,listening_to_music,0,1,0,0,0,0,0,0,0,0,0,0,0,0,0,0,1,0,0,0
data/external/actions/human_action_recognition/train/008024_hugging.jpg,Bingsu/Human_Action_Recognition,hugging,1,0,0,0,0,0,0,0,0,0,0,0,0,0,0,0,1,0,0,0
data/external/actions/human_action_recognition/train/008025_sleeping.jpg,Bingsu/Human_Action_Recognition,sleeping,0,0,1,0,0,0,0,0,0,0,0,0,0,0,0,0,1,0,0,0
data/external/actions/human_action_recognition/train/008026_using_laptop.jpg,Bingsu/Human_Action_Recognition,using_laptop,0,1,0,0,0,0,0,0,0,0,0,0,1,0,0,0,1,0,0,0
data/external/actions/human_action_recognition/train/008027_fighting.jpg,Bingsu/Human_Action_Recognition,fighting,0,0,0,0,0,0,0,0,0,0,0,0,0,0,0,0,0,1,1,0
data/external/actions/human_action_recognition/train/008028_running.jpg,Bingsu/Human_Action_Recognition,running,0,0,0,0,0,0,1,0,0,0,0,0,0,0,0,0,0,1,1,0
data/external/actions/human_action_recognition/train/008029_calling.jpg,Bingsu/Human_Action_Recognition,calling,1,0,0,0,0,0,0,0,0,0,0,0,0,0,0,0,1,0,0,0
data/external/actions/human_action_recognition/train/008030_sitting.jpg,Bingsu/Human_Action_Recognition,sitting,0,1,0,0,0,0,0,0,0,0,0,0,0,0,0,0,1,0,0,0
data/external/actions/human_action_recognition/train/008031_fighting.jpg,Bingsu/Human_Action_Recognition,fighting,0,0,0,0,0,0,0,0,0,0,0,0,0,0,0,0,0,1,1,0
data/external/actions/human_action_recognition/train/008032_using_laptop.jpg,Bingsu/Human_Action_Recognition,using_laptop,0,1,0,0,0,0,0,0,0,0,0,0,1,0,0,0,1,0,0,0
data/external/actions/human_action_recognition/train/008033_hugging.jpg,Bingsu/Human_Action_Recognition,hugging,1,0,0,0,0,0,0,0,0,0,0,0,0,0,0,0,1,0,0,0
data/external/actions/human_action_recognition/train/008034_clapping.jpg,Bingsu/Human_Action_Recognition,clapping,0,0,0,0,1,0,0,0,0,0,0,0,0,0,0,0,0,1,0,0
data/external/actions/human_action_recognition/train/008035_sleeping.jpg,Bingsu/Human_Action_Recognition,sleeping,0,0,1,0,0,0,0,0,0,0,0,0,0,0,0,0,1,0,0,0
data/external/actions/human_action_recognition/train/008036_clapping.jpg,Bingsu/Human_Action_Recognition,clapping,0,0,0,0,1,0,0,0,0,0,0,0,0,0,0,0,0,1,0,0
data/external/actions/human_action_recognition/train/008037_laughing.jpg,Bingsu/Human_Action_Recognition,laughing,1,0,0,0,0,0,0,0,0,0,0,0,0,0,0,0,1,0,0,0
data/external/actions/human_action_recognition/train/008038_listening_to_music.jpg,Bingsu/Human_Action_Recognition,listening_to_music,0,1,0,0,0,0,0,0,0,0,0,0,0,0,0,0,1,0,0,0
data/external/actions/human_action_recognition/train/008039_using_laptop.jpg,Bingsu/Human_Action_Recognition,using_laptop,0,1,0,0,0,0,0,0,0,0,0,0,1,0,0,0,1,0,0,0
data/external/actions/human_action_recognition/train/008040_hugging.jpg,Bingsu/Human_Action_Recognition,hugging,1,0,0,0,0,0,0,0,0,0,0,0,0,0,0,0,1,0,0,0
data/external/actions/human_action_recognition/train/008041_fighting.jpg,Bingsu/Human_Action_Recognition,fighting,0,0,0,0,0,0,0,0,0,0,0,0,0,0,0,0,0,1,1,0
data/external/actions/human_action_recognition/train/008042_hugging.jpg,Bingsu/Human_Action_Recognition,hugging,1,0,0,0,0,0,0,0,0,0,0,0,0,0,0,0,1,0,0,0
data/external/actions/human_action_recognition/train/008043_listening_to_music.jpg,Bingsu/Human_Action_Recognition,listening_to_music,0,1,0,0,0,0,0,0,0,0,0,0,0,0,0,0,1,0,0,0
data/external/actions/human_action_recognition/train/008044_dancing.jpg,Bingsu/Human_Action_Recognition,dancing,0,0,0,0,0,0,0,0,0,0,1,0,0,0,0,0,0,1,0,0
data/external/actions/human_action_recognition/train/008045_running.jpg,Bingsu/Human_Action_Recognition,running,0,0,0,0,0,0,1,0,0,0,0,0,0,0,0,0,0,1,1,0
data/external/actions/human_action_recognition/train/008046_listening_to_music.jpg,Bingsu/Human_Action_Recognition,listening_to_music,0,1,0,0,0,0,0,0,0,0,0,0,0,0,0,0,1,0,0,0
data/external/actions/human_action_recognition/train/008047_dancing.jpg,Bingsu/Human_Action_Recognition,dancing,0,0,0,0,0,0,0,0,0,0,1,0,0,0,0,0,0,1,0,0
data/external/actions/human_action_recognition/train/008048_sleeping.jpg,Bingsu/Human_Action_Recognition,sleeping,0,0,1,0,0,0,0,0,0,0,0,0,0,0,0,0,1,0,0,0
data/external/actions/human_action_recognition/train/008049_listening_to_music.jpg,Bingsu/Human_Action_Recognition,listening_to_music,0,1,0,0,0,0,0,0,0,0,0,0,0,0,0,0,1,0,0,0
data/external/actions/human_action_recognition/train/008050_hugging.jpg,Bingsu/Human_Action_Recognition,hugging,1,0,0,0,0,0,0,0,0,0,0,0,0,0,0,0,1,0,0,0
data/external/actions/human_action_recognition/train/008051_laughing.jpg,Bingsu/Human_Action_Recognition,laughing,1,0,0,0,0,0,0,0,0,0,0,0,0,0,0,0,1,0,0,0
data/external/actions/human_action_recognition/train/008052_eating.jpg,Bingsu/Human_Action_Recognition,eating,0,0,0,0,0,0,0,0,0,0,0,0,0,1,0,0,0,0,0,0
data/external/actions/human_action_recognition/train/008053_dancing.jpg,Bingsu/Human_Action_Recognition,dancing,0,0,0,0,0,0,0,0,0,0,1,0,0,0,0,0,0,1,0,0
data/external/actions/human_action_recognition/train/008054_laughing.jpg,Bingsu/Human_Action_Recognition,laughing,1,0,0,0,0,0,0,0,0,0,0,0,0,0,0,0,1,0,0,0
data/external/actions/human_action_recognition/train/008055_laughing.jpg,Bingsu/Human_Action_Recognition,laughing,1,0,0,0,0,0,0,0,0,0,0,0,0,0,0,0,1,0,0,0
data/external/actions/human_action_recognition/train/008056_cycling.jpg,Bingsu/Human_Action_Recognition,cycling,0,0,0,0,0,0,0,0,1,0,0,0,0,0,0,0,0,1,0,0
data/external/actions/human_action_recognition/train/008057_calling.jpg,Bingsu/Human_Action_Recognition,calling,1,0,0,0,0,0,0,0,0,0,0,0,0,0,0,0,1,0,0,0
data/external/actions/human_action_recognition/train/008058_hugging.jpg,Bingsu/Human_Action_Recognition,hugging,1,0,0,0,0,0,0,0,0,0,0,0,0,0,0,0,1,0,0,0
data/external/actions/human_action_recognition/train/008059_drinking.jpg,Bingsu/Human_Action_Recognition,drinking,0,0,0,0,0,0,0,0,0,0,0,0,0,0,1,0,0,0,0,0
data/external/actions/human_action_recognition/train/008060_dancing.jpg,Bingsu/Human_Action_Recognition,dancing,0,0,0,0,0,0,0,0,0,0,1,0,0,0,0,0,0,1,0,0
data/external/actions/human_action_recognition/train/008061_clapping.jpg,Bingsu/Human_Action_Recognition,clapping,0,0,0,0,1,0,0,0,0,0,0,0,0,0,0,0,0,1,0,0
data/external/actions/human_action_recognition/train/008062_fighting.jpg,Bingsu/Human_Action_Recognition,fighting,0,0,0,0,0,0,0,0,0,0,0,0,0,0,0,0,0,1,1,0
data/external/actions/human_action_recognition/train/008063_texting.jpg,Bingsu/Human_Action_Recognition,texting,0,1,0,0,0,0,0,0,0,0,0,0,0,0,0,0,1,0,0,0
data/external/actions/human_action_recognition/train/008064_running.jpg,Bingsu/Human_Action_Recognition,running,0,0,0,0,0,0,1,0,0,0,0,0,0,0,0,0,0,1,1,0
data/external/actions/human_action_recognition/train/008065_drinking.jpg,Bingsu/Human_Action_Recognition,drinking,0,0,0,0,0,0,0,0,0,0,0,0,0,0,1,0,0,0,0,0
data/external/actions/human_action_recognition/train/008066_drinking.jpg,Bingsu/Human_Action_Recognition,drinking,0,0,0,0,0,0,0,0,0,0,0,0,0,0,1,0,0,0,0,0
data/external/actions/human_action_recognition/train/008067_fighting.jpg,Bingsu/Human_Action_Recognition,fighting,0,0,0,0,0,0,0,0,0,0,0,0,0,0,0,0,0,1,1,0
data/external/actions/human_action_recognition/train/008068_hugging.jpg,Bingsu/Human_Action_Recognition,hugging,1,0,0,0,0,0,0,0,0,0,0,0,0,0,0,0,1,0,0,0
data/external/actions/human_action_recognition/train/008069_clapping.jpg,Bingsu/Human_Action_Recognition,clapping,0,0,0,0,1,0,0,0,0,0,0,0,0,0,0,0,0,1,0,0
data/external/actions/human_action_recognition/train/008070_dancing.jpg,Bingsu/Human_Action_Recognition,dancing,0,0,0,0,0,0,0,0,0,0,1,0,0,0,0,0,0,1,0,0
data/external/actions/human_action_recognition/train/008071_fighting.jpg,Bingsu/Human_Action_Recognition,fighting,0,0,0,0,0,0,0,0,0,0,0,0,0,0,0,0,0,1,1,0
data/external/actions/human_action_recognition/train/008072_sleeping.jpg,Bingsu/Human_Action_Recognition,sleeping,0,0,1,0,0,0,0,0,0,0,0,0,0,0,0,0,1,0,0,0
data/external/actions/human_action_recognition/train/008073_drinking.jpg,Bingsu/Human_Action_Recognition,drinking,0,0,0,0,0,0,0,0,0,0,0,0,0,0,1,0,0,0,0,0
data/external/actions/human_action_recognition/train/008074_sleeping.jpg,Bingsu/Human_Action_Recognition,sleeping,0,0,1,0,0,0,0,0,0,0,0,0,0,0,0,0,1,0,0,0
data/external/actions/human_action_recognition/train/008075_listening_to_music.jpg,Bingsu/Human_Action_Recognition,listening_to_music,0,1,0,0,0,0,0,0,0,0,0,0,0,0,0,0,1,0,0,0
data/external/actions/human_action_recognition/train/008076_listening_to_music.jpg,Bingsu/Human_Action_Recognition,listening_to_music,0,1,0,0,0,0,0,0,0,0,0,0,0,0,0,0,1,0,0,0
data/external/actions/human_action_recognition/train/008077_cycling.jpg,Bingsu/Human_Action_Recognition,cycling,0,0,0,0,0,0,0,0,1,0,0,0,0,0,0,0,0,1,0,0
data/external/actions/human_action_recognition/train/008078_texting.jpg,Bingsu/Human_Action_Recognition,texting,0,1,0,0,0,0,0,0,0,0,0,0,0,0,0,0,1,0,0,0
data/external/actions/human_action_recognition/train/008079_cycling.jpg,Bingsu/Human_Action_Recognition,cycling,0,0,0,0,0,0,0,0,1,0,0,0,0,0,0,0,0,1,0,0
data/external/actions/human_action_recognition/train/008080_cycling.jpg,Bingsu/Human_Action_Recognition,cycling,0,0,0,0,0,0,0,0,1,0,0,0,0,0,0,0,0,1,0,0
data/external/actions/human_action_recognition/train/008081_laughing.jpg,Bingsu/Human_Action_Recognition,laughing,1,0,0,0,0,0,0,0,0,0,0,0,0,0,0,0,1,0,0,0
data/external/actions/human_action_recognition/train/008082_eating.jpg,Bingsu/Human_Action_Recognition,eating,0,0,0,0,0,0,0,0,0,0,0,0,0,1,0,0,0,0,0,0
data/external/actions/human_action_recognition/train/008083_laughing.jpg,Bingsu/Human_Action_Recognition,laughing,1,0,0,0,0,0,0,0,0,0,0,0,0,0,0,0,1,0,0,0
data/external/actions/human_action_recognition/train/008084_sitting.jpg,Bingsu/Human_Action_Recognition,sitting,0,1,0,0,0,0,0,0,0,0,0,0,0,0,0,0,1,0,0,0
data/external/actions/human_action_recognition/train/008085_drinking.jpg,Bingsu/Human_Action_Recognition,drinking,0,0,0,0,0,0,0,0,0,0,0,0,0,0,1,0,0,0,0,0
data/external/actions/human_action_recognition/train/008086_running.jpg,Bingsu/Human_Action_Recognition,running,0,0,0,0,0,0,1,0,0,0,0,0,0,0,0,0,0,1,1,0
data/external/actions/human_action_recognition/train/008087_using_laptop.jpg,Bingsu/Human_Action_Recognition,using_laptop,0,1,0,0,0,0,0,0,0,0,0,0,1,0,0,0,1,0,0,0
data/external/actions/human_action_recognition/train/008088_listening_to_music.jpg,Bingsu/Human_Action_Recognition,listening_to_music,0,1,0,0,0,0,0,0,0,0,0,0,0,0,0,0,1,0,0,0
data/external/actions/human_action_recognition/train/008089_listening_to_music.jpg,Bingsu/Human_Action_Recognition,listening_to_music,0,1,0,0,0,0,0,0,0,0,0,0,0,0,0,0,1,0,0,0
data/external/actions/human_action_recognition/train/008090_clapping.jpg,Bingsu/Human_Action_Recognition,clapping,0,0,0,0,1,0,0,0,0,0,0,0,0,0,0,0,0,1,0,0
data/external/actions/human_action_recognition/train/008091_hugging.jpg,Bingsu/Human_Action_Recognition,hugging,1,0,0,0,0,0,0,0,0,0,0,0,0,0,0,0,1,0,0,0
data/external/actions/human_action_recognition/train/008092_sleeping.jpg,Bingsu/Human_Action_Recognition,sleeping,0,0,1,0,0,0,0,0,0,0,0,0,0,0,0,0,1,0,0,0
data/external/actions/human_action_recognition/train/008093_sleeping.jpg,Bingsu/Human_Action_Recognition,sleeping,0,0,1,0,0,0,0,0,0,0,0,0,0,0,0,0,1,0,0,0
data/external/actions/human_action_recognition/train/008094_drinking.jpg,Bingsu/Human_Action_Recognition,drinking,0,0,0,0,0,0,0,0,0,0,0,0,0,0,1,0,0,0,0,0
data/external/actions/human_action_recognition/train/008095_running.jpg,Bingsu/Human_Action_Recognition,running,0,0,0,0,0,0,1,0,0,0,0,0,0,0,0,0,0,1,1,0
data/external/actions/human_action_recognition/train/008096_running.jpg,Bingsu/Human_Action_Recognition,running,0,0,0,0,0,0,1,0,0,0,0,0,0,0,0,0,0,1,1,0
data/external/actions/human_action_recognition/train/008097_cycling.jpg,Bingsu/Human_Action_Recognition,cycling,0,0,0,0,0,0,0,0,1,0,0,0,0,0,0,0,0,1,0,0
data/external/actions/human_action_recognition/train/008098_laughing.jpg,Bingsu/Human_Action_Recognition,laughing,1,0,0,0,0,0,0,0,0,0,0,0,0,0,0,0,1,0,0,0
data/external/actions/human_action_recognition/train/008099_texting.jpg,Bingsu/Human_Action_Recognition,texting,0,1,0,0,0,0,0,0,0,0,0,0,0,0,0,0,1,0,0,0
data/external/actions/human_action_recognition/train/008100_clapping.jpg,Bingsu/Human_Action_Recognition,clapping,0,0,0,0,1,0,0,0,0,0,0,0,0,0,0,0,0,1,0,0
data/external/actions/human_action_recognition/train/008101_clapping.jpg,Bingsu/Human_Action_Recognition,clapping,0,0,0,0,1,0,0,0,0,0,0,0,0,0,0,0,0,1,0,0
data/external/actions/human_action_recognition/train/008102_cycling.jpg,Bingsu/Human_Action_Recognition,cycling,0,0,0,0,0,0,0,0,1,0,0,0,0,0,0,0,0,1,0,0
data/external/actions/human_action_recognition/train/008103_eating.jpg,Bingsu/Human_Action_Recognition,eating,0,0,0,0,0,0,0,0,0,0,0,0,0,1,0,0,0,0,0,0
data/external/actions/human_action_recognition/train/008104_using_laptop.jpg,Bingsu/Human_Action_Recognition,using_laptop,0,1,0,0,0,0,0,0,0,0,0,0,1,0,0,0,1,0,0,0
data/external/actions/human_action_recognition/train/008105_running.jpg,Bingsu/Human_Action_Recognition,running,0,0,0,0,0,0,1,0,0,0,0,0,0,0,0,0,0,1,1,0
data/external/actions/human_action_recognition/train/008106_running.jpg,Bingsu/Human_Action_Recognition,running,0,0,0,0,0,0,1,0,0,0,0,0,0,0,0,0,0,1,1,0
data/external/actions/human_action_recognition/train/008107_dancing.jpg,Bingsu/Human_Action_Recognition,dancing,0,0,0,0,0,0,0,0,0,0,1,0,0,0,0,0,0,1,0,0
data/external/actions/human_action_recognition/train/008108_fighting.jpg,Bingsu/Human_Action_Recognition,fighting,0,0,0,0,0,0,0,0,0,0,0,0,0,0,0,0,0,1,1,0
data/external/actions/human_action_recognition/train/008109_dancing.jpg,Bingsu/Human_Action_Recognition,dancing,0,0,0,0,0,0,0,0,0,0,1,0,0,0,0,0,0,1,0,0
data/external/actions/human_action_recognition/train/008110_texting.jpg,Bingsu/Human_Action_Recognition,texting,0,1,0,0,0,0,0,0,0,0,0,0,0,0,0,0,1,0,0,0
data/external/actions/human_action_recognition/train/008111_hugging.jpg,Bingsu/Human_Action_Recognition,hugging,1,0,0,0,0,0,0,0,0,0,0,0,0,0,0,0,1,0,0,0
data/external/actions/human_action_recognition/train/008112_laughing.jpg,Bingsu/Human_Action_Recognition,laughing,1,0,0,0,0,0,0,0,0,0,0,0,0,0,0,0,1,0,0,0
data/external/actions/human_action_recognition/train/008113_hugging.jpg,Bingsu/Human_Action_Recognition,hugging,1,0,0,0,0,0,0,0,0,0,0,0,0,0,0,0,1,0,0,0
data/external/actions/human_action_recognition/train/008114_running.jpg,Bingsu/Human_Action_Recognition,running,0,0,0,0,0,0,1,0,0,0,0,0,0,0,0,0,0,1,1,0
data/external/actions/human_action_recognition/train/008115_listening_to_music.jpg,Bingsu/Human_Action_Recognition,listening_to_music,0,1,0,0,0,0,0,0,0,0,0,0,0,0,0,0,1,0,0,0
data/external/actions/human_action_recognition/train/008116_laughing.jpg,Bingsu/Human_Action_Recognition,laughing,1,0,0,0,0,0,0,0,0,0,0,0,0,0,0,0,1,0,0,0
data/external/actions/human_action_recognition/train/008117_listening_to_music.jpg,Bingsu/Human_Action_Recognition,listening_to_music,0,1,0,0,0,0,0,0,0,0,0,0,0,0,0,0,1,0,0,0
data/external/actions/human_action_recognition/train/008118_texting.jpg,Bingsu/Human_Action_Recognition,texting,0,1,0,0,0,0,0,0,0,0,0,0,0,0,0,0,1,0,0,0
data/external/actions/human_action_recognition/train/008119_running.jpg,Bingsu/Human_Action_Recognition,running,0,0,0,0,0,0,1,0,0,0,0,0,0,0,0,0,0,1,1,0
data/external/actions/human_action_recognition/train/008120_sitting.jpg,Bingsu/Human_Action_Recognition,sitting,0,1,0,0,0,0,0,0,0,0,0,0,0,0,0,0,1,0,0,0
data/external/actions/human_action_recognition/train/008121_drinking.jpg,Bingsu/Human_Action_Recognition,drinking,0,0,0,0,0,0,0,0,0,0,0,0,0,0,1,0,0,0,0,0
data/external/actions/human_action_recognition/train/008122_hugging.jpg,Bingsu/Human_Action_Recognition,hugging,1,0,0,0,0,0,0,0,0,0,0,0,0,0,0,0,1,0,0,0
data/external/actions/human_action_recognition/train/008123_dancing.jpg,Bingsu/Human_Action_Recognition,dancing,0,0,0,0,0,0,0,0,0,0,1,0,0,0,0,0,0,1,0,0
data/external/actions/human_action_recognition/train/008124_listening_to_music.jpg,Bingsu/Human_Action_Recognition,listening_to_music,0,1,0,0,0,0,0,0,0,0,0,0,0,0,0,0,1,0,0,0
data/external/actions/human_action_recognition/train/008125_sleeping.jpg,Bingsu/Human_Action_Recognition,sleeping,0,0,1,0,0,0,0,0,0,0,0,0,0,0,0,0,1,0,0,0
data/external/actions/human_action_recognition/train/008126_using_laptop.jpg,Bingsu/Human_Action_Recognition,using_laptop,0,1,0,0,0,0,0,0,0,0,0,0,1,0,0,0,1,0,0,0
data/external/actions/human_action_recognition/train/008127_listening_to_music.jpg,Bingsu/Human_Action_Recognition,listening_to_music,0,1,0,0,0,0,0,0,0,0,0,0,0,0,0,0,1,0,0,0
data/external/actions/human_action_recognition/train/008128_fighting.jpg,Bingsu/Human_Action_Recognition,fighting,0,0,0,0,0,0,0,0,0,0,0,0,0,0,0,0,0,1,1,0
data/external/actions/human_action_recognition/train/008129_running.jpg,Bingsu/Human_Action_Recognition,running,0,0,0,0,0,0,1,0,0,0,0,0,0,0,0,0,0,1,1,0
data/external/actions/human_action_recognition/train/008130_fighting.jpg,Bingsu/Human_Action_Recognition,fighting,0,0,0,0,0,0,0,0,0,0,0,0,0,0,0,0,0,1,1,0
data/external/actions/human_action_recognition/train/008131_laughing.jpg,Bingsu/Human_Action_Recognition,laughing,1,0,0,0,0,0,0,0,0,0,0,0,0,0,0,0,1,0,0,0
data/external/actions/human_action_recognition/train/008132_drinking.jpg,Bingsu/Human_Action_Recognition,drinking,0,0,0,0,0,0,0,0,0,0,0,0,0,0,1,0,0,0,0,0
data/external/actions/human_action_recognition/train/008133_using_laptop.jpg,Bingsu/Human_Action_Recognition,using_laptop,0,1,0,0,0,0,0,0,0,0,0,0,1,0,0,0,1,0,0,0
data/external/actions/human_action_recognition/train/008134_listening_to_music.jpg,Bingsu/Human_Action_Recognition,listening_to_music,0,1,0,0,0,0,0,0,0,0,0,0,0,0,0,0,1,0,0,0
data/external/actions/human_action_recognition/train/008135_sleeping.jpg,Bingsu/Human_Action_Recognition,sleeping,0,0,1,0,0,0,0,0,0,0,0,0,0,0,0,0,1,0,0,0
data/external/actions/human_action_recognition/train/008136_sitting.jpg,Bingsu/Human_Action_Recognition,sitting,0,1,0,0,0,0,0,0,0,0,0,0,0,0,0,0,1,0,0,0
data/external/actions/human_action_recognition/train/008137_clapping.jpg,Bingsu/Human_Action_Recognition,clapping,0,0,0,0,1,0,0,0,0,0,0,0,0,0,0,0,0,1,0,0
data/external/actions/human_action_recognition/train/008138_sitting.jpg,Bingsu/Human_Action_Recognition,sitting,0,1,0,0,0,0,0,0,0,0,0,0,0,0,0,0,1,0,0,0
data/external/actions/human_action_recognition/train/008139_sitting.jpg,Bingsu/Human_Action_Recognition,sitting,0,1,0,0,0,0,0,0,0,0,0,0,0,0,0,0,1,0,0,0
data/external/actions/human_action_recognition/train/008140_fighting.jpg,Bingsu/Human_Action_Recognition,fighting,0,0,0,0,0,0,0,0,0,0,0,0,0,0,0,0,0,1,1,0
data/external/actions/human_action_recognition/train/008141_laughing.jpg,Bingsu/Human_Action_Recognition,laughing,1,0,0,0,0,0,0,0,0,0,0,0,0,0,0,0,1,0,0,0
data/external/actions/human_action_recognition/train/008142_texting.jpg,Bingsu/Human_Action_Recognition,texting,0,1,0,0,0,0,0,0,0,0,0,0,0,0,0,0,1,0,0,0
data/external/actions/human_action_recognition/train/008143_drinking.jpg,Bingsu/Human_Action_Recognition,drinking,0,0,0,0,0,0,0,0,0,0,0,0,0,0,1,0,0,0,0,0
data/external/actions/human_action_recognition/train/008144_drinking.jpg,Bingsu/Human_Action_Recognition,drinking,0,0,0,0,0,0,0,0,0,0,0,0,0,0,1,0,0,0,0,0
data/external/actions/human_action_recognition/train/008145_laughing.jpg,Bingsu/Human_Action_Recognition,laughing,1,0,0,0,0,0,0,0,0,0,0,0,0,0,0,0,1,0,0,0
data/external/actions/human_action_recognition/train/008146_hugging.jpg,Bingsu/Human_Action_Recognition,hugging,1,0,0,0,0,0,0,0,0,0,0,0,0,0,0,0,1,0,0,0
data/external/actions/human_action_recognition/train/008147_calling.jpg,Bingsu/Human_Action_Recognition,calling,1,0,0,0,0,0,0,0,0,0,0,0,0,0,0,0,1,0,0,0
data/external/actions/human_action_recognition/train/008148_running.jpg,Bingsu/Human_Action_Recognition,running,0,0,0,0,0,0,1,0,0,0,0,0,0,0,0,0,0,1,1,0
data/external/actions/human_action_recognition/train/008149_calling.jpg,Bingsu/Human_Action_Recognition,calling,1,0,0,0,0,0,0,0,0,0,0,0,0,0,0,0,1,0,0,0
data/external/actions/human_action_recognition/train/008150_laughing.jpg,Bingsu/Human_Action_Recognition,laughing,1,0,0,0,0,0,0,0,0,0,0,0,0,0,0,0,1,0,0,0
data/external/actions/human_action_recognition/train/008151_clapping.jpg,Bingsu/Human_Action_Recognition,clapping,0,0,0,0,1,0,0,0,0,0,0,0,0,0,0,0,0,1,0,0
data/external/actions/human_action_recognition/train/008152_eating.jpg,Bingsu/Human_Action_Recognition,eating,0,0,0,0,0,0,0,0,0,0,0,0,0,1,0,0,0,0,0,0
data/external/actions/human_action_recognition/train/008153_hugging.jpg,Bingsu/Human_Action_Recognition,hugging,1,0,0,0,0,0,0,0,0,0,0,0,0,0,0,0,1,0,0,0
data/external/actions/human_action_recognition/train/008154_running.jpg,Bingsu/Human_Action_Recognition,running,0,0,0,0,0,0,1,0,0,0,0,0,0,0,0,0,0,1,1,0
data/external/actions/human_action_recognition/train/008155_running.jpg,Bingsu/Human_Action_Recognition,running,0,0,0,0,0,0,1,0,0,0,0,0,0,0,0,0,0,1,1,0
data/external/actions/human_action_recognition/train/008156_cycling.jpg,Bingsu/Human_Action_Recognition,cycling,0,0,0,0,0,0,0,0,1,0,0,0,0,0,0,0,0,1,0,0
data/external/actions/human_action_recognition/train/008157_drinking.jpg,Bingsu/Human_Action_Recognition,drinking,0,0,0,0,0,0,0,0,0,0,0,0,0,0,1,0,0,0,0,0
data/external/actions/human_action_recognition/train/008158_texting.jpg,Bingsu/Human_Action_Recognition,texting,0,1,0,0,0,0,0,0,0,0,0,0,0,0,0,0,1,0,0,0
data/external/actions/human_action_recognition/train/008159_running.jpg,Bingsu/Human_Action_Recognition,running,0,0,0,0,0,0,1,0,0,0,0,0,0,0,0,0,0,1,1,0
data/external/actions/human_action_recognition/train/008160_drinking.jpg,Bingsu/Human_Action_Recognition,drinking,0,0,0,0,0,0,0,0,0,0,0,0,0,0,1,0,0,0,0,0
data/external/actions/human_action_recognition/train/008161_laughing.jpg,Bingsu/Human_Action_Recognition,laughing,1,0,0,0,0,0,0,0,0,0,0,0,0,0,0,0,1,0,0,0
data/external/actions/human_action_recognition/train/008162_laughing.jpg,Bingsu/Human_Action_Recognition,laughing,1,0,0,0,0,0,0,0,0,0,0,0,0,0,0,0,1,0,0,0
data/external/actions/human_action_recognition/train/008163_sleeping.jpg,Bingsu/Human_Action_Recognition,sleeping,0,0,1,0,0,0,0,0,0,0,0,0,0,0,0,0,1,0,0,0
data/external/actions/human_action_recognition/train/008164_using_laptop.jpg,Bingsu/Human_Action_Recognition,using_laptop,0,1,0,0,0,0,0,0,0,0,0,0,1,0,0,0,1,0,0,0
data/external/actions/human_action_recognition/train/008165_listening_to_music.jpg,Bingsu/Human_Action_Recognition,listening_to_music,0,1,0,0,0,0,0,0,0,0,0,0,0,0,0,0,1,0,0,0
data/external/actions/human_action_recognition/train/008166_dancing.jpg,Bingsu/Human_Action_Recognition,dancing,0,0,0,0,0,0,0,0,0,0,1,0,0,0,0,0,0,1,0,0
data/external/actions/human_action_recognition/train/008167_texting.jpg,Bingsu/Human_Action_Recognition,texting,0,1,0,0,0,0,0,0,0,0,0,0,0,0,0,0,1,0,0,0
data/external/actions/human_action_recognition/train/008168_drinking.jpg,Bingsu/Human_Action_Recognition,drinking,0,0,0,0,0,0,0,0,0,0,0,0,0,0,1,0,0,0,0,0
data/external/actions/human_action_recognition/train/008169_eating.jpg,Bingsu/Human_Action_Recognition,eating,0,0,0,0,0,0,0,0,0,0,0,0,0,1,0,0,0,0,0,0
data/external/actions/human_action_recognition/train/008170_running.jpg,Bingsu/Human_Action_Recognition,running,0,0,0,0,0,0,1,0,0,0,0,0,0,0,0,0,0,1,1,0
data/external/actions/human_action_recognition/train/008171_laughing.jpg,Bingsu/Human_Action_Recognition,laughing,1,0,0,0,0,0,0,0,0,0,0,0,0,0,0,0,1,0,0,0
data/external/actions/human_action_recognition/train/008172_listening_to_music.jpg,Bingsu/Human_Action_Recognition,listening_to_music,0,1,0,0,0,0,0,0,0,0,0,0,0,0,0,0,1,0,0,0
data/external/actions/human_action_recognition/train/008173_listening_to_music.jpg,Bingsu/Human_Action_Recognition,listening_to_music,0,1,0,0,0,0,0,0,0,0,0,0,0,0,0,0,1,0,0,0
data/external/actions/human_action_recognition/train/008174_hugging.jpg,Bingsu/Human_Action_Recognition,hugging,1,0,0,0,0,0,0,0,0,0,0,0,0,0,0,0,1,0,0,0
data/external/actions/human_action_recognition/train/008175_texting.jpg,Bingsu/Human_Action_Recognition,texting,0,1,0,0,0,0,0,0,0,0,0,0,0,0,0,0,1,0,0,0
data/external/actions/human_action_recognition/train/008176_calling.jpg,Bingsu/Human_Action_Recognition,calling,1,0,0,0,0,0,0,0,0,0,0,0,0,0,0,0,1,0,0,0
data/external/actions/human_action_recognition/train/008177_texting.jpg,Bingsu/Human_Action_Recognition,texting,0,1,0,0,0,0,0,0,0,0,0,0,0,0,0,0,1,0,0,0
data/external/actions/human_action_recognition/train/008178_sitting.jpg,Bingsu/Human_Action_Recognition,sitting,0,1,0,0,0,0,0,0,0,0,0,0,0,0,0,0,1,0,0,0
data/external/actions/human_action_recognition/train/008179_running.jpg,Bingsu/Human_Action_Recognition,running,0,0,0,0,0,0,1,0,0,0,0,0,0,0,0,0,0,1,1,0
data/external/actions/human_action_recognition/train/008180_dancing.jpg,Bingsu/Human_Action_Recognition,dancing,0,0,0,0,0,0,0,0,0,0,1,0,0,0,0,0,0,1,0,0
data/external/actions/human_action_recognition/train/008181_drinking.jpg,Bingsu/Human_Action_Recognition,drinking,0,0,0,0,0,0,0,0,0,0,0,0,0,0,1,0,0,0,0,0
data/external/actions/human_action_recognition/train/008182_clapping.jpg,Bingsu/Human_Action_Recognition,clapping,0,0,0,0,1,0,0,0,0,0,0,0,0,0,0,0,0,1,0,0
data/external/actions/human_action_recognition/train/008183_laughing.jpg,Bingsu/Human_Action_Recognition,laughing,1,0,0,0,0,0,0,0,0,0,0,0,0,0,0,0,1,0,0,0
data/external/actions/human_action_recognition/train/008184_cycling.jpg,Bingsu/Human_Action_Recognition,cycling,0,0,0,0,0,0,0,0,1,0,0,0,0,0,0,0,0,1,0,0
data/external/actions/human_action_recognition/train/008185_sitting.jpg,Bingsu/Human_Action_Recognition,sitting,0,1,0,0,0,0,0,0,0,0,0,0,0,0,0,0,1,0,0,0
data/external/actions/human_action_recognition/train/008186_fighting.jpg,Bingsu/Human_Action_Recognition,fighting,0,0,0,0,0,0,0,0,0,0,0,0,0,0,0,0,0,1,1,0
data/external/actions/human_action_recognition/train/008187_calling.jpg,Bingsu/Human_Action_Recognition,calling,1,0,0,0,0,0,0,0,0,0,0,0,0,0,0,0,1,0,0,0
data/external/actions/human_action_recognition/train/008188_using_laptop.jpg,Bingsu/Human_Action_Recognition,using_laptop,0,1,0,0,0,0,0,0,0,0,0,0,1,0,0,0,1,0,0,0
data/external/actions/human_action_recognition/train/008189_clapping.jpg,Bingsu/Human_Action_Recognition,clapping,0,0,0,0,1,0,0,0,0,0,0,0,0,0,0,0,0,1,0,0
data/external/actions/human_action_recognition/train/008190_fighting.jpg,Bingsu/Human_Action_Recognition,fighting,0,0,0,0,0,0,0,0,0,0,0,0,0,0,0,0,0,1,1,0
data/external/actions/human_action_recognition/train/008191_laughing.jpg,Bingsu/Human_Action_Recognition,laughing,1,0,0,0,0,0,0,0,0,0,0,0,0,0,0,0,1,0,0,0
data/external/actions/human_action_recognition/train/008192_using_laptop.jpg,Bingsu/Human_Action_Recognition,using_laptop,0,1,0,0,0,0,0,0,0,0,0,0,1,0,0,0,1,0,0,0
data/external/actions/human_action_recognition/train/008193_dancing.jpg,Bingsu/Human_Action_Recognition,dancing,0,0,0,0,0,0,0,0,0,0,1,0,0,0,0,0,0,1,0,0
data/external/actions/human_action_recognition/train/008194_calling.jpg,Bingsu/Human_Action_Recognition,calling,1,0,0,0,0,0,0,0,0,0,0,0,0,0,0,0,1,0,0,0
data/external/actions/human_action_recognition/train/008195_sleeping.jpg,Bingsu/Human_Action_Recognition,sleeping,0,0,1,0,0,0,0,0,0,0,0,0,0,0,0,0,1,0,0,0
data/external/actions/human_action_recognition/train/008196_using_laptop.jpg,Bingsu/Human_Action_Recognition,using_laptop,0,1,0,0,0,0,0,0,0,0,0,0,1,0,0,0,1,0,0,0
data/external/actions/human_action_recognition/train/008197_calling.jpg,Bingsu/Human_Action_Recognition,calling,1,0,0,0,0,0,0,0,0,0,0,0,0,0,0,0,1,0,0,0
data/external/actions/human_action_recognition/train/008198_drinking.jpg,Bingsu/Human_Action_Recognition,drinking,0,0,0,0,0,0,0,0,0,0,0,0,0,0,1,0,0,0,0,0
data/external/actions/human_action_recognition/train/008199_dancing.jpg,Bingsu/Human_Action_Recognition,dancing,0,0,0,0,0,0,0,0,0,0,1,0,0,0,0,0,0,1,0,0
data/external/actions/human_action_recognition/train/008200_hugging.jpg,Bingsu/Human_Action_Recognition,hugging,1,0,0,0,0,0,0,0,0,0,0,0,0,0,0,0,1,0,0,0
data/external/actions/human_action_recognition/train/008201_dancing.jpg,Bingsu/Human_Action_Recognition,dancing,0,0,0,0,0,0,0,0,0,0,1,0,0,0,0,0,0,1,0,0
data/external/actions/human_action_recognition/train/008202_eating.jpg,Bingsu/Human_Action_Recognition,eating,0,0,0,0,0,0,0,0,0,0,0,0,0,1,0,0,0,0,0,0
data/external/actions/human_action_recognition/train/008203_clapping.jpg,Bingsu/Human_Action_Recognition,clapping,0,0,0,0,1,0,0,0,0,0,0,0,0,0,0,0,0,1,0,0
data/external/actions/human_action_recognition/train/008204_drinking.jpg,Bingsu/Human_Action_Recognition,drinking,0,0,0,0,0,0,0,0,0,0,0,0,0,0,1,0,0,0,0,0
data/external/actions/human_action_recognition/train/008205_sitting.jpg,Bingsu/Human_Action_Recognition,sitting,0,1,0,0,0,0,0,0,0,0,0,0,0,0,0,0,1,0,0,0
data/external/actions/human_action_recognition/train/008206_listening_to_music.jpg,Bingsu/Human_Action_Recognition,listening_to_music,0,1,0,0,0,0,0,0,0,0,0,0,0,0,0,0,1,0,0,0
data/external/actions/human_action_recognition/train/008207_laughing.jpg,Bingsu/Human_Action_Recognition,laughing,1,0,0,0,0,0,0,0,0,0,0,0,0,0,0,0,1,0,0,0
data/external/actions/human_action_recognition/train/008208_using_laptop.jpg,Bingsu/Human_Action_Recognition,using_laptop,0,1,0,0,0,0,0,0,0,0,0,0,1,0,0,0,1,0,0,0
data/external/actions/human_action_recognition/train/008209_running.jpg,Bingsu/Human_Action_Recognition,running,0,0,0,0,0,0,1,0,0,0,0,0,0,0,0,0,0,1,1,0
data/external/actions/human_action_recognition/train/008210_texting.jpg,Bingsu/Human_Action_Recognition,texting,0,1,0,0,0,0,0,0,0,0,0,0,0,0,0,0,1,0,0,0
data/external/actions/human_action_recognition/train/008211_laughing.jpg,Bingsu/Human_Action_Recognition,laughing,1,0,0,0,0,0,0,0,0,0,0,0,0,0,0,0,1,0,0,0
data/external/actions/human_action_recognition/train/008212_sleeping.jpg,Bingsu/Human_Action_Recognition,sleeping,0,0,1,0,0,0,0,0,0,0,0,0,0,0,0,0,1,0,0,0
data/external/actions/human_action_recognition/train/008213_texting.jpg,Bingsu/Human_Action_Recognition,texting,0,1,0,0,0,0,0,0,0,0,0,0,0,0,0,0,1,0,0,0
data/external/actions/human_action_recognition/train/008214_cycling.jpg,Bingsu/Human_Action_Recognition,cycling,0,0,0,0,0,0,0,0,1,0,0,0,0,0,0,0,0,1,0,0
data/external/actions/human_action_recognition/train/008215_listening_to_music.jpg,Bingsu/Human_Action_Recognition,listening_to_music,0,1,0,0,0,0,0,0,0,0,0,0,0,0,0,0,1,0,0,0
data/external/actions/human_action_recognition/train/008216_eating.jpg,Bingsu/Human_Action_Recognition,eating,0,0,0,0,0,0,0,0,0,0,0,0,0,1,0,0,0,0,0,0
data/external/actions/human_action_recognition/train/008217_calling.jpg,Bingsu/Human_Action_Recognition,calling,1,0,0,0,0,0,0,0,0,0,0,0,0,0,0,0,1,0,0,0
data/external/actions/human_action_recognition/train/008218_using_laptop.jpg,Bingsu/Human_Action_Recognition,using_laptop,0,1,0,0,0,0,0,0,0,0,0,0,1,0,0,0,1,0,0,0
data/external/actions/human_action_recognition/train/008219_sitting.jpg,Bingsu/Human_Action_Recognition,sitting,0,1,0,0,0,0,0,0,0,0,0,0,0,0,0,0,1,0,0,0
data/external/actions/human_action_recognition/train/008220_cycling.jpg,Bingsu/Human_Action_Recognition,cycling,0,0,0,0,0,0,0,0,1,0,0,0,0,0,0,0,0,1,0,0
data/external/actions/human_action_recognition/train/008221_texting.jpg,Bingsu/Human_Action_Recognition,texting,0,1,0,0,0,0,0,0,0,0,0,0,0,0,0,0,1,0,0,0
data/external/actions/human_action_recognition/train/008222_sleeping.jpg,Bingsu/Human_Action_Recognition,sleeping,0,0,1,0,0,0,0,0,0,0,0,0,0,0,0,0,1,0,0,0
data/external/actions/human_action_recognition/train/008223_sitting.jpg,Bingsu/Human_Action_Recognition,sitting,0,1,0,0,0,0,0,0,0,0,0,0,0,0,0,0,1,0,0,0
data/external/actions/human_action_recognition/train/008224_calling.jpg,Bingsu/Human_Action_Recognition,calling,1,0,0,0,0,0,0,0,0,0,0,0,0,0,0,0,1,0,0,0
data/external/actions/human_action_recognition/train/008225_hugging.jpg,Bingsu/Human_Action_Recognition,hugging,1,0,0,0,0,0,0,0,0,0,0,0,0,0,0,0,1,0,0,0
data/external/actions/human_action_recognition/train/008226_sleeping.jpg,Bingsu/Human_Action_Recognition,sleeping,0,0,1,0,0,0,0,0,0,0,0,0,0,0,0,0,1,0,0,0
data/external/actions/human_action_recognition/train/008227_running.jpg,Bingsu/Human_Action_Recognition,running,0,0,0,0,0,0,1,0,0,0,0,0,0,0,0,0,0,1,1,0
data/external/actions/human_action_recognition/train/008228_hugging.jpg,Bingsu/Human_Action_Recognition,hugging,1,0,0,0,0,0,0,0,0,0,0,0,0,0,0,0,1,0,0,0
data/external/actions/human_action_recognition/train/008229_laughing.jpg,Bingsu/Human_Action_Recognition,laughing,1,0,0,0,0,0,0,0,0,0,0,0,0,0,0,0,1,0,0,0
data/external/actions/human_action_recognition/train/008230_dancing.jpg,Bingsu/Human_Action_Recognition,dancing,0,0,0,0,0,0,0,0,0,0,1,0,0,0,0,0,0,1,0,0
data/external/actions/human_action_recognition/train/008231_sitting.jpg,Bingsu/Human_Action_Recognition,sitting,0,1,0,0,0,0,0,0,0,0,0,0,0,0,0,0,1,0,0,0
data/external/actions/human_action_recognition/train/008232_fighting.jpg,Bingsu/Human_Action_Recognition,fighting,0,0,0,0,0,0,0,0,0,0,0,0,0,0,0,0,0,1,1,0
data/external/actions/human_action_recognition/train/008233_eating.jpg,Bingsu/Human_Action_Recognition,eating,0,0,0,0,0,0,0,0,0,0,0,0,0,1,0,0,0,0,0,0
data/external/actions/human_action_recognition/train/008234_running.jpg,Bingsu/Human_Action_Recognition,running,0,0,0,0,0,0,1,0,0,0,0,0,0,0,0,0,0,1,1,0
data/external/actions/human_action_recognition/train/008235_sleeping.jpg,Bingsu/Human_Action_Recognition,sleeping,0,0,1,0,0,0,0,0,0,0,0,0,0,0,0,0,1,0,0,0
data/external/actions/human_action_recognition/train/008236_drinking.jpg,Bingsu/Human_Action_Recognition,drinking,0,0,0,0,0,0,0,0,0,0,0,0,0,0,1,0,0,0,0,0
data/external/actions/human_action_recognition/train/008237_dancing.jpg,Bingsu/Human_Action_Recognition,dancing,0,0,0,0,0,0,0,0,0,0,1,0,0,0,0,0,0,1,0,0
data/external/actions/human_action_recognition/train/008238_using_laptop.jpg,Bingsu/Human_Action_Recognition,using_laptop,0,1,0,0,0,0,0,0,0,0,0,0,1,0,0,0,1,0,0,0
data/external/actions/human_action_recognition/train/008239_running.jpg,Bingsu/Human_Action_Recognition,running,0,0,0,0,0,0,1,0,0,0,0,0,0,0,0,0,0,1,1,0
data/external/actions/human_action_recognition/train/008240_hugging.jpg,Bingsu/Human_Action_Recognition,hugging,1,0,0,0,0,0,0,0,0,0,0,0,0,0,0,0,1,0,0,0
data/external/actions/human_action_recognition/train/008241_drinking.jpg,Bingsu/Human_Action_Recognition,drinking,0,0,0,0,0,0,0,0,0,0,0,0,0,0,1,0,0,0,0,0
data/external/actions/human_action_recognition/train/008242_hugging.jpg,Bingsu/Human_Action_Recognition,hugging,1,0,0,0,0,0,0,0,0,0,0,0,0,0,0,0,1,0,0,0
data/external/actions/human_action_recognition/train/008243_clapping.jpg,Bingsu/Human_Action_Recognition,clapping,0,0,0,0,1,0,0,0,0,0,0,0,0,0,0,0,0,1,0,0
data/external/actions/human_action_recognition/train/008244_laughing.jpg,Bingsu/Human_Action_Recognition,laughing,1,0,0,0,0,0,0,0,0,0,0,0,0,0,0,0,1,0,0,0
data/external/actions/human_action_recognition/train/008245_texting.jpg,Bingsu/Human_Action_Recognition,texting,0,1,0,0,0,0,0,0,0,0,0,0,0,0,0,0,1,0,0,0
data/external/actions/human_action_recognition/train/008246_calling.jpg,Bingsu/Human_Action_Recognition,calling,1,0,0,0,0,0,0,0,0,0,0,0,0,0,0,0,1,0,0,0
data/external/actions/human_action_recognition/train/008247_texting.jpg,Bingsu/Human_Action_Recognition,texting,0,1,0,0,0,0,0,0,0,0,0,0,0,0,0,0,1,0,0,0
data/external/actions/human_action_recognition/train/008248_laughing.jpg,Bingsu/Human_Action_Recognition,laughing,1,0,0,0,0,0,0,0,0,0,0,0,0,0,0,0,1,0,0,0
data/external/actions/human_action_recognition/train/008249_sitting.jpg,Bingsu/Human_Action_Recognition,sitting,0,1,0,0,0,0,0,0,0,0,0,0,0,0,0,0,1,0,0,0
data/external/actions/human_action_recognition/train/008250_drinking.jpg,Bingsu/Human_Action_Recognition,drinking,0,0,0,0,0,0,0,0,0,0,0,0,0,0,1,0,0,0,0,0
data/external/actions/human_action_recognition/train/008251_drinking.jpg,Bingsu/Human_Action_Recognition,drinking,0,0,0,0,0,0,0,0,0,0,0,0,0,0,1,0,0,0,0,0
data/external/actions/human_action_recognition/train/008252_listening_to_music.jpg,Bingsu/Human_Action_Recognition,listening_to_music,0,1,0,0,0,0,0,0,0,0,0,0,0,0,0,0,1,0,0,0
data/external/actions/human_action_recognition/train/008253_dancing.jpg,Bingsu/Human_Action_Recognition,dancing,0,0,0,0,0,0,0,0,0,0,1,0,0,0,0,0,0,1,0,0
data/external/actions/human_action_recognition/train/008254_listening_to_music.jpg,Bingsu/Human_Action_Recognition,listening_to_music,0,1,0,0,0,0,0,0,0,0,0,0,0,0,0,0,1,0,0,0
data/external/actions/human_action_recognition/train/008255_running.jpg,Bingsu/Human_Action_Recognition,running,0,0,0,0,0,0,1,0,0,0,0,0,0,0,0,0,0,1,1,0
data/external/actions/human_action_recognition/train/008256_drinking.jpg,Bingsu/Human_Action_Recognition,drinking,0,0,0,0,0,0,0,0,0,0,0,0,0,0,1,0,0,0,0,0
data/external/actions/human_action_recognition/train/008257_laughing.jpg,Bingsu/Human_Action_Recognition,laughing,1,0,0,0,0,0,0,0,0,0,0,0,0,0,0,0,1,0,0,0
data/external/actions/human_action_recognition/train/008258_sleeping.jpg,Bingsu/Human_Action_Recognition,sleeping,0,0,1,0,0,0,0,0,0,0,0,0,0,0,0,0,1,0,0,0
data/external/actions/human_action_recognition/train/008259_fighting.jpg,Bingsu/Human_Action_Recognition,fighting,0,0,0,0,0,0,0,0,0,0,0,0,0,0,0,0,0,1,1,0
data/external/actions/human_action_recognition/train/008260_dancing.jpg,Bingsu/Human_Action_Recognition,dancing,0,0,0,0,0,0,0,0,0,0,1,0,0,0,0,0,0,1,0,0
data/external/actions/human_action_recognition/train/008261_cycling.jpg,Bingsu/Human_Action_Recognition,cycling,0,0,0,0,0,0,0,0,1,0,0,0,0,0,0,0,0,1,0,0
data/external/actions/human_action_recognition/train/008262_eating.jpg,Bingsu/Human_Action_Recognition,eating,0,0,0,0,0,0,0,0,0,0,0,0,0,1,0,0,0,0,0,0
data/external/actions/human_action_recognition/train/008263_sleeping.jpg,Bingsu/Human_Action_Recognition,sleeping,0,0,1,0,0,0,0,0,0,0,0,0,0,0,0,0,1,0,0,0
data/external/actions/human_action_recognition/train/008264_hugging.jpg,Bingsu/Human_Action_Recognition,hugging,1,0,0,0,0,0,0,0,0,0,0,0,0,0,0,0,1,0,0,0
data/external/actions/human_action_recognition/train/008265_fighting.jpg,Bingsu/Human_Action_Recognition,fighting,0,0,0,0,0,0,0,0,0,0,0,0,0,0,0,0,0,1,1,0
data/external/actions/human_action_recognition/train/008266_dancing.jpg,Bingsu/Human_Action_Recognition,dancing,0,0,0,0,0,0,0,0,0,0,1,0,0,0,0,0,0,1,0,0
data/external/actions/human_action_recognition/train/008267_laughing.jpg,Bingsu/Human_Action_Recognition,laughing,1,0,0,0,0,0,0,0,0,0,0,0,0,0,0,0,1,0,0,0
data/external/actions/human_action_recognition/train/008268_texting.jpg,Bingsu/Human_Action_Recognition,texting,0,1,0,0,0,0,0,0,0,0,0,0,0,0,0,0,1,0,0,0
data/external/actions/human_action_recognition/train/008269_drinking.jpg,Bingsu/Human_Action_Recognition,drinking,0,0,0,0,0,0,0,0,0,0,0,0,0,0,1,0,0,0,0,0
data/external/actions/human_action_recognition/train/008270_hugging.jpg,Bingsu/Human_Action_Recognition,hugging,1,0,0,0,0,0,0,0,0,0,0,0,0,0,0,0,1,0,0,0
data/external/actions/human_action_recognition/train/008271_listening_to_music.jpg,Bingsu/Human_Action_Recognition,listening_to_music,0,1,0,0,0,0,0,0,0,0,0,0,0,0,0,0,1,0,0,0
data/external/actions/human_action_recognition/train/008272_drinking.jpg,Bingsu/Human_Action_Recognition,drinking,0,0,0,0,0,0,0,0,0,0,0,0,0,0,1,0,0,0,0,0
data/external/actions/human_action_recognition/train/008273_laughing.jpg,Bingsu/Human_Action_Recognition,laughing,1,0,0,0,0,0,0,0,0,0,0,0,0,0,0,0,1,0,0,0
data/external/actions/human_action_recognition/train/008274_sitting.jpg,Bingsu/Human_Action_Recognition,sitting,0,1,0,0,0,0,0,0,0,0,0,0,0,0,0,0,1,0,0,0
data/external/actions/human_action_recognition/train/008275_eating.jpg,Bingsu/Human_Action_Recognition,eating,0,0,0,0,0,0,0,0,0,0,0,0,0,1,0,0,0,0,0,0
data/external/actions/human_action_recognition/train/008276_cycling.jpg,Bingsu/Human_Action_Recognition,cycling,0,0,0,0,0,0,0,0,1,0,0,0,0,0,0,0,0,1,0,0
data/external/actions/human_action_recognition/train/008277_eating.jpg,Bingsu/Human_Action_Recognition,eating,0,0,0,0,0,0,0,0,0,0,0,0,0,1,0,0,0,0,0,0
data/external/actions/human_action_recognition/train/008278_running.jpg,Bingsu/Human_Action_Recognition,running,0,0,0,0,0,0,1,0,0,0,0,0,0,0,0,0,0,1,1,0
data/external/actions/human_action_recognition/train/008279_listening_to_music.jpg,Bingsu/Human_Action_Recognition,listening_to_music,0,1,0,0,0,0,0,0,0,0,0,0,0,0,0,0,1,0,0,0
data/external/actions/human_action_recognition/train/008280_dancing.jpg,Bingsu/Human_Action_Recognition,dancing,0,0,0,0,0,0,0,0,0,0,1,0,0,0,0,0,0,1,0,0
data/external/actions/human_action_recognition/train/008281_clapping.jpg,Bingsu/Human_Action_Recognition,clapping,0,0,0,0,1,0,0,0,0,0,0,0,0,0,0,0,0,1,0,0
data/external/actions/human_action_recognition/train/008282_listening_to_music.jpg,Bingsu/Human_Action_Recognition,listening_to_music,0,1,0,0,0,0,0,0,0,0,0,0,0,0,0,0,1,0,0,0
data/external/actions/human_action_recognition/train/008283_calling.jpg,Bingsu/Human_Action_Recognition,calling,1,0,0,0,0,0,0,0,0,0,0,0,0,0,0,0,1,0,0,0
data/external/actions/human_action_recognition/train/008284_fighting.jpg,Bingsu/Human_Action_Recognition,fighting,0,0,0,0,0,0,0,0,0,0,0,0,0,0,0,0,0,1,1,0
data/external/actions/human_action_recognition/train/008285_laughing.jpg,Bingsu/Human_Action_Recognition,laughing,1,0,0,0,0,0,0,0,0,0,0,0,0,0,0,0,1,0,0,0
data/external/actions/human_action_recognition/train/008286_using_laptop.jpg,Bingsu/Human_Action_Recognition,using_laptop,0,1,0,0,0,0,0,0,0,0,0,0,1,0,0,0,1,0,0,0
data/external/actions/human_action_recognition/train/008287_listening_to_music.jpg,Bingsu/Human_Action_Recognition,listening_to_music,0,1,0,0,0,0,0,0,0,0,0,0,0,0,0,0,1,0,0,0
data/external/actions/human_action_recognition/train/008288_listening_to_music.jpg,Bingsu/Human_Action_Recognition,listening_to_music,0,1,0,0,0,0,0,0,0,0,0,0,0,0,0,0,1,0,0,0
data/external/actions/human_action_recognition/train/008289_hugging.jpg,Bingsu/Human_Action_Recognition,hugging,1,0,0,0,0,0,0,0,0,0,0,0,0,0,0,0,1,0,0,0
data/external/actions/human_action_recognition/train/008290_hugging.jpg,Bingsu/Human_Action_Recognition,hugging,1,0,0,0,0,0,0,0,0,0,0,0,0,0,0,0,1,0,0,0
data/external/actions/human_action_recognition/train/008291_fighting.jpg,Bingsu/Human_Action_Recognition,fighting,0,0,0,0,0,0,0,0,0,0,0,0,0,0,0,0,0,1,1,0
data/external/actions/human_action_recognition/train/008292_using_laptop.jpg,Bingsu/Human_Action_Recognition,using_laptop,0,1,0,0,0,0,0,0,0,0,0,0,1,0,0,0,1,0,0,0
data/external/actions/human_action_recognition/train/008293_sitting.jpg,Bingsu/Human_Action_Recognition,sitting,0,1,0,0,0,0,0,0,0,0,0,0,0,0,0,0,1,0,0,0
data/external/actions/human_action_recognition/train/008294_drinking.jpg,Bingsu/Human_Action_Recognition,drinking,0,0,0,0,0,0,0,0,0,0,0,0,0,0,1,0,0,0,0,0
data/external/actions/human_action_recognition/train/008295_using_laptop.jpg,Bingsu/Human_Action_Recognition,using_laptop,0,1,0,0,0,0,0,0,0,0,0,0,1,0,0,0,1,0,0,0
data/external/actions/human_action_recognition/train/008296_texting.jpg,Bingsu/Human_Action_Recognition,texting,0,1,0,0,0,0,0,0,0,0,0,0,0,0,0,0,1,0,0,0
data/external/actions/human_action_recognition/train/008297_texting.jpg,Bingsu/Human_Action_Recognition,texting,0,1,0,0,0,0,0,0,0,0,0,0,0,0,0,0,1,0,0,0
data/external/actions/human_action_recognition/train/008298_fighting.jpg,Bingsu/Human_Action_Recognition,fighting,0,0,0,0,0,0,0,0,0,0,0,0,0,0,0,0,0,1,1,0
data/external/actions/human_action_recognition/train/008299_cycling.jpg,Bingsu/Human_Action_Recognition,cycling,0,0,0,0,0,0,0,0,1,0,0,0,0,0,0,0,0,1,0,0
data/external/actions/human_action_recognition/train/008300_eating.jpg,Bingsu/Human_Action_Recognition,eating,0,0,0,0,0,0,0,0,0,0,0,0,0,1,0,0,0,0,0,0
data/external/actions/human_action_recognition/train/008301_hugging.jpg,Bingsu/Human_Action_Recognition,hugging,1,0,0,0,0,0,0,0,0,0,0,0,0,0,0,0,1,0,0,0
data/external/actions/human_action_recognition/train/008302_sleeping.jpg,Bingsu/Human_Action_Recognition,sleeping,0,0,1,0,0,0,0,0,0,0,0,0,0,0,0,0,1,0,0,0
data/external/actions/human_action_recognition/train/008303_sitting.jpg,Bingsu/Human_Action_Recognition,sitting,0,1,0,0,0,0,0,0,0,0,0,0,0,0,0,0,1,0,0,0
data/external/actions/human_action_recognition/train/008304_texting.jpg,Bingsu/Human_Action_Recognition,texting,0,1,0,0,0,0,0,0,0,0,0,0,0,0,0,0,1,0,0,0
data/external/actions/human_action_recognition/train/008305_listening_to_music.jpg,Bingsu/Human_Action_Recognition,listening_to_music,0,1,0,0,0,0,0,0,0,0,0,0,0,0,0,0,1,0,0,0
data/external/actions/human_action_recognition/train/008306_texting.jpg,Bingsu/Human_Action_Recognition,texting,0,1,0,0,0,0,0,0,0,0,0,0,0,0,0,0,1,0,0,0
data/external/actions/human_action_recognition/train/008307_using_laptop.jpg,Bingsu/Human_Action_Recognition,using_laptop,0,1,0,0,0,0,0,0,0,0,0,0,1,0,0,0,1,0,0,0
data/external/actions/human_action_recognition/train/008308_sitting.jpg,Bingsu/Human_Action_Recognition,sitting,0,1,0,0,0,0,0,0,0,0,0,0,0,0,0,0,1,0,0,0
data/external/actions/human_action_recognition/train/008309_hugging.jpg,Bingsu/Human_Action_Recognition,hugging,1,0,0,0,0,0,0,0,0,0,0,0,0,0,0,0,1,0,0,0
data/external/actions/human_action_recognition/train/008310_listening_to_music.jpg,Bingsu/Human_Action_Recognition,listening_to_music,0,1,0,0,0,0,0,0,0,0,0,0,0,0,0,0,1,0,0,0
data/external/actions/human_action_recognition/train/008311_listening_to_music.jpg,Bingsu/Human_Action_Recognition,listening_to_music,0,1,0,0,0,0,0,0,0,0,0,0,0,0,0,0,1,0,0,0
data/external/actions/human_action_recognition/train/008312_running.jpg,Bingsu/Human_Action_Recognition,running,0,0,0,0,0,0,1,0,0,0,0,0,0,0,0,0,0,1,1,0
data/external/actions/human_action_recognition/train/008313_dancing.jpg,Bingsu/Human_Action_Recognition,dancing,0,0,0,0,0,0,0,0,0,0,1,0,0,0,0,0,0,1,0,0
data/external/actions/human_action_recognition/train/008314_sitting.jpg,Bingsu/Human_Action_Recognition,sitting,0,1,0,0,0,0,0,0,0,0,0,0,0,0,0,0,1,0,0,0
data/external/actions/human_action_recognition/train/008315_eating.jpg,Bingsu/Human_Action_Recognition,eating,0,0,0,0,0,0,0,0,0,0,0,0,0,1,0,0,0,0,0,0
data/external/actions/human_action_recognition/train/008316_calling.jpg,Bingsu/Human_Action_Recognition,calling,1,0,0,0,0,0,0,0,0,0,0,0,0,0,0,0,1,0,0,0
data/external/actions/human_action_recognition/train/008317_clapping.jpg,Bingsu/Human_Action_Recognition,clapping,0,0,0,0,1,0,0,0,0,0,0,0,0,0,0,0,0,1,0,0
data/external/actions/human_action_recognition/train/008318_calling.jpg,Bingsu/Human_Action_Recognition,calling,1,0,0,0,0,0,0,0,0,0,0,0,0,0,0,0,1,0,0,0
data/external/actions/human_action_recognition/train/008319_eating.jpg,Bingsu/Human_Action_Recognition,eating,0,0,0,0,0,0,0,0,0,0,0,0,0,1,0,0,0,0,0,0
data/external/actions/human_action_recognition/train/008320_cycling.jpg,Bingsu/Human_Action_Recognition,cycling,0,0,0,0,0,0,0,0,1,0,0,0,0,0,0,0,0,1,0,0
data/external/actions/human_action_recognition/train/008321_running.jpg,Bingsu/Human_Action_Recognition,running,0,0,0,0,0,0,1,0,0,0,0,0,0,0,0,0,0,1,1,0
data/external/actions/human_action_recognition/train/008322_laughing.jpg,Bingsu/Human_Action_Recognition,laughing,1,0,0,0,0,0,0,0,0,0,0,0,0,0,0,0,1,0,0,0
data/external/actions/human_action_recognition/train/008323_fighting.jpg,Bingsu/Human_Action_Recognition,fighting,0,0,0,0,0,0,0,0,0,0,0,0,0,0,0,0,0,1,1,0
data/external/actions/human_action_recognition/train/008324_eating.jpg,Bingsu/Human_Action_Recognition,eating,0,0,0,0,0,0,0,0,0,0,0,0,0,1,0,0,0,0,0,0
data/external/actions/human_action_recognition/train/008325_sleeping.jpg,Bingsu/Human_Action_Recognition,sleeping,0,0,1,0,0,0,0,0,0,0,0,0,0,0,0,0,1,0,0,0
data/external/actions/human_action_recognition/train/008326_sleeping.jpg,Bingsu/Human_Action_Recognition,sleeping,0,0,1,0,0,0,0,0,0,0,0,0,0,0,0,0,1,0,0,0
data/external/actions/human_action_recognition/train/008327_cycling.jpg,Bingsu/Human_Action_Recognition,cycling,0,0,0,0,0,0,0,0,1,0,0,0,0,0,0,0,0,1,0,0
data/external/actions/human_action_recognition/train/008328_using_laptop.jpg,Bingsu/Human_Action_Recognition,using_laptop,0,1,0,0,0,0,0,0,0,0,0,0,1,0,0,0,1,0,0,0
data/external/actions/human_action_recognition/train/008329_texting.jpg,Bingsu/Human_Action_Recognition,texting,0,1,0,0,0,0,0,0,0,0,0,0,0,0,0,0,1,0,0,0
data/external/actions/human_action_recognition/train/008330_eating.jpg,Bingsu/Human_Action_Recognition,eating,0,0,0,0,0,0,0,0,0,0,0,0,0,1,0,0,0,0,0,0
data/external/actions/human_action_recognition/train/008331_eating.jpg,Bingsu/Human_Action_Recognition,eating,0,0,0,0,0,0,0,0,0,0,0,0,0,1,0,0,0,0,0,0
data/external/actions/human_action_recognition/train/008332_texting.jpg,Bingsu/Human_Action_Recognition,texting,0,1,0,0,0,0,0,0,0,0,0,0,0,0,0,0,1,0,0,0
data/external/actions/human_action_recognition/train/008333_cycling.jpg,Bingsu/Human_Action_Recognition,cycling,0,0,0,0,0,0,0,0,1,0,0,0,0,0,0,0,0,1,0,0
data/external/actions/human_action_recognition/train/008334_dancing.jpg,Bingsu/Human_Action_Recognition,dancing,0,0,0,0,0,0,0,0,0,0,1,0,0,0,0,0,0,1,0,0
data/external/actions/human_action_recognition/train/008335_hugging.jpg,Bingsu/Human_Action_Recognition,hugging,1,0,0,0,0,0,0,0,0,0,0,0,0,0,0,0,1,0,0,0
data/external/actions/human_action_recognition/train/008336_running.jpg,Bingsu/Human_Action_Recognition,running,0,0,0,0,0,0,1,0,0,0,0,0,0,0,0,0,0,1,1,0
data/external/actions/human_action_recognition/train/008337_clapping.jpg,Bingsu/Human_Action_Recognition,clapping,0,0,0,0,1,0,0,0,0,0,0,0,0,0,0,0,0,1,0,0
data/external/actions/human_action_recognition/train/008338_sleeping.jpg,Bingsu/Human_Action_Recognition,sleeping,0,0,1,0,0,0,0,0,0,0,0,0,0,0,0,0,1,0,0,0
data/external/actions/human_action_recognition/train/008339_using_laptop.jpg,Bingsu/Human_Action_Recognition,using_laptop,0,1,0,0,0,0,0,0,0,0,0,0,1,0,0,0,1,0,0,0
data/external/actions/human_action_recognition/train/008340_using_laptop.jpg,Bingsu/Human_Action_Recognition,using_laptop,0,1,0,0,0,0,0,0,0,0,0,0,1,0,0,0,1,0,0,0
data/external/actions/human_action_recognition/train/008341_cycling.jpg,Bingsu/Human_Action_Recognition,cycling,0,0,0,0,0,0,0,0,1,0,0,0,0,0,0,0,0,1,0,0
data/external/actions/human_action_recognition/train/008342_dancing.jpg,Bingsu/Human_Action_Recognition,dancing,0,0,0,0,0,0,0,0,0,0,1,0,0,0,0,0,0,1,0,0
data/external/actions/human_action_recognition/train/008343_listening_to_music.jpg,Bingsu/Human_Action_Recognition,listening_to_music,0,1,0,0,0,0,0,0,0,0,0,0,0,0,0,0,1,0,0,0
data/external/actions/human_action_recognition/train/008344_sitting.jpg,Bingsu/Human_Action_Recognition,sitting,0,1,0,0,0,0,0,0,0,0,0,0,0,0,0,0,1,0,0,0
data/external/actions/human_action_recognition/train/008345_sleeping.jpg,Bingsu/Human_Action_Recognition,sleeping,0,0,1,0,0,0,0,0,0,0,0,0,0,0,0,0,1,0,0,0
data/external/actions/human_action_recognition/train/008346_texting.jpg,Bingsu/Human_Action_Recognition,texting,0,1,0,0,0,0,0,0,0,0,0,0,0,0,0,0,1,0,0,0
data/external/actions/human_action_recognition/train/008347_cycling.jpg,Bingsu/Human_Action_Recognition,cycling,0,0,0,0,0,0,0,0,1,0,0,0,0,0,0,0,0,1,0,0
data/external/actions/human_action_recognition/train/008348_running.jpg,Bingsu/Human_Action_Recognition,running,0,0,0,0,0,0,1,0,0,0,0,0,0,0,0,0,0,1,1,0
data/external/actions/human_action_recognition/train/008349_using_laptop.jpg,Bingsu/Human_Action_Recognition,using_laptop,0,1,0,0,0,0,0,0,0,0,0,0,1,0,0,0,1,0,0,0
data/external/actions/human_action_recognition/train/008350_clapping.jpg,Bingsu/Human_Action_Recognition,clapping,0,0,0,0,1,0,0,0,0,0,0,0,0,0,0,0,0,1,0,0
data/external/actions/human_action_recognition/train/008351_texting.jpg,Bingsu/Human_Action_Recognition,texting,0,1,0,0,0,0,0,0,0,0,0,0,0,0,0,0,1,0,0,0
data/external/actions/human_action_recognition/train/008352_eating.jpg,Bingsu/Human_Action_Recognition,eating,0,0,0,0,0,0,0,0,0,0,0,0,0,1,0,0,0,0,0,0
data/external/actions/human_action_recognition/train/008353_sleeping.jpg,Bingsu/Human_Action_Recognition,sleeping,0,0,1,0,0,0,0,0,0,0,0,0,0,0,0,0,1,0,0,0
data/external/actions/human_action_recognition/train/008354_using_laptop.jpg,Bingsu/Human_Action_Recognition,using_laptop,0,1,0,0,0,0,0,0,0,0,0,0,1,0,0,0,1,0,0,0
data/external/actions/human_action_recognition/train/008355_sitting.jpg,Bingsu/Human_Action_Recognition,sitting,0,1,0,0,0,0,0,0,0,0,0,0,0,0,0,0,1,0,0,0
data/external/actions/human_action_recognition/train/008356_cycling.jpg,Bingsu/Human_Action_Recognition,cycling,0,0,0,0,0,0,0,0,1,0,0,0,0,0,0,0,0,1,0,0
data/external/actions/human_action_recognition/train/008357_running.jpg,Bingsu/Human_Action_Recognition,running,0,0,0,0,0,0,1,0,0,0,0,0,0,0,0,0,0,1,1,0
data/external/actions/human_action_recognition/train/008358_calling.jpg,Bingsu/Human_Action_Recognition,calling,1,0,0,0,0,0,0,0,0,0,0,0,0,0,0,0,1,0,0,0
data/external/actions/human_action_recognition/train/008359_eating.jpg,Bingsu/Human_Action_Recognition,eating,0,0,0,0,0,0,0,0,0,0,0,0,0,1,0,0,0,0,0,0
data/external/actions/human_action_recognition/train/008360_fighting.jpg,Bingsu/Human_Action_Recognition,fighting,0,0,0,0,0,0,0,0,0,0,0,0,0,0,0,0,0,1,1,0
data/external/actions/human_action_recognition/train/008361_sitting.jpg,Bingsu/Human_Action_Recognition,sitting,0,1,0,0,0,0,0,0,0,0,0,0,0,0,0,0,1,0,0,0
data/external/actions/human_action_recognition/train/008362_clapping.jpg,Bingsu/Human_Action_Recognition,clapping,0,0,0,0,1,0,0,0,0,0,0,0,0,0,0,0,0,1,0,0
data/external/actions/human_action_recognition/train/008363_calling.jpg,Bingsu/Human_Action_Recognition,calling,1,0,0,0,0,0,0,0,0,0,0,0,0,0,0,0,1,0,0,0
data/external/actions/human_action_recognition/train/008364_fighting.jpg,Bingsu/Human_Action_Recognition,fighting,0,0,0,0,0,0,0,0,0,0,0,0,0,0,0,0,0,1,1,0
data/external/actions/human_action_recognition/train/008365_dancing.jpg,Bingsu/Human_Action_Recognition,dancing,0,0,0,0,0,0,0,0,0,0,1,0,0,0,0,0,0,1,0,0
data/external/actions/human_action_recognition/train/008366_running.jpg,Bingsu/Human_Action_Recognition,running,0,0,0,0,0,0,1,0,0,0,0,0,0,0,0,0,0,1,1,0
data/external/actions/human_action_recognition/train/008367_sitting.jpg,Bingsu/Human_Action_Recognition,sitting,0,1,0,0,0,0,0,0,0,0,0,0,0,0,0,0,1,0,0,0
data/external/actions/human_action_recognition/train/008368_calling.jpg,Bingsu/Human_Action_Recognition,calling,1,0,0,0,0,0,0,0,0,0,0,0,0,0,0,0,1,0,0,0
data/external/actions/human_action_recognition/train/008369_calling.jpg,Bingsu/Human_Action_Recognition,calling,1,0,0,0,0,0,0,0,0,0,0,0,0,0,0,0,1,0,0,0
data/external/actions/human_action_recognition/train/008370_hugging.jpg,Bingsu/Human_Action_Recognition,hugging,1,0,0,0,0,0,0,0,0,0,0,0,0,0,0,0,1,0,0,0
data/external/actions/human_action_recognition/train/008371_using_laptop.jpg,Bingsu/Human_Action_Recognition,using_laptop,0,1,0,0,0,0,0,0,0,0,0,0,1,0,0,0,1,0,0,0
data/external/actions/human_action_recognition/train/008372_cycling.jpg,Bingsu/Human_Action_Recognition,cycling,0,0,0,0,0,0,0,0,1,0,0,0,0,0,0,0,0,1,0,0
data/external/actions/human_action_recognition/train/008373_sleeping.jpg,Bingsu/Human_Action_Recognition,sleeping,0,0,1,0,0,0,0,0,0,0,0,0,0,0,0,0,1,0,0,0
data/external/actions/human_action_recognition/train/008374_dancing.jpg,Bingsu/Human_Action_Recognition,dancing,0,0,0,0,0,0,0,0,0,0,1,0,0,0,0,0,0,1,0,0
data/external/actions/human_action_recognition/train/008375_clapping.jpg,Bingsu/Human_Action_Recognition,clapping,0,0,0,0,1,0,0,0,0,0,0,0,0,0,0,0,0,1,0,0
data/external/actions/human_action_recognition/train/008376_dancing.jpg,Bingsu/Human_Action_Recognition,dancing,0,0,0,0,0,0,0,0,0,0,1,0,0,0,0,0,0,1,0,0
data/external/actions/human_action_recognition/train/008377_running.jpg,Bingsu/Human_Action_Recognition,running,0,0,0,0,0,0,1,0,0,0,0,0,0,0,0,0,0,1,1,0
data/external/actions/human_action_recognition/train/008378_laughing.jpg,Bingsu/Human_Action_Recognition,laughing,1,0,0,0,0,0,0,0,0,0,0,0,0,0,0,0,1,0,0,0
data/external/actions/human_action_recognition/train/008379_drinking.jpg,Bingsu/Human_Action_Recognition,drinking,0,0,0,0,0,0,0,0,0,0,0,0,0,0,1,0,0,0,0,0
data/external/actions/human_action_recognition/train/008380_cycling.jpg,Bingsu/Human_Action_Recognition,cycling,0,0,0,0,0,0,0,0,1,0,0,0,0,0,0,0,0,1,0,0
data/external/actions/human_action_recognition/train/008381_using_laptop.jpg,Bingsu/Human_Action_Recognition,using_laptop,0,1,0,0,0,0,0,0,0,0,0,0,1,0,0,0,1,0,0,0
data/external/actions/human_action_recognition/train/008382_calling.jpg,Bingsu/Human_Action_Recognition,calling,1,0,0,0,0,0,0,0,0,0,0,0,0,0,0,0,1,0,0,0
data/external/actions/human_action_recognition/train/008383_listening_to_music.jpg,Bingsu/Human_Action_Recognition,listening_to_music,0,1,0,0,0,0,0,0,0,0,0,0,0,0,0,0,1,0,0,0
data/external/actions/human_action_recognition/train/008384_calling.jpg,Bingsu/Human_Action_Recognition,calling,1,0,0,0,0,0,0,0,0,0,0,0,0,0,0,0,1,0,0,0
data/external/actions/human_action_recognition/train/008385_hugging.jpg,Bingsu/Human_Action_Recognition,hugging,1,0,0,0,0,0,0,0,0,0,0,0,0,0,0,0,1,0,0,0
data/external/actions/human_action_recognition/train/008386_dancing.jpg,Bingsu/Human_Action_Recognition,dancing,0,0,0,0,0,0,0,0,0,0,1,0,0,0,0,0,0,1,0,0
data/external/actions/human_action_recognition/train/008387_using_laptop.jpg,Bingsu/Human_Action_Recognition,using_laptop,0,1,0,0,0,0,0,0,0,0,0,0,1,0,0,0,1,0,0,0
data/external/actions/human_action_recognition/train/008388_hugging.jpg,Bingsu/Human_Action_Recognition,hugging,1,0,0,0,0,0,0,0,0,0,0,0,0,0,0,0,1,0,0,0
data/external/actions/human_action_recognition/train/008389_dancing.jpg,Bingsu/Human_Action_Recognition,dancing,0,0,0,0,0,0,0,0,0,0,1,0,0,0,0,0,0,1,0,0
data/external/actions/human_action_recognition/train/008390_clapping.jpg,Bingsu/Human_Action_Recognition,clapping,0,0,0,0,1,0,0,0,0,0,0,0,0,0,0,0,0,1,0,0
data/external/actions/human_action_recognition/train/008391_calling.jpg,Bingsu/Human_Action_Recognition,calling,1,0,0,0,0,0,0,0,0,0,0,0,0,0,0,0,1,0,0,0
data/external/actions/human_action_recognition/train/008392_eating.jpg,Bingsu/Human_Action_Recognition,eating,0,0,0,0,0,0,0,0,0,0,0,0,0,1,0,0,0,0,0,0
data/external/actions/human_action_recognition/train/008393_hugging.jpg,Bingsu/Human_Action_Recognition,hugging,1,0,0,0,0,0,0,0,0,0,0,0,0,0,0,0,1,0,0,0
data/external/actions/human_action_recognition/train/008394_running.jpg,Bingsu/Human_Action_Recognition,running,0,0,0,0,0,0,1,0,0,0,0,0,0,0,0,0,0,1,1,0
data/external/actions/human_action_recognition/train/008395_using_laptop.jpg,Bingsu/Human_Action_Recognition,using_laptop,0,1,0,0,0,0,0,0,0,0,0,0,1,0,0,0,1,0,0,0
data/external/actions/human_action_recognition/train/008396_hugging.jpg,Bingsu/Human_Action_Recognition,hugging,1,0,0,0,0,0,0,0,0,0,0,0,0,0,0,0,1,0,0,0
data/external/actions/human_action_recognition/train/008397_listening_to_music.jpg,Bingsu/Human_Action_Recognition,listening_to_music,0,1,0,0,0,0,0,0,0,0,0,0,0,0,0,0,1,0,0,0
data/external/actions/human_action_recognition/train/008398_listening_to_music.jpg,Bingsu/Human_Action_Recognition,listening_to_music,0,1,0,0,0,0,0,0,0,0,0,0,0,0,0,0,1,0,0,0
data/external/actions/human_action_recognition/train/008399_clapping.jpg,Bingsu/Human_Action_Recognition,clapping,0,0,0,0,1,0,0,0,0,0,0,0,0,0,0,0,0,1,0,0
data/external/actions/human_action_recognition/train/008400_listening_to_music.jpg,Bingsu/Human_Action_Recognition,listening_to_music,0,1,0,0,0,0,0,0,0,0,0,0,0,0,0,0,1,0,0,0
data/external/actions/human_action_recognition/train/008401_running.jpg,Bingsu/Human_Action_Recognition,running,0,0,0,0,0,0,1,0,0,0,0,0,0,0,0,0,0,1,1,0
data/external/actions/human_action_recognition/train/008402_running.jpg,Bingsu/Human_Action_Recognition,running,0,0,0,0,0,0,1,0,0,0,0,0,0,0,0,0,0,1,1,0
data/external/actions/human_action_recognition/train/008403_listening_to_music.jpg,Bingsu/Human_Action_Recognition,listening_to_music,0,1,0,0,0,0,0,0,0,0,0,0,0,0,0,0,1,0,0,0
data/external/actions/human_action_recognition/train/008404_clapping.jpg,Bingsu/Human_Action_Recognition,clapping,0,0,0,0,1,0,0,0,0,0,0,0,0,0,0,0,0,1,0,0
data/external/actions/human_action_recognition/train/008405_using_laptop.jpg,Bingsu/Human_Action_Recognition,using_laptop,0,1,0,0,0,0,0,0,0,0,0,0,1,0,0,0,1,0,0,0
data/external/actions/human_action_recognition/train/008406_fighting.jpg,Bingsu/Human_Action_Recognition,fighting,0,0,0,0,0,0,0,0,0,0,0,0,0,0,0,0,0,1,1,0
data/external/actions/human_action_recognition/train/008407_clapping.jpg,Bingsu/Human_Action_Recognition,clapping,0,0,0,0,1,0,0,0,0,0,0,0,0,0,0,0,0,1,0,0
data/external/actions/human_action_recognition/train/008408_running.jpg,Bingsu/Human_Action_Recognition,running,0,0,0,0,0,0,1,0,0,0,0,0,0,0,0,0,0,1,1,0
data/external/actions/human_action_recognition/train/008409_running.jpg,Bingsu/Human_Action_Recognition,running,0,0,0,0,0,0,1,0,0,0,0,0,0,0,0,0,0,1,1,0
data/external/actions/human_action_recognition/train/008410_drinking.jpg,Bingsu/Human_Action_Recognition,drinking,0,0,0,0,0,0,0,0,0,0,0,0,0,0,1,0,0,0,0,0
data/external/actions/human_action_recognition/train/008411_laughing.jpg,Bingsu/Human_Action_Recognition,laughing,1,0,0,0,0,0,0,0,0,0,0,0,0,0,0,0,1,0,0,0
data/external/actions/human_action_recognition/train/008412_sleeping.jpg,Bingsu/Human_Action_Recognition,sleeping,0,0,1,0,0,0,0,0,0,0,0,0,0,0,0,0,1,0,0,0
data/external/actions/human_action_recognition/train/008413_texting.jpg,Bingsu/Human_Action_Recognition,texting,0,1,0,0,0,0,0,0,0,0,0,0,0,0,0,0,1,0,0,0
data/external/actions/human_action_recognition/train/008414_sitting.jpg,Bingsu/Human_Action_Recognition,sitting,0,1,0,0,0,0,0,0,0,0,0,0,0,0,0,0,1,0,0,0
data/external/actions/human_action_recognition/train/008415_texting.jpg,Bingsu/Human_Action_Recognition,texting,0,1,0,0,0,0,0,0,0,0,0,0,0,0,0,0,1,0,0,0
data/external/actions/human_action_recognition/train/008416_eating.jpg,Bingsu/Human_Action_Recognition,eating,0,0,0,0,0,0,0,0,0,0,0,0,0,1,0,0,0,0,0,0
data/external/actions/human_action_recognition/train/008417_texting.jpg,Bingsu/Human_Action_Recognition,texting,0,1,0,0,0,0,0,0,0,0,0,0,0,0,0,0,1,0,0,0
data/external/actions/human_action_recognition/train/008418_calling.jpg,Bingsu/Human_Action_Recognition,calling,1,0,0,0,0,0,0,0,0,0,0,0,0,0,0,0,1,0,0,0
data/external/actions/human_action_recognition/train/008419_dancing.jpg,Bingsu/Human_Action_Recognition,dancing,0,0,0,0,0,0,0,0,0,0,1,0,0,0,0,0,0,1,0,0
data/external/actions/human_action_recognition/train/008420_dancing.jpg,Bingsu/Human_Action_Recognition,dancing,0,0,0,0,0,0,0,0,0,0,1,0,0,0,0,0,0,1,0,0
data/external/actions/human_action_recognition/train/008421_running.jpg,Bingsu/Human_Action_Recognition,running,0,0,0,0,0,0,1,0,0,0,0,0,0,0,0,0,0,1,1,0
data/external/actions/human_action_recognition/train/008422_running.jpg,Bingsu/Human_Action_Recognition,running,0,0,0,0,0,0,1,0,0,0,0,0,0,0,0,0,0,1,1,0
data/external/actions/human_action_recognition/train/008423_sleeping.jpg,Bingsu/Human_Action_Recognition,sleeping,0,0,1,0,0,0,0,0,0,0,0,0,0,0,0,0,1,0,0,0
data/external/actions/human_action_recognition/train/008424_texting.jpg,Bingsu/Human_Action_Recognition,texting,0,1,0,0,0,0,0,0,0,0,0,0,0,0,0,0,1,0,0,0
data/external/actions/human_action_recognition/train/008425_sitting.jpg,Bingsu/Human_Action_Recognition,sitting,0,1,0,0,0,0,0,0,0,0,0,0,0,0,0,0,1,0,0,0
data/external/actions/human_action_recognition/train/008426_sleeping.jpg,Bingsu/Human_Action_Recognition,sleeping,0,0,1,0,0,0,0,0,0,0,0,0,0,0,0,0,1,0,0,0
data/external/actions/human_action_recognition/train/008427_cycling.jpg,Bingsu/Human_Action_Recognition,cycling,0,0,0,0,0,0,0,0,1,0,0,0,0,0,0,0,0,1,0,0
data/external/actions/human_action_recognition/train/008428_eating.jpg,Bingsu/Human_Action_Recognition,eating,0,0,0,0,0,0,0,0,0,0,0,0,0,1,0,0,0,0,0,0
data/external/actions/human_action_recognition/train/008429_using_laptop.jpg,Bingsu/Human_Action_Recognition,using_laptop,0,1,0,0,0,0,0,0,0,0,0,0,1,0,0,0,1,0,0,0
data/external/actions/human_action_recognition/train/008430_listening_to_music.jpg,Bingsu/Human_Action_Recognition,listening_to_music,0,1,0,0,0,0,0,0,0,0,0,0,0,0,0,0,1,0,0,0
data/external/actions/human_action_recognition/train/008431_eating.jpg,Bingsu/Human_Action_Recognition,eating,0,0,0,0,0,0,0,0,0,0,0,0,0,1,0,0,0,0,0,0
data/external/actions/human_action_recognition/train/008432_clapping.jpg,Bingsu/Human_Action_Recognition,clapping,0,0,0,0,1,0,0,0,0,0,0,0,0,0,0,0,0,1,0,0
data/external/actions/human_action_recognition/train/008433_sitting.jpg,Bingsu/Human_Action_Recognition,sitting,0,1,0,0,0,0,0,0,0,0,0,0,0,0,0,0,1,0,0,0
data/external/actions/human_action_recognition/train/008434_running.jpg,Bingsu/Human_Action_Recognition,running,0,0,0,0,0,0,1,0,0,0,0,0,0,0,0,0,0,1,1,0
data/external/actions/human_action_recognition/train/008435_sitting.jpg,Bingsu/Human_Action_Recognition,sitting,0,1,0,0,0,0,0,0,0,0,0,0,0,0,0,0,1,0,0,0
data/external/actions/human_action_recognition/train/008436_cycling.jpg,Bingsu/Human_Action_Recognition,cycling,0,0,0,0,0,0,0,0,1,0,0,0,0,0,0,0,0,1,0,0
data/external/actions/human_action_recognition/train/008437_clapping.jpg,Bingsu/Human_Action_Recognition,clapping,0,0,0,0,1,0,0,0,0,0,0,0,0,0,0,0,0,1,0,0
data/external/actions/human_action_recognition/train/008438_drinking.jpg,Bingsu/Human_Action_Recognition,drinking,0,0,0,0,0,0,0,0,0,0,0,0,0,0,1,0,0,0,0,0
data/external/actions/human_action_recognition/train/008439_running.jpg,Bingsu/Human_Action_Recognition,running,0,0,0,0,0,0,1,0,0,0,0,0,0,0,0,0,0,1,1,0
data/external/actions/human_action_recognition/train/008440_eating.jpg,Bingsu/Human_Action_Recognition,eating,0,0,0,0,0,0,0,0,0,0,0,0,0,1,0,0,0,0,0,0
data/external/actions/human_action_recognition/train/008441_drinking.jpg,Bingsu/Human_Action_Recognition,drinking,0,0,0,0,0,0,0,0,0,0,0,0,0,0,1,0,0,0,0,0
data/external/actions/human_action_recognition/train/008442_using_laptop.jpg,Bingsu/Human_Action_Recognition,using_laptop,0,1,0,0,0,0,0,0,0,0,0,0,1,0,0,0,1,0,0,0
data/external/actions/human_action_recognition/train/008443_sleeping.jpg,Bingsu/Human_Action_Recognition,sleeping,0,0,1,0,0,0,0,0,0,0,0,0,0,0,0,0,1,0,0,0
data/external/actions/human_action_recognition/train/008444_clapping.jpg,Bingsu/Human_Action_Recognition,clapping,0,0,0,0,1,0,0,0,0,0,0,0,0,0,0,0,0,1,0,0
data/external/actions/human_action_recognition/train/008445_cycling.jpg,Bingsu/Human_Action_Recognition,cycling,0,0,0,0,0,0,0,0,1,0,0,0,0,0,0,0,0,1,0,0
data/external/actions/human_action_recognition/train/008446_using_laptop.jpg,Bingsu/Human_Action_Recognition,using_laptop,0,1,0,0,0,0,0,0,0,0,0,0,1,0,0,0,1,0,0,0
data/external/actions/human_action_recognition/train/008447_cycling.jpg,Bingsu/Human_Action_Recognition,cycling,0,0,0,0,0,0,0,0,1,0,0,0,0,0,0,0,0,1,0,0
data/external/actions/human_action_recognition/train/008448_cycling.jpg,Bingsu/Human_Action_Recognition,cycling,0,0,0,0,0,0,0,0,1,0,0,0,0,0,0,0,0,1,0,0
data/external/actions/human_action_recognition/train/008449_eating.jpg,Bingsu/Human_Action_Recognition,eating,0,0,0,0,0,0,0,0,0,0,0,0,0,1,0,0,0,0,0,0
data/external/actions/human_action_recognition/train/008450_clapping.jpg,Bingsu/Human_Action_Recognition,clapping,0,0,0,0,1,0,0,0,0,0,0,0,0,0,0,0,0,1,0,0
data/external/actions/human_action_recognition/train/008451_calling.jpg,Bingsu/Human_Action_Recognition,calling,1,0,0,0,0,0,0,0,0,0,0,0,0,0,0,0,1,0,0,0
data/external/actions/human_action_recognition/train/008452_laughing.jpg,Bingsu/Human_Action_Recognition,laughing,1,0,0,0,0,0,0,0,0,0,0,0,0,0,0,0,1,0,0,0
data/external/actions/human_action_recognition/train/008453_calling.jpg,Bingsu/Human_Action_Recognition,calling,1,0,0,0,0,0,0,0,0,0,0,0,0,0,0,0,1,0,0,0
data/external/actions/human_action_recognition/train/008454_sitting.jpg,Bingsu/Human_Action_Recognition,sitting,0,1,0,0,0,0,0,0,0,0,0,0,0,0,0,0,1,0,0,0
data/external/actions/human_action_recognition/train/008455_clapping.jpg,Bingsu/Human_Action_Recognition,clapping,0,0,0,0,1,0,0,0,0,0,0,0,0,0,0,0,0,1,0,0
data/external/actions/human_action_recognition/train/008456_drinking.jpg,Bingsu/Human_Action_Recognition,drinking,0,0,0,0,0,0,0,0,0,0,0,0,0,0,1,0,0,0,0,0
data/external/actions/human_action_recognition/train/008457_texting.jpg,Bingsu/Human_Action_Recognition,texting,0,1,0,0,0,0,0,0,0,0,0,0,0,0,0,0,1,0,0,0
data/external/actions/human_action_recognition/train/008458_laughing.jpg,Bingsu/Human_Action_Recognition,laughing,1,0,0,0,0,0,0,0,0,0,0,0,0,0,0,0,1,0,0,0
data/external/actions/human_action_recognition/train/008459_laughing.jpg,Bingsu/Human_Action_Recognition,laughing,1,0,0,0,0,0,0,0,0,0,0,0,0,0,0,0,1,0,0,0
data/external/actions/human_action_recognition/train/008460_texting.jpg,Bingsu/Human_Action_Recognition,texting,0,1,0,0,0,0,0,0,0,0,0,0,0,0,0,0,1,0,0,0
data/external/actions/human_action_recognition/train/008461_calling.jpg,Bingsu/Human_Action_Recognition,calling,1,0,0,0,0,0,0,0,0,0,0,0,0,0,0,0,1,0,0,0
data/external/actions/human_action_recognition/train/008462_cycling.jpg,Bingsu/Human_Action_Recognition,cycling,0,0,0,0,0,0,0,0,1,0,0,0,0,0,0,0,0,1,0,0
data/external/actions/human_action_recognition/train/008463_dancing.jpg,Bingsu/Human_Action_Recognition,dancing,0,0,0,0,0,0,0,0,0,0,1,0,0,0,0,0,0,1,0,0
data/external/actions/human_action_recognition/train/008464_listening_to_music.jpg,Bingsu/Human_Action_Recognition,listening_to_music,0,1,0,0,0,0,0,0,0,0,0,0,0,0,0,0,1,0,0,0
data/external/actions/human_action_recognition/train/008465_drinking.jpg,Bingsu/Human_Action_Recognition,drinking,0,0,0,0,0,0,0,0,0,0,0,0,0,0,1,0,0,0,0,0
data/external/actions/human_action_recognition/train/008466_laughing.jpg,Bingsu/Human_Action_Recognition,laughing,1,0,0,0,0,0,0,0,0,0,0,0,0,0,0,0,1,0,0,0
data/external/actions/human_action_recognition/train/008467_sitting.jpg,Bingsu/Human_Action_Recognition,sitting,0,1,0,0,0,0,0,0,0,0,0,0,0,0,0,0,1,0,0,0
data/external/actions/human_action_recognition/train/008468_clapping.jpg,Bingsu/Human_Action_Recognition,clapping,0,0,0,0,1,0,0,0,0,0,0,0,0,0,0,0,0,1,0,0
data/external/actions/human_action_recognition/train/008469_clapping.jpg,Bingsu/Human_Action_Recognition,clapping,0,0,0,0,1,0,0,0,0,0,0,0,0,0,0,0,0,1,0,0
data/external/actions/human_action_recognition/train/008470_dancing.jpg,Bingsu/Human_Action_Recognition,dancing,0,0,0,0,0,0,0,0,0,0,1,0,0,0,0,0,0,1,0,0
data/external/actions/human_action_recognition/train/008471_clapping.jpg,Bingsu/Human_Action_Recognition,clapping,0,0,0,0,1,0,0,0,0,0,0,0,0,0,0,0,0,1,0,0
data/external/actions/human_action_recognition/train/008472_drinking.jpg,Bingsu/Human_Action_Recognition,drinking,0,0,0,0,0,0,0,0,0,0,0,0,0,0,1,0,0,0,0,0
data/external/actions/human_action_recognition/train/008473_calling.jpg,Bingsu/Human_Action_Recognition,calling,1,0,0,0,0,0,0,0,0,0,0,0,0,0,0,0,1,0,0,0
data/external/actions/human_action_recognition/train/008474_cycling.jpg,Bingsu/Human_Action_Recognition,cycling,0,0,0,0,0,0,0,0,1,0,0,0,0,0,0,0,0,1,0,0
data/external/actions/human_action_recognition/train/008475_listening_to_music.jpg,Bingsu/Human_Action_Recognition,listening_to_music,0,1,0,0,0,0,0,0,0,0,0,0,0,0,0,0,1,0,0,0
data/external/actions/human_action_recognition/train/008476_listening_to_music.jpg,Bingsu/Human_Action_Recognition,listening_to_music,0,1,0,0,0,0,0,0,0,0,0,0,0,0,0,0,1,0,0,0
data/external/actions/human_action_recognition/train/008477_texting.jpg,Bingsu/Human_Action_Recognition,texting,0,1,0,0,0,0,0,0,0,0,0,0,0,0,0,0,1,0,0,0
data/external/actions/human_action_recognition/train/008478_dancing.jpg,Bingsu/Human_Action_Recognition,dancing,0,0,0,0,0,0,0,0,0,0,1,0,0,0,0,0,0,1,0,0
data/external/actions/human_action_recognition/train/008479_drinking.jpg,Bingsu/Human_Action_Recognition,drinking,0,0,0,0,0,0,0,0,0,0,0,0,0,0,1,0,0,0,0,0
data/external/actions/human_action_recognition/train/008480_sleeping.jpg,Bingsu/Human_Action_Recognition,sleeping,0,0,1,0,0,0,0,0,0,0,0,0,0,0,0,0,1,0,0,0
data/external/actions/human_action_recognition/train/008481_sitting.jpg,Bingsu/Human_Action_Recognition,sitting,0,1,0,0,0,0,0,0,0,0,0,0,0,0,0,0,1,0,0,0
data/external/actions/human_action_recognition/train/008482_sleeping.jpg,Bingsu/Human_Action_Recognition,sleeping,0,0,1,0,0,0,0,0,0,0,0,0,0,0,0,0,1,0,0,0
data/external/actions/human_action_recognition/train/008483_using_laptop.jpg,Bingsu/Human_Action_Recognition,using_laptop,0,1,0,0,0,0,0,0,0,0,0,0,1,0,0,0,1,0,0,0
data/external/actions/human_action_recognition/train/008484_clapping.jpg,Bingsu/Human_Action_Recognition,clapping,0,0,0,0,1,0,0,0,0,0,0,0,0,0,0,0,0,1,0,0
data/external/actions/human_action_recognition/train/008485_cycling.jpg,Bingsu/Human_Action_Recognition,cycling,0,0,0,0,0,0,0,0,1,0,0,0,0,0,0,0,0,1,0,0
data/external/actions/human_action_recognition/train/008486_listening_to_music.jpg,Bingsu/Human_Action_Recognition,listening_to_music,0,1,0,0,0,0,0,0,0,0,0,0,0,0,0,0,1,0,0,0
data/external/actions/human_action_recognition/train/008487_hugging.jpg,Bingsu/Human_Action_Recognition,hugging,1,0,0,0,0,0,0,0,0,0,0,0,0,0,0,0,1,0,0,0
data/external/actions/human_action_recognition/train/008488_drinking.jpg,Bingsu/Human_Action_Recognition,drinking,0,0,0,0,0,0,0,0,0,0,0,0,0,0,1,0,0,0,0,0
data/external/actions/human_action_recognition/train/008489_dancing.jpg,Bingsu/Human_Action_Recognition,dancing,0,0,0,0,0,0,0,0,0,0,1,0,0,0,0,0,0,1,0,0
data/external/actions/human_action_recognition/train/008490_using_laptop.jpg,Bingsu/Human_Action_Recognition,using_laptop,0,1,0,0,0,0,0,0,0,0,0,0,1,0,0,0,1,0,0,0
data/external/actions/human_action_recognition/train/008491_eating.jpg,Bingsu/Human_Action_Recognition,eating,0,0,0,0,0,0,0,0,0,0,0,0,0,1,0,0,0,0,0,0
data/external/actions/human_action_recognition/train/008492_cycling.jpg,Bingsu/Human_Action_Recognition,cycling,0,0,0,0,0,0,0,0,1,0,0,0,0,0,0,0,0,1,0,0
data/external/actions/human_action_recognition/train/008493_dancing.jpg,Bingsu/Human_Action_Recognition,dancing,0,0,0,0,0,0,0,0,0,0,1,0,0,0,0,0,0,1,0,0
data/external/actions/human_action_recognition/train/008494_laughing.jpg,Bingsu/Human_Action_Recognition,laughing,1,0,0,0,0,0,0,0,0,0,0,0,0,0,0,0,1,0,0,0
data/external/actions/human_action_recognition/train/008495_clapping.jpg,Bingsu/Human_Action_Recognition,clapping,0,0,0,0,1,0,0,0,0,0,0,0,0,0,0,0,0,1,0,0
data/external/actions/human_action_recognition/train/008496_using_laptop.jpg,Bingsu/Human_Action_Recognition,using_laptop,0,1,0,0,0,0,0,0,0,0,0,0,1,0,0,0,1,0,0,0
data/external/actions/human_action_recognition/train/008497_running.jpg,Bingsu/Human_Action_Recognition,running,0,0,0,0,0,0,1,0,0,0,0,0,0,0,0,0,0,1,1,0
data/external/actions/human_action_recognition/train/008498_calling.jpg,Bingsu/Human_Action_Recognition,calling,1,0,0,0,0,0,0,0,0,0,0,0,0,0,0,0,1,0,0,0
data/external/actions/human_action_recognition/train/008499_listening_to_music.jpg,Bingsu/Human_Action_Recognition,listening_to_music,0,1,0,0,0,0,0,0,0,0,0,0,0,0,0,0,1,0,0,0
data/external/actions/human_action_recognition/train/008500_eating.jpg,Bingsu/Human_Action_Recognition,eating,0,0,0,0,0,0,0,0,0,0,0,0,0,1,0,0,0,0,0,0
data/external/actions/human_action_recognition/train/008501_sleeping.jpg,Bingsu/Human_Action_Recognition,sleeping,0,0,1,0,0,0,0,0,0,0,0,0,0,0,0,0,1,0,0,0
data/external/actions/human_action_recognition/train/008502_texting.jpg,Bingsu/Human_Action_Recognition,texting,0,1,0,0,0,0,0,0,0,0,0,0,0,0,0,0,1,0,0,0
data/external/actions/human_action_recognition/train/008503_sitting.jpg,Bingsu/Human_Action_Recognition,sitting,0,1,0,0,0,0,0,0,0,0,0,0,0,0,0,0,1,0,0,0
data/external/actions/human_action_recognition/train/008504_calling.jpg,Bingsu/Human_Action_Recognition,calling,1,0,0,0,0,0,0,0,0,0,0,0,0,0,0,0,1,0,0,0
data/external/actions/human_action_recognition/train/008505_drinking.jpg,Bingsu/Human_Action_Recognition,drinking,0,0,0,0,0,0,0,0,0,0,0,0,0,0,1,0,0,0,0,0
data/external/actions/human_action_recognition/train/008506_using_laptop.jpg,Bingsu/Human_Action_Recognition,using_laptop,0,1,0,0,0,0,0,0,0,0,0,0,1,0,0,0,1,0,0,0
data/external/actions/human_action_recognition/train/008507_clapping.jpg,Bingsu/Human_Action_Recognition,clapping,0,0,0,0,1,0,0,0,0,0,0,0,0,0,0,0,0,1,0,0
data/external/actions/human_action_recognition/train/008508_clapping.jpg,Bingsu/Human_Action_Recognition,clapping,0,0,0,0,1,0,0,0,0,0,0,0,0,0,0,0,0,1,0,0
data/external/actions/human_action_recognition/train/008509_listening_to_music.jpg,Bingsu/Human_Action_Recognition,listening_to_music,0,1,0,0,0,0,0,0,0,0,0,0,0,0,0,0,1,0,0,0
data/external/actions/human_action_recognition/train/008510_using_laptop.jpg,Bingsu/Human_Action_Recognition,using_laptop,0,1,0,0,0,0,0,0,0,0,0,0,1,0,0,0,1,0,0,0
data/external/actions/human_action_recognition/train/008511_fighting.jpg,Bingsu/Human_Action_Recognition,fighting,0,0,0,0,0,0,0,0,0,0,0,0,0,0,0,0,0,1,1,0
data/external/actions/human_action_recognition/train/008512_listening_to_music.jpg,Bingsu/Human_Action_Recognition,listening_to_music,0,1,0,0,0,0,0,0,0,0,0,0,0,0,0,0,1,0,0,0
data/external/actions/human_action_recognition/train/008513_drinking.jpg,Bingsu/Human_Action_Recognition,drinking,0,0,0,0,0,0,0,0,0,0,0,0,0,0,1,0,0,0,0,0
data/external/actions/human_action_recognition/train/008514_eating.jpg,Bingsu/Human_Action_Recognition,eating,0,0,0,0,0,0,0,0,0,0,0,0,0,1,0,0,0,0,0,0
data/external/actions/human_action_recognition/train/008515_hugging.jpg,Bingsu/Human_Action_Recognition,hugging,1,0,0,0,0,0,0,0,0,0,0,0,0,0,0,0,1,0,0,0
data/external/actions/human_action_recognition/train/008516_sitting.jpg,Bingsu/Human_Action_Recognition,sitting,0,1,0,0,0,0,0,0,0,0,0,0,0,0,0,0,1,0,0,0
data/external/actions/human_action_recognition/train/008517_running.jpg,Bingsu/Human_Action_Recognition,running,0,0,0,0,0,0,1,0,0,0,0,0,0,0,0,0,0,1,1,0
data/external/actions/human_action_recognition/train/008518_cycling.jpg,Bingsu/Human_Action_Recognition,cycling,0,0,0,0,0,0,0,0,1,0,0,0,0,0,0,0,0,1,0,0
data/external/actions/human_action_recognition/train/008519_using_laptop.jpg,Bingsu/Human_Action_Recognition,using_laptop,0,1,0,0,0,0,0,0,0,0,0,0,1,0,0,0,1,0,0,0
data/external/actions/human_action_recognition/train/008520_texting.jpg,Bingsu/Human_Action_Recognition,texting,0,1,0,0,0,0,0,0,0,0,0,0,0,0,0,0,1,0,0,0
data/external/actions/human_action_recognition/train/008521_using_laptop.jpg,Bingsu/Human_Action_Recognition,using_laptop,0,1,0,0,0,0,0,0,0,0,0,0,1,0,0,0,1,0,0,0
data/external/actions/human_action_recognition/train/008522_sleeping.jpg,Bingsu/Human_Action_Recognition,sleeping,0,0,1,0,0,0,0,0,0,0,0,0,0,0,0,0,1,0,0,0
data/external/actions/human_action_recognition/train/008523_calling.jpg,Bingsu/Human_Action_Recognition,calling,1,0,0,0,0,0,0,0,0,0,0,0,0,0,0,0,1,0,0,0
data/external/actions/human_action_recognition/train/008524_running.jpg,Bingsu/Human_Action_Recognition,running,0,0,0,0,0,0,1,0,0,0,0,0,0,0,0,0,0,1,1,0
data/external/actions/human_action_recognition/train/008525_using_laptop.jpg,Bingsu/Human_Action_Recognition,using_laptop,0,1,0,0,0,0,0,0,0,0,0,0,1,0,0,0,1,0,0,0
data/external/actions/human_action_recognition/train/008526_texting.jpg,Bingsu/Human_Action_Recognition,texting,0,1,0,0,0,0,0,0,0,0,0,0,0,0,0,0,1,0,0,0
data/external/actions/human_action_recognition/train/008527_using_laptop.jpg,Bingsu/Human_Action_Recognition,using_laptop,0,1,0,0,0,0,0,0,0,0,0,0,1,0,0,0,1,0,0,0
data/external/actions/human_action_recognition/train/008528_drinking.jpg,Bingsu/Human_Action_Recognition,drinking,0,0,0,0,0,0,0,0,0,0,0,0,0,0,1,0,0,0,0,0
data/external/actions/human_action_recognition/train/008529_cycling.jpg,Bingsu/Human_Action_Recognition,cycling,0,0,0,0,0,0,0,0,1,0,0,0,0,0,0,0,0,1,0,0
data/external/actions/human_action_recognition/train/008530_drinking.jpg,Bingsu/Human_Action_Recognition,drinking,0,0,0,0,0,0,0,0,0,0,0,0,0,0,1,0,0,0,0,0
data/external/actions/human_action_recognition/train/008531_calling.jpg,Bingsu/Human_Action_Recognition,calling,1,0,0,0,0,0,0,0,0,0,0,0,0,0,0,0,1,0,0,0
data/external/actions/human_action_recognition/train/008532_fighting.jpg,Bingsu/Human_Action_Recognition,fighting,0,0,0,0,0,0,0,0,0,0,0,0,0,0,0,0,0,1,1,0
data/external/actions/human_action_recognition/train/008533_sleeping.jpg,Bingsu/Human_Action_Recognition,sleeping,0,0,1,0,0,0,0,0,0,0,0,0,0,0,0,0,1,0,0,0
data/external/actions/human_action_recognition/train/008534_eating.jpg,Bingsu/Human_Action_Recognition,eating,0,0,0,0,0,0,0,0,0,0,0,0,0,1,0,0,0,0,0,0
data/external/actions/human_action_recognition/train/008535_laughing.jpg,Bingsu/Human_Action_Recognition,laughing,1,0,0,0,0,0,0,0,0,0,0,0,0,0,0,0,1,0,0,0
data/external/actions/human_action_recognition/train/008536_drinking.jpg,Bingsu/Human_Action_Recognition,drinking,0,0,0,0,0,0,0,0,0,0,0,0,0,0,1,0,0,0,0,0
data/external/actions/human_action_recognition/train/008537_fighting.jpg,Bingsu/Human_Action_Recognition,fighting,0,0,0,0,0,0,0,0,0,0,0,0,0,0,0,0,0,1,1,0
data/external/actions/human_action_recognition/train/008538_drinking.jpg,Bingsu/Human_Action_Recognition,drinking,0,0,0,0,0,0,0,0,0,0,0,0,0,0,1,0,0,0,0,0
data/external/actions/human_action_recognition/train/008539_dancing.jpg,Bingsu/Human_Action_Recognition,dancing,0,0,0,0,0,0,0,0,0,0,1,0,0,0,0,0,0,1,0,0
data/external/actions/human_action_recognition/train/008540_laughing.jpg,Bingsu/Human_Action_Recognition,laughing,1,0,0,0,0,0,0,0,0,0,0,0,0,0,0,0,1,0,0,0
data/external/actions/human_action_recognition/train/008541_sleeping.jpg,Bingsu/Human_Action_Recognition,sleeping,0,0,1,0,0,0,0,0,0,0,0,0,0,0,0,0,1,0,0,0
data/external/actions/human_action_recognition/train/008542_hugging.jpg,Bingsu/Human_Action_Recognition,hugging,1,0,0,0,0,0,0,0,0,0,0,0,0,0,0,0,1,0,0,0
data/external/actions/human_action_recognition/train/008543_listening_to_music.jpg,Bingsu/Human_Action_Recognition,listening_to_music,0,1,0,0,0,0,0,0,0,0,0,0,0,0,0,0,1,0,0,0
data/external/actions/human_action_recognition/train/008544_hugging.jpg,Bingsu/Human_Action_Recognition,hugging,1,0,0,0,0,0,0,0,0,0,0,0,0,0,0,0,1,0,0,0
data/external/actions/human_action_recognition/train/008545_using_laptop.jpg,Bingsu/Human_Action_Recognition,using_laptop,0,1,0,0,0,0,0,0,0,0,0,0,1,0,0,0,1,0,0,0
data/external/actions/human_action_recognition/train/008546_running.jpg,Bingsu/Human_Action_Recognition,running,0,0,0,0,0,0,1,0,0,0,0,0,0,0,0,0,0,1,1,0
data/external/actions/human_action_recognition/train/008547_running.jpg,Bingsu/Human_Action_Recognition,running,0,0,0,0,0,0,1,0,0,0,0,0,0,0,0,0,0,1,1,0
data/external/actions/human_action_recognition/train/008548_sleeping.jpg,Bingsu/Human_Action_Recognition,sleeping,0,0,1,0,0,0,0,0,0,0,0,0,0,0,0,0,1,0,0,0
data/external/actions/human_action_recognition/train/008549_drinking.jpg,Bingsu/Human_Action_Recognition,drinking,0,0,0,0,0,0,0,0,0,0,0,0,0,0,1,0,0,0,0,0
data/external/actions/human_action_recognition/train/008550_dancing.jpg,Bingsu/Human_Action_Recognition,dancing,0,0,0,0,0,0,0,0,0,0,1,0,0,0,0,0,0,1,0,0
data/external/actions/human_action_recognition/train/008551_listening_to_music.jpg,Bingsu/Human_Action_Recognition,listening_to_music,0,1,0,0,0,0,0,0,0,0,0,0,0,0,0,0,1,0,0,0
data/external/actions/human_action_recognition/train/008552_using_laptop.jpg,Bingsu/Human_Action_Recognition,using_laptop,0,1,0,0,0,0,0,0,0,0,0,0,1,0,0,0,1,0,0,0
data/external/actions/human_action_recognition/train/008553_fighting.jpg,Bingsu/Human_Action_Recognition,fighting,0,0,0,0,0,0,0,0,0,0,0,0,0,0,0,0,0,1,1,0
data/external/actions/human_action_recognition/train/008554_sitting.jpg,Bingsu/Human_Action_Recognition,sitting,0,1,0,0,0,0,0,0,0,0,0,0,0,0,0,0,1,0,0,0
data/external/actions/human_action_recognition/train/008555_sleeping.jpg,Bingsu/Human_Action_Recognition,sleeping,0,0,1,0,0,0,0,0,0,0,0,0,0,0,0,0,1,0,0,0
data/external/actions/human_action_recognition/train/008556_drinking.jpg,Bingsu/Human_Action_Recognition,drinking,0,0,0,0,0,0,0,0,0,0,0,0,0,0,1,0,0,0,0,0
data/external/actions/human_action_recognition/train/008557_sitting.jpg,Bingsu/Human_Action_Recognition,sitting,0,1,0,0,0,0,0,0,0,0,0,0,0,0,0,0,1,0,0,0
data/external/actions/human_action_recognition/train/008558_hugging.jpg,Bingsu/Human_Action_Recognition,hugging,1,0,0,0,0,0,0,0,0,0,0,0,0,0,0,0,1,0,0,0
data/external/actions/human_action_recognition/train/008559_calling.jpg,Bingsu/Human_Action_Recognition,calling,1,0,0,0,0,0,0,0,0,0,0,0,0,0,0,0,1,0,0,0
data/external/actions/human_action_recognition/train/008560_listening_to_music.jpg,Bingsu/Human_Action_Recognition,listening_to_music,0,1,0,0,0,0,0,0,0,0,0,0,0,0,0,0,1,0,0,0
data/external/actions/human_action_recognition/train/008561_listening_to_music.jpg,Bingsu/Human_Action_Recognition,listening_to_music,0,1,0,0,0,0,0,0,0,0,0,0,0,0,0,0,1,0,0,0
data/external/actions/human_action_recognition/train/008562_running.jpg,Bingsu/Human_Action_Recognition,running,0,0,0,0,0,0,1,0,0,0,0,0,0,0,0,0,0,1,1,0
data/external/actions/human_action_recognition/train/008563_laughing.jpg,Bingsu/Human_Action_Recognition,laughing,1,0,0,0,0,0,0,0,0,0,0,0,0,0,0,0,1,0,0,0
data/external/actions/human_action_recognition/train/008564_listening_to_music.jpg,Bingsu/Human_Action_Recognition,listening_to_music,0,1,0,0,0,0,0,0,0,0,0,0,0,0,0,0,1,0,0,0
data/external/actions/human_action_recognition/train/008565_texting.jpg,Bingsu/Human_Action_Recognition,texting,0,1,0,0,0,0,0,0,0,0,0,0,0,0,0,0,1,0,0,0
data/external/actions/human_action_recognition/train/008566_sitting.jpg,Bingsu/Human_Action_Recognition,sitting,0,1,0,0,0,0,0,0,0,0,0,0,0,0,0,0,1,0,0,0
data/external/actions/human_action_recognition/train/008567_sitting.jpg,Bingsu/Human_Action_Recognition,sitting,0,1,0,0,0,0,0,0,0,0,0,0,0,0,0,0,1,0,0,0
data/external/actions/human_action_recognition/train/008568_sleeping.jpg,Bingsu/Human_Action_Recognition,sleeping,0,0,1,0,0,0,0,0,0,0,0,0,0,0,0,0,1,0,0,0
data/external/actions/human_action_recognition/train/008569_laughing.jpg,Bingsu/Human_Action_Recognition,laughing,1,0,0,0,0,0,0,0,0,0,0,0,0,0,0,0,1,0,0,0
data/external/actions/human_action_recognition/train/008570_texting.jpg,Bingsu/Human_Action_Recognition,texting,0,1,0,0,0,0,0,0,0,0,0,0,0,0,0,0,1,0,0,0
data/external/actions/human_action_recognition/train/008571_fighting.jpg,Bingsu/Human_Action_Recognition,fighting,0,0,0,0,0,0,0,0,0,0,0,0,0,0,0,0,0,1,1,0
data/external/actions/human_action_recognition/train/008572_sleeping.jpg,Bingsu/Human_Action_Recognition,sleeping,0,0,1,0,0,0,0,0,0,0,0,0,0,0,0,0,1,0,0,0
data/external/actions/human_action_recognition/train/008573_cycling.jpg,Bingsu/Human_Action_Recognition,cycling,0,0,0,0,0,0,0,0,1,0,0,0,0,0,0,0,0,1,0,0
data/external/actions/human_action_recognition/train/008574_dancing.jpg,Bingsu/Human_Action_Recognition,dancing,0,0,0,0,0,0,0,0,0,0,1,0,0,0,0,0,0,1,0,0
data/external/actions/human_action_recognition/train/008575_fighting.jpg,Bingsu/Human_Action_Recognition,fighting,0,0,0,0,0,0,0,0,0,0,0,0,0,0,0,0,0,1,1,0
data/external/actions/human_action_recognition/train/008576_hugging.jpg,Bingsu/Human_Action_Recognition,hugging,1,0,0,0,0,0,0,0,0,0,0,0,0,0,0,0,1,0,0,0
data/external/actions/human_action_recognition/train/008577_using_laptop.jpg,Bingsu/Human_Action_Recognition,using_laptop,0,1,0,0,0,0,0,0,0,0,0,0,1,0,0,0,1,0,0,0
data/external/actions/human_action_recognition/train/008578_laughing.jpg,Bingsu/Human_Action_Recognition,laughing,1,0,0,0,0,0,0,0,0,0,0,0,0,0,0,0,1,0,0,0
data/external/actions/human_action_recognition/train/008579_eating.jpg,Bingsu/Human_Action_Recognition,eating,0,0,0,0,0,0,0,0,0,0,0,0,0,1,0,0,0,0,0,0
data/external/actions/human_action_recognition/train/008580_using_laptop.jpg,Bingsu/Human_Action_Recognition,using_laptop,0,1,0,0,0,0,0,0,0,0,0,0,1,0,0,0,1,0,0,0
data/external/actions/human_action_recognition/train/008581_drinking.jpg,Bingsu/Human_Action_Recognition,drinking,0,0,0,0,0,0,0,0,0,0,0,0,0,0,1,0,0,0,0,0
data/external/actions/human_action_recognition/train/008582_hugging.jpg,Bingsu/Human_Action_Recognition,hugging,1,0,0,0,0,0,0,0,0,0,0,0,0,0,0,0,1,0,0,0
data/external/actions/human_action_recognition/train/008583_sleeping.jpg,Bingsu/Human_Action_Recognition,sleeping,0,0,1,0,0,0,0,0,0,0,0,0,0,0,0,0,1,0,0,0
data/external/actions/human_action_recognition/train/008584_drinking.jpg,Bingsu/Human_Action_Recognition,drinking,0,0,0,0,0,0,0,0,0,0,0,0,0,0,1,0,0,0,0,0
data/external/actions/human_action_recognition/train/008585_hugging.jpg,Bingsu/Human_Action_Recognition,hugging,1,0,0,0,0,0,0,0,0,0,0,0,0,0,0,0,1,0,0,0
data/external/actions/human_action_recognition/train/008586_using_laptop.jpg,Bingsu/Human_Action_Recognition,using_laptop,0,1,0,0,0,0,0,0,0,0,0,0,1,0,0,0,1,0,0,0
data/external/actions/human_action_recognition/train/008587_running.jpg,Bingsu/Human_Action_Recognition,running,0,0,0,0,0,0,1,0,0,0,0,0,0,0,0,0,0,1,1,0
data/external/actions/human_action_recognition/train/008588_texting.jpg,Bingsu/Human_Action_Recognition,texting,0,1,0,0,0,0,0,0,0,0,0,0,0,0,0,0,1,0,0,0
data/external/actions/human_action_recognition/train/008589_calling.jpg,Bingsu/Human_Action_Recognition,calling,1,0,0,0,0,0,0,0,0,0,0,0,0,0,0,0,1,0,0,0
data/external/actions/human_action_recognition/train/008590_sitting.jpg,Bingsu/Human_Action_Recognition,sitting,0,1,0,0,0,0,0,0,0,0,0,0,0,0,0,0,1,0,0,0
data/external/actions/human_action_recognition/train/008591_texting.jpg,Bingsu/Human_Action_Recognition,texting,0,1,0,0,0,0,0,0,0,0,0,0,0,0,0,0,1,0,0,0
data/external/actions/human_action_recognition/train/008592_sleeping.jpg,Bingsu/Human_Action_Recognition,sleeping,0,0,1,0,0,0,0,0,0,0,0,0,0,0,0,0,1,0,0,0
data/external/actions/human_action_recognition/train/008593_cycling.jpg,Bingsu/Human_Action_Recognition,cycling,0,0,0,0,0,0,0,0,1,0,0,0,0,0,0,0,0,1,0,0
data/external/actions/human_action_recognition/train/008594_listening_to_music.jpg,Bingsu/Human_Action_Recognition,listening_to_music,0,1,0,0,0,0,0,0,0,0,0,0,0,0,0,0,1,0,0,0
data/external/actions/human_action_recognition/train/008595_running.jpg,Bingsu/Human_Action_Recognition,running,0,0,0,0,0,0,1,0,0,0,0,0,0,0,0,0,0,1,1,0
data/external/actions/human_action_recognition/train/008596_cycling.jpg,Bingsu/Human_Action_Recognition,cycling,0,0,0,0,0,0,0,0,1,0,0,0,0,0,0,0,0,1,0,0
data/external/actions/human_action_recognition/train/008597_drinking.jpg,Bingsu/Human_Action_Recognition,drinking,0,0,0,0,0,0,0,0,0,0,0,0,0,0,1,0,0,0,0,0
data/external/actions/human_action_recognition/train/008598_listening_to_music.jpg,Bingsu/Human_Action_Recognition,listening_to_music,0,1,0,0,0,0,0,0,0,0,0,0,0,0,0,0,1,0,0,0
data/external/actions/human_action_recognition/train/008599_sleeping.jpg,Bingsu/Human_Action_Recognition,sleeping,0,0,1,0,0,0,0,0,0,0,0,0,0,0,0,0,1,0,0,0
data/external/actions/human_action_recognition/train/008600_texting.jpg,Bingsu/Human_Action_Recognition,texting,0,1,0,0,0,0,0,0,0,0,0,0,0,0,0,0,1,0,0,0
data/external/actions/human_action_recognition/train/008601_sitting.jpg,Bingsu/Human_Action_Recognition,sitting,0,1,0,0,0,0,0,0,0,0,0,0,0,0,0,0,1,0,0,0
data/external/actions/human_action_recognition/train/008602_drinking.jpg,Bingsu/Human_Action_Recognition,drinking,0,0,0,0,0,0,0,0,0,0,0,0,0,0,1,0,0,0,0,0
data/external/actions/human_action_recognition/train/008603_sitting.jpg,Bingsu/Human_Action_Recognition,sitting,0,1,0,0,0,0,0,0,0,0,0,0,0,0,0,0,1,0,0,0
data/external/actions/human_action_recognition/train/008604_laughing.jpg,Bingsu/Human_Action_Recognition,laughing,1,0,0,0,0,0,0,0,0,0,0,0,0,0,0,0,1,0,0,0
data/external/actions/human_action_recognition/train/008605_fighting.jpg,Bingsu/Human_Action_Recognition,fighting,0,0,0,0,0,0,0,0,0,0,0,0,0,0,0,0,0,1,1,0
data/external/actions/human_action_recognition/train/008606_hugging.jpg,Bingsu/Human_Action_Recognition,hugging,1,0,0,0,0,0,0,0,0,0,0,0,0,0,0,0,1,0,0,0
data/external/actions/human_action_recognition/train/008607_listening_to_music.jpg,Bingsu/Human_Action_Recognition,listening_to_music,0,1,0,0,0,0,0,0,0,0,0,0,0,0,0,0,1,0,0,0
data/external/actions/human_action_recognition/train/008608_sleeping.jpg,Bingsu/Human_Action_Recognition,sleeping,0,0,1,0,0,0,0,0,0,0,0,0,0,0,0,0,1,0,0,0
data/external/actions/human_action_recognition/train/008609_texting.jpg,Bingsu/Human_Action_Recognition,texting,0,1,0,0,0,0,0,0,0,0,0,0,0,0,0,0,1,0,0,0
data/external/actions/human_action_recognition/train/008610_eating.jpg,Bingsu/Human_Action_Recognition,eating,0,0,0,0,0,0,0,0,0,0,0,0,0,1,0,0,0,0,0,0
data/external/actions/human_action_recognition/train/008611_hugging.jpg,Bingsu/Human_Action_Recognition,hugging,1,0,0,0,0,0,0,0,0,0,0,0,0,0,0,0,1,0,0,0
data/external/actions/human_action_recognition/train/008612_hugging.jpg,Bingsu/Human_Action_Recognition,hugging,1,0,0,0,0,0,0,0,0,0,0,0,0,0,0,0,1,0,0,0
data/external/actions/human_action_recognition/train/008613_listening_to_music.jpg,Bingsu/Human_Action_Recognition,listening_to_music,0,1,0,0,0,0,0,0,0,0,0,0,0,0,0,0,1,0,0,0
data/external/actions/human_action_recognition/train/008614_sitting.jpg,Bingsu/Human_Action_Recognition,sitting,0,1,0,0,0,0,0,0,0,0,0,0,0,0,0,0,1,0,0,0
data/external/actions/human_action_recognition/train/008615_texting.jpg,Bingsu/Human_Action_Recognition,texting,0,1,0,0,0,0,0,0,0,0,0,0,0,0,0,0,1,0,0,0
data/external/actions/human_action_recognition/train/008616_fighting.jpg,Bingsu/Human_Action_Recognition,fighting,0,0,0,0,0,0,0,0,0,0,0,0,0,0,0,0,0,1,1,0
data/external/actions/human_action_recognition/train/008617_dancing.jpg,Bingsu/Human_Action_Recognition,dancing,0,0,0,0,0,0,0,0,0,0,1,0,0,0,0,0,0,1,0,0
data/external/actions/human_action_recognition/train/008618_sitting.jpg,Bingsu/Human_Action_Recognition,sitting,0,1,0,0,0,0,0,0,0,0,0,0,0,0,0,0,1,0,0,0
data/external/actions/human_action_recognition/train/008619_clapping.jpg,Bingsu/Human_Action_Recognition,clapping,0,0,0,0,1,0,0,0,0,0,0,0,0,0,0,0,0,1,0,0
data/external/actions/human_action_recognition/train/008620_listening_to_music.jpg,Bingsu/Human_Action_Recognition,listening_to_music,0,1,0,0,0,0,0,0,0,0,0,0,0,0,0,0,1,0,0,0
data/external/actions/human_action_recognition/train/008621_hugging.jpg,Bingsu/Human_Action_Recognition,hugging,1,0,0,0,0,0,0,0,0,0,0,0,0,0,0,0,1,0,0,0
data/external/actions/human_action_recognition/train/008622_using_laptop.jpg,Bingsu/Human_Action_Recognition,using_laptop,0,1,0,0,0,0,0,0,0,0,0,0,1,0,0,0,1,0,0,0
data/external/actions/human_action_recognition/train/008623_sleeping.jpg,Bingsu/Human_Action_Recognition,sleeping,0,0,1,0,0,0,0,0,0,0,0,0,0,0,0,0,1,0,0,0
data/external/actions/human_action_recognition/train/008624_cycling.jpg,Bingsu/Human_Action_Recognition,cycling,0,0,0,0,0,0,0,0,1,0,0,0,0,0,0,0,0,1,0,0
data/external/actions/human_action_recognition/train/008625_cycling.jpg,Bingsu/Human_Action_Recognition,cycling,0,0,0,0,0,0,0,0,1,0,0,0,0,0,0,0,0,1,0,0
data/external/actions/human_action_recognition/train/008626_fighting.jpg,Bingsu/Human_Action_Recognition,fighting,0,0,0,0,0,0,0,0,0,0,0,0,0,0,0,0,0,1,1,0
data/external/actions/human_action_recognition/train/008627_sitting.jpg,Bingsu/Human_Action_Recognition,sitting,0,1,0,0,0,0,0,0,0,0,0,0,0,0,0,0,1,0,0,0
data/external/actions/human_action_recognition/train/008628_running.jpg,Bingsu/Human_Action_Recognition,running,0,0,0,0,0,0,1,0,0,0,0,0,0,0,0,0,0,1,1,0
data/external/actions/human_action_recognition/train/008629_dancing.jpg,Bingsu/Human_Action_Recognition,dancing,0,0,0,0,0,0,0,0,0,0,1,0,0,0,0,0,0,1,0,0
data/external/actions/human_action_recognition/train/008630_cycling.jpg,Bingsu/Human_Action_Recognition,cycling,0,0,0,0,0,0,0,0,1,0,0,0,0,0,0,0,0,1,0,0
data/external/actions/human_action_recognition/train/008631_using_laptop.jpg,Bingsu/Human_Action_Recognition,using_laptop,0,1,0,0,0,0,0,0,0,0,0,0,1,0,0,0,1,0,0,0
data/external/actions/human_action_recognition/train/008632_cycling.jpg,Bingsu/Human_Action_Recognition,cycling,0,0,0,0,0,0,0,0,1,0,0,0,0,0,0,0,0,1,0,0
data/external/actions/human_action_recognition/train/008633_running.jpg,Bingsu/Human_Action_Recognition,running,0,0,0,0,0,0,1,0,0,0,0,0,0,0,0,0,0,1,1,0
data/external/actions/human_action_recognition/train/008634_clapping.jpg,Bingsu/Human_Action_Recognition,clapping,0,0,0,0,1,0,0,0,0,0,0,0,0,0,0,0,0,1,0,0
data/external/actions/human_action_recognition/train/008635_listening_to_music.jpg,Bingsu/Human_Action_Recognition,listening_to_music,0,1,0,0,0,0,0,0,0,0,0,0,0,0,0,0,1,0,0,0
data/external/actions/human_action_recognition/train/008636_texting.jpg,Bingsu/Human_Action_Recognition,texting,0,1,0,0,0,0,0,0,0,0,0,0,0,0,0,0,1,0,0,0
data/external/actions/human_action_recognition/train/008637_hugging.jpg,Bingsu/Human_Action_Recognition,hugging,1,0,0,0,0,0,0,0,0,0,0,0,0,0,0,0,1,0,0,0
data/external/actions/human_action_recognition/train/008638_dancing.jpg,Bingsu/Human_Action_Recognition,dancing,0,0,0,0,0,0,0,0,0,0,1,0,0,0,0,0,0,1,0,0
data/external/actions/human_action_recognition/train/008639_hugging.jpg,Bingsu/Human_Action_Recognition,hugging,1,0,0,0,0,0,0,0,0,0,0,0,0,0,0,0,1,0,0,0
data/external/actions/human_action_recognition/train/008640_drinking.jpg,Bingsu/Human_Action_Recognition,drinking,0,0,0,0,0,0,0,0,0,0,0,0,0,0,1,0,0,0,0,0
data/external/actions/human_action_recognition/train/008641_sleeping.jpg,Bingsu/Human_Action_Recognition,sleeping,0,0,1,0,0,0,0,0,0,0,0,0,0,0,0,0,1,0,0,0
data/external/actions/human_action_recognition/train/008642_clapping.jpg,Bingsu/Human_Action_Recognition,clapping,0,0,0,0,1,0,0,0,0,0,0,0,0,0,0,0,0,1,0,0
data/external/actions/human_action_recognition/train/008643_laughing.jpg,Bingsu/Human_Action_Recognition,laughing,1,0,0,0,0,0,0,0,0,0,0,0,0,0,0,0,1,0,0,0
data/external/actions/human_action_recognition/train/008644_cycling.jpg,Bingsu/Human_Action_Recognition,cycling,0,0,0,0,0,0,0,0,1,0,0,0,0,0,0,0,0,1,0,0
data/external/actions/human_action_recognition/train/008645_calling.jpg,Bingsu/Human_Action_Recognition,calling,1,0,0,0,0,0,0,0,0,0,0,0,0,0,0,0,1,0,0,0
data/external/actions/human_action_recognition/train/008646_dancing.jpg,Bingsu/Human_Action_Recognition,dancing,0,0,0,0,0,0,0,0,0,0,1,0,0,0,0,0,0,1,0,0
data/external/actions/human_action_recognition/train/008647_using_laptop.jpg,Bingsu/Human_Action_Recognition,using_laptop,0,1,0,0,0,0,0,0,0,0,0,0,1,0,0,0,1,0,0,0
data/external/actions/human_action_recognition/train/008648_hugging.jpg,Bingsu/Human_Action_Recognition,hugging,1,0,0,0,0,0,0,0,0,0,0,0,0,0,0,0,1,0,0,0
data/external/actions/human_action_recognition/train/008649_using_laptop.jpg,Bingsu/Human_Action_Recognition,using_laptop,0,1,0,0,0,0,0,0,0,0,0,0,1,0,0,0,1,0,0,0
data/external/actions/human_action_recognition/train/008650_fighting.jpg,Bingsu/Human_Action_Recognition,fighting,0,0,0,0,0,0,0,0,0,0,0,0,0,0,0,0,0,1,1,0
data/external/actions/human_action_recognition/train/008651_sitting.jpg,Bingsu/Human_Action_Recognition,sitting,0,1,0,0,0,0,0,0,0,0,0,0,0,0,0,0,1,0,0,0
data/external/actions/human_action_recognition/train/008652_drinking.jpg,Bingsu/Human_Action_Recognition,drinking,0,0,0,0,0,0,0,0,0,0,0,0,0,0,1,0,0,0,0,0
data/external/actions/human_action_recognition/train/008653_running.jpg,Bingsu/Human_Action_Recognition,running,0,0,0,0,0,0,1,0,0,0,0,0,0,0,0,0,0,1,1,0
data/external/actions/human_action_recognition/train/008654_calling.jpg,Bingsu/Human_Action_Recognition,calling,1,0,0,0,0,0,0,0,0,0,0,0,0,0,0,0,1,0,0,0
data/external/actions/human_action_recognition/train/008655_hugging.jpg,Bingsu/Human_Action_Recognition,hugging,1,0,0,0,0,0,0,0,0,0,0,0,0,0,0,0,1,0,0,0
data/external/actions/human_action_recognition/train/008656_listening_to_music.jpg,Bingsu/Human_Action_Recognition,listening_to_music,0,1,0,0,0,0,0,0,0,0,0,0,0,0,0,0,1,0,0,0
data/external/actions/human_action_recognition/train/008657_running.jpg,Bingsu/Human_Action_Recognition,running,0,0,0,0,0,0,1,0,0,0,0,0,0,0,0,0,0,1,1,0
data/external/actions/human_action_recognition/train/008658_sitting.jpg,Bingsu/Human_Action_Recognition,sitting,0,1,0,0,0,0,0,0,0,0,0,0,0,0,0,0,1,0,0,0
data/external/actions/human_action_recognition/train/008659_using_laptop.jpg,Bingsu/Human_Action_Recognition,using_laptop,0,1,0,0,0,0,0,0,0,0,0,0,1,0,0,0,1,0,0,0
data/external/actions/human_action_recognition/train/008660_using_laptop.jpg,Bingsu/Human_Action_Recognition,using_laptop,0,1,0,0,0,0,0,0,0,0,0,0,1,0,0,0,1,0,0,0
data/external/actions/human_action_recognition/train/008661_running.jpg,Bingsu/Human_Action_Recognition,running,0,0,0,0,0,0,1,0,0,0,0,0,0,0,0,0,0,1,1,0
data/external/actions/human_action_recognition/train/008662_running.jpg,Bingsu/Human_Action_Recognition,running,0,0,0,0,0,0,1,0,0,0,0,0,0,0,0,0,0,1,1,0
data/external/actions/human_action_recognition/train/008663_listening_to_music.jpg,Bingsu/Human_Action_Recognition,listening_to_music,0,1,0,0,0,0,0,0,0,0,0,0,0,0,0,0,1,0,0,0
data/external/actions/human_action_recognition/train/008664_using_laptop.jpg,Bingsu/Human_Action_Recognition,using_laptop,0,1,0,0,0,0,0,0,0,0,0,0,1,0,0,0,1,0,0,0
data/external/actions/human_action_recognition/train/008665_using_laptop.jpg,Bingsu/Human_Action_Recognition,using_laptop,0,1,0,0,0,0,0,0,0,0,0,0,1,0,0,0,1,0,0,0
data/external/actions/human_action_recognition/train/008666_running.jpg,Bingsu/Human_Action_Recognition,running,0,0,0,0,0,0,1,0,0,0,0,0,0,0,0,0,0,1,1,0
data/external/actions/human_action_recognition/train/008667_running.jpg,Bingsu/Human_Action_Recognition,running,0,0,0,0,0,0,1,0,0,0,0,0,0,0,0,0,0,1,1,0
data/external/actions/human_action_recognition/train/008668_texting.jpg,Bingsu/Human_Action_Recognition,texting,0,1,0,0,0,0,0,0,0,0,0,0,0,0,0,0,1,0,0,0
data/external/actions/human_action_recognition/train/008669_calling.jpg,Bingsu/Human_Action_Recognition,calling,1,0,0,0,0,0,0,0,0,0,0,0,0,0,0,0,1,0,0,0
data/external/actions/human_action_recognition/train/008670_dancing.jpg,Bingsu/Human_Action_Recognition,dancing,0,0,0,0,0,0,0,0,0,0,1,0,0,0,0,0,0,1,0,0
data/external/actions/human_action_recognition/train/008671_eating.jpg,Bingsu/Human_Action_Recognition,eating,0,0,0,0,0,0,0,0,0,0,0,0,0,1,0,0,0,0,0,0
data/external/actions/human_action_recognition/train/008672_laughing.jpg,Bingsu/Human_Action_Recognition,laughing,1,0,0,0,0,0,0,0,0,0,0,0,0,0,0,0,1,0,0,0
data/external/actions/human_action_recognition/train/008673_calling.jpg,Bingsu/Human_Action_Recognition,calling,1,0,0,0,0,0,0,0,0,0,0,0,0,0,0,0,1,0,0,0
data/external/actions/human_action_recognition/train/008674_dancing.jpg,Bingsu/Human_Action_Recognition,dancing,0,0,0,0,0,0,0,0,0,0,1,0,0,0,0,0,0,1,0,0
data/external/actions/human_action_recognition/train/008675_laughing.jpg,Bingsu/Human_Action_Recognition,laughing,1,0,0,0,0,0,0,0,0,0,0,0,0,0,0,0,1,0,0,0
data/external/actions/human_action_recognition/train/008676_using_laptop.jpg,Bingsu/Human_Action_Recognition,using_laptop,0,1,0,0,0,0,0,0,0,0,0,0,1,0,0,0,1,0,0,0
data/external/actions/human_action_recognition/train/008677_sleeping.jpg,Bingsu/Human_Action_Recognition,sleeping,0,0,1,0,0,0,0,0,0,0,0,0,0,0,0,0,1,0,0,0
data/external/actions/human_action_recognition/train/008678_sitting.jpg,Bingsu/Human_Action_Recognition,sitting,0,1,0,0,0,0,0,0,0,0,0,0,0,0,0,0,1,0,0,0
data/external/actions/human_action_recognition/train/008679_sitting.jpg,Bingsu/Human_Action_Recognition,sitting,0,1,0,0,0,0,0,0,0,0,0,0,0,0,0,0,1,0,0,0
data/external/actions/human_action_recognition/train/008680_sitting.jpg,Bingsu/Human_Action_Recognition,sitting,0,1,0,0,0,0,0,0,0,0,0,0,0,0,0,0,1,0,0,0
data/external/actions/human_action_recognition/train/008681_using_laptop.jpg,Bingsu/Human_Action_Recognition,using_laptop,0,1,0,0,0,0,0,0,0,0,0,0,1,0,0,0,1,0,0,0
data/external/actions/human_action_recognition/train/008682_clapping.jpg,Bingsu/Human_Action_Recognition,clapping,0,0,0,0,1,0,0,0,0,0,0,0,0,0,0,0,0,1,0,0
data/external/actions/human_action_recognition/train/008683_sitting.jpg,Bingsu/Human_Action_Recognition,sitting,0,1,0,0,0,0,0,0,0,0,0,0,0,0,0,0,1,0,0,0
data/external/actions/human_action_recognition/train/008684_drinking.jpg,Bingsu/Human_Action_Recognition,drinking,0,0,0,0,0,0,0,0,0,0,0,0,0,0,1,0,0,0,0,0
data/external/actions/human_action_recognition/train/008685_hugging.jpg,Bingsu/Human_Action_Recognition,hugging,1,0,0,0,0,0,0,0,0,0,0,0,0,0,0,0,1,0,0,0
data/external/actions/human_action_recognition/train/008686_cycling.jpg,Bingsu/Human_Action_Recognition,cycling,0,0,0,0,0,0,0,0,1,0,0,0,0,0,0,0,0,1,0,0
data/external/actions/human_action_recognition/train/008687_running.jpg,Bingsu/Human_Action_Recognition,running,0,0,0,0,0,0,1,0,0,0,0,0,0,0,0,0,0,1,1,0
data/external/actions/human_action_recognition/train/008688_using_laptop.jpg,Bingsu/Human_Action_Recognition,using_laptop,0,1,0,0,0,0,0,0,0,0,0,0,1,0,0,0,1,0,0,0
data/external/actions/human_action_recognition/train/008689_cycling.jpg,Bingsu/Human_Action_Recognition,cycling,0,0,0,0,0,0,0,0,1,0,0,0,0,0,0,0,0,1,0,0
data/external/actions/human_action_recognition/train/008690_texting.jpg,Bingsu/Human_Action_Recognition,texting,0,1,0,0,0,0,0,0,0,0,0,0,0,0,0,0,1,0,0,0
data/external/actions/human_action_recognition/train/008691_running.jpg,Bingsu/Human_Action_Recognition,running,0,0,0,0,0,0,1,0,0,0,0,0,0,0,0,0,0,1,1,0
data/external/actions/human_action_recognition/train/008692_texting.jpg,Bingsu/Human_Action_Recognition,texting,0,1,0,0,0,0,0,0,0,0,0,0,0,0,0,0,1,0,0,0
data/external/actions/human_action_recognition/train/008693_laughing.jpg,Bingsu/Human_Action_Recognition,laughing,1,0,0,0,0,0,0,0,0,0,0,0,0,0,0,0,1,0,0,0
data/external/actions/human_action_recognition/train/008694_using_laptop.jpg,Bingsu/Human_Action_Recognition,using_laptop,0,1,0,0,0,0,0,0,0,0,0,0,1,0,0,0,1,0,0,0
data/external/actions/human_action_recognition/train/008695_sleeping.jpg,Bingsu/Human_Action_Recognition,sleeping,0,0,1,0,0,0,0,0,0,0,0,0,0,0,0,0,1,0,0,0
data/external/actions/human_action_recognition/train/008696_running.jpg,Bingsu/Human_Action_Recognition,running,0,0,0,0,0,0,1,0,0,0,0,0,0,0,0,0,0,1,1,0
data/external/actions/human_action_recognition/train/008697_eating.jpg,Bingsu/Human_Action_Recognition,eating,0,0,0,0,0,0,0,0,0,0,0,0,0,1,0,0,0,0,0,0
data/external/actions/human_action_recognition/train/008698_drinking.jpg,Bingsu/Human_Action_Recognition,drinking,0,0,0,0,0,0,0,0,0,0,0,0,0,0,1,0,0,0,0,0
data/external/actions/human_action_recognition/train/008699_using_laptop.jpg,Bingsu/Human_Action_Recognition,using_laptop,0,1,0,0,0,0,0,0,0,0,0,0,1,0,0,0,1,0,0,0
data/external/actions/human_action_recognition/train/008700_drinking.jpg,Bingsu/Human_Action_Recognition,drinking,0,0,0,0,0,0,0,0,0,0,0,0,0,0,1,0,0,0,0,0
data/external/actions/human_action_recognition/train/008701_listening_to_music.jpg,Bingsu/Human_Action_Recognition,listening_to_music,0,1,0,0,0,0,0,0,0,0,0,0,0,0,0,0,1,0,0,0
data/external/actions/human_action_recognition/train/008702_calling.jpg,Bingsu/Human_Action_Recognition,calling,1,0,0,0,0,0,0,0,0,0,0,0,0,0,0,0,1,0,0,0
data/external/actions/human_action_recognition/train/008703_dancing.jpg,Bingsu/Human_Action_Recognition,dancing,0,0,0,0,0,0,0,0,0,0,1,0,0,0,0,0,0,1,0,0
data/external/actions/human_action_recognition/train/008704_eating.jpg,Bingsu/Human_Action_Recognition,eating,0,0,0,0,0,0,0,0,0,0,0,0,0,1,0,0,0,0,0,0
data/external/actions/human_action_recognition/train/008705_fighting.jpg,Bingsu/Human_Action_Recognition,fighting,0,0,0,0,0,0,0,0,0,0,0,0,0,0,0,0,0,1,1,0
data/external/actions/human_action_recognition/train/008706_sitting.jpg,Bingsu/Human_Action_Recognition,sitting,0,1,0,0,0,0,0,0,0,0,0,0,0,0,0,0,1,0,0,0
data/external/actions/human_action_recognition/train/008707_running.jpg,Bingsu/Human_Action_Recognition,running,0,0,0,0,0,0,1,0,0,0,0,0,0,0,0,0,0,1,1,0
data/external/actions/human_action_recognition/train/008708_using_laptop.jpg,Bingsu/Human_Action_Recognition,using_laptop,0,1,0,0,0,0,0,0,0,0,0,0,1,0,0,0,1,0,0,0
data/external/actions/human_action_recognition/train/008709_running.jpg,Bingsu/Human_Action_Recognition,running,0,0,0,0,0,0,1,0,0,0,0,0,0,0,0,0,0,1,1,0
data/external/actions/human_action_recognition/train/008710_dancing.jpg,Bingsu/Human_Action_Recognition,dancing,0,0,0,0,0,0,0,0,0,0,1,0,0,0,0,0,0,1,0,0
data/external/actions/human_action_recognition/train/008711_sitting.jpg,Bingsu/Human_Action_Recognition,sitting,0,1,0,0,0,0,0,0,0,0,0,0,0,0,0,0,1,0,0,0
data/external/actions/human_action_recognition/train/008712_hugging.jpg,Bingsu/Human_Action_Recognition,hugging,1,0,0,0,0,0,0,0,0,0,0,0,0,0,0,0,1,0,0,0
data/external/actions/human_action_recognition/train/008713_calling.jpg,Bingsu/Human_Action_Recognition,calling,1,0,0,0,0,0,0,0,0,0,0,0,0,0,0,0,1,0,0,0
data/external/actions/human_action_recognition/train/008714_using_laptop.jpg,Bingsu/Human_Action_Recognition,using_laptop,0,1,0,0,0,0,0,0,0,0,0,0,1,0,0,0,1,0,0,0
data/external/actions/human_action_recognition/train/008715_eating.jpg,Bingsu/Human_Action_Recognition,eating,0,0,0,0,0,0,0,0,0,0,0,0,0,1,0,0,0,0,0,0
data/external/actions/human_action_recognition/train/008716_sleeping.jpg,Bingsu/Human_Action_Recognition,sleeping,0,0,1,0,0,0,0,0,0,0,0,0,0,0,0,0,1,0,0,0
data/external/actions/human_action_recognition/train/008717_eating.jpg,Bingsu/Human_Action_Recognition,eating,0,0,0,0,0,0,0,0,0,0,0,0,0,1,0,0,0,0,0,0
data/external/actions/human_action_recognition/train/008718_dancing.jpg,Bingsu/Human_Action_Recognition,dancing,0,0,0,0,0,0,0,0,0,0,1,0,0,0,0,0,0,1,0,0
data/external/actions/human_action_recognition/train/008719_calling.jpg,Bingsu/Human_Action_Recognition,calling,1,0,0,0,0,0,0,0,0,0,0,0,0,0,0,0,1,0,0,0
data/external/actions/human_action_recognition/train/008720_dancing.jpg,Bingsu/Human_Action_Recognition,dancing,0,0,0,0,0,0,0,0,0,0,1,0,0,0,0,0,0,1,0,0
data/external/actions/human_action_recognition/train/008721_sleeping.jpg,Bingsu/Human_Action_Recognition,sleeping,0,0,1,0,0,0,0,0,0,0,0,0,0,0,0,0,1,0,0,0
data/external/actions/human_action_recognition/train/008722_sleeping.jpg,Bingsu/Human_Action_Recognition,sleeping,0,0,1,0,0,0,0,0,0,0,0,0,0,0,0,0,1,0,0,0
data/external/actions/human_action_recognition/train/008723_eating.jpg,Bingsu/Human_Action_Recognition,eating,0,0,0,0,0,0,0,0,0,0,0,0,0,1,0,0,0,0,0,0
data/external/actions/human_action_recognition/train/008724_sleeping.jpg,Bingsu/Human_Action_Recognition,sleeping,0,0,1,0,0,0,0,0,0,0,0,0,0,0,0,0,1,0,0,0
data/external/actions/human_action_recognition/train/008725_listening_to_music.jpg,Bingsu/Human_Action_Recognition,listening_to_music,0,1,0,0,0,0,0,0,0,0,0,0,0,0,0,0,1,0,0,0
data/external/actions/human_action_recognition/train/008726_eating.jpg,Bingsu/Human_Action_Recognition,eating,0,0,0,0,0,0,0,0,0,0,0,0,0,1,0,0,0,0,0,0
data/external/actions/human_action_recognition/train/008727_texting.jpg,Bingsu/Human_Action_Recognition,texting,0,1,0,0,0,0,0,0,0,0,0,0,0,0,0,0,1,0,0,0
data/external/actions/human_action_recognition/train/008728_laughing.jpg,Bingsu/Human_Action_Recognition,laughing,1,0,0,0,0,0,0,0,0,0,0,0,0,0,0,0,1,0,0,0
data/external/actions/human_action_recognition/train/008729_drinking.jpg,Bingsu/Human_Action_Recognition,drinking,0,0,0,0,0,0,0,0,0,0,0,0,0,0,1,0,0,0,0,0
data/external/actions/human_action_recognition/train/008730_sitting.jpg,Bingsu/Human_Action_Recognition,sitting,0,1,0,0,0,0,0,0,0,0,0,0,0,0,0,0,1,0,0,0
data/external/actions/human_action_recognition/train/008731_sitting.jpg,Bingsu/Human_Action_Recognition,sitting,0,1,0,0,0,0,0,0,0,0,0,0,0,0,0,0,1,0,0,0
data/external/actions/human_action_recognition/train/008732_using_laptop.jpg,Bingsu/Human_Action_Recognition,using_laptop,0,1,0,0,0,0,0,0,0,0,0,0,1,0,0,0,1,0,0,0
data/external/actions/human_action_recognition/train/008733_running.jpg,Bingsu/Human_Action_Recognition,running,0,0,0,0,0,0,1,0,0,0,0,0,0,0,0,0,0,1,1,0
data/external/actions/human_action_recognition/train/008734_hugging.jpg,Bingsu/Human_Action_Recognition,hugging,1,0,0,0,0,0,0,0,0,0,0,0,0,0,0,0,1,0,0,0
data/external/actions/human_action_recognition/train/008735_cycling.jpg,Bingsu/Human_Action_Recognition,cycling,0,0,0,0,0,0,0,0,1,0,0,0,0,0,0,0,0,1,0,0
data/external/actions/human_action_recognition/train/008736_clapping.jpg,Bingsu/Human_Action_Recognition,clapping,0,0,0,0,1,0,0,0,0,0,0,0,0,0,0,0,0,1,0,0
data/external/actions/human_action_recognition/train/008737_hugging.jpg,Bingsu/Human_Action_Recognition,hugging,1,0,0,0,0,0,0,0,0,0,0,0,0,0,0,0,1,0,0,0
data/external/actions/human_action_recognition/train/008738_cycling.jpg,Bingsu/Human_Action_Recognition,cycling,0,0,0,0,0,0,0,0,1,0,0,0,0,0,0,0,0,1,0,0
data/external/actions/human_action_recognition/train/008739_clapping.jpg,Bingsu/Human_Action_Recognition,clapping,0,0,0,0,1,0,0,0,0,0,0,0,0,0,0,0,0,1,0,0
data/external/actions/human_action_recognition/train/008740_hugging.jpg,Bingsu/Human_Action_Recognition,hugging,1,0,0,0,0,0,0,0,0,0,0,0,0,0,0,0,1,0,0,0
data/external/actions/human_action_recognition/train/008741_eating.jpg,Bingsu/Human_Action_Recognition,eating,0,0,0,0,0,0,0,0,0,0,0,0,0,1,0,0,0,0,0,0
data/external/actions/human_action_recognition/train/008742_calling.jpg,Bingsu/Human_Action_Recognition,calling,1,0,0,0,0,0,0,0,0,0,0,0,0,0,0,0,1,0,0,0
data/external/actions/human_action_recognition/train/008743_clapping.jpg,Bingsu/Human_Action_Recognition,clapping,0,0,0,0,1,0,0,0,0,0,0,0,0,0,0,0,0,1,0,0
data/external/actions/human_action_recognition/train/008744_calling.jpg,Bingsu/Human_Action_Recognition,calling,1,0,0,0,0,0,0,0,0,0,0,0,0,0,0,0,1,0,0,0
data/external/actions/human_action_recognition/train/008745_calling.jpg,Bingsu/Human_Action_Recognition,calling,1,0,0,0,0,0,0,0,0,0,0,0,0,0,0,0,1,0,0,0
data/external/actions/human_action_recognition/train/008746_clapping.jpg,Bingsu/Human_Action_Recognition,clapping,0,0,0,0,1,0,0,0,0,0,0,0,0,0,0,0,0,1,0,0
data/external/actions/human_action_recognition/train/008747_clapping.jpg,Bingsu/Human_Action_Recognition,clapping,0,0,0,0,1,0,0,0,0,0,0,0,0,0,0,0,0,1,0,0
data/external/actions/human_action_recognition/train/008748_clapping.jpg,Bingsu/Human_Action_Recognition,clapping,0,0,0,0,1,0,0,0,0,0,0,0,0,0,0,0,0,1,0,0
data/external/actions/human_action_recognition/train/008749_sleeping.jpg,Bingsu/Human_Action_Recognition,sleeping,0,0,1,0,0,0,0,0,0,0,0,0,0,0,0,0,1,0,0,0
data/external/actions/human_action_recognition/train/008750_cycling.jpg,Bingsu/Human_Action_Recognition,cycling,0,0,0,0,0,0,0,0,1,0,0,0,0,0,0,0,0,1,0,0
data/external/actions/human_action_recognition/train/008751_hugging.jpg,Bingsu/Human_Action_Recognition,hugging,1,0,0,0,0,0,0,0,0,0,0,0,0,0,0,0,1,0,0,0
data/external/actions/human_action_recognition/train/008752_using_laptop.jpg,Bingsu/Human_Action_Recognition,using_laptop,0,1,0,0,0,0,0,0,0,0,0,0,1,0,0,0,1,0,0,0
data/external/actions/human_action_recognition/train/008753_cycling.jpg,Bingsu/Human_Action_Recognition,cycling,0,0,0,0,0,0,0,0,1,0,0,0,0,0,0,0,0,1,0,0
data/external/actions/human_action_recognition/train/008754_fighting.jpg,Bingsu/Human_Action_Recognition,fighting,0,0,0,0,0,0,0,0,0,0,0,0,0,0,0,0,0,1,1,0
data/external/actions/human_action_recognition/train/008755_sitting.jpg,Bingsu/Human_Action_Recognition,sitting,0,1,0,0,0,0,0,0,0,0,0,0,0,0,0,0,1,0,0,0
data/external/actions/human_action_recognition/train/008756_drinking.jpg,Bingsu/Human_Action_Recognition,drinking,0,0,0,0,0,0,0,0,0,0,0,0,0,0,1,0,0,0,0,0
data/external/actions/human_action_recognition/train/008757_sleeping.jpg,Bingsu/Human_Action_Recognition,sleeping,0,0,1,0,0,0,0,0,0,0,0,0,0,0,0,0,1,0,0,0
data/external/actions/human_action_recognition/train/008758_eating.jpg,Bingsu/Human_Action_Recognition,eating,0,0,0,0,0,0,0,0,0,0,0,0,0,1,0,0,0,0,0,0
data/external/actions/human_action_recognition/train/008759_drinking.jpg,Bingsu/Human_Action_Recognition,drinking,0,0,0,0,0,0,0,0,0,0,0,0,0,0,1,0,0,0,0,0
data/external/actions/human_action_recognition/train/008760_eating.jpg,Bingsu/Human_Action_Recognition,eating,0,0,0,0,0,0,0,0,0,0,0,0,0,1,0,0,0,0,0,0
data/external/actions/human_action_recognition/train/008761_sitting.jpg,Bingsu/Human_Action_Recognition,sitting,0,1,0,0,0,0,0,0,0,0,0,0,0,0,0,0,1,0,0,0
data/external/actions/human_action_recognition/train/008762_hugging.jpg,Bingsu/Human_Action_Recognition,hugging,1,0,0,0,0,0,0,0,0,0,0,0,0,0,0,0,1,0,0,0
data/external/actions/human_action_recognition/train/008763_cycling.jpg,Bingsu/Human_Action_Recognition,cycling,0,0,0,0,0,0,0,0,1,0,0,0,0,0,0,0,0,1,0,0
data/external/actions/human_action_recognition/train/008764_eating.jpg,Bingsu/Human_Action_Recognition,eating,0,0,0,0,0,0,0,0,0,0,0,0,0,1,0,0,0,0,0,0
data/external/actions/human_action_recognition/train/008765_calling.jpg,Bingsu/Human_Action_Recognition,calling,1,0,0,0,0,0,0,0,0,0,0,0,0,0,0,0,1,0,0,0
data/external/actions/human_action_recognition/train/008766_dancing.jpg,Bingsu/Human_Action_Recognition,dancing,0,0,0,0,0,0,0,0,0,0,1,0,0,0,0,0,0,1,0,0
data/external/actions/human_action_recognition/train/008767_clapping.jpg,Bingsu/Human_Action_Recognition,clapping,0,0,0,0,1,0,0,0,0,0,0,0,0,0,0,0,0,1,0,0
data/external/actions/human_action_recognition/train/008768_fighting.jpg,Bingsu/Human_Action_Recognition,fighting,0,0,0,0,0,0,0,0,0,0,0,0,0,0,0,0,0,1,1,0
data/external/actions/human_action_recognition/train/008769_cycling.jpg,Bingsu/Human_Action_Recognition,cycling,0,0,0,0,0,0,0,0,1,0,0,0,0,0,0,0,0,1,0,0
data/external/actions/human_action_recognition/train/008770_laughing.jpg,Bingsu/Human_Action_Recognition,laughing,1,0,0,0,0,0,0,0,0,0,0,0,0,0,0,0,1,0,0,0
data/external/actions/human_action_recognition/train/008771_listening_to_music.jpg,Bingsu/Human_Action_Recognition,listening_to_music,0,1,0,0,0,0,0,0,0,0,0,0,0,0,0,0,1,0,0,0
data/external/actions/human_action_recognition/train/008772_hugging.jpg,Bingsu/Human_Action_Recognition,hugging,1,0,0,0,0,0,0,0,0,0,0,0,0,0,0,0,1,0,0,0
data/external/actions/human_action_recognition/train/008773_texting.jpg,Bingsu/Human_Action_Recognition,texting,0,1,0,0,0,0,0,0,0,0,0,0,0,0,0,0,1,0,0,0
data/external/actions/human_action_recognition/train/008774_fighting.jpg,Bingsu/Human_Action_Recognition,fighting,0,0,0,0,0,0,0,0,0,0,0,0,0,0,0,0,0,1,1,0
data/external/actions/human_action_recognition/train/008775_cycling.jpg,Bingsu/Human_Action_Recognition,cycling,0,0,0,0,0,0,0,0,1,0,0,0,0,0,0,0,0,1,0,0
data/external/actions/human_action_recognition/train/008776_listening_to_music.jpg,Bingsu/Human_Action_Recognition,listening_to_music,0,1,0,0,0,0,0,0,0,0,0,0,0,0,0,0,1,0,0,0
data/external/actions/human_action_recognition/train/008777_calling.jpg,Bingsu/Human_Action_Recognition,calling,1,0,0,0,0,0,0,0,0,0,0,0,0,0,0,0,1,0,0,0
data/external/actions/human_action_recognition/train/008778_hugging.jpg,Bingsu/Human_Action_Recognition,hugging,1,0,0,0,0,0,0,0,0,0,0,0,0,0,0,0,1,0,0,0
data/external/actions/human_action_recognition/train/008779_calling.jpg,Bingsu/Human_Action_Recognition,calling,1,0,0,0,0,0,0,0,0,0,0,0,0,0,0,0,1,0,0,0
data/external/actions/human_action_recognition/train/008780_calling.jpg,Bingsu/Human_Action_Recognition,calling,1,0,0,0,0,0,0,0,0,0,0,0,0,0,0,0,1,0,0,0
data/external/actions/human_action_recognition/train/008781_drinking.jpg,Bingsu/Human_Action_Recognition,drinking,0,0,0,0,0,0,0,0,0,0,0,0,0,0,1,0,0,0,0,0
data/external/actions/human_action_recognition/train/008782_cycling.jpg,Bingsu/Human_Action_Recognition,cycling,0,0,0,0,0,0,0,0,1,0,0,0,0,0,0,0,0,1,0,0
data/external/actions/human_action_recognition/train/008783_eating.jpg,Bingsu/Human_Action_Recognition,eating,0,0,0,0,0,0,0,0,0,0,0,0,0,1,0,0,0,0,0,0
data/external/actions/human_action_recognition/train/008784_calling.jpg,Bingsu/Human_Action_Recognition,calling,1,0,0,0,0,0,0,0,0,0,0,0,0,0,0,0,1,0,0,0
data/external/actions/human_action_recognition/train/008785_texting.jpg,Bingsu/Human_Action_Recognition,texting,0,1,0,0,0,0,0,0,0,0,0,0,0,0,0,0,1,0,0,0
data/external/actions/human_action_recognition/train/008786_texting.jpg,Bingsu/Human_Action_Recognition,texting,0,1,0,0,0,0,0,0,0,0,0,0,0,0,0,0,1,0,0,0
data/external/actions/human_action_recognition/train/008787_using_laptop.jpg,Bingsu/Human_Action_Recognition,using_laptop,0,1,0,0,0,0,0,0,0,0,0,0,1,0,0,0,1,0,0,0
data/external/actions/human_action_recognition/train/008788_using_laptop.jpg,Bingsu/Human_Action_Recognition,using_laptop,0,1,0,0,0,0,0,0,0,0,0,0,1,0,0,0,1,0,0,0
data/external/actions/human_action_recognition/train/008789_calling.jpg,Bingsu/Human_Action_Recognition,calling,1,0,0,0,0,0,0,0,0,0,0,0,0,0,0,0,1,0,0,0
data/external/actions/human_action_recognition/train/008790_laughing.jpg,Bingsu/Human_Action_Recognition,laughing,1,0,0,0,0,0,0,0,0,0,0,0,0,0,0,0,1,0,0,0
data/external/actions/human_action_recognition/train/008791_laughing.jpg,Bingsu/Human_Action_Recognition,laughing,1,0,0,0,0,0,0,0,0,0,0,0,0,0,0,0,1,0,0,0
data/external/actions/human_action_recognition/train/008792_fighting.jpg,Bingsu/Human_Action_Recognition,fighting,0,0,0,0,0,0,0,0,0,0,0,0,0,0,0,0,0,1,1,0
data/external/actions/human_action_recognition/train/008793_sleeping.jpg,Bingsu/Human_Action_Recognition,sleeping,0,0,1,0,0,0,0,0,0,0,0,0,0,0,0,0,1,0,0,0
data/external/actions/human_action_recognition/train/008794_texting.jpg,Bingsu/Human_Action_Recognition,texting,0,1,0,0,0,0,0,0,0,0,0,0,0,0,0,0,1,0,0,0
data/external/actions/human_action_recognition/train/008795_dancing.jpg,Bingsu/Human_Action_Recognition,dancing,0,0,0,0,0,0,0,0,0,0,1,0,0,0,0,0,0,1,0,0
data/external/actions/human_action_recognition/train/008796_eating.jpg,Bingsu/Human_Action_Recognition,eating,0,0,0,0,0,0,0,0,0,0,0,0,0,1,0,0,0,0,0,0
data/external/actions/human_action_recognition/train/008797_eating.jpg,Bingsu/Human_Action_Recognition,eating,0,0,0,0,0,0,0,0,0,0,0,0,0,1,0,0,0,0,0,0
data/external/actions/human_action_recognition/train/008798_listening_to_music.jpg,Bingsu/Human_Action_Recognition,listening_to_music,0,1,0,0,0,0,0,0,0,0,0,0,0,0,0,0,1,0,0,0
data/external/actions/human_action_recognition/train/008799_cycling.jpg,Bingsu/Human_Action_Recognition,cycling,0,0,0,0,0,0,0,0,1,0,0,0,0,0,0,0,0,1,0,0
data/external/actions/human_action_recognition/train/008800_using_laptop.jpg,Bingsu/Human_Action_Recognition,using_laptop,0,1,0,0,0,0,0,0,0,0,0,0,1,0,0,0,1,0,0,0
data/external/actions/human_action_recognition/train/008801_cycling.jpg,Bingsu/Human_Action_Recognition,cycling,0,0,0,0,0,0,0,0,1,0,0,0,0,0,0,0,0,1,0,0
data/external/actions/human_action_recognition/train/008802_cycling.jpg,Bingsu/Human_Action_Recognition,cycling,0,0,0,0,0,0,0,0,1,0,0,0,0,0,0,0,0,1,0,0
data/external/actions/human_action_recognition/train/008803_hugging.jpg,Bingsu/Human_Action_Recognition,hugging,1,0,0,0,0,0,0,0,0,0,0,0,0,0,0,0,1,0,0,0
data/external/actions/human_action_recognition/train/008804_clapping.jpg,Bingsu/Human_Action_Recognition,clapping,0,0,0,0,1,0,0,0,0,0,0,0,0,0,0,0,0,1,0,0
data/external/actions/human_action_recognition/train/008805_laughing.jpg,Bingsu/Human_Action_Recognition,laughing,1,0,0,0,0,0,0,0,0,0,0,0,0,0,0,0,1,0,0,0
data/external/actions/human_action_recognition/train/008806_sleeping.jpg,Bingsu/Human_Action_Recognition,sleeping,0,0,1,0,0,0,0,0,0,0,0,0,0,0,0,0,1,0,0,0
data/external/actions/human_action_recognition/train/008807_cycling.jpg,Bingsu/Human_Action_Recognition,cycling,0,0,0,0,0,0,0,0,1,0,0,0,0,0,0,0,0,1,0,0
data/external/actions/human_action_recognition/train/008808_cycling.jpg,Bingsu/Human_Action_Recognition,cycling,0,0,0,0,0,0,0,0,1,0,0,0,0,0,0,0,0,1,0,0
data/external/actions/human_action_recognition/train/008809_hugging.jpg,Bingsu/Human_Action_Recognition,hugging,1,0,0,0,0,0,0,0,0,0,0,0,0,0,0,0,1,0,0,0
data/external/actions/human_action_recognition/train/008810_fighting.jpg,Bingsu/Human_Action_Recognition,fighting,0,0,0,0,0,0,0,0,0,0,0,0,0,0,0,0,0,1,1,0
data/external/actions/human_action_recognition/train/008811_sitting.jpg,Bingsu/Human_Action_Recognition,sitting,0,1,0,0,0,0,0,0,0,0,0,0,0,0,0,0,1,0,0,0
data/external/actions/human_action_recognition/train/008812_fighting.jpg,Bingsu/Human_Action_Recognition,fighting,0,0,0,0,0,0,0,0,0,0,0,0,0,0,0,0,0,1,1,0
data/external/actions/human_action_recognition/train/008813_laughing.jpg,Bingsu/Human_Action_Recognition,laughing,1,0,0,0,0,0,0,0,0,0,0,0,0,0,0,0,1,0,0,0
data/external/actions/human_action_recognition/train/008814_sitting.jpg,Bingsu/Human_Action_Recognition,sitting,0,1,0,0,0,0,0,0,0,0,0,0,0,0,0,0,1,0,0,0
data/external/actions/human_action_recognition/train/008815_hugging.jpg,Bingsu/Human_Action_Recognition,hugging,1,0,0,0,0,0,0,0,0,0,0,0,0,0,0,0,1,0,0,0
data/external/actions/human_action_recognition/train/008816_calling.jpg,Bingsu/Human_Action_Recognition,calling,1,0,0,0,0,0,0,0,0,0,0,0,0,0,0,0,1,0,0,0
data/external/actions/human_action_recognition/train/008817_listening_to_music.jpg,Bingsu/Human_Action_Recognition,listening_to_music,0,1,0,0,0,0,0,0,0,0,0,0,0,0,0,0,1,0,0,0
data/external/actions/human_action_recognition/train/008818_using_laptop.jpg,Bingsu/Human_Action_Recognition,using_laptop,0,1,0,0,0,0,0,0,0,0,0,0,1,0,0,0,1,0,0,0
data/external/actions/human_action_recognition/train/008819_listening_to_music.jpg,Bingsu/Human_Action_Recognition,listening_to_music,0,1,0,0,0,0,0,0,0,0,0,0,0,0,0,0,1,0,0,0
data/external/actions/human_action_recognition/train/008820_dancing.jpg,Bingsu/Human_Action_Recognition,dancing,0,0,0,0,0,0,0,0,0,0,1,0,0,0,0,0,0,1,0,0
data/external/actions/human_action_recognition/train/008821_fighting.jpg,Bingsu/Human_Action_Recognition,fighting,0,0,0,0,0,0,0,0,0,0,0,0,0,0,0,0,0,1,1,0
data/external/actions/human_action_recognition/train/008822_dancing.jpg,Bingsu/Human_Action_Recognition,dancing,0,0,0,0,0,0,0,0,0,0,1,0,0,0,0,0,0,1,0,0
data/external/actions/human_action_recognition/train/008823_sleeping.jpg,Bingsu/Human_Action_Recognition,sleeping,0,0,1,0,0,0,0,0,0,0,0,0,0,0,0,0,1,0,0,0
data/external/actions/human_action_recognition/train/008824_eating.jpg,Bingsu/Human_Action_Recognition,eating,0,0,0,0,0,0,0,0,0,0,0,0,0,1,0,0,0,0,0,0
data/external/actions/human_action_recognition/train/008825_texting.jpg,Bingsu/Human_Action_Recognition,texting,0,1,0,0,0,0,0,0,0,0,0,0,0,0,0,0,1,0,0,0
data/external/actions/human_action_recognition/train/008826_running.jpg,Bingsu/Human_Action_Recognition,running,0,0,0,0,0,0,1,0,0,0,0,0,0,0,0,0,0,1,1,0
data/external/actions/human_action_recognition/train/008827_cycling.jpg,Bingsu/Human_Action_Recognition,cycling,0,0,0,0,0,0,0,0,1,0,0,0,0,0,0,0,0,1,0,0
data/external/actions/human_action_recognition/train/008828_sleeping.jpg,Bingsu/Human_Action_Recognition,sleeping,0,0,1,0,0,0,0,0,0,0,0,0,0,0,0,0,1,0,0,0
data/external/actions/human_action_recognition/train/008829_listening_to_music.jpg,Bingsu/Human_Action_Recognition,listening_to_music,0,1,0,0,0,0,0,0,0,0,0,0,0,0,0,0,1,0,0,0
data/external/actions/human_action_recognition/train/008830_clapping.jpg,Bingsu/Human_Action_Recognition,clapping,0,0,0,0,1,0,0,0,0,0,0,0,0,0,0,0,0,1,0,0
data/external/actions/human_action_recognition/train/008831_cycling.jpg,Bingsu/Human_Action_Recognition,cycling,0,0,0,0,0,0,0,0,1,0,0,0,0,0,0,0,0,1,0,0
data/external/actions/human_action_recognition/train/008832_cycling.jpg,Bingsu/Human_Action_Recognition,cycling,0,0,0,0,0,0,0,0,1,0,0,0,0,0,0,0,0,1,0,0
data/external/actions/human_action_recognition/train/008833_hugging.jpg,Bingsu/Human_Action_Recognition,hugging,1,0,0,0,0,0,0,0,0,0,0,0,0,0,0,0,1,0,0,0
data/external/actions/human_action_recognition/train/008834_calling.jpg,Bingsu/Human_Action_Recognition,calling,1,0,0,0,0,0,0,0,0,0,0,0,0,0,0,0,1,0,0,0
data/external/actions/human_action_recognition/train/008835_using_laptop.jpg,Bingsu/Human_Action_Recognition,using_laptop,0,1,0,0,0,0,0,0,0,0,0,0,1,0,0,0,1,0,0,0
data/external/actions/human_action_recognition/train/008836_cycling.jpg,Bingsu/Human_Action_Recognition,cycling,0,0,0,0,0,0,0,0,1,0,0,0,0,0,0,0,0,1,0,0
data/external/actions/human_action_recognition/train/008837_listening_to_music.jpg,Bingsu/Human_Action_Recognition,listening_to_music,0,1,0,0,0,0,0,0,0,0,0,0,0,0,0,0,1,0,0,0
data/external/actions/human_action_recognition/train/008838_drinking.jpg,Bingsu/Human_Action_Recognition,drinking,0,0,0,0,0,0,0,0,0,0,0,0,0,0,1,0,0,0,0,0
data/external/actions/human_action_recognition/train/008839_sitting.jpg,Bingsu/Human_Action_Recognition,sitting,0,1,0,0,0,0,0,0,0,0,0,0,0,0,0,0,1,0,0,0
data/external/actions/human_action_recognition/train/008840_calling.jpg,Bingsu/Human_Action_Recognition,calling,1,0,0,0,0,0,0,0,0,0,0,0,0,0,0,0,1,0,0,0
data/external/actions/human_action_recognition/train/008841_fighting.jpg,Bingsu/Human_Action_Recognition,fighting,0,0,0,0,0,0,0,0,0,0,0,0,0,0,0,0,0,1,1,0
data/external/actions/human_action_recognition/train/008842_cycling.jpg,Bingsu/Human_Action_Recognition,cycling,0,0,0,0,0,0,0,0,1,0,0,0,0,0,0,0,0,1,0,0
data/external/actions/human_action_recognition/train/008843_eating.jpg,Bingsu/Human_Action_Recognition,eating,0,0,0,0,0,0,0,0,0,0,0,0,0,1,0,0,0,0,0,0
data/external/actions/human_action_recognition/train/008844_clapping.jpg,Bingsu/Human_Action_Recognition,clapping,0,0,0,0,1,0,0,0,0,0,0,0,0,0,0,0,0,1,0,0
data/external/actions/human_action_recognition/train/008845_cycling.jpg,Bingsu/Human_Action_Recognition,cycling,0,0,0,0,0,0,0,0,1,0,0,0,0,0,0,0,0,1,0,0
data/external/actions/human_action_recognition/train/008846_cycling.jpg,Bingsu/Human_Action_Recognition,cycling,0,0,0,0,0,0,0,0,1,0,0,0,0,0,0,0,0,1,0,0
data/external/actions/human_action_recognition/train/008847_fighting.jpg,Bingsu/Human_Action_Recognition,fighting,0,0,0,0,0,0,0,0,0,0,0,0,0,0,0,0,0,1,1,0
data/external/actions/human_action_recognition/train/008848_hugging.jpg,Bingsu/Human_Action_Recognition,hugging,1,0,0,0,0,0,0,0,0,0,0,0,0,0,0,0,1,0,0,0
data/external/actions/human_action_recognition/train/008849_using_laptop.jpg,Bingsu/Human_Action_Recognition,using_laptop,0,1,0,0,0,0,0,0,0,0,0,0,1,0,0,0,1,0,0,0
data/external/actions/human_action_recognition/train/008850_fighting.jpg,Bingsu/Human_Action_Recognition,fighting,0,0,0,0,0,0,0,0,0,0,0,0,0,0,0,0,0,1,1,0
data/external/actions/human_action_recognition/train/008851_texting.jpg,Bingsu/Human_Action_Recognition,texting,0,1,0,0,0,0,0,0,0,0,0,0,0,0,0,0,1,0,0,0
data/external/actions/human_action_recognition/train/008852_cycling.jpg,Bingsu/Human_Action_Recognition,cycling,0,0,0,0,0,0,0,0,1,0,0,0,0,0,0,0,0,1,0,0
data/external/actions/human_action_recognition/train/008853_hugging.jpg,Bingsu/Human_Action_Recognition,hugging,1,0,0,0,0,0,0,0,0,0,0,0,0,0,0,0,1,0,0,0
data/external/actions/human_action_recognition/train/008854_sitting.jpg,Bingsu/Human_Action_Recognition,sitting,0,1,0,0,0,0,0,0,0,0,0,0,0,0,0,0,1,0,0,0
data/external/actions/human_action_recognition/train/008855_calling.jpg,Bingsu/Human_Action_Recognition,calling,1,0,0,0,0,0,0,0,0,0,0,0,0,0,0,0,1,0,0,0
data/external/actions/human_action_recognition/train/008856_drinking.jpg,Bingsu/Human_Action_Recognition,drinking,0,0,0,0,0,0,0,0,0,0,0,0,0,0,1,0,0,0,0,0
data/external/actions/human_action_recognition/train/008857_running.jpg,Bingsu/Human_Action_Recognition,running,0,0,0,0,0,0,1,0,0,0,0,0,0,0,0,0,0,1,1,0
data/external/actions/human_action_recognition/train/008858_eating.jpg,Bingsu/Human_Action_Recognition,eating,0,0,0,0,0,0,0,0,0,0,0,0,0,1,0,0,0,0,0,0
data/external/actions/human_action_recognition/train/008859_listening_to_music.jpg,Bingsu/Human_Action_Recognition,listening_to_music,0,1,0,0,0,0,0,0,0,0,0,0,0,0,0,0,1,0,0,0
data/external/actions/human_action_recognition/train/008860_dancing.jpg,Bingsu/Human_Action_Recognition,dancing,0,0,0,0,0,0,0,0,0,0,1,0,0,0,0,0,0,1,0,0
data/external/actions/human_action_recognition/train/008861_sitting.jpg,Bingsu/Human_Action_Recognition,sitting,0,1,0,0,0,0,0,0,0,0,0,0,0,0,0,0,1,0,0,0
data/external/actions/human_action_recognition/train/008862_sleeping.jpg,Bingsu/Human_Action_Recognition,sleeping,0,0,1,0,0,0,0,0,0,0,0,0,0,0,0,0,1,0,0,0
data/external/actions/human_action_recognition/train/008863_texting.jpg,Bingsu/Human_Action_Recognition,texting,0,1,0,0,0,0,0,0,0,0,0,0,0,0,0,0,1,0,0,0
data/external/actions/human_action_recognition/train/008864_listening_to_music.jpg,Bingsu/Human_Action_Recognition,listening_to_music,0,1,0,0,0,0,0,0,0,0,0,0,0,0,0,0,1,0,0,0
data/external/actions/human_action_recognition/train/008865_using_laptop.jpg,Bingsu/Human_Action_Recognition,using_laptop,0,1,0,0,0,0,0,0,0,0,0,0,1,0,0,0,1,0,0,0
data/external/actions/human_action_recognition/train/008866_fighting.jpg,Bingsu/Human_Action_Recognition,fighting,0,0,0,0,0,0,0,0,0,0,0,0,0,0,0,0,0,1,1,0
data/external/actions/human_action_recognition/train/008867_calling.jpg,Bingsu/Human_Action_Recognition,calling,1,0,0,0,0,0,0,0,0,0,0,0,0,0,0,0,1,0,0,0
data/external/actions/human_action_recognition/train/008868_sitting.jpg,Bingsu/Human_Action_Recognition,sitting,0,1,0,0,0,0,0,0,0,0,0,0,0,0,0,0,1,0,0,0
data/external/actions/human_action_recognition/train/008869_listening_to_music.jpg,Bingsu/Human_Action_Recognition,listening_to_music,0,1,0,0,0,0,0,0,0,0,0,0,0,0,0,0,1,0,0,0
data/external/actions/human_action_recognition/train/008870_cycling.jpg,Bingsu/Human_Action_Recognition,cycling,0,0,0,0,0,0,0,0,1,0,0,0,0,0,0,0,0,1,0,0
data/external/actions/human_action_recognition/train/008871_hugging.jpg,Bingsu/Human_Action_Recognition,hugging,1,0,0,0,0,0,0,0,0,0,0,0,0,0,0,0,1,0,0,0
data/external/actions/human_action_recognition/train/008872_clapping.jpg,Bingsu/Human_Action_Recognition,clapping,0,0,0,0,1,0,0,0,0,0,0,0,0,0,0,0,0,1,0,0
data/external/actions/human_action_recognition/train/008873_running.jpg,Bingsu/Human_Action_Recognition,running,0,0,0,0,0,0,1,0,0,0,0,0,0,0,0,0,0,1,1,0
data/external/actions/human_action_recognition/train/008874_calling.jpg,Bingsu/Human_Action_Recognition,calling,1,0,0,0,0,0,0,0,0,0,0,0,0,0,0,0,1,0,0,0
data/external/actions/human_action_recognition/train/008875_using_laptop.jpg,Bingsu/Human_Action_Recognition,using_laptop,0,1,0,0,0,0,0,0,0,0,0,0,1,0,0,0,1,0,0,0
data/external/actions/human_action_recognition/train/008876_running.jpg,Bingsu/Human_Action_Recognition,running,0,0,0,0,0,0,1,0,0,0,0,0,0,0,0,0,0,1,1,0
data/external/actions/human_action_recognition/train/008877_fighting.jpg,Bingsu/Human_Action_Recognition,fighting,0,0,0,0,0,0,0,0,0,0,0,0,0,0,0,0,0,1,1,0
data/external/actions/human_action_recognition/train/008878_running.jpg,Bingsu/Human_Action_Recognition,running,0,0,0,0,0,0,1,0,0,0,0,0,0,0,0,0,0,1,1,0
data/external/actions/human_action_recognition/train/008879_sleeping.jpg,Bingsu/Human_Action_Recognition,sleeping,0,0,1,0,0,0,0,0,0,0,0,0,0,0,0,0,1,0,0,0
data/external/actions/human_action_recognition/train/008880_cycling.jpg,Bingsu/Human_Action_Recognition,cycling,0,0,0,0,0,0,0,0,1,0,0,0,0,0,0,0,0,1,0,0
data/external/actions/human_action_recognition/train/008881_dancing.jpg,Bingsu/Human_Action_Recognition,dancing,0,0,0,0,0,0,0,0,0,0,1,0,0,0,0,0,0,1,0,0
data/external/actions/human_action_recognition/train/008882_drinking.jpg,Bingsu/Human_Action_Recognition,drinking,0,0,0,0,0,0,0,0,0,0,0,0,0,0,1,0,0,0,0,0
data/external/actions/human_action_recognition/train/008883_laughing.jpg,Bingsu/Human_Action_Recognition,laughing,1,0,0,0,0,0,0,0,0,0,0,0,0,0,0,0,1,0,0,0
data/external/actions/human_action_recognition/train/008884_using_laptop.jpg,Bingsu/Human_Action_Recognition,using_laptop,0,1,0,0,0,0,0,0,0,0,0,0,1,0,0,0,1,0,0,0
data/external/actions/human_action_recognition/train/008885_drinking.jpg,Bingsu/Human_Action_Recognition,drinking,0,0,0,0,0,0,0,0,0,0,0,0,0,0,1,0,0,0,0,0
data/external/actions/human_action_recognition/train/008886_hugging.jpg,Bingsu/Human_Action_Recognition,hugging,1,0,0,0,0,0,0,0,0,0,0,0,0,0,0,0,1,0,0,0
data/external/actions/human_action_recognition/train/008887_running.jpg,Bingsu/Human_Action_Recognition,running,0,0,0,0,0,0,1,0,0,0,0,0,0,0,0,0,0,1,1,0
data/external/actions/human_action_recognition/train/008888_eating.jpg,Bingsu/Human_Action_Recognition,eating,0,0,0,0,0,0,0,0,0,0,0,0,0,1,0,0,0,0,0,0
data/external/actions/human_action_recognition/train/008889_hugging.jpg,Bingsu/Human_Action_Recognition,hugging,1,0,0,0,0,0,0,0,0,0,0,0,0,0,0,0,1,0,0,0
data/external/actions/human_action_recognition/train/008890_texting.jpg,Bingsu/Human_Action_Recognition,texting,0,1,0,0,0,0,0,0,0,0,0,0,0,0,0,0,1,0,0,0
data/external/actions/human_action_recognition/train/008891_running.jpg,Bingsu/Human_Action_Recognition,running,0,0,0,0,0,0,1,0,0,0,0,0,0,0,0,0,0,1,1,0
data/external/actions/human_action_recognition/train/008892_running.jpg,Bingsu/Human_Action_Recognition,running,0,0,0,0,0,0,1,0,0,0,0,0,0,0,0,0,0,1,1,0
data/external/actions/human_action_recognition/train/008893_calling.jpg,Bingsu/Human_Action_Recognition,calling,1,0,0,0,0,0,0,0,0,0,0,0,0,0,0,0,1,0,0,0
data/external/actions/human_action_recognition/train/008894_sleeping.jpg,Bingsu/Human_Action_Recognition,sleeping,0,0,1,0,0,0,0,0,0,0,0,0,0,0,0,0,1,0,0,0
data/external/actions/human_action_recognition/train/008895_cycling.jpg,Bingsu/Human_Action_Recognition,cycling,0,0,0,0,0,0,0,0,1,0,0,0,0,0,0,0,0,1,0,0
data/external/actions/human_action_recognition/train/008896_laughing.jpg,Bingsu/Human_Action_Recognition,laughing,1,0,0,0,0,0,0,0,0,0,0,0,0,0,0,0,1,0,0,0
data/external/actions/human_action_recognition/train/008897_dancing.jpg,Bingsu/Human_Action_Recognition,dancing,0,0,0,0,0,0,0,0,0,0,1,0,0,0,0,0,0,1,0,0
data/external/actions/human_action_recognition/train/008898_drinking.jpg,Bingsu/Human_Action_Recognition,drinking,0,0,0,0,0,0,0,0,0,0,0,0,0,0,1,0,0,0,0,0
data/external/actions/human_action_recognition/train/008899_sitting.jpg,Bingsu/Human_Action_Recognition,sitting,0,1,0,0,0,0,0,0,0,0,0,0,0,0,0,0,1,0,0,0
data/external/actions/human_action_recognition/train/008900_eating.jpg,Bingsu/Human_Action_Recognition,eating,0,0,0,0,0,0,0,0,0,0,0,0,0,1,0,0,0,0,0,0
data/external/actions/human_action_recognition/train/008901_calling.jpg,Bingsu/Human_Action_Recognition,calling,1,0,0,0,0,0,0,0,0,0,0,0,0,0,0,0,1,0,0,0
data/external/actions/human_action_recognition/train/008902_laughing.jpg,Bingsu/Human_Action_Recognition,laughing,1,0,0,0,0,0,0,0,0,0,0,0,0,0,0,0,1,0,0,0
data/external/actions/human_action_recognition/train/008903_calling.jpg,Bingsu/Human_Action_Recognition,calling,1,0,0,0,0,0,0,0,0,0,0,0,0,0,0,0,1,0,0,0
data/external/actions/human_action_recognition/train/008904_hugging.jpg,Bingsu/Human_Action_Recognition,hugging,1,0,0,0,0,0,0,0,0,0,0,0,0,0,0,0,1,0,0,0
data/external/actions/human_action_recognition/train/008905_listening_to_music.jpg,Bingsu/Human_Action_Recognition,listening_to_music,0,1,0,0,0,0,0,0,0,0,0,0,0,0,0,0,1,0,0,0
data/external/actions/human_action_recognition/train/008906_sitting.jpg,Bingsu/Human_Action_Recognition,sitting,0,1,0,0,0,0,0,0,0,0,0,0,0,0,0,0,1,0,0,0
data/external/actions/human_action_recognition/train/008907_eating.jpg,Bingsu/Human_Action_Recognition,eating,0,0,0,0,0,0,0,0,0,0,0,0,0,1,0,0,0,0,0,0
data/external/actions/human_action_recognition/train/008908_drinking.jpg,Bingsu/Human_Action_Recognition,drinking,0,0,0,0,0,0,0,0,0,0,0,0,0,0,1,0,0,0,0,0
data/external/actions/human_action_recognition/train/008909_texting.jpg,Bingsu/Human_Action_Recognition,texting,0,1,0,0,0,0,0,0,0,0,0,0,0,0,0,0,1,0,0,0
data/external/actions/human_action_recognition/train/008910_dancing.jpg,Bingsu/Human_Action_Recognition,dancing,0,0,0,0,0,0,0,0,0,0,1,0,0,0,0,0,0,1,0,0
data/external/actions/human_action_recognition/train/008911_clapping.jpg,Bingsu/Human_Action_Recognition,clapping,0,0,0,0,1,0,0,0,0,0,0,0,0,0,0,0,0,1,0,0
data/external/actions/human_action_recognition/train/008912_clapping.jpg,Bingsu/Human_Action_Recognition,clapping,0,0,0,0,1,0,0,0,0,0,0,0,0,0,0,0,0,1,0,0
data/external/actions/human_action_recognition/train/008913_dancing.jpg,Bingsu/Human_Action_Recognition,dancing,0,0,0,0,0,0,0,0,0,0,1,0,0,0,0,0,0,1,0,0
data/external/actions/human_action_recognition/train/008914_laughing.jpg,Bingsu/Human_Action_Recognition,laughing,1,0,0,0,0,0,0,0,0,0,0,0,0,0,0,0,1,0,0,0
data/external/actions/human_action_recognition/train/008915_fighting.jpg,Bingsu/Human_Action_Recognition,fighting,0,0,0,0,0,0,0,0,0,0,0,0,0,0,0,0,0,1,1,0
data/external/actions/human_action_recognition/train/008916_fighting.jpg,Bingsu/Human_Action_Recognition,fighting,0,0,0,0,0,0,0,0,0,0,0,0,0,0,0,0,0,1,1,0
data/external/actions/human_action_recognition/train/008917_using_laptop.jpg,Bingsu/Human_Action_Recognition,using_laptop,0,1,0,0,0,0,0,0,0,0,0,0,1,0,0,0,1,0,0,0
data/external/actions/human_action_recognition/train/008918_listening_to_music.jpg,Bingsu/Human_Action_Recognition,listening_to_music,0,1,0,0,0,0,0,0,0,0,0,0,0,0,0,0,1,0,0,0
data/external/actions/human_action_recognition/train/008919_cycling.jpg,Bingsu/Human_Action_Recognition,cycling,0,0,0,0,0,0,0,0,1,0,0,0,0,0,0,0,0,1,0,0
data/external/actions/human_action_recognition/train/008920_clapping.jpg,Bingsu/Human_Action_Recognition,clapping,0,0,0,0,1,0,0,0,0,0,0,0,0,0,0,0,0,1,0,0
data/external/actions/human_action_recognition/train/008921_hugging.jpg,Bingsu/Human_Action_Recognition,hugging,1,0,0,0,0,0,0,0,0,0,0,0,0,0,0,0,1,0,0,0
data/external/actions/human_action_recognition/train/008922_dancing.jpg,Bingsu/Human_Action_Recognition,dancing,0,0,0,0,0,0,0,0,0,0,1,0,0,0,0,0,0,1,0,0
data/external/actions/human_action_recognition/train/008923_laughing.jpg,Bingsu/Human_Action_Recognition,laughing,1,0,0,0,0,0,0,0,0,0,0,0,0,0,0,0,1,0,0,0
data/external/actions/human_action_recognition/train/008924_calling.jpg,Bingsu/Human_Action_Recognition,calling,1,0,0,0,0,0,0,0,0,0,0,0,0,0,0,0,1,0,0,0
data/external/actions/human_action_recognition/train/008925_listening_to_music.jpg,Bingsu/Human_Action_Recognition,listening_to_music,0,1,0,0,0,0,0,0,0,0,0,0,0,0,0,0,1,0,0,0
data/external/actions/human_action_recognition/train/008926_dancing.jpg,Bingsu/Human_Action_Recognition,dancing,0,0,0,0,0,0,0,0,0,0,1,0,0,0,0,0,0,1,0,0
data/external/actions/human_action_recognition/train/008927_drinking.jpg,Bingsu/Human_Action_Recognition,drinking,0,0,0,0,0,0,0,0,0,0,0,0,0,0,1,0,0,0,0,0
data/external/actions/human_action_recognition/train/008928_using_laptop.jpg,Bingsu/Human_Action_Recognition,using_laptop,0,1,0,0,0,0,0,0,0,0,0,0,1,0,0,0,1,0,0,0
data/external/actions/human_action_recognition/train/008929_using_laptop.jpg,Bingsu/Human_Action_Recognition,using_laptop,0,1,0,0,0,0,0,0,0,0,0,0,1,0,0,0,1,0,0,0
data/external/actions/human_action_recognition/train/008930_cycling.jpg,Bingsu/Human_Action_Recognition,cycling,0,0,0,0,0,0,0,0,1,0,0,0,0,0,0,0,0,1,0,0
data/external/actions/human_action_recognition/train/008931_listening_to_music.jpg,Bingsu/Human_Action_Recognition,listening_to_music,0,1,0,0,0,0,0,0,0,0,0,0,0,0,0,0,1,0,0,0
data/external/actions/human_action_recognition/train/008932_fighting.jpg,Bingsu/Human_Action_Recognition,fighting,0,0,0,0,0,0,0,0,0,0,0,0,0,0,0,0,0,1,1,0
data/external/actions/human_action_recognition/train/008933_hugging.jpg,Bingsu/Human_Action_Recognition,hugging,1,0,0,0,0,0,0,0,0,0,0,0,0,0,0,0,1,0,0,0
data/external/actions/human_action_recognition/train/008934_using_laptop.jpg,Bingsu/Human_Action_Recognition,using_laptop,0,1,0,0,0,0,0,0,0,0,0,0,1,0,0,0,1,0,0,0
data/external/actions/human_action_recognition/train/008935_sleeping.jpg,Bingsu/Human_Action_Recognition,sleeping,0,0,1,0,0,0,0,0,0,0,0,0,0,0,0,0,1,0,0,0
data/external/actions/human_action_recognition/train/008936_calling.jpg,Bingsu/Human_Action_Recognition,calling,1,0,0,0,0,0,0,0,0,0,0,0,0,0,0,0,1,0,0,0
data/external/actions/human_action_recognition/train/008937_drinking.jpg,Bingsu/Human_Action_Recognition,drinking,0,0,0,0,0,0,0,0,0,0,0,0,0,0,1,0,0,0,0,0
data/external/actions/human_action_recognition/train/008938_dancing.jpg,Bingsu/Human_Action_Recognition,dancing,0,0,0,0,0,0,0,0,0,0,1,0,0,0,0,0,0,1,0,0
data/external/actions/human_action_recognition/train/008939_eating.jpg,Bingsu/Human_Action_Recognition,eating,0,0,0,0,0,0,0,0,0,0,0,0,0,1,0,0,0,0,0,0
data/external/actions/human_action_recognition/train/008940_hugging.jpg,Bingsu/Human_Action_Recognition,hugging,1,0,0,0,0,0,0,0,0,0,0,0,0,0,0,0,1,0,0,0
data/external/actions/human_action_recognition/train/008941_sitting.jpg,Bingsu/Human_Action_Recognition,sitting,0,1,0,0,0,0,0,0,0,0,0,0,0,0,0,0,1,0,0,0
data/external/actions/human_action_recognition/train/008942_listening_to_music.jpg,Bingsu/Human_Action_Recognition,listening_to_music,0,1,0,0,0,0,0,0,0,0,0,0,0,0,0,0,1,0,0,0
data/external/actions/human_action_recognition/train/008943_texting.jpg,Bingsu/Human_Action_Recognition,texting,0,1,0,0,0,0,0,0,0,0,0,0,0,0,0,0,1,0,0,0
data/external/actions/human_action_recognition/train/008944_drinking.jpg,Bingsu/Human_Action_Recognition,drinking,0,0,0,0,0,0,0,0,0,0,0,0,0,0,1,0,0,0,0,0
data/external/actions/human_action_recognition/train/008945_eating.jpg,Bingsu/Human_Action_Recognition,eating,0,0,0,0,0,0,0,0,0,0,0,0,0,1,0,0,0,0,0,0
data/external/actions/human_action_recognition/train/008946_listening_to_music.jpg,Bingsu/Human_Action_Recognition,listening_to_music,0,1,0,0,0,0,0,0,0,0,0,0,0,0,0,0,1,0,0,0
data/external/actions/human_action_recognition/train/008947_drinking.jpg,Bingsu/Human_Action_Recognition,drinking,0,0,0,0,0,0,0,0,0,0,0,0,0,0,1,0,0,0,0,0
data/external/actions/human_action_recognition/train/008948_laughing.jpg,Bingsu/Human_Action_Recognition,laughing,1,0,0,0,0,0,0,0,0,0,0,0,0,0,0,0,1,0,0,0
data/external/actions/human_action_recognition/train/008949_using_laptop.jpg,Bingsu/Human_Action_Recognition,using_laptop,0,1,0,0,0,0,0,0,0,0,0,0,1,0,0,0,1,0,0,0
data/external/actions/human_action_recognition/train/008950_drinking.jpg,Bingsu/Human_Action_Recognition,drinking,0,0,0,0,0,0,0,0,0,0,0,0,0,0,1,0,0,0,0,0
data/external/actions/human_action_recognition/train/008951_eating.jpg,Bingsu/Human_Action_Recognition,eating,0,0,0,0,0,0,0,0,0,0,0,0,0,1,0,0,0,0,0,0
data/external/actions/human_action_recognition/train/008952_sitting.jpg,Bingsu/Human_Action_Recognition,sitting,0,1,0,0,0,0,0,0,0,0,0,0,0,0,0,0,1,0,0,0
data/external/actions/human_action_recognition/train/008953_sleeping.jpg,Bingsu/Human_Action_Recognition,sleeping,0,0,1,0,0,0,0,0,0,0,0,0,0,0,0,0,1,0,0,0
data/external/actions/human_action_recognition/train/008954_dancing.jpg,Bingsu/Human_Action_Recognition,dancing,0,0,0,0,0,0,0,0,0,0,1,0,0,0,0,0,0,1,0,0
data/external/actions/human_action_recognition/train/008955_sitting.jpg,Bingsu/Human_Action_Recognition,sitting,0,1,0,0,0,0,0,0,0,0,0,0,0,0,0,0,1,0,0,0
data/external/actions/human_action_recognition/train/008956_listening_to_music.jpg,Bingsu/Human_Action_Recognition,listening_to_music,0,1,0,0,0,0,0,0,0,0,0,0,0,0,0,0,1,0,0,0
data/external/actions/human_action_recognition/train/008957_dancing.jpg,Bingsu/Human_Action_Recognition,dancing,0,0,0,0,0,0,0,0,0,0,1,0,0,0,0,0,0,1,0,0
data/external/actions/human_action_recognition/train/008958_using_laptop.jpg,Bingsu/Human_Action_Recognition,using_laptop,0,1,0,0,0,0,0,0,0,0,0,0,1,0,0,0,1,0,0,0
data/external/actions/human_action_recognition/train/008959_sitting.jpg,Bingsu/Human_Action_Recognition,sitting,0,1,0,0,0,0,0,0,0,0,0,0,0,0,0,0,1,0,0,0
data/external/actions/human_action_recognition/train/008960_running.jpg,Bingsu/Human_Action_Recognition,running,0,0,0,0,0,0,1,0,0,0,0,0,0,0,0,0,0,1,1,0
data/external/actions/human_action_recognition/train/008961_sitting.jpg,Bingsu/Human_Action_Recognition,sitting,0,1,0,0,0,0,0,0,0,0,0,0,0,0,0,0,1,0,0,0
data/external/actions/human_action_recognition/train/008962_listening_to_music.jpg,Bingsu/Human_Action_Recognition,listening_to_music,0,1,0,0,0,0,0,0,0,0,0,0,0,0,0,0,1,0,0,0
data/external/actions/human_action_recognition/train/008963_drinking.jpg,Bingsu/Human_Action_Recognition,drinking,0,0,0,0,0,0,0,0,0,0,0,0,0,0,1,0,0,0,0,0
data/external/actions/human_action_recognition/train/008964_clapping.jpg,Bingsu/Human_Action_Recognition,clapping,0,0,0,0,1,0,0,0,0,0,0,0,0,0,0,0,0,1,0,0
data/external/actions/human_action_recognition/train/008965_using_laptop.jpg,Bingsu/Human_Action_Recognition,using_laptop,0,1,0,0,0,0,0,0,0,0,0,0,1,0,0,0,1,0,0,0
data/external/actions/human_action_recognition/train/008966_hugging.jpg,Bingsu/Human_Action_Recognition,hugging,1,0,0,0,0,0,0,0,0,0,0,0,0,0,0,0,1,0,0,0
data/external/actions/human_action_recognition/train/008967_eating.jpg,Bingsu/Human_Action_Recognition,eating,0,0,0,0,0,0,0,0,0,0,0,0,0,1,0,0,0,0,0,0
data/external/actions/human_action_recognition/train/008968_using_laptop.jpg,Bingsu/Human_Action_Recognition,using_laptop,0,1,0,0,0,0,0,0,0,0,0,0,1,0,0,0,1,0,0,0
data/external/actions/human_action_recognition/train/008969_hugging.jpg,Bingsu/Human_Action_Recognition,hugging,1,0,0,0,0,0,0,0,0,0,0,0,0,0,0,0,1,0,0,0
data/external/actions/human_action_recognition/train/008970_clapping.jpg,Bingsu/Human_Action_Recognition,clapping,0,0,0,0,1,0,0,0,0,0,0,0,0,0,0,0,0,1,0,0
data/external/actions/human_action_recognition/train/008971_drinking.jpg,Bingsu/Human_Action_Recognition,drinking,0,0,0,0,0,0,0,0,0,0,0,0,0,0,1,0,0,0,0,0
data/external/actions/human_action_recognition/train/008972_eating.jpg,Bingsu/Human_Action_Recognition,eating,0,0,0,0,0,0,0,0,0,0,0,0,0,1,0,0,0,0,0,0
data/external/actions/human_action_recognition/train/008973_drinking.jpg,Bingsu/Human_Action_Recognition,drinking,0,0,0,0,0,0,0,0,0,0,0,0,0,0,1,0,0,0,0,0
data/external/actions/human_action_recognition/train/008974_fighting.jpg,Bingsu/Human_Action_Recognition,fighting,0,0,0,0,0,0,0,0,0,0,0,0,0,0,0,0,0,1,1,0
data/external/actions/human_action_recognition/train/008975_cycling.jpg,Bingsu/Human_Action_Recognition,cycling,0,0,0,0,0,0,0,0,1,0,0,0,0,0,0,0,0,1,0,0
data/external/actions/human_action_recognition/train/008976_using_laptop.jpg,Bingsu/Human_Action_Recognition,using_laptop,0,1,0,0,0,0,0,0,0,0,0,0,1,0,0,0,1,0,0,0
data/external/actions/human_action_recognition/train/008977_eating.jpg,Bingsu/Human_Action_Recognition,eating,0,0,0,0,0,0,0,0,0,0,0,0,0,1,0,0,0,0,0,0
data/external/actions/human_action_recognition/train/008978_sleeping.jpg,Bingsu/Human_Action_Recognition,sleeping,0,0,1,0,0,0,0,0,0,0,0,0,0,0,0,0,1,0,0,0
data/external/actions/human_action_recognition/train/008979_fighting.jpg,Bingsu/Human_Action_Recognition,fighting,0,0,0,0,0,0,0,0,0,0,0,0,0,0,0,0,0,1,1,0
data/external/actions/human_action_recognition/train/008980_eating.jpg,Bingsu/Human_Action_Recognition,eating,0,0,0,0,0,0,0,0,0,0,0,0,0,1,0,0,0,0,0,0
data/external/actions/human_action_recognition/train/008981_clapping.jpg,Bingsu/Human_Action_Recognition,clapping,0,0,0,0,1,0,0,0,0,0,0,0,0,0,0,0,0,1,0,0
data/external/actions/human_action_recognition/train/008982_sleeping.jpg,Bingsu/Human_Action_Recognition,sleeping,0,0,1,0,0,0,0,0,0,0,0,0,0,0,0,0,1,0,0,0
data/external/actions/human_action_recognition/train/008983_laughing.jpg,Bingsu/Human_Action_Recognition,laughing,1,0,0,0,0,0,0,0,0,0,0,0,0,0,0,0,1,0,0,0
data/external/actions/human_action_recognition/train/008984_fighting.jpg,Bingsu/Human_Action_Recognition,fighting,0,0,0,0,0,0,0,0,0,0,0,0,0,0,0,0,0,1,1,0
data/external/actions/human_action_recognition/train/008985_drinking.jpg,Bingsu/Human_Action_Recognition,drinking,0,0,0,0,0,0,0,0,0,0,0,0,0,0,1,0,0,0,0,0
data/external/actions/human_action_recognition/train/008986_cycling.jpg,Bingsu/Human_Action_Recognition,cycling,0,0,0,0,0,0,0,0,1,0,0,0,0,0,0,0,0,1,0,0
data/external/actions/human_action_recognition/train/008987_running.jpg,Bingsu/Human_Action_Recognition,running,0,0,0,0,0,0,1,0,0,0,0,0,0,0,0,0,0,1,1,0
data/external/actions/human_action_recognition/train/008988_hugging.jpg,Bingsu/Human_Action_Recognition,hugging,1,0,0,0,0,0,0,0,0,0,0,0,0,0,0,0,1,0,0,0
data/external/actions/human_action_recognition/train/008989_running.jpg,Bingsu/Human_Action_Recognition,running,0,0,0,0,0,0,1,0,0,0,0,0,0,0,0,0,0,1,1,0
data/external/actions/human_action_recognition/train/008990_running.jpg,Bingsu/Human_Action_Recognition,running,0,0,0,0,0,0,1,0,0,0,0,0,0,0,0,0,0,1,1,0
data/external/actions/human_action_recognition/train/008991_cycling.jpg,Bingsu/Human_Action_Recognition,cycling,0,0,0,0,0,0,0,0,1,0,0,0,0,0,0,0,0,1,0,0
data/external/actions/human_action_recognition/train/008992_fighting.jpg,Bingsu/Human_Action_Recognition,fighting,0,0,0,0,0,0,0,0,0,0,0,0,0,0,0,0,0,1,1,0
data/external/actions/human_action_recognition/train/008993_using_laptop.jpg,Bingsu/Human_Action_Recognition,using_laptop,0,1,0,0,0,0,0,0,0,0,0,0,1,0,0,0,1,0,0,0
data/external/actions/human_action_recognition/train/008994_drinking.jpg,Bingsu/Human_Action_Recognition,drinking,0,0,0,0,0,0,0,0,0,0,0,0,0,0,1,0,0,0,0,0
data/external/actions/human_action_recognition/train/008995_texting.jpg,Bingsu/Human_Action_Recognition,texting,0,1,0,0,0,0,0,0,0,0,0,0,0,0,0,0,1,0,0,0
data/external/actions/human_action_recognition/train/008996_clapping.jpg,Bingsu/Human_Action_Recognition,clapping,0,0,0,0,1,0,0,0,0,0,0,0,0,0,0,0,0,1,0,0
data/external/actions/human_action_recognition/train/008997_clapping.jpg,Bingsu/Human_Action_Recognition,clapping,0,0,0,0,1,0,0,0,0,0,0,0,0,0,0,0,0,1,0,0
data/external/actions/human_action_recognition/train/008998_fighting.jpg,Bingsu/Human_Action_Recognition,fighting,0,0,0,0,0,0,0,0,0,0,0,0,0,0,0,0,0,1,1,0
data/external/actions/human_action_recognition/train/008999_hugging.jpg,Bingsu/Human_Action_Recognition,hugging,1,0,0,0,0,0,0,0,0,0,0,0,0,0,0,0,1,0,0,0
data/external/actions/human_action_recognition/train/009000_calling.jpg,Bingsu/Human_Action_Recognition,calling,1,0,0,0,0,0,0,0,0,0,0,0,0,0,0,0,1,0,0,0
data/external/actions/human_action_recognition/train/009001_sitting.jpg,Bingsu/Human_Action_Recognition,sitting,0,1,0,0,0,0,0,0,0,0,0,0,0,0,0,0,1,0,0,0
data/external/actions/human_action_recognition/train/009002_sitting.jpg,Bingsu/Human_Action_Recognition,sitting,0,1,0,0,0,0,0,0,0,0,0,0,0,0,0,0,1,0,0,0
data/external/actions/human_action_recognition/train/009003_using_laptop.jpg,Bingsu/Human_Action_Recognition,using_laptop,0,1,0,0,0,0,0,0,0,0,0,0,1,0,0,0,1,0,0,0
data/external/actions/human_action_recognition/train/009004_using_laptop.jpg,Bingsu/Human_Action_Recognition,using_laptop,0,1,0,0,0,0,0,0,0,0,0,0,1,0,0,0,1,0,0,0
data/external/actions/human_action_recognition/train/009005_hugging.jpg,Bingsu/Human_Action_Recognition,hugging,1,0,0,0,0,0,0,0,0,0,0,0,0,0,0,0,1,0,0,0
data/external/actions/human_action_recognition/train/009006_sleeping.jpg,Bingsu/Human_Action_Recognition,sleeping,0,0,1,0,0,0,0,0,0,0,0,0,0,0,0,0,1,0,0,0
data/external/actions/human_action_recognition/train/009007_running.jpg,Bingsu/Human_Action_Recognition,running,0,0,0,0,0,0,1,0,0,0,0,0,0,0,0,0,0,1,1,0
data/external/actions/human_action_recognition/train/009008_drinking.jpg,Bingsu/Human_Action_Recognition,drinking,0,0,0,0,0,0,0,0,0,0,0,0,0,0,1,0,0,0,0,0
data/external/actions/human_action_recognition/train/009009_cycling.jpg,Bingsu/Human_Action_Recognition,cycling,0,0,0,0,0,0,0,0,1,0,0,0,0,0,0,0,0,1,0,0
data/external/actions/human_action_recognition/train/009010_texting.jpg,Bingsu/Human_Action_Recognition,texting,0,1,0,0,0,0,0,0,0,0,0,0,0,0,0,0,1,0,0,0
data/external/actions/human_action_recognition/train/009011_hugging.jpg,Bingsu/Human_Action_Recognition,hugging,1,0,0,0,0,0,0,0,0,0,0,0,0,0,0,0,1,0,0,0
data/external/actions/human_action_recognition/train/009012_dancing.jpg,Bingsu/Human_Action_Recognition,dancing,0,0,0,0,0,0,0,0,0,0,1,0,0,0,0,0,0,1,0,0
data/external/actions/human_action_recognition/train/009013_hugging.jpg,Bingsu/Human_Action_Recognition,hugging,1,0,0,0,0,0,0,0,0,0,0,0,0,0,0,0,1,0,0,0
data/external/actions/human_action_recognition/train/009014_cycling.jpg,Bingsu/Human_Action_Recognition,cycling,0,0,0,0,0,0,0,0,1,0,0,0,0,0,0,0,0,1,0,0
data/external/actions/human_action_recognition/train/009015_texting.jpg,Bingsu/Human_Action_Recognition,texting,0,1,0,0,0,0,0,0,0,0,0,0,0,0,0,0,1,0,0,0
data/external/actions/human_action_recognition/train/009016_sleeping.jpg,Bingsu/Human_Action_Recognition,sleeping,0,0,1,0,0,0,0,0,0,0,0,0,0,0,0,0,1,0,0,0
data/external/actions/human_action_recognition/train/009017_using_laptop.jpg,Bingsu/Human_Action_Recognition,using_laptop,0,1,0,0,0,0,0,0,0,0,0,0,1,0,0,0,1,0,0,0
data/external/actions/human_action_recognition/train/009018_calling.jpg,Bingsu/Human_Action_Recognition,calling,1,0,0,0,0,0,0,0,0,0,0,0,0,0,0,0,1,0,0,0
data/external/actions/human_action_recognition/train/009019_cycling.jpg,Bingsu/Human_Action_Recognition,cycling,0,0,0,0,0,0,0,0,1,0,0,0,0,0,0,0,0,1,0,0
data/external/actions/human_action_recognition/train/009020_clapping.jpg,Bingsu/Human_Action_Recognition,clapping,0,0,0,0,1,0,0,0,0,0,0,0,0,0,0,0,0,1,0,0
data/external/actions/human_action_recognition/train/009021_hugging.jpg,Bingsu/Human_Action_Recognition,hugging,1,0,0,0,0,0,0,0,0,0,0,0,0,0,0,0,1,0,0,0
data/external/actions/human_action_recognition/train/009022_eating.jpg,Bingsu/Human_Action_Recognition,eating,0,0,0,0,0,0,0,0,0,0,0,0,0,1,0,0,0,0,0,0
data/external/actions/human_action_recognition/train/009023_eating.jpg,Bingsu/Human_Action_Recognition,eating,0,0,0,0,0,0,0,0,0,0,0,0,0,1,0,0,0,0,0,0
data/external/actions/human_action_recognition/train/009024_sitting.jpg,Bingsu/Human_Action_Recognition,sitting,0,1,0,0,0,0,0,0,0,0,0,0,0,0,0,0,1,0,0,0
data/external/actions/human_action_recognition/train/009025_texting.jpg,Bingsu/Human_Action_Recognition,texting,0,1,0,0,0,0,0,0,0,0,0,0,0,0,0,0,1,0,0,0
data/external/actions/human_action_recognition/train/009026_calling.jpg,Bingsu/Human_Action_Recognition,calling,1,0,0,0,0,0,0,0,0,0,0,0,0,0,0,0,1,0,0,0
data/external/actions/human_action_recognition/train/009027_laughing.jpg,Bingsu/Human_Action_Recognition,laughing,1,0,0,0,0,0,0,0,0,0,0,0,0,0,0,0,1,0,0,0
data/external/actions/human_action_recognition/train/009028_laughing.jpg,Bingsu/Human_Action_Recognition,laughing,1,0,0,0,0,0,0,0,0,0,0,0,0,0,0,0,1,0,0,0
data/external/actions/human_action_recognition/train/009029_listening_to_music.jpg,Bingsu/Human_Action_Recognition,listening_to_music,0,1,0,0,0,0,0,0,0,0,0,0,0,0,0,0,1,0,0,0
data/external/actions/human_action_recognition/train/009030_laughing.jpg,Bingsu/Human_Action_Recognition,laughing,1,0,0,0,0,0,0,0,0,0,0,0,0,0,0,0,1,0,0,0
data/external/actions/human_action_recognition/train/009031_sleeping.jpg,Bingsu/Human_Action_Recognition,sleeping,0,0,1,0,0,0,0,0,0,0,0,0,0,0,0,0,1,0,0,0
data/external/actions/human_action_recognition/train/009032_dancing.jpg,Bingsu/Human_Action_Recognition,dancing,0,0,0,0,0,0,0,0,0,0,1,0,0,0,0,0,0,1,0,0
data/external/actions/human_action_recognition/train/009033_cycling.jpg,Bingsu/Human_Action_Recognition,cycling,0,0,0,0,0,0,0,0,1,0,0,0,0,0,0,0,0,1,0,0
data/external/actions/human_action_recognition/train/009034_sitting.jpg,Bingsu/Human_Action_Recognition,sitting,0,1,0,0,0,0,0,0,0,0,0,0,0,0,0,0,1,0,0,0
data/external/actions/human_action_recognition/train/009035_running.jpg,Bingsu/Human_Action_Recognition,running,0,0,0,0,0,0,1,0,0,0,0,0,0,0,0,0,0,1,1,0
data/external/actions/human_action_recognition/train/009036_clapping.jpg,Bingsu/Human_Action_Recognition,clapping,0,0,0,0,1,0,0,0,0,0,0,0,0,0,0,0,0,1,0,0
data/external/actions/human_action_recognition/train/009037_listening_to_music.jpg,Bingsu/Human_Action_Recognition,listening_to_music,0,1,0,0,0,0,0,0,0,0,0,0,0,0,0,0,1,0,0,0
data/external/actions/human_action_recognition/train/009038_hugging.jpg,Bingsu/Human_Action_Recognition,hugging,1,0,0,0,0,0,0,0,0,0,0,0,0,0,0,0,1,0,0,0
data/external/actions/human_action_recognition/train/009039_cycling.jpg,Bingsu/Human_Action_Recognition,cycling,0,0,0,0,0,0,0,0,1,0,0,0,0,0,0,0,0,1,0,0
data/external/actions/human_action_recognition/train/009040_cycling.jpg,Bingsu/Human_Action_Recognition,cycling,0,0,0,0,0,0,0,0,1,0,0,0,0,0,0,0,0,1,0,0
data/external/actions/human_action_recognition/train/009041_texting.jpg,Bingsu/Human_Action_Recognition,texting,0,1,0,0,0,0,0,0,0,0,0,0,0,0,0,0,1,0,0,0
data/external/actions/human_action_recognition/train/009042_laughing.jpg,Bingsu/Human_Action_Recognition,laughing,1,0,0,0,0,0,0,0,0,0,0,0,0,0,0,0,1,0,0,0
data/external/actions/human_action_recognition/train/009043_cycling.jpg,Bingsu/Human_Action_Recognition,cycling,0,0,0,0,0,0,0,0,1,0,0,0,0,0,0,0,0,1,0,0
data/external/actions/human_action_recognition/train/009044_drinking.jpg,Bingsu/Human_Action_Recognition,drinking,0,0,0,0,0,0,0,0,0,0,0,0,0,0,1,0,0,0,0,0
data/external/actions/human_action_recognition/train/009045_fighting.jpg,Bingsu/Human_Action_Recognition,fighting,0,0,0,0,0,0,0,0,0,0,0,0,0,0,0,0,0,1,1,0
data/external/actions/human_action_recognition/train/009046_running.jpg,Bingsu/Human_Action_Recognition,running,0,0,0,0,0,0,1,0,0,0,0,0,0,0,0,0,0,1,1,0
data/external/actions/human_action_recognition/train/009047_fighting.jpg,Bingsu/Human_Action_Recognition,fighting,0,0,0,0,0,0,0,0,0,0,0,0,0,0,0,0,0,1,1,0
data/external/actions/human_action_recognition/train/009048_sitting.jpg,Bingsu/Human_Action_Recognition,sitting,0,1,0,0,0,0,0,0,0,0,0,0,0,0,0,0,1,0,0,0
data/external/actions/human_action_recognition/train/009049_fighting.jpg,Bingsu/Human_Action_Recognition,fighting,0,0,0,0,0,0,0,0,0,0,0,0,0,0,0,0,0,1,1,0
data/external/actions/human_action_recognition/train/009050_running.jpg,Bingsu/Human_Action_Recognition,running,0,0,0,0,0,0,1,0,0,0,0,0,0,0,0,0,0,1,1,0
data/external/actions/human_action_recognition/train/009051_laughing.jpg,Bingsu/Human_Action_Recognition,laughing,1,0,0,0,0,0,0,0,0,0,0,0,0,0,0,0,1,0,0,0
data/external/actions/human_action_recognition/train/009052_texting.jpg,Bingsu/Human_Action_Recognition,texting,0,1,0,0,0,0,0,0,0,0,0,0,0,0,0,0,1,0,0,0
data/external/actions/human_action_recognition/train/009053_fighting.jpg,Bingsu/Human_Action_Recognition,fighting,0,0,0,0,0,0,0,0,0,0,0,0,0,0,0,0,0,1,1,0
data/external/actions/human_action_recognition/train/009054_sitting.jpg,Bingsu/Human_Action_Recognition,sitting,0,1,0,0,0,0,0,0,0,0,0,0,0,0,0,0,1,0,0,0
data/external/actions/human_action_recognition/train/009055_sitting.jpg,Bingsu/Human_Action_Recognition,sitting,0,1,0,0,0,0,0,0,0,0,0,0,0,0,0,0,1,0,0,0
data/external/actions/human_action_recognition/train/009056_eating.jpg,Bingsu/Human_Action_Recognition,eating,0,0,0,0,0,0,0,0,0,0,0,0,0,1,0,0,0,0,0,0
data/external/actions/human_action_recognition/train/009057_laughing.jpg,Bingsu/Human_Action_Recognition,laughing,1,0,0,0,0,0,0,0,0,0,0,0,0,0,0,0,1,0,0,0
data/external/actions/human_action_recognition/train/009058_running.jpg,Bingsu/Human_Action_Recognition,running,0,0,0,0,0,0,1,0,0,0,0,0,0,0,0,0,0,1,1,0
data/external/actions/human_action_recognition/train/009059_clapping.jpg,Bingsu/Human_Action_Recognition,clapping,0,0,0,0,1,0,0,0,0,0,0,0,0,0,0,0,0,1,0,0
data/external/actions/human_action_recognition/train/009060_listening_to_music.jpg,Bingsu/Human_Action_Recognition,listening_to_music,0,1,0,0,0,0,0,0,0,0,0,0,0,0,0,0,1,0,0,0
data/external/actions/human_action_recognition/train/009061_calling.jpg,Bingsu/Human_Action_Recognition,calling,1,0,0,0,0,0,0,0,0,0,0,0,0,0,0,0,1,0,0,0
data/external/actions/human_action_recognition/train/009062_clapping.jpg,Bingsu/Human_Action_Recognition,clapping,0,0,0,0,1,0,0,0,0,0,0,0,0,0,0,0,0,1,0,0
data/external/actions/human_action_recognition/train/009063_texting.jpg,Bingsu/Human_Action_Recognition,texting,0,1,0,0,0,0,0,0,0,0,0,0,0,0,0,0,1,0,0,0
data/external/actions/human_action_recognition/train/009064_eating.jpg,Bingsu/Human_Action_Recognition,eating,0,0,0,0,0,0,0,0,0,0,0,0,0,1,0,0,0,0,0,0
data/external/actions/human_action_recognition/train/009065_calling.jpg,Bingsu/Human_Action_Recognition,calling,1,0,0,0,0,0,0,0,0,0,0,0,0,0,0,0,1,0,0,0
data/external/actions/human_action_recognition/train/009066_laughing.jpg,Bingsu/Human_Action_Recognition,laughing,1,0,0,0,0,0,0,0,0,0,0,0,0,0,0,0,1,0,0,0
data/external/actions/human_action_recognition/train/009067_drinking.jpg,Bingsu/Human_Action_Recognition,drinking,0,0,0,0,0,0,0,0,0,0,0,0,0,0,1,0,0,0,0,0
data/external/actions/human_action_recognition/train/009068_laughing.jpg,Bingsu/Human_Action_Recognition,laughing,1,0,0,0,0,0,0,0,0,0,0,0,0,0,0,0,1,0,0,0
data/external/actions/human_action_recognition/train/009069_using_laptop.jpg,Bingsu/Human_Action_Recognition,using_laptop,0,1,0,0,0,0,0,0,0,0,0,0,1,0,0,0,1,0,0,0
data/external/actions/human_action_recognition/train/009070_running.jpg,Bingsu/Human_Action_Recognition,running,0,0,0,0,0,0,1,0,0,0,0,0,0,0,0,0,0,1,1,0
data/external/actions/human_action_recognition/train/009071_clapping.jpg,Bingsu/Human_Action_Recognition,clapping,0,0,0,0,1,0,0,0,0,0,0,0,0,0,0,0,0,1,0,0
data/external/actions/human_action_recognition/train/009072_sleeping.jpg,Bingsu/Human_Action_Recognition,sleeping,0,0,1,0,0,0,0,0,0,0,0,0,0,0,0,0,1,0,0,0
data/external/actions/human_action_recognition/train/009073_hugging.jpg,Bingsu/Human_Action_Recognition,hugging,1,0,0,0,0,0,0,0,0,0,0,0,0,0,0,0,1,0,0,0
data/external/actions/human_action_recognition/train/009074_fighting.jpg,Bingsu/Human_Action_Recognition,fighting,0,0,0,0,0,0,0,0,0,0,0,0,0,0,0,0,0,1,1,0
data/external/actions/human_action_recognition/train/009075_drinking.jpg,Bingsu/Human_Action_Recognition,drinking,0,0,0,0,0,0,0,0,0,0,0,0,0,0,1,0,0,0,0,0
data/external/actions/human_action_recognition/train/009076_clapping.jpg,Bingsu/Human_Action_Recognition,clapping,0,0,0,0,1,0,0,0,0,0,0,0,0,0,0,0,0,1,0,0
data/external/actions/human_action_recognition/train/009077_hugging.jpg,Bingsu/Human_Action_Recognition,hugging,1,0,0,0,0,0,0,0,0,0,0,0,0,0,0,0,1,0,0,0
data/external/actions/human_action_recognition/train/009078_running.jpg,Bingsu/Human_Action_Recognition,running,0,0,0,0,0,0,1,0,0,0,0,0,0,0,0,0,0,1,1,0
data/external/actions/human_action_recognition/train/009079_drinking.jpg,Bingsu/Human_Action_Recognition,drinking,0,0,0,0,0,0,0,0,0,0,0,0,0,0,1,0,0,0,0,0
data/external/actions/human_action_recognition/train/009080_drinking.jpg,Bingsu/Human_Action_Recognition,drinking,0,0,0,0,0,0,0,0,0,0,0,0,0,0,1,0,0,0,0,0
data/external/actions/human_action_recognition/train/009081_eating.jpg,Bingsu/Human_Action_Recognition,eating,0,0,0,0,0,0,0,0,0,0,0,0,0,1,0,0,0,0,0,0
data/external/actions/human_action_recognition/train/009082_clapping.jpg,Bingsu/Human_Action_Recognition,clapping,0,0,0,0,1,0,0,0,0,0,0,0,0,0,0,0,0,1,0,0
data/external/actions/human_action_recognition/train/009083_sleeping.jpg,Bingsu/Human_Action_Recognition,sleeping,0,0,1,0,0,0,0,0,0,0,0,0,0,0,0,0,1,0,0,0
data/external/actions/human_action_recognition/train/009084_texting.jpg,Bingsu/Human_Action_Recognition,texting,0,1,0,0,0,0,0,0,0,0,0,0,0,0,0,0,1,0,0,0
data/external/actions/human_action_recognition/train/009085_calling.jpg,Bingsu/Human_Action_Recognition,calling,1,0,0,0,0,0,0,0,0,0,0,0,0,0,0,0,1,0,0,0
data/external/actions/human_action_recognition/train/009086_calling.jpg,Bingsu/Human_Action_Recognition,calling,1,0,0,0,0,0,0,0,0,0,0,0,0,0,0,0,1,0,0,0
data/external/actions/human_action_recognition/train/009087_running.jpg,Bingsu/Human_Action_Recognition,running,0,0,0,0,0,0,1,0,0,0,0,0,0,0,0,0,0,1,1,0
data/external/actions/human_action_recognition/train/009088_sleeping.jpg,Bingsu/Human_Action_Recognition,sleeping,0,0,1,0,0,0,0,0,0,0,0,0,0,0,0,0,1,0,0,0
data/external/actions/human_action_recognition/train/009089_calling.jpg,Bingsu/Human_Action_Recognition,calling,1,0,0,0,0,0,0,0,0,0,0,0,0,0,0,0,1,0,0,0
data/external/actions/human_action_recognition/train/009090_laughing.jpg,Bingsu/Human_Action_Recognition,laughing,1,0,0,0,0,0,0,0,0,0,0,0,0,0,0,0,1,0,0,0
data/external/actions/human_action_recognition/train/009091_listening_to_music.jpg,Bingsu/Human_Action_Recognition,listening_to_music,0,1,0,0,0,0,0,0,0,0,0,0,0,0,0,0,1,0,0,0
data/external/actions/human_action_recognition/train/009092_eating.jpg,Bingsu/Human_Action_Recognition,eating,0,0,0,0,0,0,0,0,0,0,0,0,0,1,0,0,0,0,0,0
data/external/actions/human_action_recognition/train/009093_eating.jpg,Bingsu/Human_Action_Recognition,eating,0,0,0,0,0,0,0,0,0,0,0,0,0,1,0,0,0,0,0,0
data/external/actions/human_action_recognition/train/009094_cycling.jpg,Bingsu/Human_Action_Recognition,cycling,0,0,0,0,0,0,0,0,1,0,0,0,0,0,0,0,0,1,0,0
data/external/actions/human_action_recognition/train/009095_dancing.jpg,Bingsu/Human_Action_Recognition,dancing,0,0,0,0,0,0,0,0,0,0,1,0,0,0,0,0,0,1,0,0
data/external/actions/human_action_recognition/train/009096_laughing.jpg,Bingsu/Human_Action_Recognition,laughing,1,0,0,0,0,0,0,0,0,0,0,0,0,0,0,0,1,0,0,0
data/external/actions/human_action_recognition/train/009097_dancing.jpg,Bingsu/Human_Action_Recognition,dancing,0,0,0,0,0,0,0,0,0,0,1,0,0,0,0,0,0,1,0,0
data/external/actions/human_action_recognition/train/009098_texting.jpg,Bingsu/Human_Action_Recognition,texting,0,1,0,0,0,0,0,0,0,0,0,0,0,0,0,0,1,0,0,0
data/external/actions/human_action_recognition/train/009099_using_laptop.jpg,Bingsu/Human_Action_Recognition,using_laptop,0,1,0,0,0,0,0,0,0,0,0,0,1,0,0,0,1,0,0,0
data/external/actions/human_action_recognition/train/009100_running.jpg,Bingsu/Human_Action_Recognition,running,0,0,0,0,0,0,1,0,0,0,0,0,0,0,0,0,0,1,1,0
data/external/actions/human_action_recognition/train/009101_dancing.jpg,Bingsu/Human_Action_Recognition,dancing,0,0,0,0,0,0,0,0,0,0,1,0,0,0,0,0,0,1,0,0
data/external/actions/human_action_recognition/train/009102_eating.jpg,Bingsu/Human_Action_Recognition,eating,0,0,0,0,0,0,0,0,0,0,0,0,0,1,0,0,0,0,0,0
data/external/actions/human_action_recognition/train/009103_texting.jpg,Bingsu/Human_Action_Recognition,texting,0,1,0,0,0,0,0,0,0,0,0,0,0,0,0,0,1,0,0,0
data/external/actions/human_action_recognition/train/009104_drinking.jpg,Bingsu/Human_Action_Recognition,drinking,0,0,0,0,0,0,0,0,0,0,0,0,0,0,1,0,0,0,0,0
data/external/actions/human_action_recognition/train/009105_drinking.jpg,Bingsu/Human_Action_Recognition,drinking,0,0,0,0,0,0,0,0,0,0,0,0,0,0,1,0,0,0,0,0
data/external/actions/human_action_recognition/train/009106_fighting.jpg,Bingsu/Human_Action_Recognition,fighting,0,0,0,0,0,0,0,0,0,0,0,0,0,0,0,0,0,1,1,0
data/external/actions/human_action_recognition/train/009107_drinking.jpg,Bingsu/Human_Action_Recognition,drinking,0,0,0,0,0,0,0,0,0,0,0,0,0,0,1,0,0,0,0,0
data/external/actions/human_action_recognition/train/009108_cycling.jpg,Bingsu/Human_Action_Recognition,cycling,0,0,0,0,0,0,0,0,1,0,0,0,0,0,0,0,0,1,0,0
data/external/actions/human_action_recognition/train/009109_listening_to_music.jpg,Bingsu/Human_Action_Recognition,listening_to_music,0,1,0,0,0,0,0,0,0,0,0,0,0,0,0,0,1,0,0,0
data/external/actions/human_action_recognition/train/009110_texting.jpg,Bingsu/Human_Action_Recognition,texting,0,1,0,0,0,0,0,0,0,0,0,0,0,0,0,0,1,0,0,0
data/external/actions/human_action_recognition/train/009111_fighting.jpg,Bingsu/Human_Action_Recognition,fighting,0,0,0,0,0,0,0,0,0,0,0,0,0,0,0,0,0,1,1,0
data/external/actions/human_action_recognition/train/009112_dancing.jpg,Bingsu/Human_Action_Recognition,dancing,0,0,0,0,0,0,0,0,0,0,1,0,0,0,0,0,0,1,0,0
data/external/actions/human_action_recognition/train/009113_texting.jpg,Bingsu/Human_Action_Recognition,texting,0,1,0,0,0,0,0,0,0,0,0,0,0,0,0,0,1,0,0,0
data/external/actions/human_action_recognition/train/009114_sitting.jpg,Bingsu/Human_Action_Recognition,sitting,0,1,0,0,0,0,0,0,0,0,0,0,0,0,0,0,1,0,0,0
data/external/actions/human_action_recognition/train/009115_using_laptop.jpg,Bingsu/Human_Action_Recognition,using_laptop,0,1,0,0,0,0,0,0,0,0,0,0,1,0,0,0,1,0,0,0
data/external/actions/human_action_recognition/train/009116_clapping.jpg,Bingsu/Human_Action_Recognition,clapping,0,0,0,0,1,0,0,0,0,0,0,0,0,0,0,0,0,1,0,0
data/external/actions/human_action_recognition/train/009117_using_laptop.jpg,Bingsu/Human_Action_Recognition,using_laptop,0,1,0,0,0,0,0,0,0,0,0,0,1,0,0,0,1,0,0,0
data/external/actions/human_action_recognition/train/009118_running.jpg,Bingsu/Human_Action_Recognition,running,0,0,0,0,0,0,1,0,0,0,0,0,0,0,0,0,0,1,1,0
data/external/actions/human_action_recognition/train/009119_calling.jpg,Bingsu/Human_Action_Recognition,calling,1,0,0,0,0,0,0,0,0,0,0,0,0,0,0,0,1,0,0,0
data/external/actions/human_action_recognition/train/009120_clapping.jpg,Bingsu/Human_Action_Recognition,clapping,0,0,0,0,1,0,0,0,0,0,0,0,0,0,0,0,0,1,0,0
data/external/actions/human_action_recognition/train/009121_dancing.jpg,Bingsu/Human_Action_Recognition,dancing,0,0,0,0,0,0,0,0,0,0,1,0,0,0,0,0,0,1,0,0
data/external/actions/human_action_recognition/train/009122_calling.jpg,Bingsu/Human_Action_Recognition,calling,1,0,0,0,0,0,0,0,0,0,0,0,0,0,0,0,1,0,0,0
data/external/actions/human_action_recognition/train/009123_eating.jpg,Bingsu/Human_Action_Recognition,eating,0,0,0,0,0,0,0,0,0,0,0,0,0,1,0,0,0,0,0,0
data/external/actions/human_action_recognition/train/009124_listening_to_music.jpg,Bingsu/Human_Action_Recognition,listening_to_music,0,1,0,0,0,0,0,0,0,0,0,0,0,0,0,0,1,0,0,0
data/external/actions/human_action_recognition/train/009125_laughing.jpg,Bingsu/Human_Action_Recognition,laughing,1,0,0,0,0,0,0,0,0,0,0,0,0,0,0,0,1,0,0,0
data/external/actions/human_action_recognition/train/009126_using_laptop.jpg,Bingsu/Human_Action_Recognition,using_laptop,0,1,0,0,0,0,0,0,0,0,0,0,1,0,0,0,1,0,0,0
data/external/actions/human_action_recognition/train/009127_hugging.jpg,Bingsu/Human_Action_Recognition,hugging,1,0,0,0,0,0,0,0,0,0,0,0,0,0,0,0,1,0,0,0
data/external/actions/human_action_recognition/train/009128_texting.jpg,Bingsu/Human_Action_Recognition,texting,0,1,0,0,0,0,0,0,0,0,0,0,0,0,0,0,1,0,0,0
data/external/actions/human_action_recognition/train/009129_listening_to_music.jpg,Bingsu/Human_Action_Recognition,listening_to_music,0,1,0,0,0,0,0,0,0,0,0,0,0,0,0,0,1,0,0,0
data/external/actions/human_action_recognition/train/009130_fighting.jpg,Bingsu/Human_Action_Recognition,fighting,0,0,0,0,0,0,0,0,0,0,0,0,0,0,0,0,0,1,1,0
data/external/actions/human_action_recognition/train/009131_hugging.jpg,Bingsu/Human_Action_Recognition,hugging,1,0,0,0,0,0,0,0,0,0,0,0,0,0,0,0,1,0,0,0
data/external/actions/human_action_recognition/train/009132_calling.jpg,Bingsu/Human_Action_Recognition,calling,1,0,0,0,0,0,0,0,0,0,0,0,0,0,0,0,1,0,0,0
data/external/actions/human_action_recognition/train/009133_clapping.jpg,Bingsu/Human_Action_Recognition,clapping,0,0,0,0,1,0,0,0,0,0,0,0,0,0,0,0,0,1,0,0
data/external/actions/human_action_recognition/train/009134_cycling.jpg,Bingsu/Human_Action_Recognition,cycling,0,0,0,0,0,0,0,0,1,0,0,0,0,0,0,0,0,1,0,0
data/external/actions/human_action_recognition/train/009135_running.jpg,Bingsu/Human_Action_Recognition,running,0,0,0,0,0,0,1,0,0,0,0,0,0,0,0,0,0,1,1,0
data/external/actions/human_action_recognition/train/009136_calling.jpg,Bingsu/Human_Action_Recognition,calling,1,0,0,0,0,0,0,0,0,0,0,0,0,0,0,0,1,0,0,0
data/external/actions/human_action_recognition/train/009137_listening_to_music.jpg,Bingsu/Human_Action_Recognition,listening_to_music,0,1,0,0,0,0,0,0,0,0,0,0,0,0,0,0,1,0,0,0
data/external/actions/human_action_recognition/train/009138_using_laptop.jpg,Bingsu/Human_Action_Recognition,using_laptop,0,1,0,0,0,0,0,0,0,0,0,0,1,0,0,0,1,0,0,0
data/external/actions/human_action_recognition/train/009139_laughing.jpg,Bingsu/Human_Action_Recognition,laughing,1,0,0,0,0,0,0,0,0,0,0,0,0,0,0,0,1,0,0,0
data/external/actions/human_action_recognition/train/009140_sitting.jpg,Bingsu/Human_Action_Recognition,sitting,0,1,0,0,0,0,0,0,0,0,0,0,0,0,0,0,1,0,0,0
data/external/actions/human_action_recognition/train/009141_clapping.jpg,Bingsu/Human_Action_Recognition,clapping,0,0,0,0,1,0,0,0,0,0,0,0,0,0,0,0,0,1,0,0
data/external/actions/human_action_recognition/train/009142_fighting.jpg,Bingsu/Human_Action_Recognition,fighting,0,0,0,0,0,0,0,0,0,0,0,0,0,0,0,0,0,1,1,0
data/external/actions/human_action_recognition/train/009143_running.jpg,Bingsu/Human_Action_Recognition,running,0,0,0,0,0,0,1,0,0,0,0,0,0,0,0,0,0,1,1,0
data/external/actions/human_action_recognition/train/009144_hugging.jpg,Bingsu/Human_Action_Recognition,hugging,1,0,0,0,0,0,0,0,0,0,0,0,0,0,0,0,1,0,0,0
data/external/actions/human_action_recognition/train/009145_texting.jpg,Bingsu/Human_Action_Recognition,texting,0,1,0,0,0,0,0,0,0,0,0,0,0,0,0,0,1,0,0,0
data/external/actions/human_action_recognition/train/009146_laughing.jpg,Bingsu/Human_Action_Recognition,laughing,1,0,0,0,0,0,0,0,0,0,0,0,0,0,0,0,1,0,0,0
data/external/actions/human_action_recognition/train/009147_dancing.jpg,Bingsu/Human_Action_Recognition,dancing,0,0,0,0,0,0,0,0,0,0,1,0,0,0,0,0,0,1,0,0
data/external/actions/human_action_recognition/train/009148_calling.jpg,Bingsu/Human_Action_Recognition,calling,1,0,0,0,0,0,0,0,0,0,0,0,0,0,0,0,1,0,0,0
data/external/actions/human_action_recognition/train/009149_running.jpg,Bingsu/Human_Action_Recognition,running,0,0,0,0,0,0,1,0,0,0,0,0,0,0,0,0,0,1,1,0
data/external/actions/human_action_recognition/train/009150_eating.jpg,Bingsu/Human_Action_Recognition,eating,0,0,0,0,0,0,0,0,0,0,0,0,0,1,0,0,0,0,0,0
data/external/actions/human_action_recognition/train/009151_cycling.jpg,Bingsu/Human_Action_Recognition,cycling,0,0,0,0,0,0,0,0,1,0,0,0,0,0,0,0,0,1,0,0
data/external/actions/human_action_recognition/train/009152_dancing.jpg,Bingsu/Human_Action_Recognition,dancing,0,0,0,0,0,0,0,0,0,0,1,0,0,0,0,0,0,1,0,0
data/external/actions/human_action_recognition/train/009153_hugging.jpg,Bingsu/Human_Action_Recognition,hugging,1,0,0,0,0,0,0,0,0,0,0,0,0,0,0,0,1,0,0,0
data/external/actions/human_action_recognition/train/009154_hugging.jpg,Bingsu/Human_Action_Recognition,hugging,1,0,0,0,0,0,0,0,0,0,0,0,0,0,0,0,1,0,0,0
data/external/actions/human_action_recognition/train/009155_laughing.jpg,Bingsu/Human_Action_Recognition,laughing,1,0,0,0,0,0,0,0,0,0,0,0,0,0,0,0,1,0,0,0
data/external/actions/human_action_recognition/train/009156_hugging.jpg,Bingsu/Human_Action_Recognition,hugging,1,0,0,0,0,0,0,0,0,0,0,0,0,0,0,0,1,0,0,0
data/external/actions/human_action_recognition/train/009157_using_laptop.jpg,Bingsu/Human_Action_Recognition,using_laptop,0,1,0,0,0,0,0,0,0,0,0,0,1,0,0,0,1,0,0,0
data/external/actions/human_action_recognition/train/009158_using_laptop.jpg,Bingsu/Human_Action_Recognition,using_laptop,0,1,0,0,0,0,0,0,0,0,0,0,1,0,0,0,1,0,0,0
data/external/actions/human_action_recognition/train/009159_fighting.jpg,Bingsu/Human_Action_Recognition,fighting,0,0,0,0,0,0,0,0,0,0,0,0,0,0,0,0,0,1,1,0
data/external/actions/human_action_recognition/train/009160_dancing.jpg,Bingsu/Human_Action_Recognition,dancing,0,0,0,0,0,0,0,0,0,0,1,0,0,0,0,0,0,1,0,0
data/external/actions/human_action_recognition/train/009161_using_laptop.jpg,Bingsu/Human_Action_Recognition,using_laptop,0,1,0,0,0,0,0,0,0,0,0,0,1,0,0,0,1,0,0,0
data/external/actions/human_action_recognition/train/009162_dancing.jpg,Bingsu/Human_Action_Recognition,dancing,0,0,0,0,0,0,0,0,0,0,1,0,0,0,0,0,0,1,0,0
data/external/actions/human_action_recognition/train/009163_running.jpg,Bingsu/Human_Action_Recognition,running,0,0,0,0,0,0,1,0,0,0,0,0,0,0,0,0,0,1,1,0
data/external/actions/human_action_recognition/train/009164_clapping.jpg,Bingsu/Human_Action_Recognition,clapping,0,0,0,0,1,0,0,0,0,0,0,0,0,0,0,0,0,1,0,0
data/external/actions/human_action_recognition/train/009165_using_laptop.jpg,Bingsu/Human_Action_Recognition,using_laptop,0,1,0,0,0,0,0,0,0,0,0,0,1,0,0,0,1,0,0,0
data/external/actions/human_action_recognition/train/009166_texting.jpg,Bingsu/Human_Action_Recognition,texting,0,1,0,0,0,0,0,0,0,0,0,0,0,0,0,0,1,0,0,0
data/external/actions/human_action_recognition/train/009167_dancing.jpg,Bingsu/Human_Action_Recognition,dancing,0,0,0,0,0,0,0,0,0,0,1,0,0,0,0,0,0,1,0,0
data/external/actions/human_action_recognition/train/009168_sitting.jpg,Bingsu/Human_Action_Recognition,sitting,0,1,0,0,0,0,0,0,0,0,0,0,0,0,0,0,1,0,0,0
data/external/actions/human_action_recognition/train/009169_using_laptop.jpg,Bingsu/Human_Action_Recognition,using_laptop,0,1,0,0,0,0,0,0,0,0,0,0,1,0,0,0,1,0,0,0
data/external/actions/human_action_recognition/train/009170_drinking.jpg,Bingsu/Human_Action_Recognition,drinking,0,0,0,0,0,0,0,0,0,0,0,0,0,0,1,0,0,0,0,0
data/external/actions/human_action_recognition/train/009171_sleeping.jpg,Bingsu/Human_Action_Recognition,sleeping,0,0,1,0,0,0,0,0,0,0,0,0,0,0,0,0,1,0,0,0
data/external/actions/human_action_recognition/train/009172_calling.jpg,Bingsu/Human_Action_Recognition,calling,1,0,0,0,0,0,0,0,0,0,0,0,0,0,0,0,1,0,0,0
data/external/actions/human_action_recognition/train/009173_cycling.jpg,Bingsu/Human_Action_Recognition,cycling,0,0,0,0,0,0,0,0,1,0,0,0,0,0,0,0,0,1,0,0
data/external/actions/human_action_recognition/train/009174_dancing.jpg,Bingsu/Human_Action_Recognition,dancing,0,0,0,0,0,0,0,0,0,0,1,0,0,0,0,0,0,1,0,0
data/external/actions/human_action_recognition/train/009175_calling.jpg,Bingsu/Human_Action_Recognition,calling,1,0,0,0,0,0,0,0,0,0,0,0,0,0,0,0,1,0,0,0
data/external/actions/human_action_recognition/train/009176_running.jpg,Bingsu/Human_Action_Recognition,running,0,0,0,0,0,0,1,0,0,0,0,0,0,0,0,0,0,1,1,0
data/external/actions/human_action_recognition/train/009177_cycling.jpg,Bingsu/Human_Action_Recognition,cycling,0,0,0,0,0,0,0,0,1,0,0,0,0,0,0,0,0,1,0,0
data/external/actions/human_action_recognition/train/009178_sitting.jpg,Bingsu/Human_Action_Recognition,sitting,0,1,0,0,0,0,0,0,0,0,0,0,0,0,0,0,1,0,0,0
data/external/actions/human_action_recognition/train/009179_dancing.jpg,Bingsu/Human_Action_Recognition,dancing,0,0,0,0,0,0,0,0,0,0,1,0,0,0,0,0,0,1,0,0
data/external/actions/human_action_recognition/train/009180_running.jpg,Bingsu/Human_Action_Recognition,running,0,0,0,0,0,0,1,0,0,0,0,0,0,0,0,0,0,1,1,0
data/external/actions/human_action_recognition/train/009181_cycling.jpg,Bingsu/Human_Action_Recognition,cycling,0,0,0,0,0,0,0,0,1,0,0,0,0,0,0,0,0,1,0,0
data/external/actions/human_action_recognition/train/009182_fighting.jpg,Bingsu/Human_Action_Recognition,fighting,0,0,0,0,0,0,0,0,0,0,0,0,0,0,0,0,0,1,1,0
data/external/actions/human_action_recognition/train/009183_fighting.jpg,Bingsu/Human_Action_Recognition,fighting,0,0,0,0,0,0,0,0,0,0,0,0,0,0,0,0,0,1,1,0
data/external/actions/human_action_recognition/train/009184_cycling.jpg,Bingsu/Human_Action_Recognition,cycling,0,0,0,0,0,0,0,0,1,0,0,0,0,0,0,0,0,1,0,0
data/external/actions/human_action_recognition/train/009185_sitting.jpg,Bingsu/Human_Action_Recognition,sitting,0,1,0,0,0,0,0,0,0,0,0,0,0,0,0,0,1,0,0,0
data/external/actions/human_action_recognition/train/009186_sitting.jpg,Bingsu/Human_Action_Recognition,sitting,0,1,0,0,0,0,0,0,0,0,0,0,0,0,0,0,1,0,0,0
data/external/actions/human_action_recognition/train/009187_drinking.jpg,Bingsu/Human_Action_Recognition,drinking,0,0,0,0,0,0,0,0,0,0,0,0,0,0,1,0,0,0,0,0
data/external/actions/human_action_recognition/train/009188_dancing.jpg,Bingsu/Human_Action_Recognition,dancing,0,0,0,0,0,0,0,0,0,0,1,0,0,0,0,0,0,1,0,0
data/external/actions/human_action_recognition/train/009189_using_laptop.jpg,Bingsu/Human_Action_Recognition,using_laptop,0,1,0,0,0,0,0,0,0,0,0,0,1,0,0,0,1,0,0,0
data/external/actions/human_action_recognition/train/009190_dancing.jpg,Bingsu/Human_Action_Recognition,dancing,0,0,0,0,0,0,0,0,0,0,1,0,0,0,0,0,0,1,0,0
data/external/actions/human_action_recognition/train/009191_texting.jpg,Bingsu/Human_Action_Recognition,texting,0,1,0,0,0,0,0,0,0,0,0,0,0,0,0,0,1,0,0,0
data/external/actions/human_action_recognition/train/009192_hugging.jpg,Bingsu/Human_Action_Recognition,hugging,1,0,0,0,0,0,0,0,0,0,0,0,0,0,0,0,1,0,0,0
data/external/actions/human_action_recognition/train/009193_listening_to_music.jpg,Bingsu/Human_Action_Recognition,listening_to_music,0,1,0,0,0,0,0,0,0,0,0,0,0,0,0,0,1,0,0,0
data/external/actions/human_action_recognition/train/009194_drinking.jpg,Bingsu/Human_Action_Recognition,drinking,0,0,0,0,0,0,0,0,0,0,0,0,0,0,1,0,0,0,0,0
data/external/actions/human_action_recognition/train/009195_eating.jpg,Bingsu/Human_Action_Recognition,eating,0,0,0,0,0,0,0,0,0,0,0,0,0,1,0,0,0,0,0,0
data/external/actions/human_action_recognition/train/009196_drinking.jpg,Bingsu/Human_Action_Recognition,drinking,0,0,0,0,0,0,0,0,0,0,0,0,0,0,1,0,0,0,0,0
data/external/actions/human_action_recognition/train/009197_using_laptop.jpg,Bingsu/Human_Action_Recognition,using_laptop,0,1,0,0,0,0,0,0,0,0,0,0,1,0,0,0,1,0,0,0
data/external/actions/human_action_recognition/train/009198_clapping.jpg,Bingsu/Human_Action_Recognition,clapping,0,0,0,0,1,0,0,0,0,0,0,0,0,0,0,0,0,1,0,0
data/external/actions/human_action_recognition/train/009199_dancing.jpg,Bingsu/Human_Action_Recognition,dancing,0,0,0,0,0,0,0,0,0,0,1,0,0,0,0,0,0,1,0,0
data/external/actions/human_action_recognition/train/009200_sleeping.jpg,Bingsu/Human_Action_Recognition,sleeping,0,0,1,0,0,0,0,0,0,0,0,0,0,0,0,0,1,0,0,0
data/external/actions/human_action_recognition/train/009201_drinking.jpg,Bingsu/Human_Action_Recognition,drinking,0,0,0,0,0,0,0,0,0,0,0,0,0,0,1,0,0,0,0,0
data/external/actions/human_action_recognition/train/009202_dancing.jpg,Bingsu/Human_Action_Recognition,dancing,0,0,0,0,0,0,0,0,0,0,1,0,0,0,0,0,0,1,0,0
data/external/actions/human_action_recognition/train/009203_fighting.jpg,Bingsu/Human_Action_Recognition,fighting,0,0,0,0,0,0,0,0,0,0,0,0,0,0,0,0,0,1,1,0
data/external/actions/human_action_recognition/train/009204_using_laptop.jpg,Bingsu/Human_Action_Recognition,using_laptop,0,1,0,0,0,0,0,0,0,0,0,0,1,0,0,0,1,0,0,0
data/external/actions/human_action_recognition/train/009205_cycling.jpg,Bingsu/Human_Action_Recognition,cycling,0,0,0,0,0,0,0,0,1,0,0,0,0,0,0,0,0,1,0,0
data/external/actions/human_action_recognition/train/009206_sitting.jpg,Bingsu/Human_Action_Recognition,sitting,0,1,0,0,0,0,0,0,0,0,0,0,0,0,0,0,1,0,0,0
data/external/actions/human_action_recognition/train/009207_running.jpg,Bingsu/Human_Action_Recognition,running,0,0,0,0,0,0,1,0,0,0,0,0,0,0,0,0,0,1,1,0
data/external/actions/human_action_recognition/train/009208_running.jpg,Bingsu/Human_Action_Recognition,running,0,0,0,0,0,0,1,0,0,0,0,0,0,0,0,0,0,1,1,0
data/external/actions/human_action_recognition/train/009209_dancing.jpg,Bingsu/Human_Action_Recognition,dancing,0,0,0,0,0,0,0,0,0,0,1,0,0,0,0,0,0,1,0,0
data/external/actions/human_action_recognition/train/009210_eating.jpg,Bingsu/Human_Action_Recognition,eating,0,0,0,0,0,0,0,0,0,0,0,0,0,1,0,0,0,0,0,0
data/external/actions/human_action_recognition/train/009211_hugging.jpg,Bingsu/Human_Action_Recognition,hugging,1,0,0,0,0,0,0,0,0,0,0,0,0,0,0,0,1,0,0,0
data/external/actions/human_action_recognition/train/009212_cycling.jpg,Bingsu/Human_Action_Recognition,cycling,0,0,0,0,0,0,0,0,1,0,0,0,0,0,0,0,0,1,0,0
data/external/actions/human_action_recognition/train/009213_texting.jpg,Bingsu/Human_Action_Recognition,texting,0,1,0,0,0,0,0,0,0,0,0,0,0,0,0,0,1,0,0,0
data/external/actions/human_action_recognition/train/009214_eating.jpg,Bingsu/Human_Action_Recognition,eating,0,0,0,0,0,0,0,0,0,0,0,0,0,1,0,0,0,0,0,0
data/external/actions/human_action_recognition/train/009215_hugging.jpg,Bingsu/Human_Action_Recognition,hugging,1,0,0,0,0,0,0,0,0,0,0,0,0,0,0,0,1,0,0,0
data/external/actions/human_action_recognition/train/009216_using_laptop.jpg,Bingsu/Human_Action_Recognition,using_laptop,0,1,0,0,0,0,0,0,0,0,0,0,1,0,0,0,1,0,0,0
data/external/actions/human_action_recognition/train/009217_listening_to_music.jpg,Bingsu/Human_Action_Recognition,listening_to_music,0,1,0,0,0,0,0,0,0,0,0,0,0,0,0,0,1,0,0,0
data/external/actions/human_action_recognition/train/009218_running.jpg,Bingsu/Human_Action_Recognition,running,0,0,0,0,0,0,1,0,0,0,0,0,0,0,0,0,0,1,1,0
data/external/actions/human_action_recognition/train/009219_drinking.jpg,Bingsu/Human_Action_Recognition,drinking,0,0,0,0,0,0,0,0,0,0,0,0,0,0,1,0,0,0,0,0
data/external/actions/human_action_recognition/train/009220_sitting.jpg,Bingsu/Human_Action_Recognition,sitting,0,1,0,0,0,0,0,0,0,0,0,0,0,0,0,0,1,0,0,0
data/external/actions/human_action_recognition/train/009221_calling.jpg,Bingsu/Human_Action_Recognition,calling,1,0,0,0,0,0,0,0,0,0,0,0,0,0,0,0,1,0,0,0
data/external/actions/human_action_recognition/train/009222_listening_to_music.jpg,Bingsu/Human_Action_Recognition,listening_to_music,0,1,0,0,0,0,0,0,0,0,0,0,0,0,0,0,1,0,0,0
data/external/actions/human_action_recognition/train/009223_running.jpg,Bingsu/Human_Action_Recognition,running,0,0,0,0,0,0,1,0,0,0,0,0,0,0,0,0,0,1,1,0
data/external/actions/human_action_recognition/train/009224_laughing.jpg,Bingsu/Human_Action_Recognition,laughing,1,0,0,0,0,0,0,0,0,0,0,0,0,0,0,0,1,0,0,0
data/external/actions/human_action_recognition/train/009225_drinking.jpg,Bingsu/Human_Action_Recognition,drinking,0,0,0,0,0,0,0,0,0,0,0,0,0,0,1,0,0,0,0,0
data/external/actions/human_action_recognition/train/009226_calling.jpg,Bingsu/Human_Action_Recognition,calling,1,0,0,0,0,0,0,0,0,0,0,0,0,0,0,0,1,0,0,0
data/external/actions/human_action_recognition/train/009227_hugging.jpg,Bingsu/Human_Action_Recognition,hugging,1,0,0,0,0,0,0,0,0,0,0,0,0,0,0,0,1,0,0,0
data/external/actions/human_action_recognition/train/009228_sleeping.jpg,Bingsu/Human_Action_Recognition,sleeping,0,0,1,0,0,0,0,0,0,0,0,0,0,0,0,0,1,0,0,0
data/external/actions/human_action_recognition/train/009229_eating.jpg,Bingsu/Human_Action_Recognition,eating,0,0,0,0,0,0,0,0,0,0,0,0,0,1,0,0,0,0,0,0
data/external/actions/human_action_recognition/train/009230_texting.jpg,Bingsu/Human_Action_Recognition,texting,0,1,0,0,0,0,0,0,0,0,0,0,0,0,0,0,1,0,0,0
data/external/actions/human_action_recognition/train/009231_calling.jpg,Bingsu/Human_Action_Recognition,calling,1,0,0,0,0,0,0,0,0,0,0,0,0,0,0,0,1,0,0,0
data/external/actions/human_action_recognition/train/009232_hugging.jpg,Bingsu/Human_Action_Recognition,hugging,1,0,0,0,0,0,0,0,0,0,0,0,0,0,0,0,1,0,0,0
data/external/actions/human_action_recognition/train/009233_running.jpg,Bingsu/Human_Action_Recognition,running,0,0,0,0,0,0,1,0,0,0,0,0,0,0,0,0,0,1,1,0
data/external/actions/human_action_recognition/train/009234_using_laptop.jpg,Bingsu/Human_Action_Recognition,using_laptop,0,1,0,0,0,0,0,0,0,0,0,0,1,0,0,0,1,0,0,0
data/external/actions/human_action_recognition/train/009235_laughing.jpg,Bingsu/Human_Action_Recognition,laughing,1,0,0,0,0,0,0,0,0,0,0,0,0,0,0,0,1,0,0,0
data/external/actions/human_action_recognition/train/009236_laughing.jpg,Bingsu/Human_Action_Recognition,laughing,1,0,0,0,0,0,0,0,0,0,0,0,0,0,0,0,1,0,0,0
data/external/actions/human_action_recognition/train/009237_listening_to_music.jpg,Bingsu/Human_Action_Recognition,listening_to_music,0,1,0,0,0,0,0,0,0,0,0,0,0,0,0,0,1,0,0,0
data/external/actions/human_action_recognition/train/009238_drinking.jpg,Bingsu/Human_Action_Recognition,drinking,0,0,0,0,0,0,0,0,0,0,0,0,0,0,1,0,0,0,0,0
data/external/actions/human_action_recognition/train/009239_hugging.jpg,Bingsu/Human_Action_Recognition,hugging,1,0,0,0,0,0,0,0,0,0,0,0,0,0,0,0,1,0,0,0
data/external/actions/human_action_recognition/train/009240_running.jpg,Bingsu/Human_Action_Recognition,running,0,0,0,0,0,0,1,0,0,0,0,0,0,0,0,0,0,1,1,0
data/external/actions/human_action_recognition/train/009241_hugging.jpg,Bingsu/Human_Action_Recognition,hugging,1,0,0,0,0,0,0,0,0,0,0,0,0,0,0,0,1,0,0,0
data/external/actions/human_action_recognition/train/009242_texting.jpg,Bingsu/Human_Action_Recognition,texting,0,1,0,0,0,0,0,0,0,0,0,0,0,0,0,0,1,0,0,0
data/external/actions/human_action_recognition/train/009243_drinking.jpg,Bingsu/Human_Action_Recognition,drinking,0,0,0,0,0,0,0,0,0,0,0,0,0,0,1,0,0,0,0,0
data/external/actions/human_action_recognition/train/009244_sitting.jpg,Bingsu/Human_Action_Recognition,sitting,0,1,0,0,0,0,0,0,0,0,0,0,0,0,0,0,1,0,0,0
data/external/actions/human_action_recognition/train/009245_sitting.jpg,Bingsu/Human_Action_Recognition,sitting,0,1,0,0,0,0,0,0,0,0,0,0,0,0,0,0,1,0,0,0
data/external/actions/human_action_recognition/train/009246_listening_to_music.jpg,Bingsu/Human_Action_Recognition,listening_to_music,0,1,0,0,0,0,0,0,0,0,0,0,0,0,0,0,1,0,0,0
data/external/actions/human_action_recognition/train/009247_drinking.jpg,Bingsu/Human_Action_Recognition,drinking,0,0,0,0,0,0,0,0,0,0,0,0,0,0,1,0,0,0,0,0
data/external/actions/human_action_recognition/train/009248_calling.jpg,Bingsu/Human_Action_Recognition,calling,1,0,0,0,0,0,0,0,0,0,0,0,0,0,0,0,1,0,0,0
data/external/actions/human_action_recognition/train/009249_listening_to_music.jpg,Bingsu/Human_Action_Recognition,listening_to_music,0,1,0,0,0,0,0,0,0,0,0,0,0,0,0,0,1,0,0,0
data/external/actions/human_action_recognition/train/009250_drinking.jpg,Bingsu/Human_Action_Recognition,drinking,0,0,0,0,0,0,0,0,0,0,0,0,0,0,1,0,0,0,0,0
data/external/actions/human_action_recognition/train/009251_listening_to_music.jpg,Bingsu/Human_Action_Recognition,listening_to_music,0,1,0,0,0,0,0,0,0,0,0,0,0,0,0,0,1,0,0,0
data/external/actions/human_action_recognition/train/009252_drinking.jpg,Bingsu/Human_Action_Recognition,drinking,0,0,0,0,0,0,0,0,0,0,0,0,0,0,1,0,0,0,0,0
data/external/actions/human_action_recognition/train/009253_dancing.jpg,Bingsu/Human_Action_Recognition,dancing,0,0,0,0,0,0,0,0,0,0,1,0,0,0,0,0,0,1,0,0
data/external/actions/human_action_recognition/train/009254_listening_to_music.jpg,Bingsu/Human_Action_Recognition,listening_to_music,0,1,0,0,0,0,0,0,0,0,0,0,0,0,0,0,1,0,0,0
data/external/actions/human_action_recognition/train/009255_fighting.jpg,Bingsu/Human_Action_Recognition,fighting,0,0,0,0,0,0,0,0,0,0,0,0,0,0,0,0,0,1,1,0
data/external/actions/human_action_recognition/train/009256_hugging.jpg,Bingsu/Human_Action_Recognition,hugging,1,0,0,0,0,0,0,0,0,0,0,0,0,0,0,0,1,0,0,0
data/external/actions/human_action_recognition/train/009257_listening_to_music.jpg,Bingsu/Human_Action_Recognition,listening_to_music,0,1,0,0,0,0,0,0,0,0,0,0,0,0,0,0,1,0,0,0
data/external/actions/human_action_recognition/train/009258_dancing.jpg,Bingsu/Human_Action_Recognition,dancing,0,0,0,0,0,0,0,0,0,0,1,0,0,0,0,0,0,1,0,0
data/external/actions/human_action_recognition/train/009259_running.jpg,Bingsu/Human_Action_Recognition,running,0,0,0,0,0,0,1,0,0,0,0,0,0,0,0,0,0,1,1,0
data/external/actions/human_action_recognition/train/009260_listening_to_music.jpg,Bingsu/Human_Action_Recognition,listening_to_music,0,1,0,0,0,0,0,0,0,0,0,0,0,0,0,0,1,0,0,0
data/external/actions/human_action_recognition/train/009261_cycling.jpg,Bingsu/Human_Action_Recognition,cycling,0,0,0,0,0,0,0,0,1,0,0,0,0,0,0,0,0,1,0,0
data/external/actions/human_action_recognition/train/009262_sitting.jpg,Bingsu/Human_Action_Recognition,sitting,0,1,0,0,0,0,0,0,0,0,0,0,0,0,0,0,1,0,0,0
data/external/actions/human_action_recognition/train/009263_hugging.jpg,Bingsu/Human_Action_Recognition,hugging,1,0,0,0,0,0,0,0,0,0,0,0,0,0,0,0,1,0,0,0
data/external/actions/human_action_recognition/train/009264_running.jpg,Bingsu/Human_Action_Recognition,running,0,0,0,0,0,0,1,0,0,0,0,0,0,0,0,0,0,1,1,0
data/external/actions/human_action_recognition/train/009265_fighting.jpg,Bingsu/Human_Action_Recognition,fighting,0,0,0,0,0,0,0,0,0,0,0,0,0,0,0,0,0,1,1,0
data/external/actions/human_action_recognition/train/009266_clapping.jpg,Bingsu/Human_Action_Recognition,clapping,0,0,0,0,1,0,0,0,0,0,0,0,0,0,0,0,0,1,0,0
data/external/actions/human_action_recognition/train/009267_eating.jpg,Bingsu/Human_Action_Recognition,eating,0,0,0,0,0,0,0,0,0,0,0,0,0,1,0,0,0,0,0,0
data/external/actions/human_action_recognition/train/009268_calling.jpg,Bingsu/Human_Action_Recognition,calling,1,0,0,0,0,0,0,0,0,0,0,0,0,0,0,0,1,0,0,0
data/external/actions/human_action_recognition/train/009269_listening_to_music.jpg,Bingsu/Human_Action_Recognition,listening_to_music,0,1,0,0,0,0,0,0,0,0,0,0,0,0,0,0,1,0,0,0
data/external/actions/human_action_recognition/train/009270_hugging.jpg,Bingsu/Human_Action_Recognition,hugging,1,0,0,0,0,0,0,0,0,0,0,0,0,0,0,0,1,0,0,0
data/external/actions/human_action_recognition/train/009271_drinking.jpg,Bingsu/Human_Action_Recognition,drinking,0,0,0,0,0,0,0,0,0,0,0,0,0,0,1,0,0,0,0,0
data/external/actions/human_action_recognition/train/009272_sleeping.jpg,Bingsu/Human_Action_Recognition,sleeping,0,0,1,0,0,0,0,0,0,0,0,0,0,0,0,0,1,0,0,0
data/external/actions/human_action_recognition/train/009273_running.jpg,Bingsu/Human_Action_Recognition,running,0,0,0,0,0,0,1,0,0,0,0,0,0,0,0,0,0,1,1,0
data/external/actions/human_action_recognition/train/009274_sleeping.jpg,Bingsu/Human_Action_Recognition,sleeping,0,0,1,0,0,0,0,0,0,0,0,0,0,0,0,0,1,0,0,0
data/external/actions/human_action_recognition/train/009275_sleeping.jpg,Bingsu/Human_Action_Recognition,sleeping,0,0,1,0,0,0,0,0,0,0,0,0,0,0,0,0,1,0,0,0
data/external/actions/human_action_recognition/train/009276_calling.jpg,Bingsu/Human_Action_Recognition,calling,1,0,0,0,0,0,0,0,0,0,0,0,0,0,0,0,1,0,0,0
data/external/actions/human_action_recognition/train/009277_sitting.jpg,Bingsu/Human_Action_Recognition,sitting,0,1,0,0,0,0,0,0,0,0,0,0,0,0,0,0,1,0,0,0
data/external/actions/human_action_recognition/train/009278_hugging.jpg,Bingsu/Human_Action_Recognition,hugging,1,0,0,0,0,0,0,0,0,0,0,0,0,0,0,0,1,0,0,0
data/external/actions/human_action_recognition/train/009279_hugging.jpg,Bingsu/Human_Action_Recognition,hugging,1,0,0,0,0,0,0,0,0,0,0,0,0,0,0,0,1,0,0,0
data/external/actions/human_action_recognition/train/009280_running.jpg,Bingsu/Human_Action_Recognition,running,0,0,0,0,0,0,1,0,0,0,0,0,0,0,0,0,0,1,1,0
data/external/actions/human_action_recognition/train/009281_running.jpg,Bingsu/Human_Action_Recognition,running,0,0,0,0,0,0,1,0,0,0,0,0,0,0,0,0,0,1,1,0
data/external/actions/human_action_recognition/train/009282_sitting.jpg,Bingsu/Human_Action_Recognition,sitting,0,1,0,0,0,0,0,0,0,0,0,0,0,0,0,0,1,0,0,0
data/external/actions/human_action_recognition/train/009283_clapping.jpg,Bingsu/Human_Action_Recognition,clapping,0,0,0,0,1,0,0,0,0,0,0,0,0,0,0,0,0,1,0,0
data/external/actions/human_action_recognition/train/009284_cycling.jpg,Bingsu/Human_Action_Recognition,cycling,0,0,0,0,0,0,0,0,1,0,0,0,0,0,0,0,0,1,0,0
data/external/actions/human_action_recognition/train/009285_cycling.jpg,Bingsu/Human_Action_Recognition,cycling,0,0,0,0,0,0,0,0,1,0,0,0,0,0,0,0,0,1,0,0
data/external/actions/human_action_recognition/train/009286_fighting.jpg,Bingsu/Human_Action_Recognition,fighting,0,0,0,0,0,0,0,0,0,0,0,0,0,0,0,0,0,1,1,0
data/external/actions/human_action_recognition/train/009287_fighting.jpg,Bingsu/Human_Action_Recognition,fighting,0,0,0,0,0,0,0,0,0,0,0,0,0,0,0,0,0,1,1,0
data/external/actions/human_action_recognition/train/009288_texting.jpg,Bingsu/Human_Action_Recognition,texting,0,1,0,0,0,0,0,0,0,0,0,0,0,0,0,0,1,0,0,0
data/external/actions/human_action_recognition/train/009289_calling.jpg,Bingsu/Human_Action_Recognition,calling,1,0,0,0,0,0,0,0,0,0,0,0,0,0,0,0,1,0,0,0
data/external/actions/human_action_recognition/train/009290_dancing.jpg,Bingsu/Human_Action_Recognition,dancing,0,0,0,0,0,0,0,0,0,0,1,0,0,0,0,0,0,1,0,0
data/external/actions/human_action_recognition/train/009291_clapping.jpg,Bingsu/Human_Action_Recognition,clapping,0,0,0,0,1,0,0,0,0,0,0,0,0,0,0,0,0,1,0,0
data/external/actions/human_action_recognition/train/009292_laughing.jpg,Bingsu/Human_Action_Recognition,laughing,1,0,0,0,0,0,0,0,0,0,0,0,0,0,0,0,1,0,0,0
data/external/actions/human_action_recognition/train/009293_sleeping.jpg,Bingsu/Human_Action_Recognition,sleeping,0,0,1,0,0,0,0,0,0,0,0,0,0,0,0,0,1,0,0,0
data/external/actions/human_action_recognition/train/009294_using_laptop.jpg,Bingsu/Human_Action_Recognition,using_laptop,0,1,0,0,0,0,0,0,0,0,0,0,1,0,0,0,1,0,0,0
data/external/actions/human_action_recognition/train/009295_cycling.jpg,Bingsu/Human_Action_Recognition,cycling,0,0,0,0,0,0,0,0,1,0,0,0,0,0,0,0,0,1,0,0
data/external/actions/human_action_recognition/train/009296_fighting.jpg,Bingsu/Human_Action_Recognition,fighting,0,0,0,0,0,0,0,0,0,0,0,0,0,0,0,0,0,1,1,0
data/external/actions/human_action_recognition/train/009297_using_laptop.jpg,Bingsu/Human_Action_Recognition,using_laptop,0,1,0,0,0,0,0,0,0,0,0,0,1,0,0,0,1,0,0,0
data/external/actions/human_action_recognition/train/009298_texting.jpg,Bingsu/Human_Action_Recognition,texting,0,1,0,0,0,0,0,0,0,0,0,0,0,0,0,0,1,0,0,0
data/external/actions/human_action_recognition/train/009299_cycling.jpg,Bingsu/Human_Action_Recognition,cycling,0,0,0,0,0,0,0,0,1,0,0,0,0,0,0,0,0,1,0,0
data/external/actions/human_action_recognition/train/009300_texting.jpg,Bingsu/Human_Action_Recognition,texting,0,1,0,0,0,0,0,0,0,0,0,0,0,0,0,0,1,0,0,0
data/external/actions/human_action_recognition/train/009301_sleeping.jpg,Bingsu/Human_Action_Recognition,sleeping,0,0,1,0,0,0,0,0,0,0,0,0,0,0,0,0,1,0,0,0
data/external/actions/human_action_recognition/train/009302_texting.jpg,Bingsu/Human_Action_Recognition,texting,0,1,0,0,0,0,0,0,0,0,0,0,0,0,0,0,1,0,0,0
data/external/actions/human_action_recognition/train/009303_hugging.jpg,Bingsu/Human_Action_Recognition,hugging,1,0,0,0,0,0,0,0,0,0,0,0,0,0,0,0,1,0,0,0
data/external/actions/human_action_recognition/train/009304_calling.jpg,Bingsu/Human_Action_Recognition,calling,1,0,0,0,0,0,0,0,0,0,0,0,0,0,0,0,1,0,0,0
data/external/actions/human_action_recognition/train/009305_using_laptop.jpg,Bingsu/Human_Action_Recognition,using_laptop,0,1,0,0,0,0,0,0,0,0,0,0,1,0,0,0,1,0,0,0
data/external/actions/human_action_recognition/train/009306_calling.jpg,Bingsu/Human_Action_Recognition,calling,1,0,0,0,0,0,0,0,0,0,0,0,0,0,0,0,1,0,0,0
data/external/actions/human_action_recognition/train/009307_drinking.jpg,Bingsu/Human_Action_Recognition,drinking,0,0,0,0,0,0,0,0,0,0,0,0,0,0,1,0,0,0,0,0
data/external/actions/human_action_recognition/train/009308_sitting.jpg,Bingsu/Human_Action_Recognition,sitting,0,1,0,0,0,0,0,0,0,0,0,0,0,0,0,0,1,0,0,0
data/external/actions/human_action_recognition/train/009309_dancing.jpg,Bingsu/Human_Action_Recognition,dancing,0,0,0,0,0,0,0,0,0,0,1,0,0,0,0,0,0,1,0,0
data/external/actions/human_action_recognition/train/009310_sleeping.jpg,Bingsu/Human_Action_Recognition,sleeping,0,0,1,0,0,0,0,0,0,0,0,0,0,0,0,0,1,0,0,0
data/external/actions/human_action_recognition/train/009311_clapping.jpg,Bingsu/Human_Action_Recognition,clapping,0,0,0,0,1,0,0,0,0,0,0,0,0,0,0,0,0,1,0,0
data/external/actions/human_action_recognition/train/009312_sitting.jpg,Bingsu/Human_Action_Recognition,sitting,0,1,0,0,0,0,0,0,0,0,0,0,0,0,0,0,1,0,0,0
data/external/actions/human_action_recognition/train/009313_drinking.jpg,Bingsu/Human_Action_Recognition,drinking,0,0,0,0,0,0,0,0,0,0,0,0,0,0,1,0,0,0,0,0
data/external/actions/human_action_recognition/train/009314_dancing.jpg,Bingsu/Human_Action_Recognition,dancing,0,0,0,0,0,0,0,0,0,0,1,0,0,0,0,0,0,1,0,0
data/external/actions/human_action_recognition/train/009315_clapping.jpg,Bingsu/Human_Action_Recognition,clapping,0,0,0,0,1,0,0,0,0,0,0,0,0,0,0,0,0,1,0,0
data/external/actions/human_action_recognition/train/009316_eating.jpg,Bingsu/Human_Action_Recognition,eating,0,0,0,0,0,0,0,0,0,0,0,0,0,1,0,0,0,0,0,0
data/external/actions/human_action_recognition/train/009317_eating.jpg,Bingsu/Human_Action_Recognition,eating,0,0,0,0,0,0,0,0,0,0,0,0,0,1,0,0,0,0,0,0
data/external/actions/human_action_recognition/train/009318_dancing.jpg,Bingsu/Human_Action_Recognition,dancing,0,0,0,0,0,0,0,0,0,0,1,0,0,0,0,0,0,1,0,0
data/external/actions/human_action_recognition/train/009319_sitting.jpg,Bingsu/Human_Action_Recognition,sitting,0,1,0,0,0,0,0,0,0,0,0,0,0,0,0,0,1,0,0,0
data/external/actions/human_action_recognition/train/009320_eating.jpg,Bingsu/Human_Action_Recognition,eating,0,0,0,0,0,0,0,0,0,0,0,0,0,1,0,0,0,0,0,0
data/external/actions/human_action_recognition/train/009321_eating.jpg,Bingsu/Human_Action_Recognition,eating,0,0,0,0,0,0,0,0,0,0,0,0,0,1,0,0,0,0,0,0
data/external/actions/human_action_recognition/train/009322_laughing.jpg,Bingsu/Human_Action_Recognition,laughing,1,0,0,0,0,0,0,0,0,0,0,0,0,0,0,0,1,0,0,0
data/external/actions/human_action_recognition/train/009323_cycling.jpg,Bingsu/Human_Action_Recognition,cycling,0,0,0,0,0,0,0,0,1,0,0,0,0,0,0,0,0,1,0,0
data/external/actions/human_action_recognition/train/009324_texting.jpg,Bingsu/Human_Action_Recognition,texting,0,1,0,0,0,0,0,0,0,0,0,0,0,0,0,0,1,0,0,0
data/external/actions/human_action_recognition/train/009325_sleeping.jpg,Bingsu/Human_Action_Recognition,sleeping,0,0,1,0,0,0,0,0,0,0,0,0,0,0,0,0,1,0,0,0
data/external/actions/human_action_recognition/train/009326_eating.jpg,Bingsu/Human_Action_Recognition,eating,0,0,0,0,0,0,0,0,0,0,0,0,0,1,0,0,0,0,0,0
data/external/actions/human_action_recognition/train/009327_running.jpg,Bingsu/Human_Action_Recognition,running,0,0,0,0,0,0,1,0,0,0,0,0,0,0,0,0,0,1,1,0
data/external/actions/human_action_recognition/train/009328_hugging.jpg,Bingsu/Human_Action_Recognition,hugging,1,0,0,0,0,0,0,0,0,0,0,0,0,0,0,0,1,0,0,0
data/external/actions/human_action_recognition/train/009329_using_laptop.jpg,Bingsu/Human_Action_Recognition,using_laptop,0,1,0,0,0,0,0,0,0,0,0,0,1,0,0,0,1,0,0,0
data/external/actions/human_action_recognition/train/009330_laughing.jpg,Bingsu/Human_Action_Recognition,laughing,1,0,0,0,0,0,0,0,0,0,0,0,0,0,0,0,1,0,0,0
data/external/actions/human_action_recognition/train/009331_dancing.jpg,Bingsu/Human_Action_Recognition,dancing,0,0,0,0,0,0,0,0,0,0,1,0,0,0,0,0,0,1,0,0
data/external/actions/human_action_recognition/train/009332_calling.jpg,Bingsu/Human_Action_Recognition,calling,1,0,0,0,0,0,0,0,0,0,0,0,0,0,0,0,1,0,0,0
data/external/actions/human_action_recognition/train/009333_sleeping.jpg,Bingsu/Human_Action_Recognition,sleeping,0,0,1,0,0,0,0,0,0,0,0,0,0,0,0,0,1,0,0,0
data/external/actions/human_action_recognition/train/009334_dancing.jpg,Bingsu/Human_Action_Recognition,dancing,0,0,0,0,0,0,0,0,0,0,1,0,0,0,0,0,0,1,0,0
data/external/actions/human_action_recognition/train/009335_laughing.jpg,Bingsu/Human_Action_Recognition,laughing,1,0,0,0,0,0,0,0,0,0,0,0,0,0,0,0,1,0,0,0
data/external/actions/human_action_recognition/train/009336_calling.jpg,Bingsu/Human_Action_Recognition,calling,1,0,0,0,0,0,0,0,0,0,0,0,0,0,0,0,1,0,0,0
data/external/actions/human_action_recognition/train/009337_hugging.jpg,Bingsu/Human_Action_Recognition,hugging,1,0,0,0,0,0,0,0,0,0,0,0,0,0,0,0,1,0,0,0
data/external/actions/human_action_recognition/train/009338_calling.jpg,Bingsu/Human_Action_Recognition,calling,1,0,0,0,0,0,0,0,0,0,0,0,0,0,0,0,1,0,0,0
data/external/actions/human_action_recognition/train/009339_laughing.jpg,Bingsu/Human_Action_Recognition,laughing,1,0,0,0,0,0,0,0,0,0,0,0,0,0,0,0,1,0,0,0
data/external/actions/human_action_recognition/train/009340_sitting.jpg,Bingsu/Human_Action_Recognition,sitting,0,1,0,0,0,0,0,0,0,0,0,0,0,0,0,0,1,0,0,0
data/external/actions/human_action_recognition/train/009341_dancing.jpg,Bingsu/Human_Action_Recognition,dancing,0,0,0,0,0,0,0,0,0,0,1,0,0,0,0,0,0,1,0,0
data/external/actions/human_action_recognition/train/009342_dancing.jpg,Bingsu/Human_Action_Recognition,dancing,0,0,0,0,0,0,0,0,0,0,1,0,0,0,0,0,0,1,0,0
data/external/actions/human_action_recognition/train/009343_texting.jpg,Bingsu/Human_Action_Recognition,texting,0,1,0,0,0,0,0,0,0,0,0,0,0,0,0,0,1,0,0,0
data/external/actions/human_action_recognition/train/009344_clapping.jpg,Bingsu/Human_Action_Recognition,clapping,0,0,0,0,1,0,0,0,0,0,0,0,0,0,0,0,0,1,0,0
data/external/actions/human_action_recognition/train/009345_fighting.jpg,Bingsu/Human_Action_Recognition,fighting,0,0,0,0,0,0,0,0,0,0,0,0,0,0,0,0,0,1,1,0
data/external/actions/human_action_recognition/train/009346_drinking.jpg,Bingsu/Human_Action_Recognition,drinking,0,0,0,0,0,0,0,0,0,0,0,0,0,0,1,0,0,0,0,0
data/external/actions/human_action_recognition/train/009347_fighting.jpg,Bingsu/Human_Action_Recognition,fighting,0,0,0,0,0,0,0,0,0,0,0,0,0,0,0,0,0,1,1,0
data/external/actions/human_action_recognition/train/009348_texting.jpg,Bingsu/Human_Action_Recognition,texting,0,1,0,0,0,0,0,0,0,0,0,0,0,0,0,0,1,0,0,0
data/external/actions/human_action_recognition/train/009349_drinking.jpg,Bingsu/Human_Action_Recognition,drinking,0,0,0,0,0,0,0,0,0,0,0,0,0,0,1,0,0,0,0,0
data/external/actions/human_action_recognition/train/009350_calling.jpg,Bingsu/Human_Action_Recognition,calling,1,0,0,0,0,0,0,0,0,0,0,0,0,0,0,0,1,0,0,0
data/external/actions/human_action_recognition/train/009351_running.jpg,Bingsu/Human_Action_Recognition,running,0,0,0,0,0,0,1,0,0,0,0,0,0,0,0,0,0,1,1,0
data/external/actions/human_action_recognition/train/009352_laughing.jpg,Bingsu/Human_Action_Recognition,laughing,1,0,0,0,0,0,0,0,0,0,0,0,0,0,0,0,1,0,0,0
data/external/actions/human_action_recognition/train/009353_listening_to_music.jpg,Bingsu/Human_Action_Recognition,listening_to_music,0,1,0,0,0,0,0,0,0,0,0,0,0,0,0,0,1,0,0,0
data/external/actions/human_action_recognition/train/009354_listening_to_music.jpg,Bingsu/Human_Action_Recognition,listening_to_music,0,1,0,0,0,0,0,0,0,0,0,0,0,0,0,0,1,0,0,0
data/external/actions/human_action_recognition/train/009355_drinking.jpg,Bingsu/Human_Action_Recognition,drinking,0,0,0,0,0,0,0,0,0,0,0,0,0,0,1,0,0,0,0,0
data/external/actions/human_action_recognition/train/009356_listening_to_music.jpg,Bingsu/Human_Action_Recognition,listening_to_music,0,1,0,0,0,0,0,0,0,0,0,0,0,0,0,0,1,0,0,0
data/external/actions/human_action_recognition/train/009357_fighting.jpg,Bingsu/Human_Action_Recognition,fighting,0,0,0,0,0,0,0,0,0,0,0,0,0,0,0,0,0,1,1,0
data/external/actions/human_action_recognition/train/009358_sleeping.jpg,Bingsu/Human_Action_Recognition,sleeping,0,0,1,0,0,0,0,0,0,0,0,0,0,0,0,0,1,0,0,0
data/external/actions/human_action_recognition/train/009359_laughing.jpg,Bingsu/Human_Action_Recognition,laughing,1,0,0,0,0,0,0,0,0,0,0,0,0,0,0,0,1,0,0,0
data/external/actions/human_action_recognition/train/009360_texting.jpg,Bingsu/Human_Action_Recognition,texting,0,1,0,0,0,0,0,0,0,0,0,0,0,0,0,0,1,0,0,0
data/external/actions/human_action_recognition/train/009361_sitting.jpg,Bingsu/Human_Action_Recognition,sitting,0,1,0,0,0,0,0,0,0,0,0,0,0,0,0,0,1,0,0,0
data/external/actions/human_action_recognition/train/009362_cycling.jpg,Bingsu/Human_Action_Recognition,cycling,0,0,0,0,0,0,0,0,1,0,0,0,0,0,0,0,0,1,0,0
data/external/actions/human_action_recognition/train/009363_hugging.jpg,Bingsu/Human_Action_Recognition,hugging,1,0,0,0,0,0,0,0,0,0,0,0,0,0,0,0,1,0,0,0
data/external/actions/human_action_recognition/train/009364_running.jpg,Bingsu/Human_Action_Recognition,running,0,0,0,0,0,0,1,0,0,0,0,0,0,0,0,0,0,1,1,0
data/external/actions/human_action_recognition/train/009365_sitting.jpg,Bingsu/Human_Action_Recognition,sitting,0,1,0,0,0,0,0,0,0,0,0,0,0,0,0,0,1,0,0,0
data/external/actions/human_action_recognition/train/009366_laughing.jpg,Bingsu/Human_Action_Recognition,laughing,1,0,0,0,0,0,0,0,0,0,0,0,0,0,0,0,1,0,0,0
data/external/actions/human_action_recognition/train/009367_clapping.jpg,Bingsu/Human_Action_Recognition,clapping,0,0,0,0,1,0,0,0,0,0,0,0,0,0,0,0,0,1,0,0
data/external/actions/human_action_recognition/train/009368_clapping.jpg,Bingsu/Human_Action_Recognition,clapping,0,0,0,0,1,0,0,0,0,0,0,0,0,0,0,0,0,1,0,0
data/external/actions/human_action_recognition/train/009369_drinking.jpg,Bingsu/Human_Action_Recognition,drinking,0,0,0,0,0,0,0,0,0,0,0,0,0,0,1,0,0,0,0,0
data/external/actions/human_action_recognition/train/009370_clapping.jpg,Bingsu/Human_Action_Recognition,clapping,0,0,0,0,1,0,0,0,0,0,0,0,0,0,0,0,0,1,0,0
data/external/actions/human_action_recognition/train/009371_drinking.jpg,Bingsu/Human_Action_Recognition,drinking,0,0,0,0,0,0,0,0,0,0,0,0,0,0,1,0,0,0,0,0
data/external/actions/human_action_recognition/train/009372_calling.jpg,Bingsu/Human_Action_Recognition,calling,1,0,0,0,0,0,0,0,0,0,0,0,0,0,0,0,1,0,0,0
data/external/actions/human_action_recognition/train/009373_running.jpg,Bingsu/Human_Action_Recognition,running,0,0,0,0,0,0,1,0,0,0,0,0,0,0,0,0,0,1,1,0
data/external/actions/human_action_recognition/train/009374_listening_to_music.jpg,Bingsu/Human_Action_Recognition,listening_to_music,0,1,0,0,0,0,0,0,0,0,0,0,0,0,0,0,1,0,0,0
data/external/actions/human_action_recognition/train/009375_drinking.jpg,Bingsu/Human_Action_Recognition,drinking,0,0,0,0,0,0,0,0,0,0,0,0,0,0,1,0,0,0,0,0
data/external/actions/human_action_recognition/train/009376_sleeping.jpg,Bingsu/Human_Action_Recognition,sleeping,0,0,1,0,0,0,0,0,0,0,0,0,0,0,0,0,1,0,0,0
data/external/actions/human_action_recognition/train/009377_listening_to_music.jpg,Bingsu/Human_Action_Recognition,listening_to_music,0,1,0,0,0,0,0,0,0,0,0,0,0,0,0,0,1,0,0,0
data/external/actions/human_action_recognition/train/009378_hugging.jpg,Bingsu/Human_Action_Recognition,hugging,1,0,0,0,0,0,0,0,0,0,0,0,0,0,0,0,1,0,0,0
data/external/actions/human_action_recognition/train/009379_drinking.jpg,Bingsu/Human_Action_Recognition,drinking,0,0,0,0,0,0,0,0,0,0,0,0,0,0,1,0,0,0,0,0
data/external/actions/human_action_recognition/train/009380_sitting.jpg,Bingsu/Human_Action_Recognition,sitting,0,1,0,0,0,0,0,0,0,0,0,0,0,0,0,0,1,0,0,0
data/external/actions/human_action_recognition/train/009381_listening_to_music.jpg,Bingsu/Human_Action_Recognition,listening_to_music,0,1,0,0,0,0,0,0,0,0,0,0,0,0,0,0,1,0,0,0
data/external/actions/human_action_recognition/train/009382_clapping.jpg,Bingsu/Human_Action_Recognition,clapping,0,0,0,0,1,0,0,0,0,0,0,0,0,0,0,0,0,1,0,0
data/external/actions/human_action_recognition/train/009383_using_laptop.jpg,Bingsu/Human_Action_Recognition,using_laptop,0,1,0,0,0,0,0,0,0,0,0,0,1,0,0,0,1,0,0,0
data/external/actions/human_action_recognition/train/009384_clapping.jpg,Bingsu/Human_Action_Recognition,clapping,0,0,0,0,1,0,0,0,0,0,0,0,0,0,0,0,0,1,0,0
data/external/actions/human_action_recognition/train/009385_using_laptop.jpg,Bingsu/Human_Action_Recognition,using_laptop,0,1,0,0,0,0,0,0,0,0,0,0,1,0,0,0,1,0,0,0
data/external/actions/human_action_recognition/train/009386_drinking.jpg,Bingsu/Human_Action_Recognition,drinking,0,0,0,0,0,0,0,0,0,0,0,0,0,0,1,0,0,0,0,0
data/external/actions/human_action_recognition/train/009387_running.jpg,Bingsu/Human_Action_Recognition,running,0,0,0,0,0,0,1,0,0,0,0,0,0,0,0,0,0,1,1,0
data/external/actions/human_action_recognition/train/009388_fighting.jpg,Bingsu/Human_Action_Recognition,fighting,0,0,0,0,0,0,0,0,0,0,0,0,0,0,0,0,0,1,1,0
data/external/actions/human_action_recognition/train/009389_sleeping.jpg,Bingsu/Human_Action_Recognition,sleeping,0,0,1,0,0,0,0,0,0,0,0,0,0,0,0,0,1,0,0,0
data/external/actions/human_action_recognition/train/009390_running.jpg,Bingsu/Human_Action_Recognition,running,0,0,0,0,0,0,1,0,0,0,0,0,0,0,0,0,0,1,1,0
data/external/actions/human_action_recognition/train/009391_listening_to_music.jpg,Bingsu/Human_Action_Recognition,listening_to_music,0,1,0,0,0,0,0,0,0,0,0,0,0,0,0,0,1,0,0,0
data/external/actions/human_action_recognition/train/009392_texting.jpg,Bingsu/Human_Action_Recognition,texting,0,1,0,0,0,0,0,0,0,0,0,0,0,0,0,0,1,0,0,0
data/external/actions/human_action_recognition/train/009393_hugging.jpg,Bingsu/Human_Action_Recognition,hugging,1,0,0,0,0,0,0,0,0,0,0,0,0,0,0,0,1,0,0,0
data/external/actions/human_action_recognition/train/009394_sleeping.jpg,Bingsu/Human_Action_Recognition,sleeping,0,0,1,0,0,0,0,0,0,0,0,0,0,0,0,0,1,0,0,0
data/external/actions/human_action_recognition/train/009395_hugging.jpg,Bingsu/Human_Action_Recognition,hugging,1,0,0,0,0,0,0,0,0,0,0,0,0,0,0,0,1,0,0,0
data/external/actions/human_action_recognition/train/009396_sleeping.jpg,Bingsu/Human_Action_Recognition,sleeping,0,0,1,0,0,0,0,0,0,0,0,0,0,0,0,0,1,0,0,0
data/external/actions/human_action_recognition/train/009397_listening_to_music.jpg,Bingsu/Human_Action_Recognition,listening_to_music,0,1,0,0,0,0,0,0,0,0,0,0,0,0,0,0,1,0,0,0
data/external/actions/human_action_recognition/train/009398_texting.jpg,Bingsu/Human_Action_Recognition,texting,0,1,0,0,0,0,0,0,0,0,0,0,0,0,0,0,1,0,0,0
data/external/actions/human_action_recognition/train/009399_listening_to_music.jpg,Bingsu/Human_Action_Recognition,listening_to_music,0,1,0,0,0,0,0,0,0,0,0,0,0,0,0,0,1,0,0,0
data/external/actions/human_action_recognition/train/009400_laughing.jpg,Bingsu/Human_Action_Recognition,laughing,1,0,0,0,0,0,0,0,0,0,0,0,0,0,0,0,1,0,0,0
data/external/actions/human_action_recognition/train/009401_eating.jpg,Bingsu/Human_Action_Recognition,eating,0,0,0,0,0,0,0,0,0,0,0,0,0,1,0,0,0,0,0,0
data/external/actions/human_action_recognition/train/009402_sitting.jpg,Bingsu/Human_Action_Recognition,sitting,0,1,0,0,0,0,0,0,0,0,0,0,0,0,0,0,1,0,0,0
data/external/actions/human_action_recognition/train/009403_hugging.jpg,Bingsu/Human_Action_Recognition,hugging,1,0,0,0,0,0,0,0,0,0,0,0,0,0,0,0,1,0,0,0
data/external/actions/human_action_recognition/train/009404_dancing.jpg,Bingsu/Human_Action_Recognition,dancing,0,0,0,0,0,0,0,0,0,0,1,0,0,0,0,0,0,1,0,0
data/external/actions/human_action_recognition/train/009405_fighting.jpg,Bingsu/Human_Action_Recognition,fighting,0,0,0,0,0,0,0,0,0,0,0,0,0,0,0,0,0,1,1,0
data/external/actions/human_action_recognition/train/009406_listening_to_music.jpg,Bingsu/Human_Action_Recognition,listening_to_music,0,1,0,0,0,0,0,0,0,0,0,0,0,0,0,0,1,0,0,0
data/external/actions/human_action_recognition/train/009407_sleeping.jpg,Bingsu/Human_Action_Recognition,sleeping,0,0,1,0,0,0,0,0,0,0,0,0,0,0,0,0,1,0,0,0
data/external/actions/human_action_recognition/train/009408_drinking.jpg,Bingsu/Human_Action_Recognition,drinking,0,0,0,0,0,0,0,0,0,0,0,0,0,0,1,0,0,0,0,0
data/external/actions/human_action_recognition/train/009409_drinking.jpg,Bingsu/Human_Action_Recognition,drinking,0,0,0,0,0,0,0,0,0,0,0,0,0,0,1,0,0,0,0,0
data/external/actions/human_action_recognition/train/009410_eating.jpg,Bingsu/Human_Action_Recognition,eating,0,0,0,0,0,0,0,0,0,0,0,0,0,1,0,0,0,0,0,0
data/external/actions/human_action_recognition/train/009411_texting.jpg,Bingsu/Human_Action_Recognition,texting,0,1,0,0,0,0,0,0,0,0,0,0,0,0,0,0,1,0,0,0
data/external/actions/human_action_recognition/train/009412_dancing.jpg,Bingsu/Human_Action_Recognition,dancing,0,0,0,0,0,0,0,0,0,0,1,0,0,0,0,0,0,1,0,0
data/external/actions/human_action_recognition/train/009413_using_laptop.jpg,Bingsu/Human_Action_Recognition,using_laptop,0,1,0,0,0,0,0,0,0,0,0,0,1,0,0,0,1,0,0,0
data/external/actions/human_action_recognition/train/009414_clapping.jpg,Bingsu/Human_Action_Recognition,clapping,0,0,0,0,1,0,0,0,0,0,0,0,0,0,0,0,0,1,0,0
data/external/actions/human_action_recognition/train/009415_dancing.jpg,Bingsu/Human_Action_Recognition,dancing,0,0,0,0,0,0,0,0,0,0,1,0,0,0,0,0,0,1,0,0
data/external/actions/human_action_recognition/train/009416_listening_to_music.jpg,Bingsu/Human_Action_Recognition,listening_to_music,0,1,0,0,0,0,0,0,0,0,0,0,0,0,0,0,1,0,0,0
data/external/actions/human_action_recognition/train/009417_dancing.jpg,Bingsu/Human_Action_Recognition,dancing,0,0,0,0,0,0,0,0,0,0,1,0,0,0,0,0,0,1,0,0
data/external/actions/human_action_recognition/train/009418_fighting.jpg,Bingsu/Human_Action_Recognition,fighting,0,0,0,0,0,0,0,0,0,0,0,0,0,0,0,0,0,1,1,0
data/external/actions/human_action_recognition/train/009419_laughing.jpg,Bingsu/Human_Action_Recognition,laughing,1,0,0,0,0,0,0,0,0,0,0,0,0,0,0,0,1,0,0,0
data/external/actions/human_action_recognition/train/009420_eating.jpg,Bingsu/Human_Action_Recognition,eating,0,0,0,0,0,0,0,0,0,0,0,0,0,1,0,0,0,0,0,0
data/external/actions/human_action_recognition/train/009421_fighting.jpg,Bingsu/Human_Action_Recognition,fighting,0,0,0,0,0,0,0,0,0,0,0,0,0,0,0,0,0,1,1,0
data/external/actions/human_action_recognition/train/009422_laughing.jpg,Bingsu/Human_Action_Recognition,laughing,1,0,0,0,0,0,0,0,0,0,0,0,0,0,0,0,1,0,0,0
data/external/actions/human_action_recognition/train/009423_cycling.jpg,Bingsu/Human_Action_Recognition,cycling,0,0,0,0,0,0,0,0,1,0,0,0,0,0,0,0,0,1,0,0
data/external/actions/human_action_recognition/train/009424_running.jpg,Bingsu/Human_Action_Recognition,running,0,0,0,0,0,0,1,0,0,0,0,0,0,0,0,0,0,1,1,0
data/external/actions/human_action_recognition/train/009425_laughing.jpg,Bingsu/Human_Action_Recognition,laughing,1,0,0,0,0,0,0,0,0,0,0,0,0,0,0,0,1,0,0,0
data/external/actions/human_action_recognition/train/009426_hugging.jpg,Bingsu/Human_Action_Recognition,hugging,1,0,0,0,0,0,0,0,0,0,0,0,0,0,0,0,1,0,0,0
data/external/actions/human_action_recognition/train/009427_dancing.jpg,Bingsu/Human_Action_Recognition,dancing,0,0,0,0,0,0,0,0,0,0,1,0,0,0,0,0,0,1,0,0
data/external/actions/human_action_recognition/train/009428_running.jpg,Bingsu/Human_Action_Recognition,running,0,0,0,0,0,0,1,0,0,0,0,0,0,0,0,0,0,1,1,0
data/external/actions/human_action_recognition/train/009429_dancing.jpg,Bingsu/Human_Action_Recognition,dancing,0,0,0,0,0,0,0,0,0,0,1,0,0,0,0,0,0,1,0,0
data/external/actions/human_action_recognition/train/009430_using_laptop.jpg,Bingsu/Human_Action_Recognition,using_laptop,0,1,0,0,0,0,0,0,0,0,0,0,1,0,0,0,1,0,0,0
data/external/actions/human_action_recognition/train/009431_sleeping.jpg,Bingsu/Human_Action_Recognition,sleeping,0,0,1,0,0,0,0,0,0,0,0,0,0,0,0,0,1,0,0,0
data/external/actions/human_action_recognition/train/009432_fighting.jpg,Bingsu/Human_Action_Recognition,fighting,0,0,0,0,0,0,0,0,0,0,0,0,0,0,0,0,0,1,1,0
data/external/actions/human_action_recognition/train/009433_using_laptop.jpg,Bingsu/Human_Action_Recognition,using_laptop,0,1,0,0,0,0,0,0,0,0,0,0,1,0,0,0,1,0,0,0
data/external/actions/human_action_recognition/train/009434_sitting.jpg,Bingsu/Human_Action_Recognition,sitting,0,1,0,0,0,0,0,0,0,0,0,0,0,0,0,0,1,0,0,0
data/external/actions/human_action_recognition/train/009435_listening_to_music.jpg,Bingsu/Human_Action_Recognition,listening_to_music,0,1,0,0,0,0,0,0,0,0,0,0,0,0,0,0,1,0,0,0
data/external/actions/human_action_recognition/train/009436_listening_to_music.jpg,Bingsu/Human_Action_Recognition,listening_to_music,0,1,0,0,0,0,0,0,0,0,0,0,0,0,0,0,1,0,0,0
data/external/actions/human_action_recognition/train/009437_texting.jpg,Bingsu/Human_Action_Recognition,texting,0,1,0,0,0,0,0,0,0,0,0,0,0,0,0,0,1,0,0,0
data/external/actions/human_action_recognition/train/009438_dancing.jpg,Bingsu/Human_Action_Recognition,dancing,0,0,0,0,0,0,0,0,0,0,1,0,0,0,0,0,0,1,0,0
data/external/actions/human_action_recognition/train/009439_drinking.jpg,Bingsu/Human_Action_Recognition,drinking,0,0,0,0,0,0,0,0,0,0,0,0,0,0,1,0,0,0,0,0
data/external/actions/human_action_recognition/train/009440_texting.jpg,Bingsu/Human_Action_Recognition,texting,0,1,0,0,0,0,0,0,0,0,0,0,0,0,0,0,1,0,0,0
data/external/actions/human_action_recognition/train/009441_sleeping.jpg,Bingsu/Human_Action_Recognition,sleeping,0,0,1,0,0,0,0,0,0,0,0,0,0,0,0,0,1,0,0,0
data/external/actions/human_action_recognition/train/009442_hugging.jpg,Bingsu/Human_Action_Recognition,hugging,1,0,0,0,0,0,0,0,0,0,0,0,0,0,0,0,1,0,0,0
data/external/actions/human_action_recognition/train/009443_calling.jpg,Bingsu/Human_Action_Recognition,calling,1,0,0,0,0,0,0,0,0,0,0,0,0,0,0,0,1,0,0,0
data/external/actions/human_action_recognition/train/009444_texting.jpg,Bingsu/Human_Action_Recognition,texting,0,1,0,0,0,0,0,0,0,0,0,0,0,0,0,0,1,0,0,0
data/external/actions/human_action_recognition/train/009445_cycling.jpg,Bingsu/Human_Action_Recognition,cycling,0,0,0,0,0,0,0,0,1,0,0,0,0,0,0,0,0,1,0,0
data/external/actions/human_action_recognition/train/009446_dancing.jpg,Bingsu/Human_Action_Recognition,dancing,0,0,0,0,0,0,0,0,0,0,1,0,0,0,0,0,0,1,0,0
data/external/actions/human_action_recognition/train/009447_listening_to_music.jpg,Bingsu/Human_Action_Recognition,listening_to_music,0,1,0,0,0,0,0,0,0,0,0,0,0,0,0,0,1,0,0,0
data/external/actions/human_action_recognition/train/009448_eating.jpg,Bingsu/Human_Action_Recognition,eating,0,0,0,0,0,0,0,0,0,0,0,0,0,1,0,0,0,0,0,0
data/external/actions/human_action_recognition/train/009449_sitting.jpg,Bingsu/Human_Action_Recognition,sitting,0,1,0,0,0,0,0,0,0,0,0,0,0,0,0,0,1,0,0,0
data/external/actions/human_action_recognition/train/009450_dancing.jpg,Bingsu/Human_Action_Recognition,dancing,0,0,0,0,0,0,0,0,0,0,1,0,0,0,0,0,0,1,0,0
data/external/actions/human_action_recognition/train/009451_fighting.jpg,Bingsu/Human_Action_Recognition,fighting,0,0,0,0,0,0,0,0,0,0,0,0,0,0,0,0,0,1,1,0
data/external/actions/human_action_recognition/train/009452_sitting.jpg,Bingsu/Human_Action_Recognition,sitting,0,1,0,0,0,0,0,0,0,0,0,0,0,0,0,0,1,0,0,0
data/external/actions/human_action_recognition/train/009453_running.jpg,Bingsu/Human_Action_Recognition,running,0,0,0,0,0,0,1,0,0,0,0,0,0,0,0,0,0,1,1,0
data/external/actions/human_action_recognition/train/009454_calling.jpg,Bingsu/Human_Action_Recognition,calling,1,0,0,0,0,0,0,0,0,0,0,0,0,0,0,0,1,0,0,0
data/external/actions/human_action_recognition/train/009455_sleeping.jpg,Bingsu/Human_Action_Recognition,sleeping,0,0,1,0,0,0,0,0,0,0,0,0,0,0,0,0,1,0,0,0
data/external/actions/human_action_recognition/train/009456_hugging.jpg,Bingsu/Human_Action_Recognition,hugging,1,0,0,0,0,0,0,0,0,0,0,0,0,0,0,0,1,0,0,0
data/external/actions/human_action_recognition/train/009457_calling.jpg,Bingsu/Human_Action_Recognition,calling,1,0,0,0,0,0,0,0,0,0,0,0,0,0,0,0,1,0,0,0
data/external/actions/human_action_recognition/train/009458_listening_to_music.jpg,Bingsu/Human_Action_Recognition,listening_to_music,0,1,0,0,0,0,0,0,0,0,0,0,0,0,0,0,1,0,0,0
data/external/actions/human_action_recognition/train/009459_laughing.jpg,Bingsu/Human_Action_Recognition,laughing,1,0,0,0,0,0,0,0,0,0,0,0,0,0,0,0,1,0,0,0
data/external/actions/human_action_recognition/train/009460_eating.jpg,Bingsu/Human_Action_Recognition,eating,0,0,0,0,0,0,0,0,0,0,0,0,0,1,0,0,0,0,0,0
data/external/actions/human_action_recognition/train/009461_hugging.jpg,Bingsu/Human_Action_Recognition,hugging,1,0,0,0,0,0,0,0,0,0,0,0,0,0,0,0,1,0,0,0
data/external/actions/human_action_recognition/train/009462_using_laptop.jpg,Bingsu/Human_Action_Recognition,using_laptop,0,1,0,0,0,0,0,0,0,0,0,0,1,0,0,0,1,0,0,0
data/external/actions/human_action_recognition/train/009463_eating.jpg,Bingsu/Human_Action_Recognition,eating,0,0,0,0,0,0,0,0,0,0,0,0,0,1,0,0,0,0,0,0
data/external/actions/human_action_recognition/train/009464_listening_to_music.jpg,Bingsu/Human_Action_Recognition,listening_to_music,0,1,0,0,0,0,0,0,0,0,0,0,0,0,0,0,1,0,0,0
data/external/actions/human_action_recognition/train/009465_clapping.jpg,Bingsu/Human_Action_Recognition,clapping,0,0,0,0,1,0,0,0,0,0,0,0,0,0,0,0,0,1,0,0
data/external/actions/human_action_recognition/train/009466_sitting.jpg,Bingsu/Human_Action_Recognition,sitting,0,1,0,0,0,0,0,0,0,0,0,0,0,0,0,0,1,0,0,0
data/external/actions/human_action_recognition/train/009467_laughing.jpg,Bingsu/Human_Action_Recognition,laughing,1,0,0,0,0,0,0,0,0,0,0,0,0,0,0,0,1,0,0,0
data/external/actions/human_action_recognition/train/009468_texting.jpg,Bingsu/Human_Action_Recognition,texting,0,1,0,0,0,0,0,0,0,0,0,0,0,0,0,0,1,0,0,0
data/external/actions/human_action_recognition/train/009469_drinking.jpg,Bingsu/Human_Action_Recognition,drinking,0,0,0,0,0,0,0,0,0,0,0,0,0,0,1,0,0,0,0,0
data/external/actions/human_action_recognition/train/009470_laughing.jpg,Bingsu/Human_Action_Recognition,laughing,1,0,0,0,0,0,0,0,0,0,0,0,0,0,0,0,1,0,0,0
data/external/actions/human_action_recognition/train/009471_running.jpg,Bingsu/Human_Action_Recognition,running,0,0,0,0,0,0,1,0,0,0,0,0,0,0,0,0,0,1,1,0
data/external/actions/human_action_recognition/train/009472_sitting.jpg,Bingsu/Human_Action_Recognition,sitting,0,1,0,0,0,0,0,0,0,0,0,0,0,0,0,0,1,0,0,0
data/external/actions/human_action_recognition/train/009473_clapping.jpg,Bingsu/Human_Action_Recognition,clapping,0,0,0,0,1,0,0,0,0,0,0,0,0,0,0,0,0,1,0,0
data/external/actions/human_action_recognition/train/009474_cycling.jpg,Bingsu/Human_Action_Recognition,cycling,0,0,0,0,0,0,0,0,1,0,0,0,0,0,0,0,0,1,0,0
data/external/actions/human_action_recognition/train/009475_dancing.jpg,Bingsu/Human_Action_Recognition,dancing,0,0,0,0,0,0,0,0,0,0,1,0,0,0,0,0,0,1,0,0
data/external/actions/human_action_recognition/train/009476_texting.jpg,Bingsu/Human_Action_Recognition,texting,0,1,0,0,0,0,0,0,0,0,0,0,0,0,0,0,1,0,0,0
data/external/actions/human_action_recognition/train/009477_eating.jpg,Bingsu/Human_Action_Recognition,eating,0,0,0,0,0,0,0,0,0,0,0,0,0,1,0,0,0,0,0,0
data/external/actions/human_action_recognition/train/009478_running.jpg,Bingsu/Human_Action_Recognition,running,0,0,0,0,0,0,1,0,0,0,0,0,0,0,0,0,0,1,1,0
data/external/actions/human_action_recognition/train/009479_running.jpg,Bingsu/Human_Action_Recognition,running,0,0,0,0,0,0,1,0,0,0,0,0,0,0,0,0,0,1,1,0
data/external/actions/human_action_recognition/train/009480_using_laptop.jpg,Bingsu/Human_Action_Recognition,using_laptop,0,1,0,0,0,0,0,0,0,0,0,0,1,0,0,0,1,0,0,0
data/external/actions/human_action_recognition/train/009481_cycling.jpg,Bingsu/Human_Action_Recognition,cycling,0,0,0,0,0,0,0,0,1,0,0,0,0,0,0,0,0,1,0,0
data/external/actions/human_action_recognition/train/009482_clapping.jpg,Bingsu/Human_Action_Recognition,clapping,0,0,0,0,1,0,0,0,0,0,0,0,0,0,0,0,0,1,0,0
data/external/actions/human_action_recognition/train/009483_laughing.jpg,Bingsu/Human_Action_Recognition,laughing,1,0,0,0,0,0,0,0,0,0,0,0,0,0,0,0,1,0,0,0
data/external/actions/human_action_recognition/train/009484_sleeping.jpg,Bingsu/Human_Action_Recognition,sleeping,0,0,1,0,0,0,0,0,0,0,0,0,0,0,0,0,1,0,0,0
data/external/actions/human_action_recognition/train/009485_dancing.jpg,Bingsu/Human_Action_Recognition,dancing,0,0,0,0,0,0,0,0,0,0,1,0,0,0,0,0,0,1,0,0
data/external/actions/human_action_recognition/train/009486_sitting.jpg,Bingsu/Human_Action_Recognition,sitting,0,1,0,0,0,0,0,0,0,0,0,0,0,0,0,0,1,0,0,0
data/external/actions/human_action_recognition/train/009487_using_laptop.jpg,Bingsu/Human_Action_Recognition,using_laptop,0,1,0,0,0,0,0,0,0,0,0,0,1,0,0,0,1,0,0,0
data/external/actions/human_action_recognition/train/009488_texting.jpg,Bingsu/Human_Action_Recognition,texting,0,1,0,0,0,0,0,0,0,0,0,0,0,0,0,0,1,0,0,0
data/external/actions/human_action_recognition/train/009489_fighting.jpg,Bingsu/Human_Action_Recognition,fighting,0,0,0,0,0,0,0,0,0,0,0,0,0,0,0,0,0,1,1,0
data/external/actions/human_action_recognition/train/009490_clapping.jpg,Bingsu/Human_Action_Recognition,clapping,0,0,0,0,1,0,0,0,0,0,0,0,0,0,0,0,0,1,0,0
data/external/actions/human_action_recognition/train/009491_running.jpg,Bingsu/Human_Action_Recognition,running,0,0,0,0,0,0,1,0,0,0,0,0,0,0,0,0,0,1,1,0
data/external/actions/human_action_recognition/train/009492_calling.jpg,Bingsu/Human_Action_Recognition,calling,1,0,0,0,0,0,0,0,0,0,0,0,0,0,0,0,1,0,0,0
data/external/actions/human_action_recognition/train/009493_running.jpg,Bingsu/Human_Action_Recognition,running,0,0,0,0,0,0,1,0,0,0,0,0,0,0,0,0,0,1,1,0
data/external/actions/human_action_recognition/train/009494_hugging.jpg,Bingsu/Human_Action_Recognition,hugging,1,0,0,0,0,0,0,0,0,0,0,0,0,0,0,0,1,0,0,0
data/external/actions/human_action_recognition/train/009495_eating.jpg,Bingsu/Human_Action_Recognition,eating,0,0,0,0,0,0,0,0,0,0,0,0,0,1,0,0,0,0,0,0
data/external/actions/human_action_recognition/train/009496_dancing.jpg,Bingsu/Human_Action_Recognition,dancing,0,0,0,0,0,0,0,0,0,0,1,0,0,0,0,0,0,1,0,0
data/external/actions/human_action_recognition/train/009497_sleeping.jpg,Bingsu/Human_Action_Recognition,sleeping,0,0,1,0,0,0,0,0,0,0,0,0,0,0,0,0,1,0,0,0
data/external/actions/human_action_recognition/train/009498_texting.jpg,Bingsu/Human_Action_Recognition,texting,0,1,0,0,0,0,0,0,0,0,0,0,0,0,0,0,1,0,0,0
data/external/actions/human_action_recognition/train/009499_clapping.jpg,Bingsu/Human_Action_Recognition,clapping,0,0,0,0,1,0,0,0,0,0,0,0,0,0,0,0,0,1,0,0
data/external/actions/human_action_recognition/train/009500_sitting.jpg,Bingsu/Human_Action_Recognition,sitting,0,1,0,0,0,0,0,0,0,0,0,0,0,0,0,0,1,0,0,0
data/external/actions/human_action_recognition/train/009501_cycling.jpg,Bingsu/Human_Action_Recognition,cycling,0,0,0,0,0,0,0,0,1,0,0,0,0,0,0,0,0,1,0,0
data/external/actions/human_action_recognition/train/009502_cycling.jpg,Bingsu/Human_Action_Recognition,cycling,0,0,0,0,0,0,0,0,1,0,0,0,0,0,0,0,0,1,0,0
data/external/actions/human_action_recognition/train/009503_clapping.jpg,Bingsu/Human_Action_Recognition,clapping,0,0,0,0,1,0,0,0,0,0,0,0,0,0,0,0,0,1,0,0
data/external/actions/human_action_recognition/train/009504_running.jpg,Bingsu/Human_Action_Recognition,running,0,0,0,0,0,0,1,0,0,0,0,0,0,0,0,0,0,1,1,0
data/external/actions/human_action_recognition/train/009505_listening_to_music.jpg,Bingsu/Human_Action_Recognition,listening_to_music,0,1,0,0,0,0,0,0,0,0,0,0,0,0,0,0,1,0,0,0
data/external/actions/human_action_recognition/train/009506_laughing.jpg,Bingsu/Human_Action_Recognition,laughing,1,0,0,0,0,0,0,0,0,0,0,0,0,0,0,0,1,0,0,0
data/external/actions/human_action_recognition/train/009507_sitting.jpg,Bingsu/Human_Action_Recognition,sitting,0,1,0,0,0,0,0,0,0,0,0,0,0,0,0,0,1,0,0,0
data/external/actions/human_action_recognition/train/009508_sleeping.jpg,Bingsu/Human_Action_Recognition,sleeping,0,0,1,0,0,0,0,0,0,0,0,0,0,0,0,0,1,0,0,0
data/external/actions/human_action_recognition/train/009509_fighting.jpg,Bingsu/Human_Action_Recognition,fighting,0,0,0,0,0,0,0,0,0,0,0,0,0,0,0,0,0,1,1,0
data/external/actions/human_action_recognition/train/009510_drinking.jpg,Bingsu/Human_Action_Recognition,drinking,0,0,0,0,0,0,0,0,0,0,0,0,0,0,1,0,0,0,0,0
data/external/actions/human_action_recognition/train/009511_sleeping.jpg,Bingsu/Human_Action_Recognition,sleeping,0,0,1,0,0,0,0,0,0,0,0,0,0,0,0,0,1,0,0,0
data/external/actions/human_action_recognition/train/009512_sitting.jpg,Bingsu/Human_Action_Recognition,sitting,0,1,0,0,0,0,0,0,0,0,0,0,0,0,0,0,1,0,0,0
data/external/actions/human_action_recognition/train/009513_eating.jpg,Bingsu/Human_Action_Recognition,eating,0,0,0,0,0,0,0,0,0,0,0,0,0,1,0,0,0,0,0,0
data/external/actions/human_action_recognition/train/009514_fighting.jpg,Bingsu/Human_Action_Recognition,fighting,0,0,0,0,0,0,0,0,0,0,0,0,0,0,0,0,0,1,1,0
data/external/actions/human_action_recognition/train/009515_sitting.jpg,Bingsu/Human_Action_Recognition,sitting,0,1,0,0,0,0,0,0,0,0,0,0,0,0,0,0,1,0,0,0
data/external/actions/human_action_recognition/train/009516_listening_to_music.jpg,Bingsu/Human_Action_Recognition,listening_to_music,0,1,0,0,0,0,0,0,0,0,0,0,0,0,0,0,1,0,0,0
data/external/actions/human_action_recognition/train/009517_running.jpg,Bingsu/Human_Action_Recognition,running,0,0,0,0,0,0,1,0,0,0,0,0,0,0,0,0,0,1,1,0
data/external/actions/human_action_recognition/train/009518_calling.jpg,Bingsu/Human_Action_Recognition,calling,1,0,0,0,0,0,0,0,0,0,0,0,0,0,0,0,1,0,0,0
data/external/actions/human_action_recognition/train/009519_clapping.jpg,Bingsu/Human_Action_Recognition,clapping,0,0,0,0,1,0,0,0,0,0,0,0,0,0,0,0,0,1,0,0
data/external/actions/human_action_recognition/train/009520_running.jpg,Bingsu/Human_Action_Recognition,running,0,0,0,0,0,0,1,0,0,0,0,0,0,0,0,0,0,1,1,0
data/external/actions/human_action_recognition/train/009521_dancing.jpg,Bingsu/Human_Action_Recognition,dancing,0,0,0,0,0,0,0,0,0,0,1,0,0,0,0,0,0,1,0,0
data/external/actions/human_action_recognition/train/009522_using_laptop.jpg,Bingsu/Human_Action_Recognition,using_laptop,0,1,0,0,0,0,0,0,0,0,0,0,1,0,0,0,1,0,0,0
data/external/actions/human_action_recognition/train/009523_calling.jpg,Bingsu/Human_Action_Recognition,calling,1,0,0,0,0,0,0,0,0,0,0,0,0,0,0,0,1,0,0,0
data/external/actions/human_action_recognition/train/009524_texting.jpg,Bingsu/Human_Action_Recognition,texting,0,1,0,0,0,0,0,0,0,0,0,0,0,0,0,0,1,0,0,0
data/external/actions/human_action_recognition/train/009525_fighting.jpg,Bingsu/Human_Action_Recognition,fighting,0,0,0,0,0,0,0,0,0,0,0,0,0,0,0,0,0,1,1,0
data/external/actions/human_action_recognition/train/009526_clapping.jpg,Bingsu/Human_Action_Recognition,clapping,0,0,0,0,1,0,0,0,0,0,0,0,0,0,0,0,0,1,0,0
data/external/actions/human_action_recognition/train/009527_clapping.jpg,Bingsu/Human_Action_Recognition,clapping,0,0,0,0,1,0,0,0,0,0,0,0,0,0,0,0,0,1,0,0
data/external/actions/human_action_recognition/train/009528_dancing.jpg,Bingsu/Human_Action_Recognition,dancing,0,0,0,0,0,0,0,0,0,0,1,0,0,0,0,0,0,1,0,0
data/external/actions/human_action_recognition/train/009529_sitting.jpg,Bingsu/Human_Action_Recognition,sitting,0,1,0,0,0,0,0,0,0,0,0,0,0,0,0,0,1,0,0,0
data/external/actions/human_action_recognition/train/009530_sleeping.jpg,Bingsu/Human_Action_Recognition,sleeping,0,0,1,0,0,0,0,0,0,0,0,0,0,0,0,0,1,0,0,0
data/external/actions/human_action_recognition/train/009531_texting.jpg,Bingsu/Human_Action_Recognition,texting,0,1,0,0,0,0,0,0,0,0,0,0,0,0,0,0,1,0,0,0
data/external/actions/human_action_recognition/train/009532_texting.jpg,Bingsu/Human_Action_Recognition,texting,0,1,0,0,0,0,0,0,0,0,0,0,0,0,0,0,1,0,0,0
data/external/actions/human_action_recognition/train/009533_fighting.jpg,Bingsu/Human_Action_Recognition,fighting,0,0,0,0,0,0,0,0,0,0,0,0,0,0,0,0,0,1,1,0
data/external/actions/human_action_recognition/train/009534_clapping.jpg,Bingsu/Human_Action_Recognition,clapping,0,0,0,0,1,0,0,0,0,0,0,0,0,0,0,0,0,1,0,0
data/external/actions/human_action_recognition/train/009535_laughing.jpg,Bingsu/Human_Action_Recognition,laughing,1,0,0,0,0,0,0,0,0,0,0,0,0,0,0,0,1,0,0,0
data/external/actions/human_action_recognition/train/009536_eating.jpg,Bingsu/Human_Action_Recognition,eating,0,0,0,0,0,0,0,0,0,0,0,0,0,1,0,0,0,0,0,0
data/external/actions/human_action_recognition/train/009537_cycling.jpg,Bingsu/Human_Action_Recognition,cycling,0,0,0,0,0,0,0,0,1,0,0,0,0,0,0,0,0,1,0,0
data/external/actions/human_action_recognition/train/009538_laughing.jpg,Bingsu/Human_Action_Recognition,laughing,1,0,0,0,0,0,0,0,0,0,0,0,0,0,0,0,1,0,0,0
data/external/actions/human_action_recognition/train/009539_drinking.jpg,Bingsu/Human_Action_Recognition,drinking,0,0,0,0,0,0,0,0,0,0,0,0,0,0,1,0,0,0,0,0
data/external/actions/human_action_recognition/train/009540_hugging.jpg,Bingsu/Human_Action_Recognition,hugging,1,0,0,0,0,0,0,0,0,0,0,0,0,0,0,0,1,0,0,0
data/external/actions/human_action_recognition/train/009541_drinking.jpg,Bingsu/Human_Action_Recognition,drinking,0,0,0,0,0,0,0,0,0,0,0,0,0,0,1,0,0,0,0,0
data/external/actions/human_action_recognition/train/009542_dancing.jpg,Bingsu/Human_Action_Recognition,dancing,0,0,0,0,0,0,0,0,0,0,1,0,0,0,0,0,0,1,0,0
data/external/actions/human_action_recognition/train/009543_fighting.jpg,Bingsu/Human_Action_Recognition,fighting,0,0,0,0,0,0,0,0,0,0,0,0,0,0,0,0,0,1,1,0
data/external/actions/human_action_recognition/train/009544_texting.jpg,Bingsu/Human_Action_Recognition,texting,0,1,0,0,0,0,0,0,0,0,0,0,0,0,0,0,1,0,0,0
data/external/actions/human_action_recognition/train/009545_fighting.jpg,Bingsu/Human_Action_Recognition,fighting,0,0,0,0,0,0,0,0,0,0,0,0,0,0,0,0,0,1,1,0
data/external/actions/human_action_recognition/train/009546_drinking.jpg,Bingsu/Human_Action_Recognition,drinking,0,0,0,0,0,0,0,0,0,0,0,0,0,0,1,0,0,0,0,0
data/external/actions/human_action_recognition/train/009547_texting.jpg,Bingsu/Human_Action_Recognition,texting,0,1,0,0,0,0,0,0,0,0,0,0,0,0,0,0,1,0,0,0
data/external/actions/human_action_recognition/train/009548_running.jpg,Bingsu/Human_Action_Recognition,running,0,0,0,0,0,0,1,0,0,0,0,0,0,0,0,0,0,1,1,0
data/external/actions/human_action_recognition/train/009549_calling.jpg,Bingsu/Human_Action_Recognition,calling,1,0,0,0,0,0,0,0,0,0,0,0,0,0,0,0,1,0,0,0
data/external/actions/human_action_recognition/train/009550_eating.jpg,Bingsu/Human_Action_Recognition,eating,0,0,0,0,0,0,0,0,0,0,0,0,0,1,0,0,0,0,0,0
data/external/actions/human_action_recognition/train/009551_fighting.jpg,Bingsu/Human_Action_Recognition,fighting,0,0,0,0,0,0,0,0,0,0,0,0,0,0,0,0,0,1,1,0
data/external/actions/human_action_recognition/train/009552_clapping.jpg,Bingsu/Human_Action_Recognition,clapping,0,0,0,0,1,0,0,0,0,0,0,0,0,0,0,0,0,1,0,0
data/external/actions/human_action_recognition/train/009553_cycling.jpg,Bingsu/Human_Action_Recognition,cycling,0,0,0,0,0,0,0,0,1,0,0,0,0,0,0,0,0,1,0,0
data/external/actions/human_action_recognition/train/009554_sleeping.jpg,Bingsu/Human_Action_Recognition,sleeping,0,0,1,0,0,0,0,0,0,0,0,0,0,0,0,0,1,0,0,0
data/external/actions/human_action_recognition/train/009555_cycling.jpg,Bingsu/Human_Action_Recognition,cycling,0,0,0,0,0,0,0,0,1,0,0,0,0,0,0,0,0,1,0,0
data/external/actions/human_action_recognition/train/009556_cycling.jpg,Bingsu/Human_Action_Recognition,cycling,0,0,0,0,0,0,0,0,1,0,0,0,0,0,0,0,0,1,0,0
data/external/actions/human_action_recognition/train/009557_calling.jpg,Bingsu/Human_Action_Recognition,calling,1,0,0,0,0,0,0,0,0,0,0,0,0,0,0,0,1,0,0,0
data/external/actions/human_action_recognition/train/009558_using_laptop.jpg,Bingsu/Human_Action_Recognition,using_laptop,0,1,0,0,0,0,0,0,0,0,0,0,1,0,0,0,1,0,0,0
data/external/actions/human_action_recognition/train/009559_clapping.jpg,Bingsu/Human_Action_Recognition,clapping,0,0,0,0,1,0,0,0,0,0,0,0,0,0,0,0,0,1,0,0
data/external/actions/human_action_recognition/train/009560_fighting.jpg,Bingsu/Human_Action_Recognition,fighting,0,0,0,0,0,0,0,0,0,0,0,0,0,0,0,0,0,1,1,0
data/external/actions/human_action_recognition/train/009561_eating.jpg,Bingsu/Human_Action_Recognition,eating,0,0,0,0,0,0,0,0,0,0,0,0,0,1,0,0,0,0,0,0
data/external/actions/human_action_recognition/train/009562_fighting.jpg,Bingsu/Human_Action_Recognition,fighting,0,0,0,0,0,0,0,0,0,0,0,0,0,0,0,0,0,1,1,0
data/external/actions/human_action_recognition/train/009563_running.jpg,Bingsu/Human_Action_Recognition,running,0,0,0,0,0,0,1,0,0,0,0,0,0,0,0,0,0,1,1,0
data/external/actions/human_action_recognition/train/009564_fighting.jpg,Bingsu/Human_Action_Recognition,fighting,0,0,0,0,0,0,0,0,0,0,0,0,0,0,0,0,0,1,1,0
data/external/actions/human_action_recognition/train/009565_sitting.jpg,Bingsu/Human_Action_Recognition,sitting,0,1,0,0,0,0,0,0,0,0,0,0,0,0,0,0,1,0,0,0
data/external/actions/human_action_recognition/train/009566_listening_to_music.jpg,Bingsu/Human_Action_Recognition,listening_to_music,0,1,0,0,0,0,0,0,0,0,0,0,0,0,0,0,1,0,0,0
data/external/actions/human_action_recognition/train/009567_sleeping.jpg,Bingsu/Human_Action_Recognition,sleeping,0,0,1,0,0,0,0,0,0,0,0,0,0,0,0,0,1,0,0,0
data/external/actions/human_action_recognition/train/009568_drinking.jpg,Bingsu/Human_Action_Recognition,drinking,0,0,0,0,0,0,0,0,0,0,0,0,0,0,1,0,0,0,0,0
data/external/actions/human_action_recognition/train/009569_drinking.jpg,Bingsu/Human_Action_Recognition,drinking,0,0,0,0,0,0,0,0,0,0,0,0,0,0,1,0,0,0,0,0
data/external/actions/human_action_recognition/train/009570_clapping.jpg,Bingsu/Human_Action_Recognition,clapping,0,0,0,0,1,0,0,0,0,0,0,0,0,0,0,0,0,1,0,0
data/external/actions/human_action_recognition/train/009571_sleeping.jpg,Bingsu/Human_Action_Recognition,sleeping,0,0,1,0,0,0,0,0,0,0,0,0,0,0,0,0,1,0,0,0
data/external/actions/human_action_recognition/train/009572_drinking.jpg,Bingsu/Human_Action_Recognition,drinking,0,0,0,0,0,0,0,0,0,0,0,0,0,0,1,0,0,0,0,0
data/external/actions/human_action_recognition/train/009573_texting.jpg,Bingsu/Human_Action_Recognition,texting,0,1,0,0,0,0,0,0,0,0,0,0,0,0,0,0,1,0,0,0
data/external/actions/human_action_recognition/train/009574_clapping.jpg,Bingsu/Human_Action_Recognition,clapping,0,0,0,0,1,0,0,0,0,0,0,0,0,0,0,0,0,1,0,0
data/external/actions/human_action_recognition/train/009575_sleeping.jpg,Bingsu/Human_Action_Recognition,sleeping,0,0,1,0,0,0,0,0,0,0,0,0,0,0,0,0,1,0,0,0
data/external/actions/human_action_recognition/train/009576_calling.jpg,Bingsu/Human_Action_Recognition,calling,1,0,0,0,0,0,0,0,0,0,0,0,0,0,0,0,1,0,0,0
data/external/actions/human_action_recognition/train/009577_clapping.jpg,Bingsu/Human_Action_Recognition,clapping,0,0,0,0,1,0,0,0,0,0,0,0,0,0,0,0,0,1,0,0
data/external/actions/human_action_recognition/train/009578_sleeping.jpg,Bingsu/Human_Action_Recognition,sleeping,0,0,1,0,0,0,0,0,0,0,0,0,0,0,0,0,1,0,0,0
data/external/actions/human_action_recognition/train/009579_dancing.jpg,Bingsu/Human_Action_Recognition,dancing,0,0,0,0,0,0,0,0,0,0,1,0,0,0,0,0,0,1,0,0
data/external/actions/human_action_recognition/train/009580_texting.jpg,Bingsu/Human_Action_Recognition,texting,0,1,0,0,0,0,0,0,0,0,0,0,0,0,0,0,1,0,0,0
data/external/actions/human_action_recognition/train/009581_sitting.jpg,Bingsu/Human_Action_Recognition,sitting,0,1,0,0,0,0,0,0,0,0,0,0,0,0,0,0,1,0,0,0
data/external/actions/human_action_recognition/train/009582_sitting.jpg,Bingsu/Human_Action_Recognition,sitting,0,1,0,0,0,0,0,0,0,0,0,0,0,0,0,0,1,0,0,0
data/external/actions/human_action_recognition/train/009583_calling.jpg,Bingsu/Human_Action_Recognition,calling,1,0,0,0,0,0,0,0,0,0,0,0,0,0,0,0,1,0,0,0
data/external/actions/human_action_recognition/train/009584_drinking.jpg,Bingsu/Human_Action_Recognition,drinking,0,0,0,0,0,0,0,0,0,0,0,0,0,0,1,0,0,0,0,0
data/external/actions/human_action_recognition/train/009585_dancing.jpg,Bingsu/Human_Action_Recognition,dancing,0,0,0,0,0,0,0,0,0,0,1,0,0,0,0,0,0,1,0,0
data/external/actions/human_action_recognition/train/009586_clapping.jpg,Bingsu/Human_Action_Recognition,clapping,0,0,0,0,1,0,0,0,0,0,0,0,0,0,0,0,0,1,0,0
data/external/actions/human_action_recognition/train/009587_sleeping.jpg,Bingsu/Human_Action_Recognition,sleeping,0,0,1,0,0,0,0,0,0,0,0,0,0,0,0,0,1,0,0,0
data/external/actions/human_action_recognition/train/009588_sitting.jpg,Bingsu/Human_Action_Recognition,sitting,0,1,0,0,0,0,0,0,0,0,0,0,0,0,0,0,1,0,0,0
data/external/actions/human_action_recognition/train/009589_calling.jpg,Bingsu/Human_Action_Recognition,calling,1,0,0,0,0,0,0,0,0,0,0,0,0,0,0,0,1,0,0,0
data/external/actions/human_action_recognition/train/009590_cycling.jpg,Bingsu/Human_Action_Recognition,cycling,0,0,0,0,0,0,0,0,1,0,0,0,0,0,0,0,0,1,0,0
data/external/actions/human_action_recognition/train/009591_cycling.jpg,Bingsu/Human_Action_Recognition,cycling,0,0,0,0,0,0,0,0,1,0,0,0,0,0,0,0,0,1,0,0
data/external/actions/human_action_recognition/train/009592_dancing.jpg,Bingsu/Human_Action_Recognition,dancing,0,0,0,0,0,0,0,0,0,0,1,0,0,0,0,0,0,1,0,0
data/external/actions/human_action_recognition/train/009593_calling.jpg,Bingsu/Human_Action_Recognition,calling,1,0,0,0,0,0,0,0,0,0,0,0,0,0,0,0,1,0,0,0
data/external/actions/human_action_recognition/train/009594_using_laptop.jpg,Bingsu/Human_Action_Recognition,using_laptop,0,1,0,0,0,0,0,0,0,0,0,0,1,0,0,0,1,0,0,0
data/external/actions/human_action_recognition/train/009595_calling.jpg,Bingsu/Human_Action_Recognition,calling,1,0,0,0,0,0,0,0,0,0,0,0,0,0,0,0,1,0,0,0
data/external/actions/human_action_recognition/train/009596_using_laptop.jpg,Bingsu/Human_Action_Recognition,using_laptop,0,1,0,0,0,0,0,0,0,0,0,0,1,0,0,0,1,0,0,0
data/external/actions/human_action_recognition/train/009597_hugging.jpg,Bingsu/Human_Action_Recognition,hugging,1,0,0,0,0,0,0,0,0,0,0,0,0,0,0,0,1,0,0,0
data/external/actions/human_action_recognition/train/009598_laughing.jpg,Bingsu/Human_Action_Recognition,laughing,1,0,0,0,0,0,0,0,0,0,0,0,0,0,0,0,1,0,0,0
data/external/actions/human_action_recognition/train/009599_texting.jpg,Bingsu/Human_Action_Recognition,texting,0,1,0,0,0,0,0,0,0,0,0,0,0,0,0,0,1,0,0,0
data/external/actions/human_action_recognition/train/009600_cycling.jpg,Bingsu/Human_Action_Recognition,cycling,0,0,0,0,0,0,0,0,1,0,0,0,0,0,0,0,0,1,0,0
data/external/actions/human_action_recognition/train/009601_cycling.jpg,Bingsu/Human_Action_Recognition,cycling,0,0,0,0,0,0,0,0,1,0,0,0,0,0,0,0,0,1,0,0
data/external/actions/human_action_recognition/train/009602_running.jpg,Bingsu/Human_Action_Recognition,running,0,0,0,0,0,0,1,0,0,0,0,0,0,0,0,0,0,1,1,0
data/external/actions/human_action_recognition/train/009603_fighting.jpg,Bingsu/Human_Action_Recognition,fighting,0,0,0,0,0,0,0,0,0,0,0,0,0,0,0,0,0,1,1,0
data/external/actions/human_action_recognition/train/009604_calling.jpg,Bingsu/Human_Action_Recognition,calling,1,0,0,0,0,0,0,0,0,0,0,0,0,0,0,0,1,0,0,0
data/external/actions/human_action_recognition/train/009605_texting.jpg,Bingsu/Human_Action_Recognition,texting,0,1,0,0,0,0,0,0,0,0,0,0,0,0,0,0,1,0,0,0
data/external/actions/human_action_recognition/train/009606_listening_to_music.jpg,Bingsu/Human_Action_Recognition,listening_to_music,0,1,0,0,0,0,0,0,0,0,0,0,0,0,0,0,1,0,0,0
data/external/actions/human_action_recognition/train/009607_listening_to_music.jpg,Bingsu/Human_Action_Recognition,listening_to_music,0,1,0,0,0,0,0,0,0,0,0,0,0,0,0,0,1,0,0,0
data/external/actions/human_action_recognition/train/009608_eating.jpg,Bingsu/Human_Action_Recognition,eating,0,0,0,0,0,0,0,0,0,0,0,0,0,1,0,0,0,0,0,0
data/external/actions/human_action_recognition/train/009609_listening_to_music.jpg,Bingsu/Human_Action_Recognition,listening_to_music,0,1,0,0,0,0,0,0,0,0,0,0,0,0,0,0,1,0,0,0
data/external/actions/human_action_recognition/train/009610_texting.jpg,Bingsu/Human_Action_Recognition,texting,0,1,0,0,0,0,0,0,0,0,0,0,0,0,0,0,1,0,0,0
data/external/actions/human_action_recognition/train/009611_calling.jpg,Bingsu/Human_Action_Recognition,calling,1,0,0,0,0,0,0,0,0,0,0,0,0,0,0,0,1,0,0,0
data/external/actions/human_action_recognition/train/009612_sleeping.jpg,Bingsu/Human_Action_Recognition,sleeping,0,0,1,0,0,0,0,0,0,0,0,0,0,0,0,0,1,0,0,0
data/external/actions/human_action_recognition/train/009613_eating.jpg,Bingsu/Human_Action_Recognition,eating,0,0,0,0,0,0,0,0,0,0,0,0,0,1,0,0,0,0,0,0
data/external/actions/human_action_recognition/train/009614_listening_to_music.jpg,Bingsu/Human_Action_Recognition,listening_to_music,0,1,0,0,0,0,0,0,0,0,0,0,0,0,0,0,1,0,0,0
data/external/actions/human_action_recognition/train/009615_sleeping.jpg,Bingsu/Human_Action_Recognition,sleeping,0,0,1,0,0,0,0,0,0,0,0,0,0,0,0,0,1,0,0,0
data/external/actions/human_action_recognition/train/009616_drinking.jpg,Bingsu/Human_Action_Recognition,drinking,0,0,0,0,0,0,0,0,0,0,0,0,0,0,1,0,0,0,0,0
data/external/actions/human_action_recognition/train/009617_drinking.jpg,Bingsu/Human_Action_Recognition,drinking,0,0,0,0,0,0,0,0,0,0,0,0,0,0,1,0,0,0,0,0
data/external/actions/human_action_recognition/train/009618_sleeping.jpg,Bingsu/Human_Action_Recognition,sleeping,0,0,1,0,0,0,0,0,0,0,0,0,0,0,0,0,1,0,0,0
data/external/actions/human_action_recognition/train/009619_fighting.jpg,Bingsu/Human_Action_Recognition,fighting,0,0,0,0,0,0,0,0,0,0,0,0,0,0,0,0,0,1,1,0
data/external/actions/human_action_recognition/train/009620_eating.jpg,Bingsu/Human_Action_Recognition,eating,0,0,0,0,0,0,0,0,0,0,0,0,0,1,0,0,0,0,0,0
data/external/actions/human_action_recognition/train/009621_eating.jpg,Bingsu/Human_Action_Recognition,eating,0,0,0,0,0,0,0,0,0,0,0,0,0,1,0,0,0,0,0,0
data/external/actions/human_action_recognition/train/009622_drinking.jpg,Bingsu/Human_Action_Recognition,drinking,0,0,0,0,0,0,0,0,0,0,0,0,0,0,1,0,0,0,0,0
data/external/actions/human_action_recognition/train/009623_texting.jpg,Bingsu/Human_Action_Recognition,texting,0,1,0,0,0,0,0,0,0,0,0,0,0,0,0,0,1,0,0,0
data/external/actions/human_action_recognition/train/009624_dancing.jpg,Bingsu/Human_Action_Recognition,dancing,0,0,0,0,0,0,0,0,0,0,1,0,0,0,0,0,0,1,0,0
data/external/actions/human_action_recognition/train/009625_fighting.jpg,Bingsu/Human_Action_Recognition,fighting,0,0,0,0,0,0,0,0,0,0,0,0,0,0,0,0,0,1,1,0
data/external/actions/human_action_recognition/train/009626_calling.jpg,Bingsu/Human_Action_Recognition,calling,1,0,0,0,0,0,0,0,0,0,0,0,0,0,0,0,1,0,0,0
data/external/actions/human_action_recognition/train/009627_sleeping.jpg,Bingsu/Human_Action_Recognition,sleeping,0,0,1,0,0,0,0,0,0,0,0,0,0,0,0,0,1,0,0,0
data/external/actions/human_action_recognition/train/009628_fighting.jpg,Bingsu/Human_Action_Recognition,fighting,0,0,0,0,0,0,0,0,0,0,0,0,0,0,0,0,0,1,1,0
data/external/actions/human_action_recognition/train/009629_clapping.jpg,Bingsu/Human_Action_Recognition,clapping,0,0,0,0,1,0,0,0,0,0,0,0,0,0,0,0,0,1,0,0
data/external/actions/human_action_recognition/train/009630_calling.jpg,Bingsu/Human_Action_Recognition,calling,1,0,0,0,0,0,0,0,0,0,0,0,0,0,0,0,1,0,0,0
data/external/actions/human_action_recognition/train/009631_listening_to_music.jpg,Bingsu/Human_Action_Recognition,listening_to_music,0,1,0,0,0,0,0,0,0,0,0,0,0,0,0,0,1,0,0,0
data/external/actions/human_action_recognition/train/009632_listening_to_music.jpg,Bingsu/Human_Action_Recognition,listening_to_music,0,1,0,0,0,0,0,0,0,0,0,0,0,0,0,0,1,0,0,0
data/external/actions/human_action_recognition/train/009633_hugging.jpg,Bingsu/Human_Action_Recognition,hugging,1,0,0,0,0,0,0,0,0,0,0,0,0,0,0,0,1,0,0,0
data/external/actions/human_action_recognition/train/009634_calling.jpg,Bingsu/Human_Action_Recognition,calling,1,0,0,0,0,0,0,0,0,0,0,0,0,0,0,0,1,0,0,0
data/external/actions/human_action_recognition/train/009635_laughing.jpg,Bingsu/Human_Action_Recognition,laughing,1,0,0,0,0,0,0,0,0,0,0,0,0,0,0,0,1,0,0,0
data/external/actions/human_action_recognition/train/009636_cycling.jpg,Bingsu/Human_Action_Recognition,cycling,0,0,0,0,0,0,0,0,1,0,0,0,0,0,0,0,0,1,0,0
data/external/actions/human_action_recognition/train/009637_calling.jpg,Bingsu/Human_Action_Recognition,calling,1,0,0,0,0,0,0,0,0,0,0,0,0,0,0,0,1,0,0,0
data/external/actions/human_action_recognition/train/009638_sitting.jpg,Bingsu/Human_Action_Recognition,sitting,0,1,0,0,0,0,0,0,0,0,0,0,0,0,0,0,1,0,0,0
data/external/actions/human_action_recognition/train/009639_sitting.jpg,Bingsu/Human_Action_Recognition,sitting,0,1,0,0,0,0,0,0,0,0,0,0,0,0,0,0,1,0,0,0
data/external/actions/human_action_recognition/train/009640_fighting.jpg,Bingsu/Human_Action_Recognition,fighting,0,0,0,0,0,0,0,0,0,0,0,0,0,0,0,0,0,1,1,0
data/external/actions/human_action_recognition/train/009641_cycling.jpg,Bingsu/Human_Action_Recognition,cycling,0,0,0,0,0,0,0,0,1,0,0,0,0,0,0,0,0,1,0,0
data/external/actions/human_action_recognition/train/009642_cycling.jpg,Bingsu/Human_Action_Recognition,cycling,0,0,0,0,0,0,0,0,1,0,0,0,0,0,0,0,0,1,0,0
data/external/actions/human_action_recognition/train/009643_laughing.jpg,Bingsu/Human_Action_Recognition,laughing,1,0,0,0,0,0,0,0,0,0,0,0,0,0,0,0,1,0,0,0
data/external/actions/human_action_recognition/train/009644_cycling.jpg,Bingsu/Human_Action_Recognition,cycling,0,0,0,0,0,0,0,0,1,0,0,0,0,0,0,0,0,1,0,0
data/external/actions/human_action_recognition/train/009645_using_laptop.jpg,Bingsu/Human_Action_Recognition,using_laptop,0,1,0,0,0,0,0,0,0,0,0,0,1,0,0,0,1,0,0,0
data/external/actions/human_action_recognition/train/009646_calling.jpg,Bingsu/Human_Action_Recognition,calling,1,0,0,0,0,0,0,0,0,0,0,0,0,0,0,0,1,0,0,0
data/external/actions/human_action_recognition/train/009647_using_laptop.jpg,Bingsu/Human_Action_Recognition,using_laptop,0,1,0,0,0,0,0,0,0,0,0,0,1,0,0,0,1,0,0,0
data/external/actions/human_action_recognition/train/009648_sleeping.jpg,Bingsu/Human_Action_Recognition,sleeping,0,0,1,0,0,0,0,0,0,0,0,0,0,0,0,0,1,0,0,0
data/external/actions/human_action_recognition/train/009649_sitting.jpg,Bingsu/Human_Action_Recognition,sitting,0,1,0,0,0,0,0,0,0,0,0,0,0,0,0,0,1,0,0,0
data/external/actions/human_action_recognition/train/009650_sleeping.jpg,Bingsu/Human_Action_Recognition,sleeping,0,0,1,0,0,0,0,0,0,0,0,0,0,0,0,0,1,0,0,0
data/external/actions/human_action_recognition/train/009651_cycling.jpg,Bingsu/Human_Action_Recognition,cycling,0,0,0,0,0,0,0,0,1,0,0,0,0,0,0,0,0,1,0,0
data/external/actions/human_action_recognition/train/009652_fighting.jpg,Bingsu/Human_Action_Recognition,fighting,0,0,0,0,0,0,0,0,0,0,0,0,0,0,0,0,0,1,1,0
data/external/actions/human_action_recognition/train/009653_drinking.jpg,Bingsu/Human_Action_Recognition,drinking,0,0,0,0,0,0,0,0,0,0,0,0,0,0,1,0,0,0,0,0
data/external/actions/human_action_recognition/train/009654_sleeping.jpg,Bingsu/Human_Action_Recognition,sleeping,0,0,1,0,0,0,0,0,0,0,0,0,0,0,0,0,1,0,0,0
data/external/actions/human_action_recognition/train/009655_clapping.jpg,Bingsu/Human_Action_Recognition,clapping,0,0,0,0,1,0,0,0,0,0,0,0,0,0,0,0,0,1,0,0
data/external/actions/human_action_recognition/train/009656_texting.jpg,Bingsu/Human_Action_Recognition,texting,0,1,0,0,0,0,0,0,0,0,0,0,0,0,0,0,1,0,0,0
data/external/actions/human_action_recognition/train/009657_using_laptop.jpg,Bingsu/Human_Action_Recognition,using_laptop,0,1,0,0,0,0,0,0,0,0,0,0,1,0,0,0,1,0,0,0
data/external/actions/human_action_recognition/train/009658_clapping.jpg,Bingsu/Human_Action_Recognition,clapping,0,0,0,0,1,0,0,0,0,0,0,0,0,0,0,0,0,1,0,0
data/external/actions/human_action_recognition/train/009659_clapping.jpg,Bingsu/Human_Action_Recognition,clapping,0,0,0,0,1,0,0,0,0,0,0,0,0,0,0,0,0,1,0,0
data/external/actions/human_action_recognition/train/009660_drinking.jpg,Bingsu/Human_Action_Recognition,drinking,0,0,0,0,0,0,0,0,0,0,0,0,0,0,1,0,0,0,0,0
data/external/actions/human_action_recognition/train/009661_cycling.jpg,Bingsu/Human_Action_Recognition,cycling,0,0,0,0,0,0,0,0,1,0,0,0,0,0,0,0,0,1,0,0
data/external/actions/human_action_recognition/train/009662_clapping.jpg,Bingsu/Human_Action_Recognition,clapping,0,0,0,0,1,0,0,0,0,0,0,0,0,0,0,0,0,1,0,0
data/external/actions/human_action_recognition/train/009663_texting.jpg,Bingsu/Human_Action_Recognition,texting,0,1,0,0,0,0,0,0,0,0,0,0,0,0,0,0,1,0,0,0
data/external/actions/human_action_recognition/train/009664_drinking.jpg,Bingsu/Human_Action_Recognition,drinking,0,0,0,0,0,0,0,0,0,0,0,0,0,0,1,0,0,0,0,0
data/external/actions/human_action_recognition/train/009665_running.jpg,Bingsu/Human_Action_Recognition,running,0,0,0,0,0,0,1,0,0,0,0,0,0,0,0,0,0,1,1,0
data/external/actions/human_action_recognition/train/009666_hugging.jpg,Bingsu/Human_Action_Recognition,hugging,1,0,0,0,0,0,0,0,0,0,0,0,0,0,0,0,1,0,0,0
data/external/actions/human_action_recognition/train/009667_drinking.jpg,Bingsu/Human_Action_Recognition,drinking,0,0,0,0,0,0,0,0,0,0,0,0,0,0,1,0,0,0,0,0
data/external/actions/human_action_recognition/train/009668_fighting.jpg,Bingsu/Human_Action_Recognition,fighting,0,0,0,0,0,0,0,0,0,0,0,0,0,0,0,0,0,1,1,0
data/external/actions/human_action_recognition/train/009669_using_laptop.jpg,Bingsu/Human_Action_Recognition,using_laptop,0,1,0,0,0,0,0,0,0,0,0,0,1,0,0,0,1,0,0,0
data/external/actions/human_action_recognition/train/009670_clapping.jpg,Bingsu/Human_Action_Recognition,clapping,0,0,0,0,1,0,0,0,0,0,0,0,0,0,0,0,0,1,0,0
data/external/actions/human_action_recognition/train/009671_using_laptop.jpg,Bingsu/Human_Action_Recognition,using_laptop,0,1,0,0,0,0,0,0,0,0,0,0,1,0,0,0,1,0,0,0
data/external/actions/human_action_recognition/train/009672_using_laptop.jpg,Bingsu/Human_Action_Recognition,using_laptop,0,1,0,0,0,0,0,0,0,0,0,0,1,0,0,0,1,0,0,0
data/external/actions/human_action_recognition/train/009673_using_laptop.jpg,Bingsu/Human_Action_Recognition,using_laptop,0,1,0,0,0,0,0,0,0,0,0,0,1,0,0,0,1,0,0,0
data/external/actions/human_action_recognition/train/009674_hugging.jpg,Bingsu/Human_Action_Recognition,hugging,1,0,0,0,0,0,0,0,0,0,0,0,0,0,0,0,1,0,0,0
data/external/actions/human_action_recognition/train/009675_dancing.jpg,Bingsu/Human_Action_Recognition,dancing,0,0,0,0,0,0,0,0,0,0,1,0,0,0,0,0,0,1,0,0
data/external/actions/human_action_recognition/train/009676_calling.jpg,Bingsu/Human_Action_Recognition,calling,1,0,0,0,0,0,0,0,0,0,0,0,0,0,0,0,1,0,0,0
data/external/actions/human_action_recognition/train/009677_eating.jpg,Bingsu/Human_Action_Recognition,eating,0,0,0,0,0,0,0,0,0,0,0,0,0,1,0,0,0,0,0,0
data/external/actions/human_action_recognition/train/009678_sleeping.jpg,Bingsu/Human_Action_Recognition,sleeping,0,0,1,0,0,0,0,0,0,0,0,0,0,0,0,0,1,0,0,0
data/external/actions/human_action_recognition/train/009679_fighting.jpg,Bingsu/Human_Action_Recognition,fighting,0,0,0,0,0,0,0,0,0,0,0,0,0,0,0,0,0,1,1,0
data/external/actions/human_action_recognition/train/009680_calling.jpg,Bingsu/Human_Action_Recognition,calling,1,0,0,0,0,0,0,0,0,0,0,0,0,0,0,0,1,0,0,0
data/external/actions/human_action_recognition/train/009681_using_laptop.jpg,Bingsu/Human_Action_Recognition,using_laptop,0,1,0,0,0,0,0,0,0,0,0,0,1,0,0,0,1,0,0,0
data/external/actions/human_action_recognition/train/009682_sitting.jpg,Bingsu/Human_Action_Recognition,sitting,0,1,0,0,0,0,0,0,0,0,0,0,0,0,0,0,1,0,0,0
data/external/actions/human_action_recognition/train/009683_running.jpg,Bingsu/Human_Action_Recognition,running,0,0,0,0,0,0,1,0,0,0,0,0,0,0,0,0,0,1,1,0
data/external/actions/human_action_recognition/train/009684_fighting.jpg,Bingsu/Human_Action_Recognition,fighting,0,0,0,0,0,0,0,0,0,0,0,0,0,0,0,0,0,1,1,0
data/external/actions/human_action_recognition/train/009685_fighting.jpg,Bingsu/Human_Action_Recognition,fighting,0,0,0,0,0,0,0,0,0,0,0,0,0,0,0,0,0,1,1,0
data/external/actions/human_action_recognition/train/009686_clapping.jpg,Bingsu/Human_Action_Recognition,clapping,0,0,0,0,1,0,0,0,0,0,0,0,0,0,0,0,0,1,0,0
data/external/actions/human_action_recognition/train/009687_running.jpg,Bingsu/Human_Action_Recognition,running,0,0,0,0,0,0,1,0,0,0,0,0,0,0,0,0,0,1,1,0
data/external/actions/human_action_recognition/train/009688_clapping.jpg,Bingsu/Human_Action_Recognition,clapping,0,0,0,0,1,0,0,0,0,0,0,0,0,0,0,0,0,1,0,0
data/external/actions/human_action_recognition/train/009689_using_laptop.jpg,Bingsu/Human_Action_Recognition,using_laptop,0,1,0,0,0,0,0,0,0,0,0,0,1,0,0,0,1,0,0,0
data/external/actions/human_action_recognition/train/009690_sitting.jpg,Bingsu/Human_Action_Recognition,sitting,0,1,0,0,0,0,0,0,0,0,0,0,0,0,0,0,1,0,0,0
data/external/actions/human_action_recognition/train/009691_hugging.jpg,Bingsu/Human_Action_Recognition,hugging,1,0,0,0,0,0,0,0,0,0,0,0,0,0,0,0,1,0,0,0
data/external/actions/human_action_recognition/train/009692_hugging.jpg,Bingsu/Human_Action_Recognition,hugging,1,0,0,0,0,0,0,0,0,0,0,0,0,0,0,0,1,0,0,0
data/external/actions/human_action_recognition/train/009693_fighting.jpg,Bingsu/Human_Action_Recognition,fighting,0,0,0,0,0,0,0,0,0,0,0,0,0,0,0,0,0,1,1,0
data/external/actions/human_action_recognition/train/009694_laughing.jpg,Bingsu/Human_Action_Recognition,laughing,1,0,0,0,0,0,0,0,0,0,0,0,0,0,0,0,1,0,0,0
data/external/actions/human_action_recognition/train/009695_laughing.jpg,Bingsu/Human_Action_Recognition,laughing,1,0,0,0,0,0,0,0,0,0,0,0,0,0,0,0,1,0,0,0
data/external/actions/human_action_recognition/train/009696_using_laptop.jpg,Bingsu/Human_Action_Recognition,using_laptop,0,1,0,0,0,0,0,0,0,0,0,0,1,0,0,0,1,0,0,0
data/external/actions/human_action_recognition/train/009697_sleeping.jpg,Bingsu/Human_Action_Recognition,sleeping,0,0,1,0,0,0,0,0,0,0,0,0,0,0,0,0,1,0,0,0
data/external/actions/human_action_recognition/train/009698_laughing.jpg,Bingsu/Human_Action_Recognition,laughing,1,0,0,0,0,0,0,0,0,0,0,0,0,0,0,0,1,0,0,0
data/external/actions/human_action_recognition/train/009699_texting.jpg,Bingsu/Human_Action_Recognition,texting,0,1,0,0,0,0,0,0,0,0,0,0,0,0,0,0,1,0,0,0
data/external/actions/human_action_recognition/train/009700_sitting.jpg,Bingsu/Human_Action_Recognition,sitting,0,1,0,0,0,0,0,0,0,0,0,0,0,0,0,0,1,0,0,0
data/external/actions/human_action_recognition/train/009701_clapping.jpg,Bingsu/Human_Action_Recognition,clapping,0,0,0,0,1,0,0,0,0,0,0,0,0,0,0,0,0,1,0,0
data/external/actions/human_action_recognition/train/009702_drinking.jpg,Bingsu/Human_Action_Recognition,drinking,0,0,0,0,0,0,0,0,0,0,0,0,0,0,1,0,0,0,0,0
data/external/actions/human_action_recognition/train/009703_clapping.jpg,Bingsu/Human_Action_Recognition,clapping,0,0,0,0,1,0,0,0,0,0,0,0,0,0,0,0,0,1,0,0
data/external/actions/human_action_recognition/train/009704_fighting.jpg,Bingsu/Human_Action_Recognition,fighting,0,0,0,0,0,0,0,0,0,0,0,0,0,0,0,0,0,1,1,0
data/external/actions/human_action_recognition/train/009705_running.jpg,Bingsu/Human_Action_Recognition,running,0,0,0,0,0,0,1,0,0,0,0,0,0,0,0,0,0,1,1,0
data/external/actions/human_action_recognition/train/009706_hugging.jpg,Bingsu/Human_Action_Recognition,hugging,1,0,0,0,0,0,0,0,0,0,0,0,0,0,0,0,1,0,0,0
data/external/actions/human_action_recognition/train/009707_dancing.jpg,Bingsu/Human_Action_Recognition,dancing,0,0,0,0,0,0,0,0,0,0,1,0,0,0,0,0,0,1,0,0
data/external/actions/human_action_recognition/train/009708_laughing.jpg,Bingsu/Human_Action_Recognition,laughing,1,0,0,0,0,0,0,0,0,0,0,0,0,0,0,0,1,0,0,0
data/external/actions/human_action_recognition/train/009709_laughing.jpg,Bingsu/Human_Action_Recognition,laughing,1,0,0,0,0,0,0,0,0,0,0,0,0,0,0,0,1,0,0,0
data/external/actions/human_action_recognition/train/009710_drinking.jpg,Bingsu/Human_Action_Recognition,drinking,0,0,0,0,0,0,0,0,0,0,0,0,0,0,1,0,0,0,0,0
data/external/actions/human_action_recognition/train/009711_sleeping.jpg,Bingsu/Human_Action_Recognition,sleeping,0,0,1,0,0,0,0,0,0,0,0,0,0,0,0,0,1,0,0,0
data/external/actions/human_action_recognition/train/009712_sitting.jpg,Bingsu/Human_Action_Recognition,sitting,0,1,0,0,0,0,0,0,0,0,0,0,0,0,0,0,1,0,0,0
data/external/actions/human_action_recognition/train/009713_listening_to_music.jpg,Bingsu/Human_Action_Recognition,listening_to_music,0,1,0,0,0,0,0,0,0,0,0,0,0,0,0,0,1,0,0,0
data/external/actions/human_action_recognition/train/009714_dancing.jpg,Bingsu/Human_Action_Recognition,dancing,0,0,0,0,0,0,0,0,0,0,1,0,0,0,0,0,0,1,0,0
data/external/actions/human_action_recognition/train/009715_eating.jpg,Bingsu/Human_Action_Recognition,eating,0,0,0,0,0,0,0,0,0,0,0,0,0,1,0,0,0,0,0,0
data/external/actions/human_action_recognition/train/009716_dancing.jpg,Bingsu/Human_Action_Recognition,dancing,0,0,0,0,0,0,0,0,0,0,1,0,0,0,0,0,0,1,0,0
data/external/actions/human_action_recognition/train/009717_calling.jpg,Bingsu/Human_Action_Recognition,calling,1,0,0,0,0,0,0,0,0,0,0,0,0,0,0,0,1,0,0,0
data/external/actions/human_action_recognition/train/009718_running.jpg,Bingsu/Human_Action_Recognition,running,0,0,0,0,0,0,1,0,0,0,0,0,0,0,0,0,0,1,1,0
data/external/actions/human_action_recognition/train/009719_running.jpg,Bingsu/Human_Action_Recognition,running,0,0,0,0,0,0,1,0,0,0,0,0,0,0,0,0,0,1,1,0
data/external/actions/human_action_recognition/train/009720_sitting.jpg,Bingsu/Human_Action_Recognition,sitting,0,1,0,0,0,0,0,0,0,0,0,0,0,0,0,0,1,0,0,0
data/external/actions/human_action_recognition/train/009721_calling.jpg,Bingsu/Human_Action_Recognition,calling,1,0,0,0,0,0,0,0,0,0,0,0,0,0,0,0,1,0,0,0
data/external/actions/human_action_recognition/train/009722_listening_to_music.jpg,Bingsu/Human_Action_Recognition,listening_to_music,0,1,0,0,0,0,0,0,0,0,0,0,0,0,0,0,1,0,0,0
data/external/actions/human_action_recognition/train/009723_texting.jpg,Bingsu/Human_Action_Recognition,texting,0,1,0,0,0,0,0,0,0,0,0,0,0,0,0,0,1,0,0,0
data/external/actions/human_action_recognition/train/009724_dancing.jpg,Bingsu/Human_Action_Recognition,dancing,0,0,0,0,0,0,0,0,0,0,1,0,0,0,0,0,0,1,0,0
data/external/actions/human_action_recognition/train/009725_drinking.jpg,Bingsu/Human_Action_Recognition,drinking,0,0,0,0,0,0,0,0,0,0,0,0,0,0,1,0,0,0,0,0
data/external/actions/human_action_recognition/train/009726_hugging.jpg,Bingsu/Human_Action_Recognition,hugging,1,0,0,0,0,0,0,0,0,0,0,0,0,0,0,0,1,0,0,0
data/external/actions/human_action_recognition/train/009727_clapping.jpg,Bingsu/Human_Action_Recognition,clapping,0,0,0,0,1,0,0,0,0,0,0,0,0,0,0,0,0,1,0,0
data/external/actions/human_action_recognition/train/009728_calling.jpg,Bingsu/Human_Action_Recognition,calling,1,0,0,0,0,0,0,0,0,0,0,0,0,0,0,0,1,0,0,0
data/external/actions/human_action_recognition/train/009729_sleeping.jpg,Bingsu/Human_Action_Recognition,sleeping,0,0,1,0,0,0,0,0,0,0,0,0,0,0,0,0,1,0,0,0
data/external/actions/human_action_recognition/train/009730_running.jpg,Bingsu/Human_Action_Recognition,running,0,0,0,0,0,0,1,0,0,0,0,0,0,0,0,0,0,1,1,0
data/external/actions/human_action_recognition/train/009731_fighting.jpg,Bingsu/Human_Action_Recognition,fighting,0,0,0,0,0,0,0,0,0,0,0,0,0,0,0,0,0,1,1,0
data/external/actions/human_action_recognition/train/009732_cycling.jpg,Bingsu/Human_Action_Recognition,cycling,0,0,0,0,0,0,0,0,1,0,0,0,0,0,0,0,0,1,0,0
data/external/actions/human_action_recognition/train/009733_clapping.jpg,Bingsu/Human_Action_Recognition,clapping,0,0,0,0,1,0,0,0,0,0,0,0,0,0,0,0,0,1,0,0
data/external/actions/human_action_recognition/train/009734_dancing.jpg,Bingsu/Human_Action_Recognition,dancing,0,0,0,0,0,0,0,0,0,0,1,0,0,0,0,0,0,1,0,0
data/external/actions/human_action_recognition/train/009735_hugging.jpg,Bingsu/Human_Action_Recognition,hugging,1,0,0,0,0,0,0,0,0,0,0,0,0,0,0,0,1,0,0,0
data/external/actions/human_action_recognition/train/009736_calling.jpg,Bingsu/Human_Action_Recognition,calling,1,0,0,0,0,0,0,0,0,0,0,0,0,0,0,0,1,0,0,0
data/external/actions/human_action_recognition/train/009737_eating.jpg,Bingsu/Human_Action_Recognition,eating,0,0,0,0,0,0,0,0,0,0,0,0,0,1,0,0,0,0,0,0
data/external/actions/human_action_recognition/train/009738_calling.jpg,Bingsu/Human_Action_Recognition,calling,1,0,0,0,0,0,0,0,0,0,0,0,0,0,0,0,1,0,0,0
data/external/actions/human_action_recognition/train/009739_dancing.jpg,Bingsu/Human_Action_Recognition,dancing,0,0,0,0,0,0,0,0,0,0,1,0,0,0,0,0,0,1,0,0
data/external/actions/human_action_recognition/train/009740_hugging.jpg,Bingsu/Human_Action_Recognition,hugging,1,0,0,0,0,0,0,0,0,0,0,0,0,0,0,0,1,0,0,0
data/external/actions/human_action_recognition/train/009741_listening_to_music.jpg,Bingsu/Human_Action_Recognition,listening_to_music,0,1,0,0,0,0,0,0,0,0,0,0,0,0,0,0,1,0,0,0
data/external/actions/human_action_recognition/train/009742_dancing.jpg,Bingsu/Human_Action_Recognition,dancing,0,0,0,0,0,0,0,0,0,0,1,0,0,0,0,0,0,1,0,0
data/external/actions/human_action_recognition/train/009743_listening_to_music.jpg,Bingsu/Human_Action_Recognition,listening_to_music,0,1,0,0,0,0,0,0,0,0,0,0,0,0,0,0,1,0,0,0
data/external/actions/human_action_recognition/train/009744_eating.jpg,Bingsu/Human_Action_Recognition,eating,0,0,0,0,0,0,0,0,0,0,0,0,0,1,0,0,0,0,0,0
data/external/actions/human_action_recognition/train/009745_using_laptop.jpg,Bingsu/Human_Action_Recognition,using_laptop,0,1,0,0,0,0,0,0,0,0,0,0,1,0,0,0,1,0,0,0
data/external/actions/human_action_recognition/train/009746_laughing.jpg,Bingsu/Human_Action_Recognition,laughing,1,0,0,0,0,0,0,0,0,0,0,0,0,0,0,0,1,0,0,0
data/external/actions/human_action_recognition/train/009747_cycling.jpg,Bingsu/Human_Action_Recognition,cycling,0,0,0,0,0,0,0,0,1,0,0,0,0,0,0,0,0,1,0,0
data/external/actions/human_action_recognition/train/009748_calling.jpg,Bingsu/Human_Action_Recognition,calling,1,0,0,0,0,0,0,0,0,0,0,0,0,0,0,0,1,0,0,0
data/external/actions/human_action_recognition/train/009749_hugging.jpg,Bingsu/Human_Action_Recognition,hugging,1,0,0,0,0,0,0,0,0,0,0,0,0,0,0,0,1,0,0,0
data/external/actions/human_action_recognition/train/009750_listening_to_music.jpg,Bingsu/Human_Action_Recognition,listening_to_music,0,1,0,0,0,0,0,0,0,0,0,0,0,0,0,0,1,0,0,0
data/external/actions/human_action_recognition/train/009751_running.jpg,Bingsu/Human_Action_Recognition,running,0,0,0,0,0,0,1,0,0,0,0,0,0,0,0,0,0,1,1,0
data/external/actions/human_action_recognition/train/009752_cycling.jpg,Bingsu/Human_Action_Recognition,cycling,0,0,0,0,0,0,0,0,1,0,0,0,0,0,0,0,0,1,0,0
data/external/actions/human_action_recognition/train/009753_eating.jpg,Bingsu/Human_Action_Recognition,eating,0,0,0,0,0,0,0,0,0,0,0,0,0,1,0,0,0,0,0,0
data/external/actions/human_action_recognition/train/009754_eating.jpg,Bingsu/Human_Action_Recognition,eating,0,0,0,0,0,0,0,0,0,0,0,0,0,1,0,0,0,0,0,0
data/external/actions/human_action_recognition/train/009755_texting.jpg,Bingsu/Human_Action_Recognition,texting,0,1,0,0,0,0,0,0,0,0,0,0,0,0,0,0,1,0,0,0
data/external/actions/human_action_recognition/train/009756_calling.jpg,Bingsu/Human_Action_Recognition,calling,1,0,0,0,0,0,0,0,0,0,0,0,0,0,0,0,1,0,0,0
data/external/actions/human_action_recognition/train/009757_dancing.jpg,Bingsu/Human_Action_Recognition,dancing,0,0,0,0,0,0,0,0,0,0,1,0,0,0,0,0,0,1,0,0
data/external/actions/human_action_recognition/train/009758_drinking.jpg,Bingsu/Human_Action_Recognition,drinking,0,0,0,0,0,0,0,0,0,0,0,0,0,0,1,0,0,0,0,0
data/external/actions/human_action_recognition/train/009759_dancing.jpg,Bingsu/Human_Action_Recognition,dancing,0,0,0,0,0,0,0,0,0,0,1,0,0,0,0,0,0,1,0,0
data/external/actions/human_action_recognition/train/009760_eating.jpg,Bingsu/Human_Action_Recognition,eating,0,0,0,0,0,0,0,0,0,0,0,0,0,1,0,0,0,0,0,0
data/external/actions/human_action_recognition/train/009761_eating.jpg,Bingsu/Human_Action_Recognition,eating,0,0,0,0,0,0,0,0,0,0,0,0,0,1,0,0,0,0,0,0
data/external/actions/human_action_recognition/train/009762_fighting.jpg,Bingsu/Human_Action_Recognition,fighting,0,0,0,0,0,0,0,0,0,0,0,0,0,0,0,0,0,1,1,0
data/external/actions/human_action_recognition/train/009763_clapping.jpg,Bingsu/Human_Action_Recognition,clapping,0,0,0,0,1,0,0,0,0,0,0,0,0,0,0,0,0,1,0,0
data/external/actions/human_action_recognition/train/009764_cycling.jpg,Bingsu/Human_Action_Recognition,cycling,0,0,0,0,0,0,0,0,1,0,0,0,0,0,0,0,0,1,0,0
data/external/actions/human_action_recognition/train/009765_laughing.jpg,Bingsu/Human_Action_Recognition,laughing,1,0,0,0,0,0,0,0,0,0,0,0,0,0,0,0,1,0,0,0
data/external/actions/human_action_recognition/train/009766_calling.jpg,Bingsu/Human_Action_Recognition,calling,1,0,0,0,0,0,0,0,0,0,0,0,0,0,0,0,1,0,0,0
data/external/actions/human_action_recognition/train/009767_running.jpg,Bingsu/Human_Action_Recognition,running,0,0,0,0,0,0,1,0,0,0,0,0,0,0,0,0,0,1,1,0
data/external/actions/human_action_recognition/train/009768_using_laptop.jpg,Bingsu/Human_Action_Recognition,using_laptop,0,1,0,0,0,0,0,0,0,0,0,0,1,0,0,0,1,0,0,0
data/external/actions/human_action_recognition/train/009769_running.jpg,Bingsu/Human_Action_Recognition,running,0,0,0,0,0,0,1,0,0,0,0,0,0,0,0,0,0,1,1,0
data/external/actions/human_action_recognition/train/009770_eating.jpg,Bingsu/Human_Action_Recognition,eating,0,0,0,0,0,0,0,0,0,0,0,0,0,1,0,0,0,0,0,0
data/external/actions/human_action_recognition/train/009771_calling.jpg,Bingsu/Human_Action_Recognition,calling,1,0,0,0,0,0,0,0,0,0,0,0,0,0,0,0,1,0,0,0
data/external/actions/human_action_recognition/train/009772_running.jpg,Bingsu/Human_Action_Recognition,running,0,0,0,0,0,0,1,0,0,0,0,0,0,0,0,0,0,1,1,0
data/external/actions/human_action_recognition/train/009773_eating.jpg,Bingsu/Human_Action_Recognition,eating,0,0,0,0,0,0,0,0,0,0,0,0,0,1,0,0,0,0,0,0
data/external/actions/human_action_recognition/train/009774_listening_to_music.jpg,Bingsu/Human_Action_Recognition,listening_to_music,0,1,0,0,0,0,0,0,0,0,0,0,0,0,0,0,1,0,0,0
data/external/actions/human_action_recognition/train/009775_using_laptop.jpg,Bingsu/Human_Action_Recognition,using_laptop,0,1,0,0,0,0,0,0,0,0,0,0,1,0,0,0,1,0,0,0
data/external/actions/human_action_recognition/train/009776_dancing.jpg,Bingsu/Human_Action_Recognition,dancing,0,0,0,0,0,0,0,0,0,0,1,0,0,0,0,0,0,1,0,0
data/external/actions/human_action_recognition/train/009777_calling.jpg,Bingsu/Human_Action_Recognition,calling,1,0,0,0,0,0,0,0,0,0,0,0,0,0,0,0,1,0,0,0
data/external/actions/human_action_recognition/train/009778_texting.jpg,Bingsu/Human_Action_Recognition,texting,0,1,0,0,0,0,0,0,0,0,0,0,0,0,0,0,1,0,0,0
data/external/actions/human_action_recognition/train/009779_sitting.jpg,Bingsu/Human_Action_Recognition,sitting,0,1,0,0,0,0,0,0,0,0,0,0,0,0,0,0,1,0,0,0
data/external/actions/human_action_recognition/train/009780_cycling.jpg,Bingsu/Human_Action_Recognition,cycling,0,0,0,0,0,0,0,0,1,0,0,0,0,0,0,0,0,1,0,0
data/external/actions/human_action_recognition/train/009781_sitting.jpg,Bingsu/Human_Action_Recognition,sitting,0,1,0,0,0,0,0,0,0,0,0,0,0,0,0,0,1,0,0,0
data/external/actions/human_action_recognition/train/009782_clapping.jpg,Bingsu/Human_Action_Recognition,clapping,0,0,0,0,1,0,0,0,0,0,0,0,0,0,0,0,0,1,0,0
data/external/actions/human_action_recognition/train/009783_sitting.jpg,Bingsu/Human_Action_Recognition,sitting,0,1,0,0,0,0,0,0,0,0,0,0,0,0,0,0,1,0,0,0
data/external/actions/human_action_recognition/train/009784_drinking.jpg,Bingsu/Human_Action_Recognition,drinking,0,0,0,0,0,0,0,0,0,0,0,0,0,0,1,0,0,0,0,0
data/external/actions/human_action_recognition/train/009785_drinking.jpg,Bingsu/Human_Action_Recognition,drinking,0,0,0,0,0,0,0,0,0,0,0,0,0,0,1,0,0,0,0,0
data/external/actions/human_action_recognition/train/009786_texting.jpg,Bingsu/Human_Action_Recognition,texting,0,1,0,0,0,0,0,0,0,0,0,0,0,0,0,0,1,0,0,0
data/external/actions/human_action_recognition/train/009787_sitting.jpg,Bingsu/Human_Action_Recognition,sitting,0,1,0,0,0,0,0,0,0,0,0,0,0,0,0,0,1,0,0,0
data/external/actions/human_action_recognition/train/009788_drinking.jpg,Bingsu/Human_Action_Recognition,drinking,0,0,0,0,0,0,0,0,0,0,0,0,0,0,1,0,0,0,0,0
data/external/actions/human_action_recognition/train/009789_calling.jpg,Bingsu/Human_Action_Recognition,calling,1,0,0,0,0,0,0,0,0,0,0,0,0,0,0,0,1,0,0,0
data/external/actions/human_action_recognition/train/009790_listening_to_music.jpg,Bingsu/Human_Action_Recognition,listening_to_music,0,1,0,0,0,0,0,0,0,0,0,0,0,0,0,0,1,0,0,0
data/external/actions/human_action_recognition/train/009791_laughing.jpg,Bingsu/Human_Action_Recognition,laughing,1,0,0,0,0,0,0,0,0,0,0,0,0,0,0,0,1,0,0,0
data/external/actions/human_action_recognition/train/009792_dancing.jpg,Bingsu/Human_Action_Recognition,dancing,0,0,0,0,0,0,0,0,0,0,1,0,0,0,0,0,0,1,0,0
data/external/actions/human_action_recognition/train/009793_using_laptop.jpg,Bingsu/Human_Action_Recognition,using_laptop,0,1,0,0,0,0,0,0,0,0,0,0,1,0,0,0,1,0,0,0
data/external/actions/human_action_recognition/train/009794_texting.jpg,Bingsu/Human_Action_Recognition,texting,0,1,0,0,0,0,0,0,0,0,0,0,0,0,0,0,1,0,0,0
data/external/actions/human_action_recognition/train/009795_listening_to_music.jpg,Bingsu/Human_Action_Recognition,listening_to_music,0,1,0,0,0,0,0,0,0,0,0,0,0,0,0,0,1,0,0,0
data/external/actions/human_action_recognition/train/009796_texting.jpg,Bingsu/Human_Action_Recognition,texting,0,1,0,0,0,0,0,0,0,0,0,0,0,0,0,0,1,0,0,0
data/external/actions/human_action_recognition/train/009797_running.jpg,Bingsu/Human_Action_Recognition,running,0,0,0,0,0,0,1,0,0,0,0,0,0,0,0,0,0,1,1,0
data/external/actions/human_action_recognition/train/009798_eating.jpg,Bingsu/Human_Action_Recognition,eating,0,0,0,0,0,0,0,0,0,0,0,0,0,1,0,0,0,0,0,0
data/external/actions/human_action_recognition/train/009799_clapping.jpg,Bingsu/Human_Action_Recognition,clapping,0,0,0,0,1,0,0,0,0,0,0,0,0,0,0,0,0,1,0,0
data/external/actions/human_action_recognition/train/009800_listening_to_music.jpg,Bingsu/Human_Action_Recognition,listening_to_music,0,1,0,0,0,0,0,0,0,0,0,0,0,0,0,0,1,0,0,0
data/external/actions/human_action_recognition/train/009801_running.jpg,Bingsu/Human_Action_Recognition,running,0,0,0,0,0,0,1,0,0,0,0,0,0,0,0,0,0,1,1,0
data/external/actions/human_action_recognition/train/009802_listening_to_music.jpg,Bingsu/Human_Action_Recognition,listening_to_music,0,1,0,0,0,0,0,0,0,0,0,0,0,0,0,0,1,0,0,0
data/external/actions/human_action_recognition/train/009803_clapping.jpg,Bingsu/Human_Action_Recognition,clapping,0,0,0,0,1,0,0,0,0,0,0,0,0,0,0,0,0,1,0,0
data/external/actions/human_action_recognition/train/009804_fighting.jpg,Bingsu/Human_Action_Recognition,fighting,0,0,0,0,0,0,0,0,0,0,0,0,0,0,0,0,0,1,1,0
data/external/actions/human_action_recognition/train/009805_sleeping.jpg,Bingsu/Human_Action_Recognition,sleeping,0,0,1,0,0,0,0,0,0,0,0,0,0,0,0,0,1,0,0,0
data/external/actions/human_action_recognition/train/009806_laughing.jpg,Bingsu/Human_Action_Recognition,laughing,1,0,0,0,0,0,0,0,0,0,0,0,0,0,0,0,1,0,0,0
data/external/actions/human_action_recognition/train/009807_using_laptop.jpg,Bingsu/Human_Action_Recognition,using_laptop,0,1,0,0,0,0,0,0,0,0,0,0,1,0,0,0,1,0,0,0
data/external/actions/human_action_recognition/train/009808_dancing.jpg,Bingsu/Human_Action_Recognition,dancing,0,0,0,0,0,0,0,0,0,0,1,0,0,0,0,0,0,1,0,0
data/external/actions/human_action_recognition/train/009809_calling.jpg,Bingsu/Human_Action_Recognition,calling,1,0,0,0,0,0,0,0,0,0,0,0,0,0,0,0,1,0,0,0
data/external/actions/human_action_recognition/train/009810_hugging.jpg,Bingsu/Human_Action_Recognition,hugging,1,0,0,0,0,0,0,0,0,0,0,0,0,0,0,0,1,0,0,0
data/external/actions/human_action_recognition/train/009811_using_laptop.jpg,Bingsu/Human_Action_Recognition,using_laptop,0,1,0,0,0,0,0,0,0,0,0,0,1,0,0,0,1,0,0,0
data/external/actions/human_action_recognition/train/009812_eating.jpg,Bingsu/Human_Action_Recognition,eating,0,0,0,0,0,0,0,0,0,0,0,0,0,1,0,0,0,0,0,0
data/external/actions/human_action_recognition/train/009813_clapping.jpg,Bingsu/Human_Action_Recognition,clapping,0,0,0,0,1,0,0,0,0,0,0,0,0,0,0,0,0,1,0,0
data/external/actions/human_action_recognition/train/009814_clapping.jpg,Bingsu/Human_Action_Recognition,clapping,0,0,0,0,1,0,0,0,0,0,0,0,0,0,0,0,0,1,0,0
data/external/actions/human_action_recognition/train/009815_sleeping.jpg,Bingsu/Human_Action_Recognition,sleeping,0,0,1,0,0,0,0,0,0,0,0,0,0,0,0,0,1,0,0,0
data/external/actions/human_action_recognition/train/009816_hugging.jpg,Bingsu/Human_Action_Recognition,hugging,1,0,0,0,0,0,0,0,0,0,0,0,0,0,0,0,1,0,0,0
data/external/actions/human_action_recognition/train/009817_calling.jpg,Bingsu/Human_Action_Recognition,calling,1,0,0,0,0,0,0,0,0,0,0,0,0,0,0,0,1,0,0,0
data/external/actions/human_action_recognition/train/009818_texting.jpg,Bingsu/Human_Action_Recognition,texting,0,1,0,0,0,0,0,0,0,0,0,0,0,0,0,0,1,0,0,0
data/external/actions/human_action_recognition/train/009819_dancing.jpg,Bingsu/Human_Action_Recognition,dancing,0,0,0,0,0,0,0,0,0,0,1,0,0,0,0,0,0,1,0,0
data/external/actions/human_action_recognition/train/009820_clapping.jpg,Bingsu/Human_Action_Recognition,clapping,0,0,0,0,1,0,0,0,0,0,0,0,0,0,0,0,0,1,0,0
data/external/actions/human_action_recognition/train/009821_laughing.jpg,Bingsu/Human_Action_Recognition,laughing,1,0,0,0,0,0,0,0,0,0,0,0,0,0,0,0,1,0,0,0
data/external/actions/human_action_recognition/train/009822_eating.jpg,Bingsu/Human_Action_Recognition,eating,0,0,0,0,0,0,0,0,0,0,0,0,0,1,0,0,0,0,0,0
data/external/actions/human_action_recognition/train/009823_fighting.jpg,Bingsu/Human_Action_Recognition,fighting,0,0,0,0,0,0,0,0,0,0,0,0,0,0,0,0,0,1,1,0
data/external/actions/human_action_recognition/train/009824_cycling.jpg,Bingsu/Human_Action_Recognition,cycling,0,0,0,0,0,0,0,0,1,0,0,0,0,0,0,0,0,1,0,0
data/external/actions/human_action_recognition/train/009825_sleeping.jpg,Bingsu/Human_Action_Recognition,sleeping,0,0,1,0,0,0,0,0,0,0,0,0,0,0,0,0,1,0,0,0
data/external/actions/human_action_recognition/train/009826_fighting.jpg,Bingsu/Human_Action_Recognition,fighting,0,0,0,0,0,0,0,0,0,0,0,0,0,0,0,0,0,1,1,0
data/external/actions/human_action_recognition/train/009827_fighting.jpg,Bingsu/Human_Action_Recognition,fighting,0,0,0,0,0,0,0,0,0,0,0,0,0,0,0,0,0,1,1,0
data/external/actions/human_action_recognition/train/009828_eating.jpg,Bingsu/Human_Action_Recognition,eating,0,0,0,0,0,0,0,0,0,0,0,0,0,1,0,0,0,0,0,0
data/external/actions/human_action_recognition/train/009829_listening_to_music.jpg,Bingsu/Human_Action_Recognition,listening_to_music,0,1,0,0,0,0,0,0,0,0,0,0,0,0,0,0,1,0,0,0
data/external/actions/human_action_recognition/train/009830_dancing.jpg,Bingsu/Human_Action_Recognition,dancing,0,0,0,0,0,0,0,0,0,0,1,0,0,0,0,0,0,1,0,0
data/external/actions/human_action_recognition/train/009831_clapping.jpg,Bingsu/Human_Action_Recognition,clapping,0,0,0,0,1,0,0,0,0,0,0,0,0,0,0,0,0,1,0,0
data/external/actions/human_action_recognition/train/009832_fighting.jpg,Bingsu/Human_Action_Recognition,fighting,0,0,0,0,0,0,0,0,0,0,0,0,0,0,0,0,0,1,1,0
data/external/actions/human_action_recognition/train/009833_laughing.jpg,Bingsu/Human_Action_Recognition,laughing,1,0,0,0,0,0,0,0,0,0,0,0,0,0,0,0,1,0,0,0
data/external/actions/human_action_recognition/train/009834_dancing.jpg,Bingsu/Human_Action_Recognition,dancing,0,0,0,0,0,0,0,0,0,0,1,0,0,0,0,0,0,1,0,0
data/external/actions/human_action_recognition/train/009835_texting.jpg,Bingsu/Human_Action_Recognition,texting,0,1,0,0,0,0,0,0,0,0,0,0,0,0,0,0,1,0,0,0
data/external/actions/human_action_recognition/train/009836_fighting.jpg,Bingsu/Human_Action_Recognition,fighting,0,0,0,0,0,0,0,0,0,0,0,0,0,0,0,0,0,1,1,0
data/external/actions/human_action_recognition/train/009837_fighting.jpg,Bingsu/Human_Action_Recognition,fighting,0,0,0,0,0,0,0,0,0,0,0,0,0,0,0,0,0,1,1,0
data/external/actions/human_action_recognition/train/009838_calling.jpg,Bingsu/Human_Action_Recognition,calling,1,0,0,0,0,0,0,0,0,0,0,0,0,0,0,0,1,0,0,0
data/external/actions/human_action_recognition/train/009839_running.jpg,Bingsu/Human_Action_Recognition,running,0,0,0,0,0,0,1,0,0,0,0,0,0,0,0,0,0,1,1,0
data/external/actions/human_action_recognition/train/009840_cycling.jpg,Bingsu/Human_Action_Recognition,cycling,0,0,0,0,0,0,0,0,1,0,0,0,0,0,0,0,0,1,0,0
data/external/actions/human_action_recognition/train/009841_hugging.jpg,Bingsu/Human_Action_Recognition,hugging,1,0,0,0,0,0,0,0,0,0,0,0,0,0,0,0,1,0,0,0
data/external/actions/human_action_recognition/train/009842_drinking.jpg,Bingsu/Human_Action_Recognition,drinking,0,0,0,0,0,0,0,0,0,0,0,0,0,0,1,0,0,0,0,0
data/external/actions/human_action_recognition/train/009843_clapping.jpg,Bingsu/Human_Action_Recognition,clapping,0,0,0,0,1,0,0,0,0,0,0,0,0,0,0,0,0,1,0,0
data/external/actions/human_action_recognition/train/009844_listening_to_music.jpg,Bingsu/Human_Action_Recognition,listening_to_music,0,1,0,0,0,0,0,0,0,0,0,0,0,0,0,0,1,0,0,0
data/external/actions/human_action_recognition/train/009845_dancing.jpg,Bingsu/Human_Action_Recognition,dancing,0,0,0,0,0,0,0,0,0,0,1,0,0,0,0,0,0,1,0,0
data/external/actions/human_action_recognition/train/009846_clapping.jpg,Bingsu/Human_Action_Recognition,clapping,0,0,0,0,1,0,0,0,0,0,0,0,0,0,0,0,0,1,0,0
data/external/actions/human_action_recognition/train/009847_listening_to_music.jpg,Bingsu/Human_Action_Recognition,listening_to_music,0,1,0,0,0,0,0,0,0,0,0,0,0,0,0,0,1,0,0,0
data/external/actions/human_action_recognition/train/009848_running.jpg,Bingsu/Human_Action_Recognition,running,0,0,0,0,0,0,1,0,0,0,0,0,0,0,0,0,0,1,1,0
data/external/actions/human_action_recognition/train/009849_sleeping.jpg,Bingsu/Human_Action_Recognition,sleeping,0,0,1,0,0,0,0,0,0,0,0,0,0,0,0,0,1,0,0,0
data/external/actions/human_action_recognition/train/009850_laughing.jpg,Bingsu/Human_Action_Recognition,laughing,1,0,0,0,0,0,0,0,0,0,0,0,0,0,0,0,1,0,0,0
data/external/actions/human_action_recognition/train/009851_dancing.jpg,Bingsu/Human_Action_Recognition,dancing,0,0,0,0,0,0,0,0,0,0,1,0,0,0,0,0,0,1,0,0
data/external/actions/human_action_recognition/train/009852_fighting.jpg,Bingsu/Human_Action_Recognition,fighting,0,0,0,0,0,0,0,0,0,0,0,0,0,0,0,0,0,1,1,0
data/external/actions/human_action_recognition/train/009853_hugging.jpg,Bingsu/Human_Action_Recognition,hugging,1,0,0,0,0,0,0,0,0,0,0,0,0,0,0,0,1,0,0,0
data/external/actions/human_action_recognition/train/009854_listening_to_music.jpg,Bingsu/Human_Action_Recognition,listening_to_music,0,1,0,0,0,0,0,0,0,0,0,0,0,0,0,0,1,0,0,0
data/external/actions/human_action_recognition/train/009855_texting.jpg,Bingsu/Human_Action_Recognition,texting,0,1,0,0,0,0,0,0,0,0,0,0,0,0,0,0,1,0,0,0
data/external/actions/human_action_recognition/train/009856_sleeping.jpg,Bingsu/Human_Action_Recognition,sleeping,0,0,1,0,0,0,0,0,0,0,0,0,0,0,0,0,1,0,0,0
data/external/actions/human_action_recognition/train/009857_cycling.jpg,Bingsu/Human_Action_Recognition,cycling,0,0,0,0,0,0,0,0,1,0,0,0,0,0,0,0,0,1,0,0
data/external/actions/human_action_recognition/train/009858_hugging.jpg,Bingsu/Human_Action_Recognition,hugging,1,0,0,0,0,0,0,0,0,0,0,0,0,0,0,0,1,0,0,0
data/external/actions/human_action_recognition/train/009859_running.jpg,Bingsu/Human_Action_Recognition,running,0,0,0,0,0,0,1,0,0,0,0,0,0,0,0,0,0,1,1,0
data/external/actions/human_action_recognition/train/009860_sitting.jpg,Bingsu/Human_Action_Recognition,sitting,0,1,0,0,0,0,0,0,0,0,0,0,0,0,0,0,1,0,0,0
data/external/actions/human_action_recognition/train/009861_hugging.jpg,Bingsu/Human_Action_Recognition,hugging,1,0,0,0,0,0,0,0,0,0,0,0,0,0,0,0,1,0,0,0
data/external/actions/human_action_recognition/train/009862_cycling.jpg,Bingsu/Human_Action_Recognition,cycling,0,0,0,0,0,0,0,0,1,0,0,0,0,0,0,0,0,1,0,0
data/external/actions/human_action_recognition/train/009863_clapping.jpg,Bingsu/Human_Action_Recognition,clapping,0,0,0,0,1,0,0,0,0,0,0,0,0,0,0,0,0,1,0,0
data/external/actions/human_action_recognition/train/009864_sleeping.jpg,Bingsu/Human_Action_Recognition,sleeping,0,0,1,0,0,0,0,0,0,0,0,0,0,0,0,0,1,0,0,0
data/external/actions/human_action_recognition/train/009865_calling.jpg,Bingsu/Human_Action_Recognition,calling,1,0,0,0,0,0,0,0,0,0,0,0,0,0,0,0,1,0,0,0
data/external/actions/human_action_recognition/train/009866_using_laptop.jpg,Bingsu/Human_Action_Recognition,using_laptop,0,1,0,0,0,0,0,0,0,0,0,0,1,0,0,0,1,0,0,0
data/external/actions/human_action_recognition/train/009867_sleeping.jpg,Bingsu/Human_Action_Recognition,sleeping,0,0,1,0,0,0,0,0,0,0,0,0,0,0,0,0,1,0,0,0
data/external/actions/human_action_recognition/train/009868_drinking.jpg,Bingsu/Human_Action_Recognition,drinking,0,0,0,0,0,0,0,0,0,0,0,0,0,0,1,0,0,0,0,0
data/external/actions/human_action_recognition/train/009869_dancing.jpg,Bingsu/Human_Action_Recognition,dancing,0,0,0,0,0,0,0,0,0,0,1,0,0,0,0,0,0,1,0,0
data/external/actions/human_action_recognition/train/009870_dancing.jpg,Bingsu/Human_Action_Recognition,dancing,0,0,0,0,0,0,0,0,0,0,1,0,0,0,0,0,0,1,0,0
data/external/actions/human_action_recognition/train/009871_listening_to_music.jpg,Bingsu/Human_Action_Recognition,listening_to_music,0,1,0,0,0,0,0,0,0,0,0,0,0,0,0,0,1,0,0,0
data/external/actions/human_action_recognition/train/009872_using_laptop.jpg,Bingsu/Human_Action_Recognition,using_laptop,0,1,0,0,0,0,0,0,0,0,0,0,1,0,0,0,1,0,0,0
data/external/actions/human_action_recognition/train/009873_clapping.jpg,Bingsu/Human_Action_Recognition,clapping,0,0,0,0,1,0,0,0,0,0,0,0,0,0,0,0,0,1,0,0
data/external/actions/human_action_recognition/train/009874_sleeping.jpg,Bingsu/Human_Action_Recognition,sleeping,0,0,1,0,0,0,0,0,0,0,0,0,0,0,0,0,1,0,0,0
data/external/actions/human_action_recognition/train/009875_cycling.jpg,Bingsu/Human_Action_Recognition,cycling,0,0,0,0,0,0,0,0,1,0,0,0,0,0,0,0,0,1,0,0
data/external/actions/human_action_recognition/train/009876_texting.jpg,Bingsu/Human_Action_Recognition,texting,0,1,0,0,0,0,0,0,0,0,0,0,0,0,0,0,1,0,0,0
data/external/actions/human_action_recognition/train/009877_sleeping.jpg,Bingsu/Human_Action_Recognition,sleeping,0,0,1,0,0,0,0,0,0,0,0,0,0,0,0,0,1,0,0,0
data/external/actions/human_action_recognition/train/009878_drinking.jpg,Bingsu/Human_Action_Recognition,drinking,0,0,0,0,0,0,0,0,0,0,0,0,0,0,1,0,0,0,0,0
data/external/actions/human_action_recognition/train/009879_fighting.jpg,Bingsu/Human_Action_Recognition,fighting,0,0,0,0,0,0,0,0,0,0,0,0,0,0,0,0,0,1,1,0
data/external/actions/human_action_recognition/train/009880_texting.jpg,Bingsu/Human_Action_Recognition,texting,0,1,0,0,0,0,0,0,0,0,0,0,0,0,0,0,1,0,0,0
data/external/actions/human_action_recognition/train/009881_fighting.jpg,Bingsu/Human_Action_Recognition,fighting,0,0,0,0,0,0,0,0,0,0,0,0,0,0,0,0,0,1,1,0
data/external/actions/human_action_recognition/train/009882_listening_to_music.jpg,Bingsu/Human_Action_Recognition,listening_to_music,0,1,0,0,0,0,0,0,0,0,0,0,0,0,0,0,1,0,0,0
data/external/actions/human_action_recognition/train/009883_eating.jpg,Bingsu/Human_Action_Recognition,eating,0,0,0,0,0,0,0,0,0,0,0,0,0,1,0,0,0,0,0,0
data/external/actions/human_action_recognition/train/009884_fighting.jpg,Bingsu/Human_Action_Recognition,fighting,0,0,0,0,0,0,0,0,0,0,0,0,0,0,0,0,0,1,1,0
data/external/actions/human_action_recognition/train/009885_clapping.jpg,Bingsu/Human_Action_Recognition,clapping,0,0,0,0,1,0,0,0,0,0,0,0,0,0,0,0,0,1,0,0
data/external/actions/human_action_recognition/train/009886_fighting.jpg,Bingsu/Human_Action_Recognition,fighting,0,0,0,0,0,0,0,0,0,0,0,0,0,0,0,0,0,1,1,0
data/external/actions/human_action_recognition/train/009887_using_laptop.jpg,Bingsu/Human_Action_Recognition,using_laptop,0,1,0,0,0,0,0,0,0,0,0,0,1,0,0,0,1,0,0,0
data/external/actions/human_action_recognition/train/009888_sitting.jpg,Bingsu/Human_Action_Recognition,sitting,0,1,0,0,0,0,0,0,0,0,0,0,0,0,0,0,1,0,0,0
data/external/actions/human_action_recognition/train/009889_eating.jpg,Bingsu/Human_Action_Recognition,eating,0,0,0,0,0,0,0,0,0,0,0,0,0,1,0,0,0,0,0,0
data/external/actions/human_action_recognition/train/009890_drinking.jpg,Bingsu/Human_Action_Recognition,drinking,0,0,0,0,0,0,0,0,0,0,0,0,0,0,1,0,0,0,0,0
data/external/actions/human_action_recognition/train/009891_eating.jpg,Bingsu/Human_Action_Recognition,eating,0,0,0,0,0,0,0,0,0,0,0,0,0,1,0,0,0,0,0,0
data/external/actions/human_action_recognition/train/009892_listening_to_music.jpg,Bingsu/Human_Action_Recognition,listening_to_music,0,1,0,0,0,0,0,0,0,0,0,0,0,0,0,0,1,0,0,0
data/external/actions/human_action_recognition/train/009893_eating.jpg,Bingsu/Human_Action_Recognition,eating,0,0,0,0,0,0,0,0,0,0,0,0,0,1,0,0,0,0,0,0
data/external/actions/human_action_recognition/train/009894_texting.jpg,Bingsu/Human_Action_Recognition,texting,0,1,0,0,0,0,0,0,0,0,0,0,0,0,0,0,1,0,0,0
data/external/actions/human_action_recognition/train/009895_cycling.jpg,Bingsu/Human_Action_Recognition,cycling,0,0,0,0,0,0,0,0,1,0,0,0,0,0,0,0,0,1,0,0
data/external/actions/human_action_recognition/train/009896_sleeping.jpg,Bingsu/Human_Action_Recognition,sleeping,0,0,1,0,0,0,0,0,0,0,0,0,0,0,0,0,1,0,0,0
data/external/actions/human_action_recognition/train/009897_fighting.jpg,Bingsu/Human_Action_Recognition,fighting,0,0,0,0,0,0,0,0,0,0,0,0,0,0,0,0,0,1,1,0
data/external/actions/human_action_recognition/train/009898_cycling.jpg,Bingsu/Human_Action_Recognition,cycling,0,0,0,0,0,0,0,0,1,0,0,0,0,0,0,0,0,1,0,0
data/external/actions/human_action_recognition/train/009899_drinking.jpg,Bingsu/Human_Action_Recognition,drinking,0,0,0,0,0,0,0,0,0,0,0,0,0,0,1,0,0,0,0,0
data/external/actions/human_action_recognition/train/009900_clapping.jpg,Bingsu/Human_Action_Recognition,clapping,0,0,0,0,1,0,0,0,0,0,0,0,0,0,0,0,0,1,0,0
data/external/actions/human_action_recognition/train/009901_clapping.jpg,Bingsu/Human_Action_Recognition,clapping,0,0,0,0,1,0,0,0,0,0,0,0,0,0,0,0,0,1,0,0
data/external/actions/human_action_recognition/train/009902_sitting.jpg,Bingsu/Human_Action_Recognition,sitting,0,1,0,0,0,0,0,0,0,0,0,0,0,0,0,0,1,0,0,0
data/external/actions/human_action_recognition/train/009903_sleeping.jpg,Bingsu/Human_Action_Recognition,sleeping,0,0,1,0,0,0,0,0,0,0,0,0,0,0,0,0,1,0,0,0
data/external/actions/human_action_recognition/train/009904_listening_to_music.jpg,Bingsu/Human_Action_Recognition,listening_to_music,0,1,0,0,0,0,0,0,0,0,0,0,0,0,0,0,1,0,0,0
data/external/actions/human_action_recognition/train/009905_using_laptop.jpg,Bingsu/Human_Action_Recognition,using_laptop,0,1,0,0,0,0,0,0,0,0,0,0,1,0,0,0,1,0,0,0
data/external/actions/human_action_recognition/train/009906_laughing.jpg,Bingsu/Human_Action_Recognition,laughing,1,0,0,0,0,0,0,0,0,0,0,0,0,0,0,0,1,0,0,0
data/external/actions/human_action_recognition/train/009907_hugging.jpg,Bingsu/Human_Action_Recognition,hugging,1,0,0,0,0,0,0,0,0,0,0,0,0,0,0,0,1,0,0,0
data/external/actions/human_action_recognition/train/009908_texting.jpg,Bingsu/Human_Action_Recognition,texting,0,1,0,0,0,0,0,0,0,0,0,0,0,0,0,0,1,0,0,0
data/external/actions/human_action_recognition/train/009909_calling.jpg,Bingsu/Human_Action_Recognition,calling,1,0,0,0,0,0,0,0,0,0,0,0,0,0,0,0,1,0,0,0
data/external/actions/human_action_recognition/train/009910_calling.jpg,Bingsu/Human_Action_Recognition,calling,1,0,0,0,0,0,0,0,0,0,0,0,0,0,0,0,1,0,0,0
data/external/actions/human_action_recognition/train/009911_running.jpg,Bingsu/Human_Action_Recognition,running,0,0,0,0,0,0,1,0,0,0,0,0,0,0,0,0,0,1,1,0
data/external/actions/human_action_recognition/train/009912_calling.jpg,Bingsu/Human_Action_Recognition,calling,1,0,0,0,0,0,0,0,0,0,0,0,0,0,0,0,1,0,0,0
data/external/actions/human_action_recognition/train/009913_sitting.jpg,Bingsu/Human_Action_Recognition,sitting,0,1,0,0,0,0,0,0,0,0,0,0,0,0,0,0,1,0,0,0
data/external/actions/human_action_recognition/train/009914_using_laptop.jpg,Bingsu/Human_Action_Recognition,using_laptop,0,1,0,0,0,0,0,0,0,0,0,0,1,0,0,0,1,0,0,0
data/external/actions/human_action_recognition/train/009915_texting.jpg,Bingsu/Human_Action_Recognition,texting,0,1,0,0,0,0,0,0,0,0,0,0,0,0,0,0,1,0,0,0
data/external/actions/human_action_recognition/train/009916_hugging.jpg,Bingsu/Human_Action_Recognition,hugging,1,0,0,0,0,0,0,0,0,0,0,0,0,0,0,0,1,0,0,0
data/external/actions/human_action_recognition/train/009917_texting.jpg,Bingsu/Human_Action_Recognition,texting,0,1,0,0,0,0,0,0,0,0,0,0,0,0,0,0,1,0,0,0
data/external/actions/human_action_recognition/train/009918_cycling.jpg,Bingsu/Human_Action_Recognition,cycling,0,0,0,0,0,0,0,0,1,0,0,0,0,0,0,0,0,1,0,0
data/external/actions/human_action_recognition/train/009919_dancing.jpg,Bingsu/Human_Action_Recognition,dancing,0,0,0,0,0,0,0,0,0,0,1,0,0,0,0,0,0,1,0,0
data/external/actions/human_action_recognition/train/009920_fighting.jpg,Bingsu/Human_Action_Recognition,fighting,0,0,0,0,0,0,0,0,0,0,0,0,0,0,0,0,0,1,1,0
data/external/actions/human_action_recognition/train/009921_cycling.jpg,Bingsu/Human_Action_Recognition,cycling,0,0,0,0,0,0,0,0,1,0,0,0,0,0,0,0,0,1,0,0
data/external/actions/human_action_recognition/train/009922_calling.jpg,Bingsu/Human_Action_Recognition,calling,1,0,0,0,0,0,0,0,0,0,0,0,0,0,0,0,1,0,0,0
data/external/actions/human_action_recognition/train/009923_drinking.jpg,Bingsu/Human_Action_Recognition,drinking,0,0,0,0,0,0,0,0,0,0,0,0,0,0,1,0,0,0,0,0
data/external/actions/human_action_recognition/train/009924_running.jpg,Bingsu/Human_Action_Recognition,running,0,0,0,0,0,0,1,0,0,0,0,0,0,0,0,0,0,1,1,0
data/external/actions/human_action_recognition/train/009925_cycling.jpg,Bingsu/Human_Action_Recognition,cycling,0,0,0,0,0,0,0,0,1,0,0,0,0,0,0,0,0,1,0,0
data/external/actions/human_action_recognition/train/009926_listening_to_music.jpg,Bingsu/Human_Action_Recognition,listening_to_music,0,1,0,0,0,0,0,0,0,0,0,0,0,0,0,0,1,0,0,0
data/external/actions/human_action_recognition/train/009927_running.jpg,Bingsu/Human_Action_Recognition,running,0,0,0,0,0,0,1,0,0,0,0,0,0,0,0,0,0,1,1,0
data/external/actions/human_action_recognition/train/009928_laughing.jpg,Bingsu/Human_Action_Recognition,laughing,1,0,0,0,0,0,0,0,0,0,0,0,0,0,0,0,1,0,0,0
data/external/actions/human_action_recognition/train/009929_sitting.jpg,Bingsu/Human_Action_Recognition,sitting,0,1,0,0,0,0,0,0,0,0,0,0,0,0,0,0,1,0,0,0
data/external/actions/human_action_recognition/train/009930_eating.jpg,Bingsu/Human_Action_Recognition,eating,0,0,0,0,0,0,0,0,0,0,0,0,0,1,0,0,0,0,0,0
data/external/actions/human_action_recognition/train/009931_listening_to_music.jpg,Bingsu/Human_Action_Recognition,listening_to_music,0,1,0,0,0,0,0,0,0,0,0,0,0,0,0,0,1,0,0,0
data/external/actions/human_action_recognition/train/009932_eating.jpg,Bingsu/Human_Action_Recognition,eating,0,0,0,0,0,0,0,0,0,0,0,0,0,1,0,0,0,0,0,0
data/external/actions/human_action_recognition/train/009933_dancing.jpg,Bingsu/Human_Action_Recognition,dancing,0,0,0,0,0,0,0,0,0,0,1,0,0,0,0,0,0,1,0,0
data/external/actions/human_action_recognition/train/009934_hugging.jpg,Bingsu/Human_Action_Recognition,hugging,1,0,0,0,0,0,0,0,0,0,0,0,0,0,0,0,1,0,0,0
data/external/actions/human_action_recognition/train/009935_calling.jpg,Bingsu/Human_Action_Recognition,calling,1,0,0,0,0,0,0,0,0,0,0,0,0,0,0,0,1,0,0,0
data/external/actions/human_action_recognition/train/009936_cycling.jpg,Bingsu/Human_Action_Recognition,cycling,0,0,0,0,0,0,0,0,1,0,0,0,0,0,0,0,0,1,0,0
data/external/actions/human_action_recognition/train/009937_cycling.jpg,Bingsu/Human_Action_Recognition,cycling,0,0,0,0,0,0,0,0,1,0,0,0,0,0,0,0,0,1,0,0
data/external/actions/human_action_recognition/train/009938_sleeping.jpg,Bingsu/Human_Action_Recognition,sleeping,0,0,1,0,0,0,0,0,0,0,0,0,0,0,0,0,1,0,0,0
data/external/actions/human_action_recognition/train/009939_eating.jpg,Bingsu/Human_Action_Recognition,eating,0,0,0,0,0,0,0,0,0,0,0,0,0,1,0,0,0,0,0,0
data/external/actions/human_action_recognition/train/009940_fighting.jpg,Bingsu/Human_Action_Recognition,fighting,0,0,0,0,0,0,0,0,0,0,0,0,0,0,0,0,0,1,1,0
data/external/actions/human_action_recognition/train/009941_fighting.jpg,Bingsu/Human_Action_Recognition,fighting,0,0,0,0,0,0,0,0,0,0,0,0,0,0,0,0,0,1,1,0
data/external/actions/human_action_recognition/train/009942_hugging.jpg,Bingsu/Human_Action_Recognition,hugging,1,0,0,0,0,0,0,0,0,0,0,0,0,0,0,0,1,0,0,0
data/external/actions/human_action_recognition/train/009943_sitting.jpg,Bingsu/Human_Action_Recognition,sitting,0,1,0,0,0,0,0,0,0,0,0,0,0,0,0,0,1,0,0,0
data/external/actions/human_action_recognition/train/009944_running.jpg,Bingsu/Human_Action_Recognition,running,0,0,0,0,0,0,1,0,0,0,0,0,0,0,0,0,0,1,1,0
data/external/actions/human_action_recognition/train/009945_dancing.jpg,Bingsu/Human_Action_Recognition,dancing,0,0,0,0,0,0,0,0,0,0,1,0,0,0,0,0,0,1,0,0
data/external/actions/human_action_recognition/train/009946_sleeping.jpg,Bingsu/Human_Action_Recognition,sleeping,0,0,1,0,0,0,0,0,0,0,0,0,0,0,0,0,1,0,0,0
data/external/actions/human_action_recognition/train/009947_texting.jpg,Bingsu/Human_Action_Recognition,texting,0,1,0,0,0,0,0,0,0,0,0,0,0,0,0,0,1,0,0,0
data/external/actions/human_action_recognition/train/009948_cycling.jpg,Bingsu/Human_Action_Recognition,cycling,0,0,0,0,0,0,0,0,1,0,0,0,0,0,0,0,0,1,0,0
data/external/actions/human_action_recognition/train/009949_clapping.jpg,Bingsu/Human_Action_Recognition,clapping,0,0,0,0,1,0,0,0,0,0,0,0,0,0,0,0,0,1,0,0
data/external/actions/human_action_recognition/train/009950_running.jpg,Bingsu/Human_Action_Recognition,running,0,0,0,0,0,0,1,0,0,0,0,0,0,0,0,0,0,1,1,0
data/external/actions/human_action_recognition/train/009951_calling.jpg,Bingsu/Human_Action_Recognition,calling,1,0,0,0,0,0,0,0,0,0,0,0,0,0,0,0,1,0,0,0
data/external/actions/human_action_recognition/train/009952_laughing.jpg,Bingsu/Human_Action_Recognition,laughing,1,0,0,0,0,0,0,0,0,0,0,0,0,0,0,0,1,0,0,0
data/external/actions/human_action_recognition/train/009953_hugging.jpg,Bingsu/Human_Action_Recognition,hugging,1,0,0,0,0,0,0,0,0,0,0,0,0,0,0,0,1,0,0,0
data/external/actions/human_action_recognition/train/009954_drinking.jpg,Bingsu/Human_Action_Recognition,drinking,0,0,0,0,0,0,0,0,0,0,0,0,0,0,1,0,0,0,0,0
data/external/actions/human_action_recognition/train/009955_sleeping.jpg,Bingsu/Human_Action_Recognition,sleeping,0,0,1,0,0,0,0,0,0,0,0,0,0,0,0,0,1,0,0,0
data/external/actions/human_action_recognition/train/009956_laughing.jpg,Bingsu/Human_Action_Recognition,laughing,1,0,0,0,0,0,0,0,0,0,0,0,0,0,0,0,1,0,0,0
data/external/actions/human_action_recognition/train/009957_laughing.jpg,Bingsu/Human_Action_Recognition,laughing,1,0,0,0,0,0,0,0,0,0,0,0,0,0,0,0,1,0,0,0
data/external/actions/human_action_recognition/train/009958_fighting.jpg,Bingsu/Human_Action_Recognition,fighting,0,0,0,0,0,0,0,0,0,0,0,0,0,0,0,0,0,1,1,0
data/external/actions/human_action_recognition/train/009959_cycling.jpg,Bingsu/Human_Action_Recognition,cycling,0,0,0,0,0,0,0,0,1,0,0,0,0,0,0,0,0,1,0,0
data/external/actions/human_action_recognition/train/009960_using_laptop.jpg,Bingsu/Human_Action_Recognition,using_laptop,0,1,0,0,0,0,0,0,0,0,0,0,1,0,0,0,1,0,0,0
data/external/actions/human_action_recognition/train/009961_drinking.jpg,Bingsu/Human_Action_Recognition,drinking,0,0,0,0,0,0,0,0,0,0,0,0,0,0,1,0,0,0,0,0
data/external/actions/human_action_recognition/train/009962_texting.jpg,Bingsu/Human_Action_Recognition,texting,0,1,0,0,0,0,0,0,0,0,0,0,0,0,0,0,1,0,0,0
data/external/actions/human_action_recognition/train/009963_fighting.jpg,Bingsu/Human_Action_Recognition,fighting,0,0,0,0,0,0,0,0,0,0,0,0,0,0,0,0,0,1,1,0
data/external/actions/human_action_recognition/train/009964_sleeping.jpg,Bingsu/Human_Action_Recognition,sleeping,0,0,1,0,0,0,0,0,0,0,0,0,0,0,0,0,1,0,0,0
data/external/actions/human_action_recognition/train/009965_texting.jpg,Bingsu/Human_Action_Recognition,texting,0,1,0,0,0,0,0,0,0,0,0,0,0,0,0,0,1,0,0,0
data/external/actions/human_action_recognition/train/009966_running.jpg,Bingsu/Human_Action_Recognition,running,0,0,0,0,0,0,1,0,0,0,0,0,0,0,0,0,0,1,1,0
data/external/actions/human_action_recognition/train/009967_sitting.jpg,Bingsu/Human_Action_Recognition,sitting,0,1,0,0,0,0,0,0,0,0,0,0,0,0,0,0,1,0,0,0
data/external/actions/human_action_recognition/train/009968_laughing.jpg,Bingsu/Human_Action_Recognition,laughing,1,0,0,0,0,0,0,0,0,0,0,0,0,0,0,0,1,0,0,0
data/external/actions/human_action_recognition/train/009969_sitting.jpg,Bingsu/Human_Action_Recognition,sitting,0,1,0,0,0,0,0,0,0,0,0,0,0,0,0,0,1,0,0,0
data/external/actions/human_action_recognition/train/009970_listening_to_music.jpg,Bingsu/Human_Action_Recognition,listening_to_music,0,1,0,0,0,0,0,0,0,0,0,0,0,0,0,0,1,0,0,0
data/external/actions/human_action_recognition/train/009971_hugging.jpg,Bingsu/Human_Action_Recognition,hugging,1,0,0,0,0,0,0,0,0,0,0,0,0,0,0,0,1,0,0,0
data/external/actions/human_action_recognition/train/009972_fighting.jpg,Bingsu/Human_Action_Recognition,fighting,0,0,0,0,0,0,0,0,0,0,0,0,0,0,0,0,0,1,1,0
data/external/actions/human_action_recognition/train/009973_sleeping.jpg,Bingsu/Human_Action_Recognition,sleeping,0,0,1,0,0,0,0,0,0,0,0,0,0,0,0,0,1,0,0,0
data/external/actions/human_action_recognition/train/009974_sleeping.jpg,Bingsu/Human_Action_Recognition,sleeping,0,0,1,0,0,0,0,0,0,0,0,0,0,0,0,0,1,0,0,0
data/external/actions/human_action_recognition/train/009975_dancing.jpg,Bingsu/Human_Action_Recognition,dancing,0,0,0,0,0,0,0,0,0,0,1,0,0,0,0,0,0,1,0,0
data/external/actions/human_action_recognition/train/009976_calling.jpg,Bingsu/Human_Action_Recognition,calling,1,0,0,0,0,0,0,0,0,0,0,0,0,0,0,0,1,0,0,0
data/external/actions/human_action_recognition/train/009977_texting.jpg,Bingsu/Human_Action_Recognition,texting,0,1,0,0,0,0,0,0,0,0,0,0,0,0,0,0,1,0,0,0
data/external/actions/human_action_recognition/train/009978_eating.jpg,Bingsu/Human_Action_Recognition,eating,0,0,0,0,0,0,0,0,0,0,0,0,0,1,0,0,0,0,0,0
data/external/actions/human_action_recognition/train/009979_hugging.jpg,Bingsu/Human_Action_Recognition,hugging,1,0,0,0,0,0,0,0,0,0,0,0,0,0,0,0,1,0,0,0
data/external/actions/human_action_recognition/train/009980_drinking.jpg,Bingsu/Human_Action_Recognition,drinking,0,0,0,0,0,0,0,0,0,0,0,0,0,0,1,0,0,0,0,0
data/external/actions/human_action_recognition/train/009981_listening_to_music.jpg,Bingsu/Human_Action_Recognition,listening_to_music,0,1,0,0,0,0,0,0,0,0,0,0,0,0,0,0,1,0,0,0
data/external/actions/human_action_recognition/train/009982_listening_to_music.jpg,Bingsu/Human_Action_Recognition,listening_to_music,0,1,0,0,0,0,0,0,0,0,0,0,0,0,0,0,1,0,0,0
data/external/actions/human_action_recognition/train/009983_sleeping.jpg,Bingsu/Human_Action_Recognition,sleeping,0,0,1,0,0,0,0,0,0,0,0,0,0,0,0,0,1,0,0,0
data/external/actions/human_action_recognition/train/009984_dancing.jpg,Bingsu/Human_Action_Recognition,dancing,0,0,0,0,0,0,0,0,0,0,1,0,0,0,0,0,0,1,0,0
data/external/actions/human_action_recognition/train/009985_dancing.jpg,Bingsu/Human_Action_Recognition,dancing,0,0,0,0,0,0,0,0,0,0,1,0,0,0,0,0,0,1,0,0
data/external/actions/human_action_recognition/train/009986_calling.jpg,Bingsu/Human_Action_Recognition,calling,1,0,0,0,0,0,0,0,0,0,0,0,0,0,0,0,1,0,0,0
data/external/actions/human_action_recognition/train/009987_using_laptop.jpg,Bingsu/Human_Action_Recognition,using_laptop,0,1,0,0,0,0,0,0,0,0,0,0,1,0,0,0,1,0,0,0
data/external/actions/human_action_recognition/train/009988_fighting.jpg,Bingsu/Human_Action_Recognition,fighting,0,0,0,0,0,0,0,0,0,0,0,0,0,0,0,0,0,1,1,0
data/external/actions/human_action_recognition/train/009989_calling.jpg,Bingsu/Human_Action_Recognition,calling,1,0,0,0,0,0,0,0,0,0,0,0,0,0,0,0,1,0,0,0
data/external/actions/human_action_recognition/train/009990_sleeping.jpg,Bingsu/Human_Action_Recognition,sleeping,0,0,1,0,0,0,0,0,0,0,0,0,0,0,0,0,1,0,0,0
data/external/actions/human_action_recognition/train/009991_running.jpg,Bingsu/Human_Action_Recognition,running,0,0,0,0,0,0,1,0,0,0,0,0,0,0,0,0,0,1,1,0
data/external/actions/human_action_recognition/train/009992_sitting.jpg,Bingsu/Human_Action_Recognition,sitting,0,1,0,0,0,0,0,0,0,0,0,0,0,0,0,0,1,0,0,0
data/external/actions/human_action_recognition/train/009993_texting.jpg,Bingsu/Human_Action_Recognition,texting,0,1,0,0,0,0,0,0,0,0,0,0,0,0,0,0,1,0,0,0
data/external/actions/human_action_recognition/train/009994_texting.jpg,Bingsu/Human_Action_Recognition,texting,0,1,0,0,0,0,0,0,0,0,0,0,0,0,0,0,1,0,0,0
data/external/actions/human_action_recognition/train/009995_calling.jpg,Bingsu/Human_Action_Recognition,calling,1,0,0,0,0,0,0,0,0,0,0,0,0,0,0,0,1,0,0,0
data/external/actions/human_action_recognition/train/009996_drinking.jpg,Bingsu/Human_Action_Recognition,drinking,0,0,0,0,0,0,0,0,0,0,0,0,0,0,1,0,0,0,0,0
data/external/actions/human_action_recognition/train/009997_drinking.jpg,Bingsu/Human_Action_Recognition,drinking,0,0,0,0,0,0,0,0,0,0,0,0,0,0,1,0,0,0,0,0
data/external/actions/human_action_recognition/train/009998_hugging.jpg,Bingsu/Human_Action_Recognition,hugging,1,0,0,0,0,0,0,0,0,0,0,0,0,0,0,0,1,0,0,0
data/external/actions/human_action_recognition/train/009999_laughing.jpg,Bingsu/Human_Action_Recognition,laughing,1,0,0,0,0,0,0,0,0,0,0,0,0,0,0,0,1,0,0,0
data/external/actions/human_action_recognition/train/010000_laughing.jpg,Bingsu/Human_Action_Recognition,laughing,1,0,0,0,0,0,0,0,0,0,0,0,0,0,0,0,1,0,0,0
data/external/actions/human_action_recognition/train/010001_listening_to_music.jpg,Bingsu/Human_Action_Recognition,listening_to_music,0,1,0,0,0,0,0,0,0,0,0,0,0,0,0,0,1,0,0,0
data/external/actions/human_action_recognition/train/010002_texting.jpg,Bingsu/Human_Action_Recognition,texting,0,1,0,0,0,0,0,0,0,0,0,0,0,0,0,0,1,0,0,0
data/external/actions/human_action_recognition/train/010003_dancing.jpg,Bingsu/Human_Action_Recognition,dancing,0,0,0,0,0,0,0,0,0,0,1,0,0,0,0,0,0,1,0,0
data/external/actions/human_action_recognition/train/010004_sitting.jpg,Bingsu/Human_Action_Recognition,sitting,0,1,0,0,0,0,0,0,0,0,0,0,0,0,0,0,1,0,0,0
data/external/actions/human_action_recognition/train/010005_listening_to_music.jpg,Bingsu/Human_Action_Recognition,listening_to_music,0,1,0,0,0,0,0,0,0,0,0,0,0,0,0,0,1,0,0,0
data/external/actions/human_action_recognition/train/010006_eating.jpg,Bingsu/Human_Action_Recognition,eating,0,0,0,0,0,0,0,0,0,0,0,0,0,1,0,0,0,0,0,0
data/external/actions/human_action_recognition/train/010007_using_laptop.jpg,Bingsu/Human_Action_Recognition,using_laptop,0,1,0,0,0,0,0,0,0,0,0,0,1,0,0,0,1,0,0,0
data/external/actions/human_action_recognition/train/010008_listening_to_music.jpg,Bingsu/Human_Action_Recognition,listening_to_music,0,1,0,0,0,0,0,0,0,0,0,0,0,0,0,0,1,0,0,0
data/external/actions/human_action_recognition/train/010009_cycling.jpg,Bingsu/Human_Action_Recognition,cycling,0,0,0,0,0,0,0,0,1,0,0,0,0,0,0,0,0,1,0,0
data/external/actions/human_action_recognition/train/010010_fighting.jpg,Bingsu/Human_Action_Recognition,fighting,0,0,0,0,0,0,0,0,0,0,0,0,0,0,0,0,0,1,1,0
data/external/actions/human_action_recognition/train/010011_sitting.jpg,Bingsu/Human_Action_Recognition,sitting,0,1,0,0,0,0,0,0,0,0,0,0,0,0,0,0,1,0,0,0
data/external/actions/human_action_recognition/train/010012_drinking.jpg,Bingsu/Human_Action_Recognition,drinking,0,0,0,0,0,0,0,0,0,0,0,0,0,0,1,0,0,0,0,0
data/external/actions/human_action_recognition/train/010013_texting.jpg,Bingsu/Human_Action_Recognition,texting,0,1,0,0,0,0,0,0,0,0,0,0,0,0,0,0,1,0,0,0
data/external/actions/human_action_recognition/train/010014_sleeping.jpg,Bingsu/Human_Action_Recognition,sleeping,0,0,1,0,0,0,0,0,0,0,0,0,0,0,0,0,1,0,0,0
data/external/actions/human_action_recognition/train/010015_dancing.jpg,Bingsu/Human_Action_Recognition,dancing,0,0,0,0,0,0,0,0,0,0,1,0,0,0,0,0,0,1,0,0
data/external/actions/human_action_recognition/train/010016_running.jpg,Bingsu/Human_Action_Recognition,running,0,0,0,0,0,0,1,0,0,0,0,0,0,0,0,0,0,1,1,0
data/external/actions/human_action_recognition/train/010017_eating.jpg,Bingsu/Human_Action_Recognition,eating,0,0,0,0,0,0,0,0,0,0,0,0,0,1,0,0,0,0,0,0
data/external/actions/human_action_recognition/train/010018_calling.jpg,Bingsu/Human_Action_Recognition,calling,1,0,0,0,0,0,0,0,0,0,0,0,0,0,0,0,1,0,0,0
data/external/actions/human_action_recognition/train/010019_sitting.jpg,Bingsu/Human_Action_Recognition,sitting,0,1,0,0,0,0,0,0,0,0,0,0,0,0,0,0,1,0,0,0
data/external/actions/human_action_recognition/train/010020_cycling.jpg,Bingsu/Human_Action_Recognition,cycling,0,0,0,0,0,0,0,0,1,0,0,0,0,0,0,0,0,1,0,0
data/external/actions/human_action_recognition/train/010021_calling.jpg,Bingsu/Human_Action_Recognition,calling,1,0,0,0,0,0,0,0,0,0,0,0,0,0,0,0,1,0,0,0
data/external/actions/human_action_recognition/train/010022_calling.jpg,Bingsu/Human_Action_Recognition,calling,1,0,0,0,0,0,0,0,0,0,0,0,0,0,0,0,1,0,0,0
data/external/actions/human_action_recognition/train/010023_listening_to_music.jpg,Bingsu/Human_Action_Recognition,listening_to_music,0,1,0,0,0,0,0,0,0,0,0,0,0,0,0,0,1,0,0,0
data/external/actions/human_action_recognition/train/010024_cycling.jpg,Bingsu/Human_Action_Recognition,cycling,0,0,0,0,0,0,0,0,1,0,0,0,0,0,0,0,0,1,0,0
data/external/actions/human_action_recognition/train/010025_sitting.jpg,Bingsu/Human_Action_Recognition,sitting,0,1,0,0,0,0,0,0,0,0,0,0,0,0,0,0,1,0,0,0
data/external/actions/human_action_recognition/train/010026_calling.jpg,Bingsu/Human_Action_Recognition,calling,1,0,0,0,0,0,0,0,0,0,0,0,0,0,0,0,1,0,0,0
data/external/actions/human_action_recognition/train/010027_laughing.jpg,Bingsu/Human_Action_Recognition,laughing,1,0,0,0,0,0,0,0,0,0,0,0,0,0,0,0,1,0,0,0
data/external/actions/human_action_recognition/train/010028_clapping.jpg,Bingsu/Human_Action_Recognition,clapping,0,0,0,0,1,0,0,0,0,0,0,0,0,0,0,0,0,1,0,0
data/external/actions/human_action_recognition/train/010029_hugging.jpg,Bingsu/Human_Action_Recognition,hugging,1,0,0,0,0,0,0,0,0,0,0,0,0,0,0,0,1,0,0,0
data/external/actions/human_action_recognition/train/010030_eating.jpg,Bingsu/Human_Action_Recognition,eating,0,0,0,0,0,0,0,0,0,0,0,0,0,1,0,0,0,0,0,0
data/external/actions/human_action_recognition/train/010031_running.jpg,Bingsu/Human_Action_Recognition,running,0,0,0,0,0,0,1,0,0,0,0,0,0,0,0,0,0,1,1,0
data/external/actions/human_action_recognition/train/010032_listening_to_music.jpg,Bingsu/Human_Action_Recognition,listening_to_music,0,1,0,0,0,0,0,0,0,0,0,0,0,0,0,0,1,0,0,0
data/external/actions/human_action_recognition/train/010033_calling.jpg,Bingsu/Human_Action_Recognition,calling,1,0,0,0,0,0,0,0,0,0,0,0,0,0,0,0,1,0,0,0
data/external/actions/human_action_recognition/train/010034_fighting.jpg,Bingsu/Human_Action_Recognition,fighting,0,0,0,0,0,0,0,0,0,0,0,0,0,0,0,0,0,1,1,0
data/external/actions/human_action_recognition/train/010035_laughing.jpg,Bingsu/Human_Action_Recognition,laughing,1,0,0,0,0,0,0,0,0,0,0,0,0,0,0,0,1,0,0,0
data/external/actions/human_action_recognition/train/010036_laughing.jpg,Bingsu/Human_Action_Recognition,laughing,1,0,0,0,0,0,0,0,0,0,0,0,0,0,0,0,1,0,0,0
data/external/actions/human_action_recognition/train/010037_running.jpg,Bingsu/Human_Action_Recognition,running,0,0,0,0,0,0,1,0,0,0,0,0,0,0,0,0,0,1,1,0
data/external/actions/human_action_recognition/train/010038_clapping.jpg,Bingsu/Human_Action_Recognition,clapping,0,0,0,0,1,0,0,0,0,0,0,0,0,0,0,0,0,1,0,0
data/external/actions/human_action_recognition/train/010039_dancing.jpg,Bingsu/Human_Action_Recognition,dancing,0,0,0,0,0,0,0,0,0,0,1,0,0,0,0,0,0,1,0,0
data/external/actions/human_action_recognition/train/010040_cycling.jpg,Bingsu/Human_Action_Recognition,cycling,0,0,0,0,0,0,0,0,1,0,0,0,0,0,0,0,0,1,0,0
data/external/actions/human_action_recognition/train/010041_sleeping.jpg,Bingsu/Human_Action_Recognition,sleeping,0,0,1,0,0,0,0,0,0,0,0,0,0,0,0,0,1,0,0,0
data/external/actions/human_action_recognition/train/010042_texting.jpg,Bingsu/Human_Action_Recognition,texting,0,1,0,0,0,0,0,0,0,0,0,0,0,0,0,0,1,0,0,0
data/external/actions/human_action_recognition/train/010043_cycling.jpg,Bingsu/Human_Action_Recognition,cycling,0,0,0,0,0,0,0,0,1,0,0,0,0,0,0,0,0,1,0,0
data/external/actions/human_action_recognition/train/010044_hugging.jpg,Bingsu/Human_Action_Recognition,hugging,1,0,0,0,0,0,0,0,0,0,0,0,0,0,0,0,1,0,0,0
data/external/actions/human_action_recognition/train/010045_clapping.jpg,Bingsu/Human_Action_Recognition,clapping,0,0,0,0,1,0,0,0,0,0,0,0,0,0,0,0,0,1,0,0
data/external/actions/human_action_recognition/train/010046_clapping.jpg,Bingsu/Human_Action_Recognition,clapping,0,0,0,0,1,0,0,0,0,0,0,0,0,0,0,0,0,1,0,0
data/external/actions/human_action_recognition/train/010047_eating.jpg,Bingsu/Human_Action_Recognition,eating,0,0,0,0,0,0,0,0,0,0,0,0,0,1,0,0,0,0,0,0
data/external/actions/human_action_recognition/train/010048_using_laptop.jpg,Bingsu/Human_Action_Recognition,using_laptop,0,1,0,0,0,0,0,0,0,0,0,0,1,0,0,0,1,0,0,0
data/external/actions/human_action_recognition/train/010049_running.jpg,Bingsu/Human_Action_Recognition,running,0,0,0,0,0,0,1,0,0,0,0,0,0,0,0,0,0,1,1,0
data/external/actions/human_action_recognition/train/010050_calling.jpg,Bingsu/Human_Action_Recognition,calling,1,0,0,0,0,0,0,0,0,0,0,0,0,0,0,0,1,0,0,0
data/external/actions/human_action_recognition/train/010051_using_laptop.jpg,Bingsu/Human_Action_Recognition,using_laptop,0,1,0,0,0,0,0,0,0,0,0,0,1,0,0,0,1,0,0,0
data/external/actions/human_action_recognition/train/010052_sitting.jpg,Bingsu/Human_Action_Recognition,sitting,0,1,0,0,0,0,0,0,0,0,0,0,0,0,0,0,1,0,0,0
data/external/actions/human_action_recognition/train/010053_running.jpg,Bingsu/Human_Action_Recognition,running,0,0,0,0,0,0,1,0,0,0,0,0,0,0,0,0,0,1,1,0
data/external/actions/human_action_recognition/train/010054_listening_to_music.jpg,Bingsu/Human_Action_Recognition,listening_to_music,0,1,0,0,0,0,0,0,0,0,0,0,0,0,0,0,1,0,0,0
data/external/actions/human_action_recognition/train/010055_eating.jpg,Bingsu/Human_Action_Recognition,eating,0,0,0,0,0,0,0,0,0,0,0,0,0,1,0,0,0,0,0,0
data/external/actions/human_action_recognition/train/010056_drinking.jpg,Bingsu/Human_Action_Recognition,drinking,0,0,0,0,0,0,0,0,0,0,0,0,0,0,1,0,0,0,0,0
data/external/actions/human_action_recognition/train/010057_running.jpg,Bingsu/Human_Action_Recognition,running,0,0,0,0,0,0,1,0,0,0,0,0,0,0,0,0,0,1,1,0
data/external/actions/human_action_recognition/train/010058_calling.jpg,Bingsu/Human_Action_Recognition,calling,1,0,0,0,0,0,0,0,0,0,0,0,0,0,0,0,1,0,0,0
data/external/actions/human_action_recognition/train/010059_running.jpg,Bingsu/Human_Action_Recognition,running,0,0,0,0,0,0,1,0,0,0,0,0,0,0,0,0,0,1,1,0
data/external/actions/human_action_recognition/train/010060_drinking.jpg,Bingsu/Human_Action_Recognition,drinking,0,0,0,0,0,0,0,0,0,0,0,0,0,0,1,0,0,0,0,0
data/external/actions/human_action_recognition/train/010061_texting.jpg,Bingsu/Human_Action_Recognition,texting,0,1,0,0,0,0,0,0,0,0,0,0,0,0,0,0,1,0,0,0
data/external/actions/human_action_recognition/train/010062_hugging.jpg,Bingsu/Human_Action_Recognition,hugging,1,0,0,0,0,0,0,0,0,0,0,0,0,0,0,0,1,0,0,0
data/external/actions/human_action_recognition/train/010063_cycling.jpg,Bingsu/Human_Action_Recognition,cycling,0,0,0,0,0,0,0,0,1,0,0,0,0,0,0,0,0,1,0,0
data/external/actions/human_action_recognition/train/010064_eating.jpg,Bingsu/Human_Action_Recognition,eating,0,0,0,0,0,0,0,0,0,0,0,0,0,1,0,0,0,0,0,0
data/external/actions/human_action_recognition/train/010065_texting.jpg,Bingsu/Human_Action_Recognition,texting,0,1,0,0,0,0,0,0,0,0,0,0,0,0,0,0,1,0,0,0
data/external/actions/human_action_recognition/train/010066_clapping.jpg,Bingsu/Human_Action_Recognition,clapping,0,0,0,0,1,0,0,0,0,0,0,0,0,0,0,0,0,1,0,0
data/external/actions/human_action_recognition/train/010067_listening_to_music.jpg,Bingsu/Human_Action_Recognition,listening_to_music,0,1,0,0,0,0,0,0,0,0,0,0,0,0,0,0,1,0,0,0
data/external/actions/human_action_recognition/train/010068_dancing.jpg,Bingsu/Human_Action_Recognition,dancing,0,0,0,0,0,0,0,0,0,0,1,0,0,0,0,0,0,1,0,0
data/external/actions/human_action_recognition/train/010069_dancing.jpg,Bingsu/Human_Action_Recognition,dancing,0,0,0,0,0,0,0,0,0,0,1,0,0,0,0,0,0,1,0,0
data/external/actions/human_action_recognition/train/010070_texting.jpg,Bingsu/Human_Action_Recognition,texting,0,1,0,0,0,0,0,0,0,0,0,0,0,0,0,0,1,0,0,0
data/external/actions/human_action_recognition/train/010071_using_laptop.jpg,Bingsu/Human_Action_Recognition,using_laptop,0,1,0,0,0,0,0,0,0,0,0,0,1,0,0,0,1,0,0,0
data/external/actions/human_action_recognition/train/010072_texting.jpg,Bingsu/Human_Action_Recognition,texting,0,1,0,0,0,0,0,0,0,0,0,0,0,0,0,0,1,0,0,0
data/external/actions/human_action_recognition/train/010073_laughing.jpg,Bingsu/Human_Action_Recognition,laughing,1,0,0,0,0,0,0,0,0,0,0,0,0,0,0,0,1,0,0,0
data/external/actions/human_action_recognition/train/010074_texting.jpg,Bingsu/Human_Action_Recognition,texting,0,1,0,0,0,0,0,0,0,0,0,0,0,0,0,0,1,0,0,0
data/external/actions/human_action_recognition/train/010075_texting.jpg,Bingsu/Human_Action_Recognition,texting,0,1,0,0,0,0,0,0,0,0,0,0,0,0,0,0,1,0,0,0
data/external/actions/human_action_recognition/train/010076_using_laptop.jpg,Bingsu/Human_Action_Recognition,using_laptop,0,1,0,0,0,0,0,0,0,0,0,0,1,0,0,0,1,0,0,0
data/external/actions/human_action_recognition/train/010077_eating.jpg,Bingsu/Human_Action_Recognition,eating,0,0,0,0,0,0,0,0,0,0,0,0,0,1,0,0,0,0,0,0
data/external/actions/human_action_recognition/train/010078_hugging.jpg,Bingsu/Human_Action_Recognition,hugging,1,0,0,0,0,0,0,0,0,0,0,0,0,0,0,0,1,0,0,0
data/external/actions/human_action_recognition/train/010079_texting.jpg,Bingsu/Human_Action_Recognition,texting,0,1,0,0,0,0,0,0,0,0,0,0,0,0,0,0,1,0,0,0
data/external/actions/human_action_recognition/train/010080_using_laptop.jpg,Bingsu/Human_Action_Recognition,using_laptop,0,1,0,0,0,0,0,0,0,0,0,0,1,0,0,0,1,0,0,0
data/external/actions/human_action_recognition/train/010081_calling.jpg,Bingsu/Human_Action_Recognition,calling,1,0,0,0,0,0,0,0,0,0,0,0,0,0,0,0,1,0,0,0
data/external/actions/human_action_recognition/train/010082_dancing.jpg,Bingsu/Human_Action_Recognition,dancing,0,0,0,0,0,0,0,0,0,0,1,0,0,0,0,0,0,1,0,0
data/external/actions/human_action_recognition/train/010083_calling.jpg,Bingsu/Human_Action_Recognition,calling,1,0,0,0,0,0,0,0,0,0,0,0,0,0,0,0,1,0,0,0
data/external/actions/human_action_recognition/train/010084_hugging.jpg,Bingsu/Human_Action_Recognition,hugging,1,0,0,0,0,0,0,0,0,0,0,0,0,0,0,0,1,0,0,0
data/external/actions/human_action_recognition/train/010085_cycling.jpg,Bingsu/Human_Action_Recognition,cycling,0,0,0,0,0,0,0,0,1,0,0,0,0,0,0,0,0,1,0,0
data/external/actions/human_action_recognition/train/010086_hugging.jpg,Bingsu/Human_Action_Recognition,hugging,1,0,0,0,0,0,0,0,0,0,0,0,0,0,0,0,1,0,0,0
data/external/actions/human_action_recognition/train/010087_sitting.jpg,Bingsu/Human_Action_Recognition,sitting,0,1,0,0,0,0,0,0,0,0,0,0,0,0,0,0,1,0,0,0
data/external/actions/human_action_recognition/train/010088_clapping.jpg,Bingsu/Human_Action_Recognition,clapping,0,0,0,0,1,0,0,0,0,0,0,0,0,0,0,0,0,1,0,0
data/external/actions/human_action_recognition/train/010089_dancing.jpg,Bingsu/Human_Action_Recognition,dancing,0,0,0,0,0,0,0,0,0,0,1,0,0,0,0,0,0,1,0,0
data/external/actions/human_action_recognition/train/010090_sitting.jpg,Bingsu/Human_Action_Recognition,sitting,0,1,0,0,0,0,0,0,0,0,0,0,0,0,0,0,1,0,0,0
data/external/actions/human_action_recognition/train/010091_listening_to_music.jpg,Bingsu/Human_Action_Recognition,listening_to_music,0,1,0,0,0,0,0,0,0,0,0,0,0,0,0,0,1,0,0,0
data/external/actions/human_action_recognition/train/010092_laughing.jpg,Bingsu/Human_Action_Recognition,laughing,1,0,0,0,0,0,0,0,0,0,0,0,0,0,0,0,1,0,0,0
data/external/actions/human_action_recognition/train/010093_dancing.jpg,Bingsu/Human_Action_Recognition,dancing,0,0,0,0,0,0,0,0,0,0,1,0,0,0,0,0,0,1,0,0
data/external/actions/human_action_recognition/train/010094_laughing.jpg,Bingsu/Human_Action_Recognition,laughing,1,0,0,0,0,0,0,0,0,0,0,0,0,0,0,0,1,0,0,0
data/external/actions/human_action_recognition/train/010095_drinking.jpg,Bingsu/Human_Action_Recognition,drinking,0,0,0,0,0,0,0,0,0,0,0,0,0,0,1,0,0,0,0,0
data/external/actions/human_action_recognition/train/010096_listening_to_music.jpg,Bingsu/Human_Action_Recognition,listening_to_music,0,1,0,0,0,0,0,0,0,0,0,0,0,0,0,0,1,0,0,0
data/external/actions/human_action_recognition/train/010097_listening_to_music.jpg,Bingsu/Human_Action_Recognition,listening_to_music,0,1,0,0,0,0,0,0,0,0,0,0,0,0,0,0,1,0,0,0
data/external/actions/human_action_recognition/train/010098_cycling.jpg,Bingsu/Human_Action_Recognition,cycling,0,0,0,0,0,0,0,0,1,0,0,0,0,0,0,0,0,1,0,0
data/external/actions/human_action_recognition/train/010099_running.jpg,Bingsu/Human_Action_Recognition,running,0,0,0,0,0,0,1,0,0,0,0,0,0,0,0,0,0,1,1,0
data/external/actions/human_action_recognition/train/010100_texting.jpg,Bingsu/Human_Action_Recognition,texting,0,1,0,0,0,0,0,0,0,0,0,0,0,0,0,0,1,0,0,0
data/external/actions/human_action_recognition/train/010101_texting.jpg,Bingsu/Human_Action_Recognition,texting,0,1,0,0,0,0,0,0,0,0,0,0,0,0,0,0,1,0,0,0
data/external/actions/human_action_recognition/train/010102_cycling.jpg,Bingsu/Human_Action_Recognition,cycling,0,0,0,0,0,0,0,0,1,0,0,0,0,0,0,0,0,1,0,0
data/external/actions/human_action_recognition/train/010103_sleeping.jpg,Bingsu/Human_Action_Recognition,sleeping,0,0,1,0,0,0,0,0,0,0,0,0,0,0,0,0,1,0,0,0
data/external/actions/human_action_recognition/train/010104_clapping.jpg,Bingsu/Human_Action_Recognition,clapping,0,0,0,0,1,0,0,0,0,0,0,0,0,0,0,0,0,1,0,0
data/external/actions/human_action_recognition/train/010105_clapping.jpg,Bingsu/Human_Action_Recognition,clapping,0,0,0,0,1,0,0,0,0,0,0,0,0,0,0,0,0,1,0,0
data/external/actions/human_action_recognition/train/010106_drinking.jpg,Bingsu/Human_Action_Recognition,drinking,0,0,0,0,0,0,0,0,0,0,0,0,0,0,1,0,0,0,0,0
data/external/actions/human_action_recognition/train/010107_running.jpg,Bingsu/Human_Action_Recognition,running,0,0,0,0,0,0,1,0,0,0,0,0,0,0,0,0,0,1,1,0
data/external/actions/human_action_recognition/train/010108_hugging.jpg,Bingsu/Human_Action_Recognition,hugging,1,0,0,0,0,0,0,0,0,0,0,0,0,0,0,0,1,0,0,0
data/external/actions/human_action_recognition/train/010109_cycling.jpg,Bingsu/Human_Action_Recognition,cycling,0,0,0,0,0,0,0,0,1,0,0,0,0,0,0,0,0,1,0,0
data/external/actions/human_action_recognition/train/010110_listening_to_music.jpg,Bingsu/Human_Action_Recognition,listening_to_music,0,1,0,0,0,0,0,0,0,0,0,0,0,0,0,0,1,0,0,0
data/external/actions/human_action_recognition/train/010111_using_laptop.jpg,Bingsu/Human_Action_Recognition,using_laptop,0,1,0,0,0,0,0,0,0,0,0,0,1,0,0,0,1,0,0,0
data/external/actions/human_action_recognition/train/010112_clapping.jpg,Bingsu/Human_Action_Recognition,clapping,0,0,0,0,1,0,0,0,0,0,0,0,0,0,0,0,0,1,0,0
data/external/actions/human_action_recognition/train/010113_laughing.jpg,Bingsu/Human_Action_Recognition,laughing,1,0,0,0,0,0,0,0,0,0,0,0,0,0,0,0,1,0,0,0
data/external/actions/human_action_recognition/train/010114_clapping.jpg,Bingsu/Human_Action_Recognition,clapping,0,0,0,0,1,0,0,0,0,0,0,0,0,0,0,0,0,1,0,0
data/external/actions/human_action_recognition/train/010115_running.jpg,Bingsu/Human_Action_Recognition,running,0,0,0,0,0,0,1,0,0,0,0,0,0,0,0,0,0,1,1,0
data/external/actions/human_action_recognition/train/010116_running.jpg,Bingsu/Human_Action_Recognition,running,0,0,0,0,0,0,1,0,0,0,0,0,0,0,0,0,0,1,1,0
data/external/actions/human_action_recognition/train/010117_eating.jpg,Bingsu/Human_Action_Recognition,eating,0,0,0,0,0,0,0,0,0,0,0,0,0,1,0,0,0,0,0,0
data/external/actions/human_action_recognition/train/010118_hugging.jpg,Bingsu/Human_Action_Recognition,hugging,1,0,0,0,0,0,0,0,0,0,0,0,0,0,0,0,1,0,0,0
data/external/actions/human_action_recognition/train/010119_using_laptop.jpg,Bingsu/Human_Action_Recognition,using_laptop,0,1,0,0,0,0,0,0,0,0,0,0,1,0,0,0,1,0,0,0
data/external/actions/human_action_recognition/train/010120_listening_to_music.jpg,Bingsu/Human_Action_Recognition,listening_to_music,0,1,0,0,0,0,0,0,0,0,0,0,0,0,0,0,1,0,0,0
data/external/actions/human_action_recognition/train/010121_hugging.jpg,Bingsu/Human_Action_Recognition,hugging,1,0,0,0,0,0,0,0,0,0,0,0,0,0,0,0,1,0,0,0
data/external/actions/human_action_recognition/train/010122_dancing.jpg,Bingsu/Human_Action_Recognition,dancing,0,0,0,0,0,0,0,0,0,0,1,0,0,0,0,0,0,1,0,0
data/external/actions/human_action_recognition/train/010123_listening_to_music.jpg,Bingsu/Human_Action_Recognition,listening_to_music,0,1,0,0,0,0,0,0,0,0,0,0,0,0,0,0,1,0,0,0
data/external/actions/human_action_recognition/train/010124_fighting.jpg,Bingsu/Human_Action_Recognition,fighting,0,0,0,0,0,0,0,0,0,0,0,0,0,0,0,0,0,1,1,0
data/external/actions/human_action_recognition/train/010125_running.jpg,Bingsu/Human_Action_Recognition,running,0,0,0,0,0,0,1,0,0,0,0,0,0,0,0,0,0,1,1,0
data/external/actions/human_action_recognition/train/010126_hugging.jpg,Bingsu/Human_Action_Recognition,hugging,1,0,0,0,0,0,0,0,0,0,0,0,0,0,0,0,1,0,0,0
data/external/actions/human_action_recognition/train/010127_clapping.jpg,Bingsu/Human_Action_Recognition,clapping,0,0,0,0,1,0,0,0,0,0,0,0,0,0,0,0,0,1,0,0
data/external/actions/human_action_recognition/train/010128_listening_to_music.jpg,Bingsu/Human_Action_Recognition,listening_to_music,0,1,0,0,0,0,0,0,0,0,0,0,0,0,0,0,1,0,0,0
data/external/actions/human_action_recognition/train/010129_clapping.jpg,Bingsu/Human_Action_Recognition,clapping,0,0,0,0,1,0,0,0,0,0,0,0,0,0,0,0,0,1,0,0
data/external/actions/human_action_recognition/train/010130_eating.jpg,Bingsu/Human_Action_Recognition,eating,0,0,0,0,0,0,0,0,0,0,0,0,0,1,0,0,0,0,0,0
data/external/actions/human_action_recognition/train/010131_hugging.jpg,Bingsu/Human_Action_Recognition,hugging,1,0,0,0,0,0,0,0,0,0,0,0,0,0,0,0,1,0,0,0
data/external/actions/human_action_recognition/train/010132_texting.jpg,Bingsu/Human_Action_Recognition,texting,0,1,0,0,0,0,0,0,0,0,0,0,0,0,0,0,1,0,0,0
data/external/actions/human_action_recognition/train/010133_dancing.jpg,Bingsu/Human_Action_Recognition,dancing,0,0,0,0,0,0,0,0,0,0,1,0,0,0,0,0,0,1,0,0
data/external/actions/human_action_recognition/train/010134_cycling.jpg,Bingsu/Human_Action_Recognition,cycling,0,0,0,0,0,0,0,0,1,0,0,0,0,0,0,0,0,1,0,0
data/external/actions/human_action_recognition/train/010135_texting.jpg,Bingsu/Human_Action_Recognition,texting,0,1,0,0,0,0,0,0,0,0,0,0,0,0,0,0,1,0,0,0
data/external/actions/human_action_recognition/train/010136_calling.jpg,Bingsu/Human_Action_Recognition,calling,1,0,0,0,0,0,0,0,0,0,0,0,0,0,0,0,1,0,0,0
data/external/actions/human_action_recognition/train/010137_texting.jpg,Bingsu/Human_Action_Recognition,texting,0,1,0,0,0,0,0,0,0,0,0,0,0,0,0,0,1,0,0,0
data/external/actions/human_action_recognition/train/010138_hugging.jpg,Bingsu/Human_Action_Recognition,hugging,1,0,0,0,0,0,0,0,0,0,0,0,0,0,0,0,1,0,0,0
data/external/actions/human_action_recognition/train/010139_sleeping.jpg,Bingsu/Human_Action_Recognition,sleeping,0,0,1,0,0,0,0,0,0,0,0,0,0,0,0,0,1,0,0,0
data/external/actions/human_action_recognition/train/010140_calling.jpg,Bingsu/Human_Action_Recognition,calling,1,0,0,0,0,0,0,0,0,0,0,0,0,0,0,0,1,0,0,0
data/external/actions/human_action_recognition/train/010141_drinking.jpg,Bingsu/Human_Action_Recognition,drinking,0,0,0,0,0,0,0,0,0,0,0,0,0,0,1,0,0,0,0,0
data/external/actions/human_action_recognition/train/010142_calling.jpg,Bingsu/Human_Action_Recognition,calling,1,0,0,0,0,0,0,0,0,0,0,0,0,0,0,0,1,0,0,0
data/external/actions/human_action_recognition/train/010143_drinking.jpg,Bingsu/Human_Action_Recognition,drinking,0,0,0,0,0,0,0,0,0,0,0,0,0,0,1,0,0,0,0,0
data/external/actions/human_action_recognition/train/010144_texting.jpg,Bingsu/Human_Action_Recognition,texting,0,1,0,0,0,0,0,0,0,0,0,0,0,0,0,0,1,0,0,0
data/external/actions/human_action_recognition/train/010145_using_laptop.jpg,Bingsu/Human_Action_Recognition,using_laptop,0,1,0,0,0,0,0,0,0,0,0,0,1,0,0,0,1,0,0,0
data/external/actions/human_action_recognition/train/010146_cycling.jpg,Bingsu/Human_Action_Recognition,cycling,0,0,0,0,0,0,0,0,1,0,0,0,0,0,0,0,0,1,0,0
data/external/actions/human_action_recognition/train/010147_sleeping.jpg,Bingsu/Human_Action_Recognition,sleeping,0,0,1,0,0,0,0,0,0,0,0,0,0,0,0,0,1,0,0,0
data/external/actions/human_action_recognition/train/010148_laughing.jpg,Bingsu/Human_Action_Recognition,laughing,1,0,0,0,0,0,0,0,0,0,0,0,0,0,0,0,1,0,0,0
data/external/actions/human_action_recognition/train/010149_sitting.jpg,Bingsu/Human_Action_Recognition,sitting,0,1,0,0,0,0,0,0,0,0,0,0,0,0,0,0,1,0,0,0
data/external/actions/human_action_recognition/train/010150_drinking.jpg,Bingsu/Human_Action_Recognition,drinking,0,0,0,0,0,0,0,0,0,0,0,0,0,0,1,0,0,0,0,0
data/external/actions/human_action_recognition/train/010151_sitting.jpg,Bingsu/Human_Action_Recognition,sitting,0,1,0,0,0,0,0,0,0,0,0,0,0,0,0,0,1,0,0,0
data/external/actions/human_action_recognition/train/010152_using_laptop.jpg,Bingsu/Human_Action_Recognition,using_laptop,0,1,0,0,0,0,0,0,0,0,0,0,1,0,0,0,1,0,0,0
data/external/actions/human_action_recognition/train/010153_using_laptop.jpg,Bingsu/Human_Action_Recognition,using_laptop,0,1,0,0,0,0,0,0,0,0,0,0,1,0,0,0,1,0,0,0
data/external/actions/human_action_recognition/train/010154_texting.jpg,Bingsu/Human_Action_Recognition,texting,0,1,0,0,0,0,0,0,0,0,0,0,0,0,0,0,1,0,0,0
data/external/actions/human_action_recognition/train/010155_eating.jpg,Bingsu/Human_Action_Recognition,eating,0,0,0,0,0,0,0,0,0,0,0,0,0,1,0,0,0,0,0,0
data/external/actions/human_action_recognition/train/010156_fighting.jpg,Bingsu/Human_Action_Recognition,fighting,0,0,0,0,0,0,0,0,0,0,0,0,0,0,0,0,0,1,1,0
data/external/actions/human_action_recognition/train/010157_dancing.jpg,Bingsu/Human_Action_Recognition,dancing,0,0,0,0,0,0,0,0,0,0,1,0,0,0,0,0,0,1,0,0
data/external/actions/human_action_recognition/train/010158_hugging.jpg,Bingsu/Human_Action_Recognition,hugging,1,0,0,0,0,0,0,0,0,0,0,0,0,0,0,0,1,0,0,0
data/external/actions/human_action_recognition/train/010159_fighting.jpg,Bingsu/Human_Action_Recognition,fighting,0,0,0,0,0,0,0,0,0,0,0,0,0,0,0,0,0,1,1,0
data/external/actions/human_action_recognition/train/010160_dancing.jpg,Bingsu/Human_Action_Recognition,dancing,0,0,0,0,0,0,0,0,0,0,1,0,0,0,0,0,0,1,0,0
data/external/actions/human_action_recognition/train/010161_texting.jpg,Bingsu/Human_Action_Recognition,texting,0,1,0,0,0,0,0,0,0,0,0,0,0,0,0,0,1,0,0,0
data/external/actions/human_action_recognition/train/010162_calling.jpg,Bingsu/Human_Action_Recognition,calling,1,0,0,0,0,0,0,0,0,0,0,0,0,0,0,0,1,0,0,0
data/external/actions/human_action_recognition/train/010163_calling.jpg,Bingsu/Human_Action_Recognition,calling,1,0,0,0,0,0,0,0,0,0,0,0,0,0,0,0,1,0,0,0
data/external/actions/human_action_recognition/train/010164_cycling.jpg,Bingsu/Human_Action_Recognition,cycling,0,0,0,0,0,0,0,0,1,0,0,0,0,0,0,0,0,1,0,0
data/external/actions/human_action_recognition/train/010165_calling.jpg,Bingsu/Human_Action_Recognition,calling,1,0,0,0,0,0,0,0,0,0,0,0,0,0,0,0,1,0,0,0
data/external/actions/human_action_recognition/train/010166_clapping.jpg,Bingsu/Human_Action_Recognition,clapping,0,0,0,0,1,0,0,0,0,0,0,0,0,0,0,0,0,1,0,0
data/external/actions/human_action_recognition/train/010167_texting.jpg,Bingsu/Human_Action_Recognition,texting,0,1,0,0,0,0,0,0,0,0,0,0,0,0,0,0,1,0,0,0
data/external/actions/human_action_recognition/train/010168_sitting.jpg,Bingsu/Human_Action_Recognition,sitting,0,1,0,0,0,0,0,0,0,0,0,0,0,0,0,0,1,0,0,0
data/external/actions/human_action_recognition/train/010169_sleeping.jpg,Bingsu/Human_Action_Recognition,sleeping,0,0,1,0,0,0,0,0,0,0,0,0,0,0,0,0,1,0,0,0
data/external/actions/human_action_recognition/train/010170_sleeping.jpg,Bingsu/Human_Action_Recognition,sleeping,0,0,1,0,0,0,0,0,0,0,0,0,0,0,0,0,1,0,0,0
data/external/actions/human_action_recognition/train/010171_listening_to_music.jpg,Bingsu/Human_Action_Recognition,listening_to_music,0,1,0,0,0,0,0,0,0,0,0,0,0,0,0,0,1,0,0,0
data/external/actions/human_action_recognition/train/010172_hugging.jpg,Bingsu/Human_Action_Recognition,hugging,1,0,0,0,0,0,0,0,0,0,0,0,0,0,0,0,1,0,0,0
data/external/actions/human_action_recognition/train/010173_eating.jpg,Bingsu/Human_Action_Recognition,eating,0,0,0,0,0,0,0,0,0,0,0,0,0,1,0,0,0,0,0,0
data/external/actions/human_action_recognition/train/010174_cycling.jpg,Bingsu/Human_Action_Recognition,cycling,0,0,0,0,0,0,0,0,1,0,0,0,0,0,0,0,0,1,0,0
data/external/actions/human_action_recognition/train/010175_cycling.jpg,Bingsu/Human_Action_Recognition,cycling,0,0,0,0,0,0,0,0,1,0,0,0,0,0,0,0,0,1,0,0
data/external/actions/human_action_recognition/train/010176_texting.jpg,Bingsu/Human_Action_Recognition,texting,0,1,0,0,0,0,0,0,0,0,0,0,0,0,0,0,1,0,0,0
data/external/actions/human_action_recognition/train/010177_texting.jpg,Bingsu/Human_Action_Recognition,texting,0,1,0,0,0,0,0,0,0,0,0,0,0,0,0,0,1,0,0,0
data/external/actions/human_action_recognition/train/010178_dancing.jpg,Bingsu/Human_Action_Recognition,dancing,0,0,0,0,0,0,0,0,0,0,1,0,0,0,0,0,0,1,0,0
data/external/actions/human_action_recognition/train/010179_sleeping.jpg,Bingsu/Human_Action_Recognition,sleeping,0,0,1,0,0,0,0,0,0,0,0,0,0,0,0,0,1,0,0,0
data/external/actions/human_action_recognition/train/010180_texting.jpg,Bingsu/Human_Action_Recognition,texting,0,1,0,0,0,0,0,0,0,0,0,0,0,0,0,0,1,0,0,0
data/external/actions/human_action_recognition/train/010181_cycling.jpg,Bingsu/Human_Action_Recognition,cycling,0,0,0,0,0,0,0,0,1,0,0,0,0,0,0,0,0,1,0,0
data/external/actions/human_action_recognition/train/010182_running.jpg,Bingsu/Human_Action_Recognition,running,0,0,0,0,0,0,1,0,0,0,0,0,0,0,0,0,0,1,1,0
data/external/actions/human_action_recognition/train/010183_fighting.jpg,Bingsu/Human_Action_Recognition,fighting,0,0,0,0,0,0,0,0,0,0,0,0,0,0,0,0,0,1,1,0
data/external/actions/human_action_recognition/train/010184_clapping.jpg,Bingsu/Human_Action_Recognition,clapping,0,0,0,0,1,0,0,0,0,0,0,0,0,0,0,0,0,1,0,0
data/external/actions/human_action_recognition/train/010185_fighting.jpg,Bingsu/Human_Action_Recognition,fighting,0,0,0,0,0,0,0,0,0,0,0,0,0,0,0,0,0,1,1,0
data/external/actions/human_action_recognition/train/010186_dancing.jpg,Bingsu/Human_Action_Recognition,dancing,0,0,0,0,0,0,0,0,0,0,1,0,0,0,0,0,0,1,0,0
data/external/actions/human_action_recognition/train/010187_fighting.jpg,Bingsu/Human_Action_Recognition,fighting,0,0,0,0,0,0,0,0,0,0,0,0,0,0,0,0,0,1,1,0
data/external/actions/human_action_recognition/train/010188_sleeping.jpg,Bingsu/Human_Action_Recognition,sleeping,0,0,1,0,0,0,0,0,0,0,0,0,0,0,0,0,1,0,0,0
data/external/actions/human_action_recognition/train/010189_fighting.jpg,Bingsu/Human_Action_Recognition,fighting,0,0,0,0,0,0,0,0,0,0,0,0,0,0,0,0,0,1,1,0
data/external/actions/human_action_recognition/train/010190_cycling.jpg,Bingsu/Human_Action_Recognition,cycling,0,0,0,0,0,0,0,0,1,0,0,0,0,0,0,0,0,1,0,0
data/external/actions/human_action_recognition/train/010191_using_laptop.jpg,Bingsu/Human_Action_Recognition,using_laptop,0,1,0,0,0,0,0,0,0,0,0,0,1,0,0,0,1,0,0,0
data/external/actions/human_action_recognition/train/010192_drinking.jpg,Bingsu/Human_Action_Recognition,drinking,0,0,0,0,0,0,0,0,0,0,0,0,0,0,1,0,0,0,0,0
data/external/actions/human_action_recognition/train/010193_using_laptop.jpg,Bingsu/Human_Action_Recognition,using_laptop,0,1,0,0,0,0,0,0,0,0,0,0,1,0,0,0,1,0,0,0
data/external/actions/human_action_recognition/train/010194_running.jpg,Bingsu/Human_Action_Recognition,running,0,0,0,0,0,0,1,0,0,0,0,0,0,0,0,0,0,1,1,0
data/external/actions/human_action_recognition/train/010195_laughing.jpg,Bingsu/Human_Action_Recognition,laughing,1,0,0,0,0,0,0,0,0,0,0,0,0,0,0,0,1,0,0,0
data/external/actions/human_action_recognition/train/010196_listening_to_music.jpg,Bingsu/Human_Action_Recognition,listening_to_music,0,1,0,0,0,0,0,0,0,0,0,0,0,0,0,0,1,0,0,0
data/external/actions/human_action_recognition/train/010197_dancing.jpg,Bingsu/Human_Action_Recognition,dancing,0,0,0,0,0,0,0,0,0,0,1,0,0,0,0,0,0,1,0,0
data/external/actions/human_action_recognition/train/010198_sitting.jpg,Bingsu/Human_Action_Recognition,sitting,0,1,0,0,0,0,0,0,0,0,0,0,0,0,0,0,1,0,0,0
data/external/actions/human_action_recognition/train/010199_hugging.jpg,Bingsu/Human_Action_Recognition,hugging,1,0,0,0,0,0,0,0,0,0,0,0,0,0,0,0,1,0,0,0
data/external/actions/human_action_recognition/train/010200_sitting.jpg,Bingsu/Human_Action_Recognition,sitting,0,1,0,0,0,0,0,0,0,0,0,0,0,0,0,0,1,0,0,0
data/external/actions/human_action_recognition/train/010201_clapping.jpg,Bingsu/Human_Action_Recognition,clapping,0,0,0,0,1,0,0,0,0,0,0,0,0,0,0,0,0,1,0,0
data/external/actions/human_action_recognition/train/010202_calling.jpg,Bingsu/Human_Action_Recognition,calling,1,0,0,0,0,0,0,0,0,0,0,0,0,0,0,0,1,0,0,0
data/external/actions/human_action_recognition/train/010203_using_laptop.jpg,Bingsu/Human_Action_Recognition,using_laptop,0,1,0,0,0,0,0,0,0,0,0,0,1,0,0,0,1,0,0,0
data/external/actions/human_action_recognition/train/010204_eating.jpg,Bingsu/Human_Action_Recognition,eating,0,0,0,0,0,0,0,0,0,0,0,0,0,1,0,0,0,0,0,0
data/external/actions/human_action_recognition/train/010205_listening_to_music.jpg,Bingsu/Human_Action_Recognition,listening_to_music,0,1,0,0,0,0,0,0,0,0,0,0,0,0,0,0,1,0,0,0
data/external/actions/human_action_recognition/train/010206_hugging.jpg,Bingsu/Human_Action_Recognition,hugging,1,0,0,0,0,0,0,0,0,0,0,0,0,0,0,0,1,0,0,0
data/external/actions/human_action_recognition/train/010207_clapping.jpg,Bingsu/Human_Action_Recognition,clapping,0,0,0,0,1,0,0,0,0,0,0,0,0,0,0,0,0,1,0,0
data/external/actions/human_action_recognition/train/010208_eating.jpg,Bingsu/Human_Action_Recognition,eating,0,0,0,0,0,0,0,0,0,0,0,0,0,1,0,0,0,0,0,0
data/external/actions/human_action_recognition/train/010209_drinking.jpg,Bingsu/Human_Action_Recognition,drinking,0,0,0,0,0,0,0,0,0,0,0,0,0,0,1,0,0,0,0,0
data/external/actions/human_action_recognition/train/010210_sitting.jpg,Bingsu/Human_Action_Recognition,sitting,0,1,0,0,0,0,0,0,0,0,0,0,0,0,0,0,1,0,0,0
data/external/actions/human_action_recognition/train/010211_using_laptop.jpg,Bingsu/Human_Action_Recognition,using_laptop,0,1,0,0,0,0,0,0,0,0,0,0,1,0,0,0,1,0,0,0
data/external/actions/human_action_recognition/train/010212_cycling.jpg,Bingsu/Human_Action_Recognition,cycling,0,0,0,0,0,0,0,0,1,0,0,0,0,0,0,0,0,1,0,0
data/external/actions/human_action_recognition/train/010213_hugging.jpg,Bingsu/Human_Action_Recognition,hugging,1,0,0,0,0,0,0,0,0,0,0,0,0,0,0,0,1,0,0,0
data/external/actions/human_action_recognition/train/010214_hugging.jpg,Bingsu/Human_Action_Recognition,hugging,1,0,0,0,0,0,0,0,0,0,0,0,0,0,0,0,1,0,0,0
data/external/actions/human_action_recognition/train/010215_dancing.jpg,Bingsu/Human_Action_Recognition,dancing,0,0,0,0,0,0,0,0,0,0,1,0,0,0,0,0,0,1,0,0
data/external/actions/human_action_recognition/train/010216_dancing.jpg,Bingsu/Human_Action_Recognition,dancing,0,0,0,0,0,0,0,0,0,0,1,0,0,0,0,0,0,1,0,0
data/external/actions/human_action_recognition/train/010217_hugging.jpg,Bingsu/Human_Action_Recognition,hugging,1,0,0,0,0,0,0,0,0,0,0,0,0,0,0,0,1,0,0,0
data/external/actions/human_action_recognition/train/010218_clapping.jpg,Bingsu/Human_Action_Recognition,clapping,0,0,0,0,1,0,0,0,0,0,0,0,0,0,0,0,0,1,0,0
data/external/actions/human_action_recognition/train/010219_cycling.jpg,Bingsu/Human_Action_Recognition,cycling,0,0,0,0,0,0,0,0,1,0,0,0,0,0,0,0,0,1,0,0
data/external/actions/human_action_recognition/train/010220_sleeping.jpg,Bingsu/Human_Action_Recognition,sleeping,0,0,1,0,0,0,0,0,0,0,0,0,0,0,0,0,1,0,0,0
data/external/actions/human_action_recognition/train/010221_cycling.jpg,Bingsu/Human_Action_Recognition,cycling,0,0,0,0,0,0,0,0,1,0,0,0,0,0,0,0,0,1,0,0
data/external/actions/human_action_recognition/train/010222_eating.jpg,Bingsu/Human_Action_Recognition,eating,0,0,0,0,0,0,0,0,0,0,0,0,0,1,0,0,0,0,0,0
data/external/actions/human_action_recognition/train/010223_fighting.jpg,Bingsu/Human_Action_Recognition,fighting,0,0,0,0,0,0,0,0,0,0,0,0,0,0,0,0,0,1,1,0
data/external/actions/human_action_recognition/train/010224_laughing.jpg,Bingsu/Human_Action_Recognition,laughing,1,0,0,0,0,0,0,0,0,0,0,0,0,0,0,0,1,0,0,0
data/external/actions/human_action_recognition/train/010225_using_laptop.jpg,Bingsu/Human_Action_Recognition,using_laptop,0,1,0,0,0,0,0,0,0,0,0,0,1,0,0,0,1,0,0,0
data/external/actions/human_action_recognition/train/010226_calling.jpg,Bingsu/Human_Action_Recognition,calling,1,0,0,0,0,0,0,0,0,0,0,0,0,0,0,0,1,0,0,0
data/external/actions/human_action_recognition/train/010227_laughing.jpg,Bingsu/Human_Action_Recognition,laughing,1,0,0,0,0,0,0,0,0,0,0,0,0,0,0,0,1,0,0,0
data/external/actions/human_action_recognition/train/010228_hugging.jpg,Bingsu/Human_Action_Recognition,hugging,1,0,0,0,0,0,0,0,0,0,0,0,0,0,0,0,1,0,0,0
data/external/actions/human_action_recognition/train/010229_hugging.jpg,Bingsu/Human_Action_Recognition,hugging,1,0,0,0,0,0,0,0,0,0,0,0,0,0,0,0,1,0,0,0
data/external/actions/human_action_recognition/train/010230_calling.jpg,Bingsu/Human_Action_Recognition,calling,1,0,0,0,0,0,0,0,0,0,0,0,0,0,0,0,1,0,0,0
data/external/actions/human_action_recognition/train/010231_drinking.jpg,Bingsu/Human_Action_Recognition,drinking,0,0,0,0,0,0,0,0,0,0,0,0,0,0,1,0,0,0,0,0
data/external/actions/human_action_recognition/train/010232_using_laptop.jpg,Bingsu/Human_Action_Recognition,using_laptop,0,1,0,0,0,0,0,0,0,0,0,0,1,0,0,0,1,0,0,0
data/external/actions/human_action_recognition/train/010233_texting.jpg,Bingsu/Human_Action_Recognition,texting,0,1,0,0,0,0,0,0,0,0,0,0,0,0,0,0,1,0,0,0
data/external/actions/human_action_recognition/train/010234_sleeping.jpg,Bingsu/Human_Action_Recognition,sleeping,0,0,1,0,0,0,0,0,0,0,0,0,0,0,0,0,1,0,0,0
data/external/actions/human_action_recognition/train/010235_listening_to_music.jpg,Bingsu/Human_Action_Recognition,listening_to_music,0,1,0,0,0,0,0,0,0,0,0,0,0,0,0,0,1,0,0,0
data/external/actions/human_action_recognition/train/010236_drinking.jpg,Bingsu/Human_Action_Recognition,drinking,0,0,0,0,0,0,0,0,0,0,0,0,0,0,1,0,0,0,0,0
data/external/actions/human_action_recognition/train/010237_drinking.jpg,Bingsu/Human_Action_Recognition,drinking,0,0,0,0,0,0,0,0,0,0,0,0,0,0,1,0,0,0,0,0
data/external/actions/human_action_recognition/train/010238_drinking.jpg,Bingsu/Human_Action_Recognition,drinking,0,0,0,0,0,0,0,0,0,0,0,0,0,0,1,0,0,0,0,0
data/external/actions/human_action_recognition/train/010239_sitting.jpg,Bingsu/Human_Action_Recognition,sitting,0,1,0,0,0,0,0,0,0,0,0,0,0,0,0,0,1,0,0,0
data/external/actions/human_action_recognition/train/010240_fighting.jpg,Bingsu/Human_Action_Recognition,fighting,0,0,0,0,0,0,0,0,0,0,0,0,0,0,0,0,0,1,1,0
data/external/actions/human_action_recognition/train/010241_using_laptop.jpg,Bingsu/Human_Action_Recognition,using_laptop,0,1,0,0,0,0,0,0,0,0,0,0,1,0,0,0,1,0,0,0
data/external/actions/human_action_recognition/train/010242_hugging.jpg,Bingsu/Human_Action_Recognition,hugging,1,0,0,0,0,0,0,0,0,0,0,0,0,0,0,0,1,0,0,0
data/external/actions/human_action_recognition/train/010243_sleeping.jpg,Bingsu/Human_Action_Recognition,sleeping,0,0,1,0,0,0,0,0,0,0,0,0,0,0,0,0,1,0,0,0
data/external/actions/human_action_recognition/train/010244_calling.jpg,Bingsu/Human_Action_Recognition,calling,1,0,0,0,0,0,0,0,0,0,0,0,0,0,0,0,1,0,0,0
data/external/actions/human_action_recognition/train/010245_sleeping.jpg,Bingsu/Human_Action_Recognition,sleeping,0,0,1,0,0,0,0,0,0,0,0,0,0,0,0,0,1,0,0,0
data/external/actions/human_action_recognition/train/010246_eating.jpg,Bingsu/Human_Action_Recognition,eating,0,0,0,0,0,0,0,0,0,0,0,0,0,1,0,0,0,0,0,0
data/external/actions/human_action_recognition/train/010247_hugging.jpg,Bingsu/Human_Action_Recognition,hugging,1,0,0,0,0,0,0,0,0,0,0,0,0,0,0,0,1,0,0,0
data/external/actions/human_action_recognition/train/010248_fighting.jpg,Bingsu/Human_Action_Recognition,fighting,0,0,0,0,0,0,0,0,0,0,0,0,0,0,0,0,0,1,1,0
data/external/actions/human_action_recognition/train/010249_hugging.jpg,Bingsu/Human_Action_Recognition,hugging,1,0,0,0,0,0,0,0,0,0,0,0,0,0,0,0,1,0,0,0
data/external/actions/human_action_recognition/train/010250_running.jpg,Bingsu/Human_Action_Recognition,running,0,0,0,0,0,0,1,0,0,0,0,0,0,0,0,0,0,1,1,0
data/external/actions/human_action_recognition/train/010251_drinking.jpg,Bingsu/Human_Action_Recognition,drinking,0,0,0,0,0,0,0,0,0,0,0,0,0,0,1,0,0,0,0,0
data/external/actions/human_action_recognition/train/010252_texting.jpg,Bingsu/Human_Action_Recognition,texting,0,1,0,0,0,0,0,0,0,0,0,0,0,0,0,0,1,0,0,0
data/external/actions/human_action_recognition/train/010253_drinking.jpg,Bingsu/Human_Action_Recognition,drinking,0,0,0,0,0,0,0,0,0,0,0,0,0,0,1,0,0,0,0,0
data/external/actions/human_action_recognition/train/010254_drinking.jpg,Bingsu/Human_Action_Recognition,drinking,0,0,0,0,0,0,0,0,0,0,0,0,0,0,1,0,0,0,0,0
data/external/actions/human_action_recognition/train/010255_cycling.jpg,Bingsu/Human_Action_Recognition,cycling,0,0,0,0,0,0,0,0,1,0,0,0,0,0,0,0,0,1,0,0
data/external/actions/human_action_recognition/train/010256_calling.jpg,Bingsu/Human_Action_Recognition,calling,1,0,0,0,0,0,0,0,0,0,0,0,0,0,0,0,1,0,0,0
data/external/actions/human_action_recognition/train/010257_dancing.jpg,Bingsu/Human_Action_Recognition,dancing,0,0,0,0,0,0,0,0,0,0,1,0,0,0,0,0,0,1,0,0
data/external/actions/human_action_recognition/train/010258_sitting.jpg,Bingsu/Human_Action_Recognition,sitting,0,1,0,0,0,0,0,0,0,0,0,0,0,0,0,0,1,0,0,0
data/external/actions/human_action_recognition/train/010259_calling.jpg,Bingsu/Human_Action_Recognition,calling,1,0,0,0,0,0,0,0,0,0,0,0,0,0,0,0,1,0,0,0
data/external/actions/human_action_recognition/train/010260_sleeping.jpg,Bingsu/Human_Action_Recognition,sleeping,0,0,1,0,0,0,0,0,0,0,0,0,0,0,0,0,1,0,0,0
data/external/actions/human_action_recognition/train/010261_texting.jpg,Bingsu/Human_Action_Recognition,texting,0,1,0,0,0,0,0,0,0,0,0,0,0,0,0,0,1,0,0,0
data/external/actions/human_action_recognition/train/010262_calling.jpg,Bingsu/Human_Action_Recognition,calling,1,0,0,0,0,0,0,0,0,0,0,0,0,0,0,0,1,0,0,0
data/external/actions/human_action_recognition/train/010263_cycling.jpg,Bingsu/Human_Action_Recognition,cycling,0,0,0,0,0,0,0,0,1,0,0,0,0,0,0,0,0,1,0,0
data/external/actions/human_action_recognition/train/010264_dancing.jpg,Bingsu/Human_Action_Recognition,dancing,0,0,0,0,0,0,0,0,0,0,1,0,0,0,0,0,0,1,0,0
data/external/actions/human_action_recognition/train/010265_texting.jpg,Bingsu/Human_Action_Recognition,texting,0,1,0,0,0,0,0,0,0,0,0,0,0,0,0,0,1,0,0,0
data/external/actions/human_action_recognition/train/010266_using_laptop.jpg,Bingsu/Human_Action_Recognition,using_laptop,0,1,0,0,0,0,0,0,0,0,0,0,1,0,0,0,1,0,0,0
data/external/actions/human_action_recognition/train/010267_clapping.jpg,Bingsu/Human_Action_Recognition,clapping,0,0,0,0,1,0,0,0,0,0,0,0,0,0,0,0,0,1,0,0
data/external/actions/human_action_recognition/train/010268_running.jpg,Bingsu/Human_Action_Recognition,running,0,0,0,0,0,0,1,0,0,0,0,0,0,0,0,0,0,1,1,0
data/external/actions/human_action_recognition/train/010269_laughing.jpg,Bingsu/Human_Action_Recognition,laughing,1,0,0,0,0,0,0,0,0,0,0,0,0,0,0,0,1,0,0,0
data/external/actions/human_action_recognition/train/010270_sitting.jpg,Bingsu/Human_Action_Recognition,sitting,0,1,0,0,0,0,0,0,0,0,0,0,0,0,0,0,1,0,0,0
data/external/actions/human_action_recognition/train/010271_calling.jpg,Bingsu/Human_Action_Recognition,calling,1,0,0,0,0,0,0,0,0,0,0,0,0,0,0,0,1,0,0,0
data/external/actions/human_action_recognition/train/010272_listening_to_music.jpg,Bingsu/Human_Action_Recognition,listening_to_music,0,1,0,0,0,0,0,0,0,0,0,0,0,0,0,0,1,0,0,0
data/external/actions/human_action_recognition/train/010273_cycling.jpg,Bingsu/Human_Action_Recognition,cycling,0,0,0,0,0,0,0,0,1,0,0,0,0,0,0,0,0,1,0,0
data/external/actions/human_action_recognition/train/010274_using_laptop.jpg,Bingsu/Human_Action_Recognition,using_laptop,0,1,0,0,0,0,0,0,0,0,0,0,1,0,0,0,1,0,0,0
data/external/actions/human_action_recognition/train/010275_fighting.jpg,Bingsu/Human_Action_Recognition,fighting,0,0,0,0,0,0,0,0,0,0,0,0,0,0,0,0,0,1,1,0
data/external/actions/human_action_recognition/train/010276_hugging.jpg,Bingsu/Human_Action_Recognition,hugging,1,0,0,0,0,0,0,0,0,0,0,0,0,0,0,0,1,0,0,0
data/external/actions/human_action_recognition/train/010277_running.jpg,Bingsu/Human_Action_Recognition,running,0,0,0,0,0,0,1,0,0,0,0,0,0,0,0,0,0,1,1,0
data/external/actions/human_action_recognition/train/010278_drinking.jpg,Bingsu/Human_Action_Recognition,drinking,0,0,0,0,0,0,0,0,0,0,0,0,0,0,1,0,0,0,0,0
data/external/actions/human_action_recognition/train/010279_drinking.jpg,Bingsu/Human_Action_Recognition,drinking,0,0,0,0,0,0,0,0,0,0,0,0,0,0,1,0,0,0,0,0
data/external/actions/human_action_recognition/train/010280_clapping.jpg,Bingsu/Human_Action_Recognition,clapping,0,0,0,0,1,0,0,0,0,0,0,0,0,0,0,0,0,1,0,0
data/external/actions/human_action_recognition/train/010281_running.jpg,Bingsu/Human_Action_Recognition,running,0,0,0,0,0,0,1,0,0,0,0,0,0,0,0,0,0,1,1,0
data/external/actions/human_action_recognition/train/010282_clapping.jpg,Bingsu/Human_Action_Recognition,clapping,0,0,0,0,1,0,0,0,0,0,0,0,0,0,0,0,0,1,0,0
data/external/actions/human_action_recognition/train/010283_clapping.jpg,Bingsu/Human_Action_Recognition,clapping,0,0,0,0,1,0,0,0,0,0,0,0,0,0,0,0,0,1,0,0
data/external/actions/human_action_recognition/train/010284_hugging.jpg,Bingsu/Human_Action_Recognition,hugging,1,0,0,0,0,0,0,0,0,0,0,0,0,0,0,0,1,0,0,0
data/external/actions/human_action_recognition/train/010285_fighting.jpg,Bingsu/Human_Action_Recognition,fighting,0,0,0,0,0,0,0,0,0,0,0,0,0,0,0,0,0,1,1,0
data/external/actions/human_action_recognition/train/010286_cycling.jpg,Bingsu/Human_Action_Recognition,cycling,0,0,0,0,0,0,0,0,1,0,0,0,0,0,0,0,0,1,0,0
data/external/actions/human_action_recognition/train/010287_sitting.jpg,Bingsu/Human_Action_Recognition,sitting,0,1,0,0,0,0,0,0,0,0,0,0,0,0,0,0,1,0,0,0
data/external/actions/human_action_recognition/train/010288_listening_to_music.jpg,Bingsu/Human_Action_Recognition,listening_to_music,0,1,0,0,0,0,0,0,0,0,0,0,0,0,0,0,1,0,0,0
data/external/actions/human_action_recognition/train/010289_calling.jpg,Bingsu/Human_Action_Recognition,calling,1,0,0,0,0,0,0,0,0,0,0,0,0,0,0,0,1,0,0,0
data/external/actions/human_action_recognition/train/010290_using_laptop.jpg,Bingsu/Human_Action_Recognition,using_laptop,0,1,0,0,0,0,0,0,0,0,0,0,1,0,0,0,1,0,0,0
data/external/actions/human_action_recognition/train/010291_texting.jpg,Bingsu/Human_Action_Recognition,texting,0,1,0,0,0,0,0,0,0,0,0,0,0,0,0,0,1,0,0,0
data/external/actions/human_action_recognition/train/010292_dancing.jpg,Bingsu/Human_Action_Recognition,dancing,0,0,0,0,0,0,0,0,0,0,1,0,0,0,0,0,0,1,0,0
data/external/actions/human_action_recognition/train/010293_calling.jpg,Bingsu/Human_Action_Recognition,calling,1,0,0,0,0,0,0,0,0,0,0,0,0,0,0,0,1,0,0,0
data/external/actions/human_action_recognition/train/010294_clapping.jpg,Bingsu/Human_Action_Recognition,clapping,0,0,0,0,1,0,0,0,0,0,0,0,0,0,0,0,0,1,0,0
data/external/actions/human_action_recognition/train/010295_drinking.jpg,Bingsu/Human_Action_Recognition,drinking,0,0,0,0,0,0,0,0,0,0,0,0,0,0,1,0,0,0,0,0
data/external/actions/human_action_recognition/train/010296_running.jpg,Bingsu/Human_Action_Recognition,running,0,0,0,0,0,0,1,0,0,0,0,0,0,0,0,0,0,1,1,0
data/external/actions/human_action_recognition/train/010297_drinking.jpg,Bingsu/Human_Action_Recognition,drinking,0,0,0,0,0,0,0,0,0,0,0,0,0,0,1,0,0,0,0,0
data/external/actions/human_action_recognition/train/010298_dancing.jpg,Bingsu/Human_Action_Recognition,dancing,0,0,0,0,0,0,0,0,0,0,1,0,0,0,0,0,0,1,0,0
data/external/actions/human_action_recognition/train/010299_clapping.jpg,Bingsu/Human_Action_Recognition,clapping,0,0,0,0,1,0,0,0,0,0,0,0,0,0,0,0,0,1,0,0
data/external/actions/human_action_recognition/train/010300_laughing.jpg,Bingsu/Human_Action_Recognition,laughing,1,0,0,0,0,0,0,0,0,0,0,0,0,0,0,0,1,0,0,0
data/external/actions/human_action_recognition/train/010301_eating.jpg,Bingsu/Human_Action_Recognition,eating,0,0,0,0,0,0,0,0,0,0,0,0,0,1,0,0,0,0,0,0
data/external/actions/human_action_recognition/train/010302_eating.jpg,Bingsu/Human_Action_Recognition,eating,0,0,0,0,0,0,0,0,0,0,0,0,0,1,0,0,0,0,0,0
data/external/actions/human_action_recognition/train/010303_fighting.jpg,Bingsu/Human_Action_Recognition,fighting,0,0,0,0,0,0,0,0,0,0,0,0,0,0,0,0,0,1,1,0
data/external/actions/human_action_recognition/train/010304_cycling.jpg,Bingsu/Human_Action_Recognition,cycling,0,0,0,0,0,0,0,0,1,0,0,0,0,0,0,0,0,1,0,0
data/external/actions/human_action_recognition/train/010305_texting.jpg,Bingsu/Human_Action_Recognition,texting,0,1,0,0,0,0,0,0,0,0,0,0,0,0,0,0,1,0,0,0
data/external/actions/human_action_recognition/train/010306_using_laptop.jpg,Bingsu/Human_Action_Recognition,using_laptop,0,1,0,0,0,0,0,0,0,0,0,0,1,0,0,0,1,0,0,0
data/external/actions/human_action_recognition/train/010307_listening_to_music.jpg,Bingsu/Human_Action_Recognition,listening_to_music,0,1,0,0,0,0,0,0,0,0,0,0,0,0,0,0,1,0,0,0
data/external/actions/human_action_recognition/train/010308_cycling.jpg,Bingsu/Human_Action_Recognition,cycling,0,0,0,0,0,0,0,0,1,0,0,0,0,0,0,0,0,1,0,0
data/external/actions/human_action_recognition/train/010309_drinking.jpg,Bingsu/Human_Action_Recognition,drinking,0,0,0,0,0,0,0,0,0,0,0,0,0,0,1,0,0,0,0,0
data/external/actions/human_action_recognition/train/010310_sleeping.jpg,Bingsu/Human_Action_Recognition,sleeping,0,0,1,0,0,0,0,0,0,0,0,0,0,0,0,0,1,0,0,0
data/external/actions/human_action_recognition/train/010311_calling.jpg,Bingsu/Human_Action_Recognition,calling,1,0,0,0,0,0,0,0,0,0,0,0,0,0,0,0,1,0,0,0
data/external/actions/human_action_recognition/train/010312_calling.jpg,Bingsu/Human_Action_Recognition,calling,1,0,0,0,0,0,0,0,0,0,0,0,0,0,0,0,1,0,0,0
data/external/actions/human_action_recognition/train/010313_laughing.jpg,Bingsu/Human_Action_Recognition,laughing,1,0,0,0,0,0,0,0,0,0,0,0,0,0,0,0,1,0,0,0
data/external/actions/human_action_recognition/train/010314_hugging.jpg,Bingsu/Human_Action_Recognition,hugging,1,0,0,0,0,0,0,0,0,0,0,0,0,0,0,0,1,0,0,0
data/external/actions/human_action_recognition/train/010315_dancing.jpg,Bingsu/Human_Action_Recognition,dancing,0,0,0,0,0,0,0,0,0,0,1,0,0,0,0,0,0,1,0,0
data/external/actions/human_action_recognition/train/010316_texting.jpg,Bingsu/Human_Action_Recognition,texting,0,1,0,0,0,0,0,0,0,0,0,0,0,0,0,0,1,0,0,0
data/external/actions/human_action_recognition/train/010317_laughing.jpg,Bingsu/Human_Action_Recognition,laughing,1,0,0,0,0,0,0,0,0,0,0,0,0,0,0,0,1,0,0,0
data/external/actions/human_action_recognition/train/010318_hugging.jpg,Bingsu/Human_Action_Recognition,hugging,1,0,0,0,0,0,0,0,0,0,0,0,0,0,0,0,1,0,0,0
data/external/actions/human_action_recognition/train/010319_fighting.jpg,Bingsu/Human_Action_Recognition,fighting,0,0,0,0,0,0,0,0,0,0,0,0,0,0,0,0,0,1,1,0
data/external/actions/human_action_recognition/train/010320_dancing.jpg,Bingsu/Human_Action_Recognition,dancing,0,0,0,0,0,0,0,0,0,0,1,0,0,0,0,0,0,1,0,0
data/external/actions/human_action_recognition/train/010321_fighting.jpg,Bingsu/Human_Action_Recognition,fighting,0,0,0,0,0,0,0,0,0,0,0,0,0,0,0,0,0,1,1,0
data/external/actions/human_action_recognition/train/010322_hugging.jpg,Bingsu/Human_Action_Recognition,hugging,1,0,0,0,0,0,0,0,0,0,0,0,0,0,0,0,1,0,0,0
data/external/actions/human_action_recognition/train/010323_sitting.jpg,Bingsu/Human_Action_Recognition,sitting,0,1,0,0,0,0,0,0,0,0,0,0,0,0,0,0,1,0,0,0
data/external/actions/human_action_recognition/train/010324_eating.jpg,Bingsu/Human_Action_Recognition,eating,0,0,0,0,0,0,0,0,0,0,0,0,0,1,0,0,0,0,0,0
data/external/actions/human_action_recognition/train/010325_listening_to_music.jpg,Bingsu/Human_Action_Recognition,listening_to_music,0,1,0,0,0,0,0,0,0,0,0,0,0,0,0,0,1,0,0,0
data/external/actions/human_action_recognition/train/010326_listening_to_music.jpg,Bingsu/Human_Action_Recognition,listening_to_music,0,1,0,0,0,0,0,0,0,0,0,0,0,0,0,0,1,0,0,0
data/external/actions/human_action_recognition/train/010327_listening_to_music.jpg,Bingsu/Human_Action_Recognition,listening_to_music,0,1,0,0,0,0,0,0,0,0,0,0,0,0,0,0,1,0,0,0
data/external/actions/human_action_recognition/train/010328_drinking.jpg,Bingsu/Human_Action_Recognition,drinking,0,0,0,0,0,0,0,0,0,0,0,0,0,0,1,0,0,0,0,0
data/external/actions/human_action_recognition/train/010329_sitting.jpg,Bingsu/Human_Action_Recognition,sitting,0,1,0,0,0,0,0,0,0,0,0,0,0,0,0,0,1,0,0,0
data/external/actions/human_action_recognition/train/010330_dancing.jpg,Bingsu/Human_Action_Recognition,dancing,0,0,0,0,0,0,0,0,0,0,1,0,0,0,0,0,0,1,0,0
data/external/actions/human_action_recognition/train/010331_calling.jpg,Bingsu/Human_Action_Recognition,calling,1,0,0,0,0,0,0,0,0,0,0,0,0,0,0,0,1,0,0,0
data/external/actions/human_action_recognition/train/010332_calling.jpg,Bingsu/Human_Action_Recognition,calling,1,0,0,0,0,0,0,0,0,0,0,0,0,0,0,0,1,0,0,0
data/external/actions/human_action_recognition/train/010333_texting.jpg,Bingsu/Human_Action_Recognition,texting,0,1,0,0,0,0,0,0,0,0,0,0,0,0,0,0,1,0,0,0
data/external/actions/human_action_recognition/train/010334_drinking.jpg,Bingsu/Human_Action_Recognition,drinking,0,0,0,0,0,0,0,0,0,0,0,0,0,0,1,0,0,0,0,0
data/external/actions/human_action_recognition/train/010335_using_laptop.jpg,Bingsu/Human_Action_Recognition,using_laptop,0,1,0,0,0,0,0,0,0,0,0,0,1,0,0,0,1,0,0,0
data/external/actions/human_action_recognition/train/010336_eating.jpg,Bingsu/Human_Action_Recognition,eating,0,0,0,0,0,0,0,0,0,0,0,0,0,1,0,0,0,0,0,0
data/external/actions/human_action_recognition/train/010337_dancing.jpg,Bingsu/Human_Action_Recognition,dancing,0,0,0,0,0,0,0,0,0,0,1,0,0,0,0,0,0,1,0,0
data/external/actions/human_action_recognition/train/010338_running.jpg,Bingsu/Human_Action_Recognition,running,0,0,0,0,0,0,1,0,0,0,0,0,0,0,0,0,0,1,1,0
data/external/actions/human_action_recognition/train/010339_calling.jpg,Bingsu/Human_Action_Recognition,calling,1,0,0,0,0,0,0,0,0,0,0,0,0,0,0,0,1,0,0,0
data/external/actions/human_action_recognition/train/010340_hugging.jpg,Bingsu/Human_Action_Recognition,hugging,1,0,0,0,0,0,0,0,0,0,0,0,0,0,0,0,1,0,0,0
data/external/actions/human_action_recognition/train/010341_fighting.jpg,Bingsu/Human_Action_Recognition,fighting,0,0,0,0,0,0,0,0,0,0,0,0,0,0,0,0,0,1,1,0
data/external/actions/human_action_recognition/train/010342_hugging.jpg,Bingsu/Human_Action_Recognition,hugging,1,0,0,0,0,0,0,0,0,0,0,0,0,0,0,0,1,0,0,0
data/external/actions/human_action_recognition/train/010343_clapping.jpg,Bingsu/Human_Action_Recognition,clapping,0,0,0,0,1,0,0,0,0,0,0,0,0,0,0,0,0,1,0,0
data/external/actions/human_action_recognition/train/010344_eating.jpg,Bingsu/Human_Action_Recognition,eating,0,0,0,0,0,0,0,0,0,0,0,0,0,1,0,0,0,0,0,0
data/external/actions/human_action_recognition/train/010345_running.jpg,Bingsu/Human_Action_Recognition,running,0,0,0,0,0,0,1,0,0,0,0,0,0,0,0,0,0,1,1,0
data/external/actions/human_action_recognition/train/010346_texting.jpg,Bingsu/Human_Action_Recognition,texting,0,1,0,0,0,0,0,0,0,0,0,0,0,0,0,0,1,0,0,0
data/external/actions/human_action_recognition/train/010347_using_laptop.jpg,Bingsu/Human_Action_Recognition,using_laptop,0,1,0,0,0,0,0,0,0,0,0,0,1,0,0,0,1,0,0,0
data/external/actions/human_action_recognition/train/010348_using_laptop.jpg,Bingsu/Human_Action_Recognition,using_laptop,0,1,0,0,0,0,0,0,0,0,0,0,1,0,0,0,1,0,0,0
data/external/actions/human_action_recognition/train/010349_using_laptop.jpg,Bingsu/Human_Action_Recognition,using_laptop,0,1,0,0,0,0,0,0,0,0,0,0,1,0,0,0,1,0,0,0
data/external/actions/human_action_recognition/train/010350_dancing.jpg,Bingsu/Human_Action_Recognition,dancing,0,0,0,0,0,0,0,0,0,0,1,0,0,0,0,0,0,1,0,0
data/external/actions/human_action_recognition/train/010351_eating.jpg,Bingsu/Human_Action_Recognition,eating,0,0,0,0,0,0,0,0,0,0,0,0,0,1,0,0,0,0,0,0
data/external/actions/human_action_recognition/train/010352_listening_to_music.jpg,Bingsu/Human_Action_Recognition,listening_to_music,0,1,0,0,0,0,0,0,0,0,0,0,0,0,0,0,1,0,0,0
data/external/actions/human_action_recognition/train/010353_sleeping.jpg,Bingsu/Human_Action_Recognition,sleeping,0,0,1,0,0,0,0,0,0,0,0,0,0,0,0,0,1,0,0,0
data/external/actions/human_action_recognition/train/010354_dancing.jpg,Bingsu/Human_Action_Recognition,dancing,0,0,0,0,0,0,0,0,0,0,1,0,0,0,0,0,0,1,0,0
data/external/actions/human_action_recognition/train/010355_using_laptop.jpg,Bingsu/Human_Action_Recognition,using_laptop,0,1,0,0,0,0,0,0,0,0,0,0,1,0,0,0,1,0,0,0
data/external/actions/human_action_recognition/train/010356_listening_to_music.jpg,Bingsu/Human_Action_Recognition,listening_to_music,0,1,0,0,0,0,0,0,0,0,0,0,0,0,0,0,1,0,0,0
data/external/actions/human_action_recognition/train/010357_hugging.jpg,Bingsu/Human_Action_Recognition,hugging,1,0,0,0,0,0,0,0,0,0,0,0,0,0,0,0,1,0,0,0
data/external/actions/human_action_recognition/train/010358_cycling.jpg,Bingsu/Human_Action_Recognition,cycling,0,0,0,0,0,0,0,0,1,0,0,0,0,0,0,0,0,1,0,0
data/external/actions/human_action_recognition/train/010359_using_laptop.jpg,Bingsu/Human_Action_Recognition,using_laptop,0,1,0,0,0,0,0,0,0,0,0,0,1,0,0,0,1,0,0,0
data/external/actions/human_action_recognition/train/010360_sleeping.jpg,Bingsu/Human_Action_Recognition,sleeping,0,0,1,0,0,0,0,0,0,0,0,0,0,0,0,0,1,0,0,0
data/external/actions/human_action_recognition/train/010361_cycling.jpg,Bingsu/Human_Action_Recognition,cycling,0,0,0,0,0,0,0,0,1,0,0,0,0,0,0,0,0,1,0,0
data/external/actions/human_action_recognition/train/010362_sleeping.jpg,Bingsu/Human_Action_Recognition,sleeping,0,0,1,0,0,0,0,0,0,0,0,0,0,0,0,0,1,0,0,0
data/external/actions/human_action_recognition/train/010363_fighting.jpg,Bingsu/Human_Action_Recognition,fighting,0,0,0,0,0,0,0,0,0,0,0,0,0,0,0,0,0,1,1,0
data/external/actions/human_action_recognition/train/010364_listening_to_music.jpg,Bingsu/Human_Action_Recognition,listening_to_music,0,1,0,0,0,0,0,0,0,0,0,0,0,0,0,0,1,0,0,0
data/external/actions/human_action_recognition/train/010365_texting.jpg,Bingsu/Human_Action_Recognition,texting,0,1,0,0,0,0,0,0,0,0,0,0,0,0,0,0,1,0,0,0
data/external/actions/human_action_recognition/train/010366_texting.jpg,Bingsu/Human_Action_Recognition,texting,0,1,0,0,0,0,0,0,0,0,0,0,0,0,0,0,1,0,0,0
data/external/actions/human_action_recognition/train/010367_hugging.jpg,Bingsu/Human_Action_Recognition,hugging,1,0,0,0,0,0,0,0,0,0,0,0,0,0,0,0,1,0,0,0
data/external/actions/human_action_recognition/train/010368_eating.jpg,Bingsu/Human_Action_Recognition,eating,0,0,0,0,0,0,0,0,0,0,0,0,0,1,0,0,0,0,0,0
data/external/actions/human_action_recognition/train/010369_hugging.jpg,Bingsu/Human_Action_Recognition,hugging,1,0,0,0,0,0,0,0,0,0,0,0,0,0,0,0,1,0,0,0
data/external/actions/human_action_recognition/train/010370_texting.jpg,Bingsu/Human_Action_Recognition,texting,0,1,0,0,0,0,0,0,0,0,0,0,0,0,0,0,1,0,0,0
data/external/actions/human_action_recognition/train/010371_sleeping.jpg,Bingsu/Human_Action_Recognition,sleeping,0,0,1,0,0,0,0,0,0,0,0,0,0,0,0,0,1,0,0,0
data/external/actions/human_action_recognition/train/010372_sitting.jpg,Bingsu/Human_Action_Recognition,sitting,0,1,0,0,0,0,0,0,0,0,0,0,0,0,0,0,1,0,0,0
data/external/actions/human_action_recognition/train/010373_running.jpg,Bingsu/Human_Action_Recognition,running,0,0,0,0,0,0,1,0,0,0,0,0,0,0,0,0,0,1,1,0
data/external/actions/human_action_recognition/train/010374_running.jpg,Bingsu/Human_Action_Recognition,running,0,0,0,0,0,0,1,0,0,0,0,0,0,0,0,0,0,1,1,0
data/external/actions/human_action_recognition/train/010375_running.jpg,Bingsu/Human_Action_Recognition,running,0,0,0,0,0,0,1,0,0,0,0,0,0,0,0,0,0,1,1,0
data/external/actions/human_action_recognition/train/010376_fighting.jpg,Bingsu/Human_Action_Recognition,fighting,0,0,0,0,0,0,0,0,0,0,0,0,0,0,0,0,0,1,1,0
data/external/actions/human_action_recognition/train/010377_running.jpg,Bingsu/Human_Action_Recognition,running,0,0,0,0,0,0,1,0,0,0,0,0,0,0,0,0,0,1,1,0
data/external/actions/human_action_recognition/train/010378_clapping.jpg,Bingsu/Human_Action_Recognition,clapping,0,0,0,0,1,0,0,0,0,0,0,0,0,0,0,0,0,1,0,0
data/external/actions/human_action_recognition/train/010379_sleeping.jpg,Bingsu/Human_Action_Recognition,sleeping,0,0,1,0,0,0,0,0,0,0,0,0,0,0,0,0,1,0,0,0
data/external/actions/human_action_recognition/train/010380_sitting.jpg,Bingsu/Human_Action_Recognition,sitting,0,1,0,0,0,0,0,0,0,0,0,0,0,0,0,0,1,0,0,0
data/external/actions/human_action_recognition/train/010381_laughing.jpg,Bingsu/Human_Action_Recognition,laughing,1,0,0,0,0,0,0,0,0,0,0,0,0,0,0,0,1,0,0,0
data/external/actions/human_action_recognition/train/010382_laughing.jpg,Bingsu/Human_Action_Recognition,laughing,1,0,0,0,0,0,0,0,0,0,0,0,0,0,0,0,1,0,0,0
data/external/actions/human_action_recognition/train/010383_clapping.jpg,Bingsu/Human_Action_Recognition,clapping,0,0,0,0,1,0,0,0,0,0,0,0,0,0,0,0,0,1,0,0
data/external/actions/human_action_recognition/train/010384_texting.jpg,Bingsu/Human_Action_Recognition,texting,0,1,0,0,0,0,0,0,0,0,0,0,0,0,0,0,1,0,0,0
data/external/actions/human_action_recognition/train/010385_cycling.jpg,Bingsu/Human_Action_Recognition,cycling,0,0,0,0,0,0,0,0,1,0,0,0,0,0,0,0,0,1,0,0
data/external/actions/human_action_recognition/train/010386_clapping.jpg,Bingsu/Human_Action_Recognition,clapping,0,0,0,0,1,0,0,0,0,0,0,0,0,0,0,0,0,1,0,0
data/external/actions/human_action_recognition/train/010387_hugging.jpg,Bingsu/Human_Action_Recognition,hugging,1,0,0,0,0,0,0,0,0,0,0,0,0,0,0,0,1,0,0,0
data/external/actions/human_action_recognition/train/010388_eating.jpg,Bingsu/Human_Action_Recognition,eating,0,0,0,0,0,0,0,0,0,0,0,0,0,1,0,0,0,0,0,0
data/external/actions/human_action_recognition/train/010389_listening_to_music.jpg,Bingsu/Human_Action_Recognition,listening_to_music,0,1,0,0,0,0,0,0,0,0,0,0,0,0,0,0,1,0,0,0
data/external/actions/human_action_recognition/train/010390_cycling.jpg,Bingsu/Human_Action_Recognition,cycling,0,0,0,0,0,0,0,0,1,0,0,0,0,0,0,0,0,1,0,0
data/external/actions/human_action_recognition/train/010391_using_laptop.jpg,Bingsu/Human_Action_Recognition,using_laptop,0,1,0,0,0,0,0,0,0,0,0,0,1,0,0,0,1,0,0,0
data/external/actions/human_action_recognition/train/010392_using_laptop.jpg,Bingsu/Human_Action_Recognition,using_laptop,0,1,0,0,0,0,0,0,0,0,0,0,1,0,0,0,1,0,0,0
data/external/actions/human_action_recognition/train/010393_using_laptop.jpg,Bingsu/Human_Action_Recognition,using_laptop,0,1,0,0,0,0,0,0,0,0,0,0,1,0,0,0,1,0,0,0
data/external/actions/human_action_recognition/train/010394_sitting.jpg,Bingsu/Human_Action_Recognition,sitting,0,1,0,0,0,0,0,0,0,0,0,0,0,0,0,0,1,0,0,0
data/external/actions/human_action_recognition/train/010395_clapping.jpg,Bingsu/Human_Action_Recognition,clapping,0,0,0,0,1,0,0,0,0,0,0,0,0,0,0,0,0,1,0,0
data/external/actions/human_action_recognition/train/010396_sleeping.jpg,Bingsu/Human_Action_Recognition,sleeping,0,0,1,0,0,0,0,0,0,0,0,0,0,0,0,0,1,0,0,0
data/external/actions/human_action_recognition/train/010397_using_laptop.jpg,Bingsu/Human_Action_Recognition,using_laptop,0,1,0,0,0,0,0,0,0,0,0,0,1,0,0,0,1,0,0,0
data/external/actions/human_action_recognition/train/010398_listening_to_music.jpg,Bingsu/Human_Action_Recognition,listening_to_music,0,1,0,0,0,0,0,0,0,0,0,0,0,0,0,0,1,0,0,0
data/external/actions/human_action_recognition/train/010399_listening_to_music.jpg,Bingsu/Human_Action_Recognition,listening_to_music,0,1,0,0,0,0,0,0,0,0,0,0,0,0,0,0,1,0,0,0
data/external/actions/human_action_recognition/train/010400_laughing.jpg,Bingsu/Human_Action_Recognition,laughing,1,0,0,0,0,0,0,0,0,0,0,0,0,0,0,0,1,0,0,0
data/external/actions/human_action_recognition/train/010401_clapping.jpg,Bingsu/Human_Action_Recognition,clapping,0,0,0,0,1,0,0,0,0,0,0,0,0,0,0,0,0,1,0,0
data/external/actions/human_action_recognition/train/010402_texting.jpg,Bingsu/Human_Action_Recognition,texting,0,1,0,0,0,0,0,0,0,0,0,0,0,0,0,0,1,0,0,0
data/external/actions/human_action_recognition/train/010403_texting.jpg,Bingsu/Human_Action_Recognition,texting,0,1,0,0,0,0,0,0,0,0,0,0,0,0,0,0,1,0,0,0
data/external/actions/human_action_recognition/train/010404_using_laptop.jpg,Bingsu/Human_Action_Recognition,using_laptop,0,1,0,0,0,0,0,0,0,0,0,0,1,0,0,0,1,0,0,0
data/external/actions/human_action_recognition/train/010405_sitting.jpg,Bingsu/Human_Action_Recognition,sitting,0,1,0,0,0,0,0,0,0,0,0,0,0,0,0,0,1,0,0,0
data/external/actions/human_action_recognition/train/010406_listening_to_music.jpg,Bingsu/Human_Action_Recognition,listening_to_music,0,1,0,0,0,0,0,0,0,0,0,0,0,0,0,0,1,0,0,0
data/external/actions/human_action_recognition/train/010407_sitting.jpg,Bingsu/Human_Action_Recognition,sitting,0,1,0,0,0,0,0,0,0,0,0,0,0,0,0,0,1,0,0,0
data/external/actions/human_action_recognition/train/010408_dancing.jpg,Bingsu/Human_Action_Recognition,dancing,0,0,0,0,0,0,0,0,0,0,1,0,0,0,0,0,0,1,0,0
data/external/actions/human_action_recognition/train/010409_eating.jpg,Bingsu/Human_Action_Recognition,eating,0,0,0,0,0,0,0,0,0,0,0,0,0,1,0,0,0,0,0,0
data/external/actions/human_action_recognition/train/010410_drinking.jpg,Bingsu/Human_Action_Recognition,drinking,0,0,0,0,0,0,0,0,0,0,0,0,0,0,1,0,0,0,0,0
data/external/actions/human_action_recognition/train/010411_dancing.jpg,Bingsu/Human_Action_Recognition,dancing,0,0,0,0,0,0,0,0,0,0,1,0,0,0,0,0,0,1,0,0
data/external/actions/human_action_recognition/train/010412_sleeping.jpg,Bingsu/Human_Action_Recognition,sleeping,0,0,1,0,0,0,0,0,0,0,0,0,0,0,0,0,1,0,0,0
data/external/actions/human_action_recognition/train/010413_listening_to_music.jpg,Bingsu/Human_Action_Recognition,listening_to_music,0,1,0,0,0,0,0,0,0,0,0,0,0,0,0,0,1,0,0,0
data/external/actions/human_action_recognition/train/010414_cycling.jpg,Bingsu/Human_Action_Recognition,cycling,0,0,0,0,0,0,0,0,1,0,0,0,0,0,0,0,0,1,0,0
data/external/actions/human_action_recognition/train/010415_texting.jpg,Bingsu/Human_Action_Recognition,texting,0,1,0,0,0,0,0,0,0,0,0,0,0,0,0,0,1,0,0,0
data/external/actions/human_action_recognition/train/010416_clapping.jpg,Bingsu/Human_Action_Recognition,clapping,0,0,0,0,1,0,0,0,0,0,0,0,0,0,0,0,0,1,0,0
data/external/actions/human_action_recognition/train/010417_drinking.jpg,Bingsu/Human_Action_Recognition,drinking,0,0,0,0,0,0,0,0,0,0,0,0,0,0,1,0,0,0,0,0
data/external/actions/human_action_recognition/train/010418_eating.jpg,Bingsu/Human_Action_Recognition,eating,0,0,0,0,0,0,0,0,0,0,0,0,0,1,0,0,0,0,0,0
data/external/actions/human_action_recognition/train/010419_laughing.jpg,Bingsu/Human_Action_Recognition,laughing,1,0,0,0,0,0,0,0,0,0,0,0,0,0,0,0,1,0,0,0
data/external/actions/human_action_recognition/train/010420_eating.jpg,Bingsu/Human_Action_Recognition,eating,0,0,0,0,0,0,0,0,0,0,0,0,0,1,0,0,0,0,0,0
data/external/actions/human_action_recognition/train/010421_clapping.jpg,Bingsu/Human_Action_Recognition,clapping,0,0,0,0,1,0,0,0,0,0,0,0,0,0,0,0,0,1,0,0
data/external/actions/human_action_recognition/train/010422_hugging.jpg,Bingsu/Human_Action_Recognition,hugging,1,0,0,0,0,0,0,0,0,0,0,0,0,0,0,0,1,0,0,0
data/external/actions/human_action_recognition/train/010423_fighting.jpg,Bingsu/Human_Action_Recognition,fighting,0,0,0,0,0,0,0,0,0,0,0,0,0,0,0,0,0,1,1,0
data/external/actions/human_action_recognition/train/010424_laughing.jpg,Bingsu/Human_Action_Recognition,laughing,1,0,0,0,0,0,0,0,0,0,0,0,0,0,0,0,1,0,0,0
data/external/actions/human_action_recognition/train/010425_eating.jpg,Bingsu/Human_Action_Recognition,eating,0,0,0,0,0,0,0,0,0,0,0,0,0,1,0,0,0,0,0,0
data/external/actions/human_action_recognition/train/010426_texting.jpg,Bingsu/Human_Action_Recognition,texting,0,1,0,0,0,0,0,0,0,0,0,0,0,0,0,0,1,0,0,0
data/external/actions/human_action_recognition/train/010427_texting.jpg,Bingsu/Human_Action_Recognition,texting,0,1,0,0,0,0,0,0,0,0,0,0,0,0,0,0,1,0,0,0
data/external/actions/human_action_recognition/train/010428_texting.jpg,Bingsu/Human_Action_Recognition,texting,0,1,0,0,0,0,0,0,0,0,0,0,0,0,0,0,1,0,0,0
data/external/actions/human_action_recognition/train/010429_sitting.jpg,Bingsu/Human_Action_Recognition,sitting,0,1,0,0,0,0,0,0,0,0,0,0,0,0,0,0,1,0,0,0
data/external/actions/human_action_recognition/train/010430_fighting.jpg,Bingsu/Human_Action_Recognition,fighting,0,0,0,0,0,0,0,0,0,0,0,0,0,0,0,0,0,1,1,0
data/external/actions/human_action_recognition/train/010431_cycling.jpg,Bingsu/Human_Action_Recognition,cycling,0,0,0,0,0,0,0,0,1,0,0,0,0,0,0,0,0,1,0,0
data/external/actions/human_action_recognition/train/010432_drinking.jpg,Bingsu/Human_Action_Recognition,drinking,0,0,0,0,0,0,0,0,0,0,0,0,0,0,1,0,0,0,0,0
data/external/actions/human_action_recognition/train/010433_drinking.jpg,Bingsu/Human_Action_Recognition,drinking,0,0,0,0,0,0,0,0,0,0,0,0,0,0,1,0,0,0,0,0
data/external/actions/human_action_recognition/train/010434_dancing.jpg,Bingsu/Human_Action_Recognition,dancing,0,0,0,0,0,0,0,0,0,0,1,0,0,0,0,0,0,1,0,0
data/external/actions/human_action_recognition/train/010435_eating.jpg,Bingsu/Human_Action_Recognition,eating,0,0,0,0,0,0,0,0,0,0,0,0,0,1,0,0,0,0,0,0
data/external/actions/human_action_recognition/train/010436_running.jpg,Bingsu/Human_Action_Recognition,running,0,0,0,0,0,0,1,0,0,0,0,0,0,0,0,0,0,1,1,0
data/external/actions/human_action_recognition/train/010437_hugging.jpg,Bingsu/Human_Action_Recognition,hugging,1,0,0,0,0,0,0,0,0,0,0,0,0,0,0,0,1,0,0,0
data/external/actions/human_action_recognition/train/010438_clapping.jpg,Bingsu/Human_Action_Recognition,clapping,0,0,0,0,1,0,0,0,0,0,0,0,0,0,0,0,0,1,0,0
data/external/actions/human_action_recognition/train/010439_sitting.jpg,Bingsu/Human_Action_Recognition,sitting,0,1,0,0,0,0,0,0,0,0,0,0,0,0,0,0,1,0,0,0
data/external/actions/human_action_recognition/train/010440_hugging.jpg,Bingsu/Human_Action_Recognition,hugging,1,0,0,0,0,0,0,0,0,0,0,0,0,0,0,0,1,0,0,0
data/external/actions/human_action_recognition/train/010441_texting.jpg,Bingsu/Human_Action_Recognition,texting,0,1,0,0,0,0,0,0,0,0,0,0,0,0,0,0,1,0,0,0
data/external/actions/human_action_recognition/train/010442_drinking.jpg,Bingsu/Human_Action_Recognition,drinking,0,0,0,0,0,0,0,0,0,0,0,0,0,0,1,0,0,0,0,0
data/external/actions/human_action_recognition/train/010443_laughing.jpg,Bingsu/Human_Action_Recognition,laughing,1,0,0,0,0,0,0,0,0,0,0,0,0,0,0,0,1,0,0,0
data/external/actions/human_action_recognition/train/010444_calling.jpg,Bingsu/Human_Action_Recognition,calling,1,0,0,0,0,0,0,0,0,0,0,0,0,0,0,0,1,0,0,0
data/external/actions/human_action_recognition/train/010445_sitting.jpg,Bingsu/Human_Action_Recognition,sitting,0,1,0,0,0,0,0,0,0,0,0,0,0,0,0,0,1,0,0,0
data/external/actions/human_action_recognition/train/010446_calling.jpg,Bingsu/Human_Action_Recognition,calling,1,0,0,0,0,0,0,0,0,0,0,0,0,0,0,0,1,0,0,0
data/external/actions/human_action_recognition/train/010447_clapping.jpg,Bingsu/Human_Action_Recognition,clapping,0,0,0,0,1,0,0,0,0,0,0,0,0,0,0,0,0,1,0,0
data/external/actions/human_action_recognition/train/010448_dancing.jpg,Bingsu/Human_Action_Recognition,dancing,0,0,0,0,0,0,0,0,0,0,1,0,0,0,0,0,0,1,0,0
data/external/actions/human_action_recognition/train/010449_listening_to_music.jpg,Bingsu/Human_Action_Recognition,listening_to_music,0,1,0,0,0,0,0,0,0,0,0,0,0,0,0,0,1,0,0,0
data/external/actions/human_action_recognition/train/010450_eating.jpg,Bingsu/Human_Action_Recognition,eating,0,0,0,0,0,0,0,0,0,0,0,0,0,1,0,0,0,0,0,0
data/external/actions/human_action_recognition/train/010451_clapping.jpg,Bingsu/Human_Action_Recognition,clapping,0,0,0,0,1,0,0,0,0,0,0,0,0,0,0,0,0,1,0,0
data/external/actions/human_action_recognition/train/010452_sitting.jpg,Bingsu/Human_Action_Recognition,sitting,0,1,0,0,0,0,0,0,0,0,0,0,0,0,0,0,1,0,0,0
data/external/actions/human_action_recognition/train/010453_eating.jpg,Bingsu/Human_Action_Recognition,eating,0,0,0,0,0,0,0,0,0,0,0,0,0,1,0,0,0,0,0,0
data/external/actions/human_action_recognition/train/010454_texting.jpg,Bingsu/Human_Action_Recognition,texting,0,1,0,0,0,0,0,0,0,0,0,0,0,0,0,0,1,0,0,0
data/external/actions/human_action_recognition/train/010455_calling.jpg,Bingsu/Human_Action_Recognition,calling,1,0,0,0,0,0,0,0,0,0,0,0,0,0,0,0,1,0,0,0
data/external/actions/human_action_recognition/train/010456_texting.jpg,Bingsu/Human_Action_Recognition,texting,0,1,0,0,0,0,0,0,0,0,0,0,0,0,0,0,1,0,0,0
data/external/actions/human_action_recognition/train/010457_clapping.jpg,Bingsu/Human_Action_Recognition,clapping,0,0,0,0,1,0,0,0,0,0,0,0,0,0,0,0,0,1,0,0
data/external/actions/human_action_recognition/train/010458_cycling.jpg,Bingsu/Human_Action_Recognition,cycling,0,0,0,0,0,0,0,0,1,0,0,0,0,0,0,0,0,1,0,0
data/external/actions/human_action_recognition/train/010459_using_laptop.jpg,Bingsu/Human_Action_Recognition,using_laptop,0,1,0,0,0,0,0,0,0,0,0,0,1,0,0,0,1,0,0,0
data/external/actions/human_action_recognition/train/010460_listening_to_music.jpg,Bingsu/Human_Action_Recognition,listening_to_music,0,1,0,0,0,0,0,0,0,0,0,0,0,0,0,0,1,0,0,0
data/external/actions/human_action_recognition/train/010461_sleeping.jpg,Bingsu/Human_Action_Recognition,sleeping,0,0,1,0,0,0,0,0,0,0,0,0,0,0,0,0,1,0,0,0
data/external/actions/human_action_recognition/train/010462_sitting.jpg,Bingsu/Human_Action_Recognition,sitting,0,1,0,0,0,0,0,0,0,0,0,0,0,0,0,0,1,0,0,0
data/external/actions/human_action_recognition/train/010463_clapping.jpg,Bingsu/Human_Action_Recognition,clapping,0,0,0,0,1,0,0,0,0,0,0,0,0,0,0,0,0,1,0,0
data/external/actions/human_action_recognition/train/010464_laughing.jpg,Bingsu/Human_Action_Recognition,laughing,1,0,0,0,0,0,0,0,0,0,0,0,0,0,0,0,1,0,0,0
data/external/actions/human_action_recognition/train/010465_running.jpg,Bingsu/Human_Action_Recognition,running,0,0,0,0,0,0,1,0,0,0,0,0,0,0,0,0,0,1,1,0
data/external/actions/human_action_recognition/train/010466_clapping.jpg,Bingsu/Human_Action_Recognition,clapping,0,0,0,0,1,0,0,0,0,0,0,0,0,0,0,0,0,1,0,0
data/external/actions/human_action_recognition/train/010467_clapping.jpg,Bingsu/Human_Action_Recognition,clapping,0,0,0,0,1,0,0,0,0,0,0,0,0,0,0,0,0,1,0,0
data/external/actions/human_action_recognition/train/010468_dancing.jpg,Bingsu/Human_Action_Recognition,dancing,0,0,0,0,0,0,0,0,0,0,1,0,0,0,0,0,0,1,0,0
data/external/actions/human_action_recognition/train/010469_texting.jpg,Bingsu/Human_Action_Recognition,texting,0,1,0,0,0,0,0,0,0,0,0,0,0,0,0,0,1,0,0,0
data/external/actions/human_action_recognition/train/010470_fighting.jpg,Bingsu/Human_Action_Recognition,fighting,0,0,0,0,0,0,0,0,0,0,0,0,0,0,0,0,0,1,1,0
data/external/actions/human_action_recognition/train/010471_laughing.jpg,Bingsu/Human_Action_Recognition,laughing,1,0,0,0,0,0,0,0,0,0,0,0,0,0,0,0,1,0,0,0
data/external/actions/human_action_recognition/train/010472_eating.jpg,Bingsu/Human_Action_Recognition,eating,0,0,0,0,0,0,0,0,0,0,0,0,0,1,0,0,0,0,0,0
data/external/actions/human_action_recognition/train/010473_using_laptop.jpg,Bingsu/Human_Action_Recognition,using_laptop,0,1,0,0,0,0,0,0,0,0,0,0,1,0,0,0,1,0,0,0
data/external/actions/human_action_recognition/train/010474_listening_to_music.jpg,Bingsu/Human_Action_Recognition,listening_to_music,0,1,0,0,0,0,0,0,0,0,0,0,0,0,0,0,1,0,0,0
data/external/actions/human_action_recognition/train/010475_clapping.jpg,Bingsu/Human_Action_Recognition,clapping,0,0,0,0,1,0,0,0,0,0,0,0,0,0,0,0,0,1,0,0
data/external/actions/human_action_recognition/train/010476_texting.jpg,Bingsu/Human_Action_Recognition,texting,0,1,0,0,0,0,0,0,0,0,0,0,0,0,0,0,1,0,0,0
data/external/actions/human_action_recognition/train/010477_laughing.jpg,Bingsu/Human_Action_Recognition,laughing,1,0,0,0,0,0,0,0,0,0,0,0,0,0,0,0,1,0,0,0
data/external/actions/human_action_recognition/train/010478_sleeping.jpg,Bingsu/Human_Action_Recognition,sleeping,0,0,1,0,0,0,0,0,0,0,0,0,0,0,0,0,1,0,0,0
data/external/actions/human_action_recognition/train/010479_sitting.jpg,Bingsu/Human_Action_Recognition,sitting,0,1,0,0,0,0,0,0,0,0,0,0,0,0,0,0,1,0,0,0
data/external/actions/human_action_recognition/train/010480_calling.jpg,Bingsu/Human_Action_Recognition,calling,1,0,0,0,0,0,0,0,0,0,0,0,0,0,0,0,1,0,0,0
data/external/actions/human_action_recognition/train/010481_running.jpg,Bingsu/Human_Action_Recognition,running,0,0,0,0,0,0,1,0,0,0,0,0,0,0,0,0,0,1,1,0
data/external/actions/human_action_recognition/train/010482_clapping.jpg,Bingsu/Human_Action_Recognition,clapping,0,0,0,0,1,0,0,0,0,0,0,0,0,0,0,0,0,1,0,0
data/external/actions/human_action_recognition/train/010483_fighting.jpg,Bingsu/Human_Action_Recognition,fighting,0,0,0,0,0,0,0,0,0,0,0,0,0,0,0,0,0,1,1,0
data/external/actions/human_action_recognition/train/010484_texting.jpg,Bingsu/Human_Action_Recognition,texting,0,1,0,0,0,0,0,0,0,0,0,0,0,0,0,0,1,0,0,0
data/external/actions/human_action_recognition/train/010485_drinking.jpg,Bingsu/Human_Action_Recognition,drinking,0,0,0,0,0,0,0,0,0,0,0,0,0,0,1,0,0,0,0,0
data/external/actions/human_action_recognition/train/010486_hugging.jpg,Bingsu/Human_Action_Recognition,hugging,1,0,0,0,0,0,0,0,0,0,0,0,0,0,0,0,1,0,0,0
data/external/actions/human_action_recognition/train/010487_sitting.jpg,Bingsu/Human_Action_Recognition,sitting,0,1,0,0,0,0,0,0,0,0,0,0,0,0,0,0,1,0,0,0
data/external/actions/human_action_recognition/train/010488_listening_to_music.jpg,Bingsu/Human_Action_Recognition,listening_to_music,0,1,0,0,0,0,0,0,0,0,0,0,0,0,0,0,1,0,0,0
data/external/actions/human_action_recognition/train/010489_sitting.jpg,Bingsu/Human_Action_Recognition,sitting,0,1,0,0,0,0,0,0,0,0,0,0,0,0,0,0,1,0,0,0
data/external/actions/human_action_recognition/train/010490_clapping.jpg,Bingsu/Human_Action_Recognition,clapping,0,0,0,0,1,0,0,0,0,0,0,0,0,0,0,0,0,1,0,0
data/external/actions/human_action_recognition/train/010491_laughing.jpg,Bingsu/Human_Action_Recognition,laughing,1,0,0,0,0,0,0,0,0,0,0,0,0,0,0,0,1,0,0,0
data/external/actions/human_action_recognition/train/010492_clapping.jpg,Bingsu/Human_Action_Recognition,clapping,0,0,0,0,1,0,0,0,0,0,0,0,0,0,0,0,0,1,0,0
data/external/actions/human_action_recognition/train/010493_texting.jpg,Bingsu/Human_Action_Recognition,texting,0,1,0,0,0,0,0,0,0,0,0,0,0,0,0,0,1,0,0,0
data/external/actions/human_action_recognition/train/010494_clapping.jpg,Bingsu/Human_Action_Recognition,clapping,0,0,0,0,1,0,0,0,0,0,0,0,0,0,0,0,0,1,0,0
data/external/actions/human_action_recognition/train/010495_listening_to_music.jpg,Bingsu/Human_Action_Recognition,listening_to_music,0,1,0,0,0,0,0,0,0,0,0,0,0,0,0,0,1,0,0,0
data/external/actions/human_action_recognition/train/010496_cycling.jpg,Bingsu/Human_Action_Recognition,cycling,0,0,0,0,0,0,0,0,1,0,0,0,0,0,0,0,0,1,0,0
data/external/actions/human_action_recognition/train/010497_eating.jpg,Bingsu/Human_Action_Recognition,eating,0,0,0,0,0,0,0,0,0,0,0,0,0,1,0,0,0,0,0,0
data/external/actions/human_action_recognition/train/010498_listening_to_music.jpg,Bingsu/Human_Action_Recognition,listening_to_music,0,1,0,0,0,0,0,0,0,0,0,0,0,0,0,0,1,0,0,0
data/external/actions/human_action_recognition/train/010499_cycling.jpg,Bingsu/Human_Action_Recognition,cycling,0,0,0,0,0,0,0,0,1,0,0,0,0,0,0,0,0,1,0,0
data/external/actions/human_action_recognition/train/010500_sitting.jpg,Bingsu/Human_Action_Recognition,sitting,0,1,0,0,0,0,0,0,0,0,0,0,0,0,0,0,1,0,0,0
data/external/actions/human_action_recognition/train/010501_sleeping.jpg,Bingsu/Human_Action_Recognition,sleeping,0,0,1,0,0,0,0,0,0,0,0,0,0,0,0,0,1,0,0,0
data/external/actions/human_action_recognition/train/010502_running.jpg,Bingsu/Human_Action_Recognition,running,0,0,0,0,0,0,1,0,0,0,0,0,0,0,0,0,0,1,1,0
data/external/actions/human_action_recognition/train/010503_calling.jpg,Bingsu/Human_Action_Recognition,calling,1,0,0,0,0,0,0,0,0,0,0,0,0,0,0,0,1,0,0,0
data/external/actions/human_action_recognition/train/010504_sleeping.jpg,Bingsu/Human_Action_Recognition,sleeping,0,0,1,0,0,0,0,0,0,0,0,0,0,0,0,0,1,0,0,0
data/external/actions/human_action_recognition/train/010505_sitting.jpg,Bingsu/Human_Action_Recognition,sitting,0,1,0,0,0,0,0,0,0,0,0,0,0,0,0,0,1,0,0,0
data/external/actions/human_action_recognition/train/010506_dancing.jpg,Bingsu/Human_Action_Recognition,dancing,0,0,0,0,0,0,0,0,0,0,1,0,0,0,0,0,0,1,0,0
data/external/actions/human_action_recognition/train/010507_drinking.jpg,Bingsu/Human_Action_Recognition,drinking,0,0,0,0,0,0,0,0,0,0,0,0,0,0,1,0,0,0,0,0
data/external/actions/human_action_recognition/train/010508_drinking.jpg,Bingsu/Human_Action_Recognition,drinking,0,0,0,0,0,0,0,0,0,0,0,0,0,0,1,0,0,0,0,0
data/external/actions/human_action_recognition/train/010509_eating.jpg,Bingsu/Human_Action_Recognition,eating,0,0,0,0,0,0,0,0,0,0,0,0,0,1,0,0,0,0,0,0
data/external/actions/human_action_recognition/train/010510_eating.jpg,Bingsu/Human_Action_Recognition,eating,0,0,0,0,0,0,0,0,0,0,0,0,0,1,0,0,0,0,0,0
data/external/actions/human_action_recognition/train/010511_running.jpg,Bingsu/Human_Action_Recognition,running,0,0,0,0,0,0,1,0,0,0,0,0,0,0,0,0,0,1,1,0
data/external/actions/human_action_recognition/train/010512_texting.jpg,Bingsu/Human_Action_Recognition,texting,0,1,0,0,0,0,0,0,0,0,0,0,0,0,0,0,1,0,0,0
data/external/actions/human_action_recognition/train/010513_running.jpg,Bingsu/Human_Action_Recognition,running,0,0,0,0,0,0,1,0,0,0,0,0,0,0,0,0,0,1,1,0
data/external/actions/human_action_recognition/train/010514_drinking.jpg,Bingsu/Human_Action_Recognition,drinking,0,0,0,0,0,0,0,0,0,0,0,0,0,0,1,0,0,0,0,0
data/external/actions/human_action_recognition/train/010515_dancing.jpg,Bingsu/Human_Action_Recognition,dancing,0,0,0,0,0,0,0,0,0,0,1,0,0,0,0,0,0,1,0,0
data/external/actions/human_action_recognition/train/010516_clapping.jpg,Bingsu/Human_Action_Recognition,clapping,0,0,0,0,1,0,0,0,0,0,0,0,0,0,0,0,0,1,0,0
data/external/actions/human_action_recognition/train/010517_dancing.jpg,Bingsu/Human_Action_Recognition,dancing,0,0,0,0,0,0,0,0,0,0,1,0,0,0,0,0,0,1,0,0
data/external/actions/human_action_recognition/train/010518_clapping.jpg,Bingsu/Human_Action_Recognition,clapping,0,0,0,0,1,0,0,0,0,0,0,0,0,0,0,0,0,1,0,0
data/external/actions/human_action_recognition/train/010519_laughing.jpg,Bingsu/Human_Action_Recognition,laughing,1,0,0,0,0,0,0,0,0,0,0,0,0,0,0,0,1,0,0,0
data/external/actions/human_action_recognition/train/010520_using_laptop.jpg,Bingsu/Human_Action_Recognition,using_laptop,0,1,0,0,0,0,0,0,0,0,0,0,1,0,0,0,1,0,0,0
data/external/actions/human_action_recognition/train/010521_laughing.jpg,Bingsu/Human_Action_Recognition,laughing,1,0,0,0,0,0,0,0,0,0,0,0,0,0,0,0,1,0,0,0
data/external/actions/human_action_recognition/train/010522_calling.jpg,Bingsu/Human_Action_Recognition,calling,1,0,0,0,0,0,0,0,0,0,0,0,0,0,0,0,1,0,0,0
data/external/actions/human_action_recognition/train/010523_using_laptop.jpg,Bingsu/Human_Action_Recognition,using_laptop,0,1,0,0,0,0,0,0,0,0,0,0,1,0,0,0,1,0,0,0
data/external/actions/human_action_recognition/train/010524_eating.jpg,Bingsu/Human_Action_Recognition,eating,0,0,0,0,0,0,0,0,0,0,0,0,0,1,0,0,0,0,0,0
data/external/actions/human_action_recognition/train/010525_using_laptop.jpg,Bingsu/Human_Action_Recognition,using_laptop,0,1,0,0,0,0,0,0,0,0,0,0,1,0,0,0,1,0,0,0
data/external/actions/human_action_recognition/train/010526_cycling.jpg,Bingsu/Human_Action_Recognition,cycling,0,0,0,0,0,0,0,0,1,0,0,0,0,0,0,0,0,1,0,0
data/external/actions/human_action_recognition/train/010527_calling.jpg,Bingsu/Human_Action_Recognition,calling,1,0,0,0,0,0,0,0,0,0,0,0,0,0,0,0,1,0,0,0
data/external/actions/human_action_recognition/train/010528_sitting.jpg,Bingsu/Human_Action_Recognition,sitting,0,1,0,0,0,0,0,0,0,0,0,0,0,0,0,0,1,0,0,0
data/external/actions/human_action_recognition/train/010529_laughing.jpg,Bingsu/Human_Action_Recognition,laughing,1,0,0,0,0,0,0,0,0,0,0,0,0,0,0,0,1,0,0,0
data/external/actions/human_action_recognition/train/010530_eating.jpg,Bingsu/Human_Action_Recognition,eating,0,0,0,0,0,0,0,0,0,0,0,0,0,1,0,0,0,0,0,0
data/external/actions/human_action_recognition/train/010531_drinking.jpg,Bingsu/Human_Action_Recognition,drinking,0,0,0,0,0,0,0,0,0,0,0,0,0,0,1,0,0,0,0,0
data/external/actions/human_action_recognition/train/010532_running.jpg,Bingsu/Human_Action_Recognition,running,0,0,0,0,0,0,1,0,0,0,0,0,0,0,0,0,0,1,1,0
data/external/actions/human_action_recognition/train/010533_drinking.jpg,Bingsu/Human_Action_Recognition,drinking,0,0,0,0,0,0,0,0,0,0,0,0,0,0,1,0,0,0,0,0
data/external/actions/human_action_recognition/train/010534_drinking.jpg,Bingsu/Human_Action_Recognition,drinking,0,0,0,0,0,0,0,0,0,0,0,0,0,0,1,0,0,0,0,0
data/external/actions/human_action_recognition/train/010535_using_laptop.jpg,Bingsu/Human_Action_Recognition,using_laptop,0,1,0,0,0,0,0,0,0,0,0,0,1,0,0,0,1,0,0,0
data/external/actions/human_action_recognition/train/010536_fighting.jpg,Bingsu/Human_Action_Recognition,fighting,0,0,0,0,0,0,0,0,0,0,0,0,0,0,0,0,0,1,1,0
data/external/actions/human_action_recognition/train/010537_listening_to_music.jpg,Bingsu/Human_Action_Recognition,listening_to_music,0,1,0,0,0,0,0,0,0,0,0,0,0,0,0,0,1,0,0,0
data/external/actions/human_action_recognition/train/010538_texting.jpg,Bingsu/Human_Action_Recognition,texting,0,1,0,0,0,0,0,0,0,0,0,0,0,0,0,0,1,0,0,0
data/external/actions/human_action_recognition/train/010539_cycling.jpg,Bingsu/Human_Action_Recognition,cycling,0,0,0,0,0,0,0,0,1,0,0,0,0,0,0,0,0,1,0,0
data/external/actions/human_action_recognition/train/010540_texting.jpg,Bingsu/Human_Action_Recognition,texting,0,1,0,0,0,0,0,0,0,0,0,0,0,0,0,0,1,0,0,0
data/external/actions/human_action_recognition/train/010541_running.jpg,Bingsu/Human_Action_Recognition,running,0,0,0,0,0,0,1,0,0,0,0,0,0,0,0,0,0,1,1,0
data/external/actions/human_action_recognition/train/010542_hugging.jpg,Bingsu/Human_Action_Recognition,hugging,1,0,0,0,0,0,0,0,0,0,0,0,0,0,0,0,1,0,0,0
data/external/actions/human_action_recognition/train/010543_laughing.jpg,Bingsu/Human_Action_Recognition,laughing,1,0,0,0,0,0,0,0,0,0,0,0,0,0,0,0,1,0,0,0
data/external/actions/human_action_recognition/train/010544_clapping.jpg,Bingsu/Human_Action_Recognition,clapping,0,0,0,0,1,0,0,0,0,0,0,0,0,0,0,0,0,1,0,0
data/external/actions/human_action_recognition/train/010545_running.jpg,Bingsu/Human_Action_Recognition,running,0,0,0,0,0,0,1,0,0,0,0,0,0,0,0,0,0,1,1,0
data/external/actions/human_action_recognition/train/010546_running.jpg,Bingsu/Human_Action_Recognition,running,0,0,0,0,0,0,1,0,0,0,0,0,0,0,0,0,0,1,1,0
data/external/actions/human_action_recognition/train/010547_texting.jpg,Bingsu/Human_Action_Recognition,texting,0,1,0,0,0,0,0,0,0,0,0,0,0,0,0,0,1,0,0,0
data/external/actions/human_action_recognition/train/010548_laughing.jpg,Bingsu/Human_Action_Recognition,laughing,1,0,0,0,0,0,0,0,0,0,0,0,0,0,0,0,1,0,0,0
data/external/actions/human_action_recognition/train/010549_eating.jpg,Bingsu/Human_Action_Recognition,eating,0,0,0,0,0,0,0,0,0,0,0,0,0,1,0,0,0,0,0,0
data/external/actions/human_action_recognition/train/010550_hugging.jpg,Bingsu/Human_Action_Recognition,hugging,1,0,0,0,0,0,0,0,0,0,0,0,0,0,0,0,1,0,0,0
data/external/actions/human_action_recognition/train/010551_laughing.jpg,Bingsu/Human_Action_Recognition,laughing,1,0,0,0,0,0,0,0,0,0,0,0,0,0,0,0,1,0,0,0
data/external/actions/human_action_recognition/train/010552_cycling.jpg,Bingsu/Human_Action_Recognition,cycling,0,0,0,0,0,0,0,0,1,0,0,0,0,0,0,0,0,1,0,0
data/external/actions/human_action_recognition/train/010553_listening_to_music.jpg,Bingsu/Human_Action_Recognition,listening_to_music,0,1,0,0,0,0,0,0,0,0,0,0,0,0,0,0,1,0,0,0
data/external/actions/human_action_recognition/train/010554_calling.jpg,Bingsu/Human_Action_Recognition,calling,1,0,0,0,0,0,0,0,0,0,0,0,0,0,0,0,1,0,0,0
data/external/actions/human_action_recognition/train/010555_drinking.jpg,Bingsu/Human_Action_Recognition,drinking,0,0,0,0,0,0,0,0,0,0,0,0,0,0,1,0,0,0,0,0
data/external/actions/human_action_recognition/train/010556_hugging.jpg,Bingsu/Human_Action_Recognition,hugging,1,0,0,0,0,0,0,0,0,0,0,0,0,0,0,0,1,0,0,0
data/external/actions/human_action_recognition/train/010557_sleeping.jpg,Bingsu/Human_Action_Recognition,sleeping,0,0,1,0,0,0,0,0,0,0,0,0,0,0,0,0,1,0,0,0
data/external/actions/human_action_recognition/train/010558_using_laptop.jpg,Bingsu/Human_Action_Recognition,using_laptop,0,1,0,0,0,0,0,0,0,0,0,0,1,0,0,0,1,0,0,0
data/external/actions/human_action_recognition/train/010559_calling.jpg,Bingsu/Human_Action_Recognition,calling,1,0,0,0,0,0,0,0,0,0,0,0,0,0,0,0,1,0,0,0
data/external/actions/human_action_recognition/train/010560_dancing.jpg,Bingsu/Human_Action_Recognition,dancing,0,0,0,0,0,0,0,0,0,0,1,0,0,0,0,0,0,1,0,0
data/external/actions/human_action_recognition/train/010561_laughing.jpg,Bingsu/Human_Action_Recognition,laughing,1,0,0,0,0,0,0,0,0,0,0,0,0,0,0,0,1,0,0,0
data/external/actions/human_action_recognition/train/010562_cycling.jpg,Bingsu/Human_Action_Recognition,cycling,0,0,0,0,0,0,0,0,1,0,0,0,0,0,0,0,0,1,0,0
data/external/actions/human_action_recognition/train/010563_running.jpg,Bingsu/Human_Action_Recognition,running,0,0,0,0,0,0,1,0,0,0,0,0,0,0,0,0,0,1,1,0
data/external/actions/human_action_recognition/train/010564_drinking.jpg,Bingsu/Human_Action_Recognition,drinking,0,0,0,0,0,0,0,0,0,0,0,0,0,0,1,0,0,0,0,0
data/external/actions/human_action_recognition/train/010565_fighting.jpg,Bingsu/Human_Action_Recognition,fighting,0,0,0,0,0,0,0,0,0,0,0,0,0,0,0,0,0,1,1,0
data/external/actions/human_action_recognition/train/010566_eating.jpg,Bingsu/Human_Action_Recognition,eating,0,0,0,0,0,0,0,0,0,0,0,0,0,1,0,0,0,0,0,0
data/external/actions/human_action_recognition/train/010567_running.jpg,Bingsu/Human_Action_Recognition,running,0,0,0,0,0,0,1,0,0,0,0,0,0,0,0,0,0,1,1,0
data/external/actions/human_action_recognition/train/010568_drinking.jpg,Bingsu/Human_Action_Recognition,drinking,0,0,0,0,0,0,0,0,0,0,0,0,0,0,1,0,0,0,0,0
data/external/actions/human_action_recognition/train/010569_laughing.jpg,Bingsu/Human_Action_Recognition,laughing,1,0,0,0,0,0,0,0,0,0,0,0,0,0,0,0,1,0,0,0
data/external/actions/human_action_recognition/train/010570_clapping.jpg,Bingsu/Human_Action_Recognition,clapping,0,0,0,0,1,0,0,0,0,0,0,0,0,0,0,0,0,1,0,0
data/external/actions/human_action_recognition/train/010571_using_laptop.jpg,Bingsu/Human_Action_Recognition,using_laptop,0,1,0,0,0,0,0,0,0,0,0,0,1,0,0,0,1,0,0,0
data/external/actions/human_action_recognition/train/010572_drinking.jpg,Bingsu/Human_Action_Recognition,drinking,0,0,0,0,0,0,0,0,0,0,0,0,0,0,1,0,0,0,0,0
data/external/actions/human_action_recognition/train/010573_laughing.jpg,Bingsu/Human_Action_Recognition,laughing,1,0,0,0,0,0,0,0,0,0,0,0,0,0,0,0,1,0,0,0
data/external/actions/human_action_recognition/train/010574_listening_to_music.jpg,Bingsu/Human_Action_Recognition,listening_to_music,0,1,0,0,0,0,0,0,0,0,0,0,0,0,0,0,1,0,0,0
data/external/actions/human_action_recognition/train/010575_texting.jpg,Bingsu/Human_Action_Recognition,texting,0,1,0,0,0,0,0,0,0,0,0,0,0,0,0,0,1,0,0,0
data/external/actions/human_action_recognition/train/010576_eating.jpg,Bingsu/Human_Action_Recognition,eating,0,0,0,0,0,0,0,0,0,0,0,0,0,1,0,0,0,0,0,0
data/external/actions/human_action_recognition/train/010577_fighting.jpg,Bingsu/Human_Action_Recognition,fighting,0,0,0,0,0,0,0,0,0,0,0,0,0,0,0,0,0,1,1,0
data/external/actions/human_action_recognition/train/010578_eating.jpg,Bingsu/Human_Action_Recognition,eating,0,0,0,0,0,0,0,0,0,0,0,0,0,1,0,0,0,0,0,0
data/external/actions/human_action_recognition/train/010579_clapping.jpg,Bingsu/Human_Action_Recognition,clapping,0,0,0,0,1,0,0,0,0,0,0,0,0,0,0,0,0,1,0,0
data/external/actions/human_action_recognition/train/010580_listening_to_music.jpg,Bingsu/Human_Action_Recognition,listening_to_music,0,1,0,0,0,0,0,0,0,0,0,0,0,0,0,0,1,0,0,0
data/external/actions/human_action_recognition/train/010581_cycling.jpg,Bingsu/Human_Action_Recognition,cycling,0,0,0,0,0,0,0,0,1,0,0,0,0,0,0,0,0,1,0,0
data/external/actions/human_action_recognition/train/010582_calling.jpg,Bingsu/Human_Action_Recognition,calling,1,0,0,0,0,0,0,0,0,0,0,0,0,0,0,0,1,0,0,0
data/external/actions/human_action_recognition/train/010583_texting.jpg,Bingsu/Human_Action_Recognition,texting,0,1,0,0,0,0,0,0,0,0,0,0,0,0,0,0,1,0,0,0
data/external/actions/human_action_recognition/train/010584_fighting.jpg,Bingsu/Human_Action_Recognition,fighting,0,0,0,0,0,0,0,0,0,0,0,0,0,0,0,0,0,1,1,0
data/external/actions/human_action_recognition/train/010585_sitting.jpg,Bingsu/Human_Action_Recognition,sitting,0,1,0,0,0,0,0,0,0,0,0,0,0,0,0,0,1,0,0,0
data/external/actions/human_action_recognition/train/010586_eating.jpg,Bingsu/Human_Action_Recognition,eating,0,0,0,0,0,0,0,0,0,0,0,0,0,1,0,0,0,0,0,0
data/external/actions/human_action_recognition/train/010587_listening_to_music.jpg,Bingsu/Human_Action_Recognition,listening_to_music,0,1,0,0,0,0,0,0,0,0,0,0,0,0,0,0,1,0,0,0
data/external/actions/human_action_recognition/train/010588_fighting.jpg,Bingsu/Human_Action_Recognition,fighting,0,0,0,0,0,0,0,0,0,0,0,0,0,0,0,0,0,1,1,0
data/external/actions/human_action_recognition/train/010589_sleeping.jpg,Bingsu/Human_Action_Recognition,sleeping,0,0,1,0,0,0,0,0,0,0,0,0,0,0,0,0,1,0,0,0
data/external/actions/human_action_recognition/train/010590_clapping.jpg,Bingsu/Human_Action_Recognition,clapping,0,0,0,0,1,0,0,0,0,0,0,0,0,0,0,0,0,1,0,0
data/external/actions/human_action_recognition/train/010591_texting.jpg,Bingsu/Human_Action_Recognition,texting,0,1,0,0,0,0,0,0,0,0,0,0,0,0,0,0,1,0,0,0
data/external/actions/human_action_recognition/train/010592_sleeping.jpg,Bingsu/Human_Action_Recognition,sleeping,0,0,1,0,0,0,0,0,0,0,0,0,0,0,0,0,1,0,0,0
data/external/actions/human_action_recognition/train/010593_fighting.jpg,Bingsu/Human_Action_Recognition,fighting,0,0,0,0,0,0,0,0,0,0,0,0,0,0,0,0,0,1,1,0
data/external/actions/human_action_recognition/train/010594_hugging.jpg,Bingsu/Human_Action_Recognition,hugging,1,0,0,0,0,0,0,0,0,0,0,0,0,0,0,0,1,0,0,0
data/external/actions/human_action_recognition/train/010595_drinking.jpg,Bingsu/Human_Action_Recognition,drinking,0,0,0,0,0,0,0,0,0,0,0,0,0,0,1,0,0,0,0,0
data/external/actions/human_action_recognition/train/010596_using_laptop.jpg,Bingsu/Human_Action_Recognition,using_laptop,0,1,0,0,0,0,0,0,0,0,0,0,1,0,0,0,1,0,0,0
data/external/actions/human_action_recognition/train/010597_listening_to_music.jpg,Bingsu/Human_Action_Recognition,listening_to_music,0,1,0,0,0,0,0,0,0,0,0,0,0,0,0,0,1,0,0,0
data/external/actions/human_action_recognition/train/010598_laughing.jpg,Bingsu/Human_Action_Recognition,laughing,1,0,0,0,0,0,0,0,0,0,0,0,0,0,0,0,1,0,0,0
data/external/actions/human_action_recognition/train/010599_laughing.jpg,Bingsu/Human_Action_Recognition,laughing,1,0,0,0,0,0,0,0,0,0,0,0,0,0,0,0,1,0,0,0
data/external/actions/human_action_recognition/train/010600_eating.jpg,Bingsu/Human_Action_Recognition,eating,0,0,0,0,0,0,0,0,0,0,0,0,0,1,0,0,0,0,0,0
data/external/actions/human_action_recognition/train/010601_clapping.jpg,Bingsu/Human_Action_Recognition,clapping,0,0,0,0,1,0,0,0,0,0,0,0,0,0,0,0,0,1,0,0
data/external/actions/human_action_recognition/train/010602_hugging.jpg,Bingsu/Human_Action_Recognition,hugging,1,0,0,0,0,0,0,0,0,0,0,0,0,0,0,0,1,0,0,0
data/external/actions/human_action_recognition/train/010603_clapping.jpg,Bingsu/Human_Action_Recognition,clapping,0,0,0,0,1,0,0,0,0,0,0,0,0,0,0,0,0,1,0,0
data/external/actions/human_action_recognition/train/010604_texting.jpg,Bingsu/Human_Action_Recognition,texting,0,1,0,0,0,0,0,0,0,0,0,0,0,0,0,0,1,0,0,0
data/external/actions/human_action_recognition/train/010605_sitting.jpg,Bingsu/Human_Action_Recognition,sitting,0,1,0,0,0,0,0,0,0,0,0,0,0,0,0,0,1,0,0,0
data/external/actions/human_action_recognition/train/010606_cycling.jpg,Bingsu/Human_Action_Recognition,cycling,0,0,0,0,0,0,0,0,1,0,0,0,0,0,0,0,0,1,0,0
data/external/actions/human_action_recognition/train/010607_sleeping.jpg,Bingsu/Human_Action_Recognition,sleeping,0,0,1,0,0,0,0,0,0,0,0,0,0,0,0,0,1,0,0,0
data/external/actions/human_action_recognition/train/010608_laughing.jpg,Bingsu/Human_Action_Recognition,laughing,1,0,0,0,0,0,0,0,0,0,0,0,0,0,0,0,1,0,0,0
data/external/actions/human_action_recognition/train/010609_eating.jpg,Bingsu/Human_Action_Recognition,eating,0,0,0,0,0,0,0,0,0,0,0,0,0,1,0,0,0,0,0,0
data/external/actions/human_action_recognition/train/010610_drinking.jpg,Bingsu/Human_Action_Recognition,drinking,0,0,0,0,0,0,0,0,0,0,0,0,0,0,1,0,0,0,0,0
data/external/actions/human_action_recognition/train/010611_clapping.jpg,Bingsu/Human_Action_Recognition,clapping,0,0,0,0,1,0,0,0,0,0,0,0,0,0,0,0,0,1,0,0
data/external/actions/human_action_recognition/train/010612_sleeping.jpg,Bingsu/Human_Action_Recognition,sleeping,0,0,1,0,0,0,0,0,0,0,0,0,0,0,0,0,1,0,0,0
data/external/actions/human_action_recognition/train/010613_clapping.jpg,Bingsu/Human_Action_Recognition,clapping,0,0,0,0,1,0,0,0,0,0,0,0,0,0,0,0,0,1,0,0
data/external/actions/human_action_recognition/train/010614_listening_to_music.jpg,Bingsu/Human_Action_Recognition,listening_to_music,0,1,0,0,0,0,0,0,0,0,0,0,0,0,0,0,1,0,0,0
data/external/actions/human_action_recognition/train/010615_fighting.jpg,Bingsu/Human_Action_Recognition,fighting,0,0,0,0,0,0,0,0,0,0,0,0,0,0,0,0,0,1,1,0
data/external/actions/human_action_recognition/train/010616_sleeping.jpg,Bingsu/Human_Action_Recognition,sleeping,0,0,1,0,0,0,0,0,0,0,0,0,0,0,0,0,1,0,0,0
data/external/actions/human_action_recognition/train/010617_cycling.jpg,Bingsu/Human_Action_Recognition,cycling,0,0,0,0,0,0,0,0,1,0,0,0,0,0,0,0,0,1,0,0
data/external/actions/human_action_recognition/train/010618_dancing.jpg,Bingsu/Human_Action_Recognition,dancing,0,0,0,0,0,0,0,0,0,0,1,0,0,0,0,0,0,1,0,0
data/external/actions/human_action_recognition/train/010619_running.jpg,Bingsu/Human_Action_Recognition,running,0,0,0,0,0,0,1,0,0,0,0,0,0,0,0,0,0,1,1,0
data/external/actions/human_action_recognition/train/010620_listening_to_music.jpg,Bingsu/Human_Action_Recognition,listening_to_music,0,1,0,0,0,0,0,0,0,0,0,0,0,0,0,0,1,0,0,0
data/external/actions/human_action_recognition/train/010621_clapping.jpg,Bingsu/Human_Action_Recognition,clapping,0,0,0,0,1,0,0,0,0,0,0,0,0,0,0,0,0,1,0,0
data/external/actions/human_action_recognition/train/010622_laughing.jpg,Bingsu/Human_Action_Recognition,laughing,1,0,0,0,0,0,0,0,0,0,0,0,0,0,0,0,1,0,0,0
data/external/actions/human_action_recognition/train/010623_laughing.jpg,Bingsu/Human_Action_Recognition,laughing,1,0,0,0,0,0,0,0,0,0,0,0,0,0,0,0,1,0,0,0
data/external/actions/human_action_recognition/train/010624_sleeping.jpg,Bingsu/Human_Action_Recognition,sleeping,0,0,1,0,0,0,0,0,0,0,0,0,0,0,0,0,1,0,0,0
data/external/actions/human_action_recognition/train/010625_hugging.jpg,Bingsu/Human_Action_Recognition,hugging,1,0,0,0,0,0,0,0,0,0,0,0,0,0,0,0,1,0,0,0
data/external/actions/human_action_recognition/train/010626_sleeping.jpg,Bingsu/Human_Action_Recognition,sleeping,0,0,1,0,0,0,0,0,0,0,0,0,0,0,0,0,1,0,0,0
data/external/actions/human_action_recognition/train/010627_dancing.jpg,Bingsu/Human_Action_Recognition,dancing,0,0,0,0,0,0,0,0,0,0,1,0,0,0,0,0,0,1,0,0
data/external/actions/human_action_recognition/train/010628_texting.jpg,Bingsu/Human_Action_Recognition,texting,0,1,0,0,0,0,0,0,0,0,0,0,0,0,0,0,1,0,0,0
data/external/actions/human_action_recognition/train/010629_sleeping.jpg,Bingsu/Human_Action_Recognition,sleeping,0,0,1,0,0,0,0,0,0,0,0,0,0,0,0,0,1,0,0,0
data/external/actions/human_action_recognition/train/010630_clapping.jpg,Bingsu/Human_Action_Recognition,clapping,0,0,0,0,1,0,0,0,0,0,0,0,0,0,0,0,0,1,0,0
data/external/actions/human_action_recognition/train/010631_using_laptop.jpg,Bingsu/Human_Action_Recognition,using_laptop,0,1,0,0,0,0,0,0,0,0,0,0,1,0,0,0,1,0,0,0
data/external/actions/human_action_recognition/train/010632_fighting.jpg,Bingsu/Human_Action_Recognition,fighting,0,0,0,0,0,0,0,0,0,0,0,0,0,0,0,0,0,1,1,0
data/external/actions/human_action_recognition/train/010633_sleeping.jpg,Bingsu/Human_Action_Recognition,sleeping,0,0,1,0,0,0,0,0,0,0,0,0,0,0,0,0,1,0,0,0
data/external/actions/human_action_recognition/train/010634_listening_to_music.jpg,Bingsu/Human_Action_Recognition,listening_to_music,0,1,0,0,0,0,0,0,0,0,0,0,0,0,0,0,1,0,0,0
data/external/actions/human_action_recognition/train/010635_laughing.jpg,Bingsu/Human_Action_Recognition,laughing,1,0,0,0,0,0,0,0,0,0,0,0,0,0,0,0,1,0,0,0
data/external/actions/human_action_recognition/train/010636_texting.jpg,Bingsu/Human_Action_Recognition,texting,0,1,0,0,0,0,0,0,0,0,0,0,0,0,0,0,1,0,0,0
data/external/actions/human_action_recognition/train/010637_fighting.jpg,Bingsu/Human_Action_Recognition,fighting,0,0,0,0,0,0,0,0,0,0,0,0,0,0,0,0,0,1,1,0
data/external/actions/human_action_recognition/train/010638_clapping.jpg,Bingsu/Human_Action_Recognition,clapping,0,0,0,0,1,0,0,0,0,0,0,0,0,0,0,0,0,1,0,0
data/external/actions/human_action_recognition/train/010639_hugging.jpg,Bingsu/Human_Action_Recognition,hugging,1,0,0,0,0,0,0,0,0,0,0,0,0,0,0,0,1,0,0,0
data/external/actions/human_action_recognition/train/010640_sleeping.jpg,Bingsu/Human_Action_Recognition,sleeping,0,0,1,0,0,0,0,0,0,0,0,0,0,0,0,0,1,0,0,0
data/external/actions/human_action_recognition/train/010641_sitting.jpg,Bingsu/Human_Action_Recognition,sitting,0,1,0,0,0,0,0,0,0,0,0,0,0,0,0,0,1,0,0,0
data/external/actions/human_action_recognition/train/010642_listening_to_music.jpg,Bingsu/Human_Action_Recognition,listening_to_music,0,1,0,0,0,0,0,0,0,0,0,0,0,0,0,0,1,0,0,0
data/external/actions/human_action_recognition/train/010643_using_laptop.jpg,Bingsu/Human_Action_Recognition,using_laptop,0,1,0,0,0,0,0,0,0,0,0,0,1,0,0,0,1,0,0,0
data/external/actions/human_action_recognition/train/010644_eating.jpg,Bingsu/Human_Action_Recognition,eating,0,0,0,0,0,0,0,0,0,0,0,0,0,1,0,0,0,0,0,0
data/external/actions/human_action_recognition/train/010645_listening_to_music.jpg,Bingsu/Human_Action_Recognition,listening_to_music,0,1,0,0,0,0,0,0,0,0,0,0,0,0,0,0,1,0,0,0
data/external/actions/human_action_recognition/train/010646_sleeping.jpg,Bingsu/Human_Action_Recognition,sleeping,0,0,1,0,0,0,0,0,0,0,0,0,0,0,0,0,1,0,0,0
data/external/actions/human_action_recognition/train/010647_running.jpg,Bingsu/Human_Action_Recognition,running,0,0,0,0,0,0,1,0,0,0,0,0,0,0,0,0,0,1,1,0
data/external/actions/human_action_recognition/train/010648_eating.jpg,Bingsu/Human_Action_Recognition,eating,0,0,0,0,0,0,0,0,0,0,0,0,0,1,0,0,0,0,0,0
data/external/actions/human_action_recognition/train/010649_eating.jpg,Bingsu/Human_Action_Recognition,eating,0,0,0,0,0,0,0,0,0,0,0,0,0,1,0,0,0,0,0,0
data/external/actions/human_action_recognition/train/010650_cycling.jpg,Bingsu/Human_Action_Recognition,cycling,0,0,0,0,0,0,0,0,1,0,0,0,0,0,0,0,0,1,0,0
data/external/actions/human_action_recognition/train/010651_sitting.jpg,Bingsu/Human_Action_Recognition,sitting,0,1,0,0,0,0,0,0,0,0,0,0,0,0,0,0,1,0,0,0
data/external/actions/human_action_recognition/train/010652_laughing.jpg,Bingsu/Human_Action_Recognition,laughing,1,0,0,0,0,0,0,0,0,0,0,0,0,0,0,0,1,0,0,0
data/external/actions/human_action_recognition/train/010653_eating.jpg,Bingsu/Human_Action_Recognition,eating,0,0,0,0,0,0,0,0,0,0,0,0,0,1,0,0,0,0,0,0
data/external/actions/human_action_recognition/train/010654_dancing.jpg,Bingsu/Human_Action_Recognition,dancing,0,0,0,0,0,0,0,0,0,0,1,0,0,0,0,0,0,1,0,0
data/external/actions/human_action_recognition/train/010655_dancing.jpg,Bingsu/Human_Action_Recognition,dancing,0,0,0,0,0,0,0,0,0,0,1,0,0,0,0,0,0,1,0,0
data/external/actions/human_action_recognition/train/010656_dancing.jpg,Bingsu/Human_Action_Recognition,dancing,0,0,0,0,0,0,0,0,0,0,1,0,0,0,0,0,0,1,0,0
data/external/actions/human_action_recognition/train/010657_texting.jpg,Bingsu/Human_Action_Recognition,texting,0,1,0,0,0,0,0,0,0,0,0,0,0,0,0,0,1,0,0,0
data/external/actions/human_action_recognition/train/010658_eating.jpg,Bingsu/Human_Action_Recognition,eating,0,0,0,0,0,0,0,0,0,0,0,0,0,1,0,0,0,0,0,0
data/external/actions/human_action_recognition/train/010659_dancing.jpg,Bingsu/Human_Action_Recognition,dancing,0,0,0,0,0,0,0,0,0,0,1,0,0,0,0,0,0,1,0,0
data/external/actions/human_action_recognition/train/010660_sleeping.jpg,Bingsu/Human_Action_Recognition,sleeping,0,0,1,0,0,0,0,0,0,0,0,0,0,0,0,0,1,0,0,0
data/external/actions/human_action_recognition/train/010661_clapping.jpg,Bingsu/Human_Action_Recognition,clapping,0,0,0,0,1,0,0,0,0,0,0,0,0,0,0,0,0,1,0,0
data/external/actions/human_action_recognition/train/010662_fighting.jpg,Bingsu/Human_Action_Recognition,fighting,0,0,0,0,0,0,0,0,0,0,0,0,0,0,0,0,0,1,1,0
data/external/actions/human_action_recognition/train/010663_laughing.jpg,Bingsu/Human_Action_Recognition,laughing,1,0,0,0,0,0,0,0,0,0,0,0,0,0,0,0,1,0,0,0
data/external/actions/human_action_recognition/train/010664_clapping.jpg,Bingsu/Human_Action_Recognition,clapping,0,0,0,0,1,0,0,0,0,0,0,0,0,0,0,0,0,1,0,0
data/external/actions/human_action_recognition/train/010665_calling.jpg,Bingsu/Human_Action_Recognition,calling,1,0,0,0,0,0,0,0,0,0,0,0,0,0,0,0,1,0,0,0
data/external/actions/human_action_recognition/train/010666_laughing.jpg,Bingsu/Human_Action_Recognition,laughing,1,0,0,0,0,0,0,0,0,0,0,0,0,0,0,0,1,0,0,0
data/external/actions/human_action_recognition/train/010667_sleeping.jpg,Bingsu/Human_Action_Recognition,sleeping,0,0,1,0,0,0,0,0,0,0,0,0,0,0,0,0,1,0,0,0
data/external/actions/human_action_recognition/train/010668_fighting.jpg,Bingsu/Human_Action_Recognition,fighting,0,0,0,0,0,0,0,0,0,0,0,0,0,0,0,0,0,1,1,0
data/external/actions/human_action_recognition/train/010669_sleeping.jpg,Bingsu/Human_Action_Recognition,sleeping,0,0,1,0,0,0,0,0,0,0,0,0,0,0,0,0,1,0,0,0
data/external/actions/human_action_recognition/train/010670_drinking.jpg,Bingsu/Human_Action_Recognition,drinking,0,0,0,0,0,0,0,0,0,0,0,0,0,0,1,0,0,0,0,0
data/external/actions/human_action_recognition/train/010671_texting.jpg,Bingsu/Human_Action_Recognition,texting,0,1,0,0,0,0,0,0,0,0,0,0,0,0,0,0,1,0,0,0
data/external/actions/human_action_recognition/train/010672_listening_to_music.jpg,Bingsu/Human_Action_Recognition,listening_to_music,0,1,0,0,0,0,0,0,0,0,0,0,0,0,0,0,1,0,0,0
data/external/actions/human_action_recognition/train/010673_dancing.jpg,Bingsu/Human_Action_Recognition,dancing,0,0,0,0,0,0,0,0,0,0,1,0,0,0,0,0,0,1,0,0
data/external/actions/human_action_recognition/train/010674_running.jpg,Bingsu/Human_Action_Recognition,running,0,0,0,0,0,0,1,0,0,0,0,0,0,0,0,0,0,1,1,0
data/external/actions/human_action_recognition/train/010675_sleeping.jpg,Bingsu/Human_Action_Recognition,sleeping,0,0,1,0,0,0,0,0,0,0,0,0,0,0,0,0,1,0,0,0
data/external/actions/human_action_recognition/train/010676_sitting.jpg,Bingsu/Human_Action_Recognition,sitting,0,1,0,0,0,0,0,0,0,0,0,0,0,0,0,0,1,0,0,0
data/external/actions/human_action_recognition/train/010677_using_laptop.jpg,Bingsu/Human_Action_Recognition,using_laptop,0,1,0,0,0,0,0,0,0,0,0,0,1,0,0,0,1,0,0,0
data/external/actions/human_action_recognition/train/010678_eating.jpg,Bingsu/Human_Action_Recognition,eating,0,0,0,0,0,0,0,0,0,0,0,0,0,1,0,0,0,0,0,0
data/external/actions/human_action_recognition/train/010679_dancing.jpg,Bingsu/Human_Action_Recognition,dancing,0,0,0,0,0,0,0,0,0,0,1,0,0,0,0,0,0,1,0,0
data/external/actions/human_action_recognition/train/010680_using_laptop.jpg,Bingsu/Human_Action_Recognition,using_laptop,0,1,0,0,0,0,0,0,0,0,0,0,1,0,0,0,1,0,0,0
data/external/actions/human_action_recognition/train/010681_hugging.jpg,Bingsu/Human_Action_Recognition,hugging,1,0,0,0,0,0,0,0,0,0,0,0,0,0,0,0,1,0,0,0
data/external/actions/human_action_recognition/train/010682_using_laptop.jpg,Bingsu/Human_Action_Recognition,using_laptop,0,1,0,0,0,0,0,0,0,0,0,0,1,0,0,0,1,0,0,0
data/external/actions/human_action_recognition/train/010683_hugging.jpg,Bingsu/Human_Action_Recognition,hugging,1,0,0,0,0,0,0,0,0,0,0,0,0,0,0,0,1,0,0,0
data/external/actions/human_action_recognition/train/010684_dancing.jpg,Bingsu/Human_Action_Recognition,dancing,0,0,0,0,0,0,0,0,0,0,1,0,0,0,0,0,0,1,0,0
data/external/actions/human_action_recognition/train/010685_laughing.jpg,Bingsu/Human_Action_Recognition,laughing,1,0,0,0,0,0,0,0,0,0,0,0,0,0,0,0,1,0,0,0
data/external/actions/human_action_recognition/train/010686_cycling.jpg,Bingsu/Human_Action_Recognition,cycling,0,0,0,0,0,0,0,0,1,0,0,0,0,0,0,0,0,1,0,0
data/external/actions/human_action_recognition/train/010687_texting.jpg,Bingsu/Human_Action_Recognition,texting,0,1,0,0,0,0,0,0,0,0,0,0,0,0,0,0,1,0,0,0
data/external/actions/human_action_recognition/train/010688_sitting.jpg,Bingsu/Human_Action_Recognition,sitting,0,1,0,0,0,0,0,0,0,0,0,0,0,0,0,0,1,0,0,0
data/external/actions/human_action_recognition/train/010689_eating.jpg,Bingsu/Human_Action_Recognition,eating,0,0,0,0,0,0,0,0,0,0,0,0,0,1,0,0,0,0,0,0
data/external/actions/human_action_recognition/train/010690_fighting.jpg,Bingsu/Human_Action_Recognition,fighting,0,0,0,0,0,0,0,0,0,0,0,0,0,0,0,0,0,1,1,0
data/external/actions/human_action_recognition/train/010691_eating.jpg,Bingsu/Human_Action_Recognition,eating,0,0,0,0,0,0,0,0,0,0,0,0,0,1,0,0,0,0,0,0
data/external/actions/human_action_recognition/train/010692_drinking.jpg,Bingsu/Human_Action_Recognition,drinking,0,0,0,0,0,0,0,0,0,0,0,0,0,0,1,0,0,0,0,0
data/external/actions/human_action_recognition/train/010693_fighting.jpg,Bingsu/Human_Action_Recognition,fighting,0,0,0,0,0,0,0,0,0,0,0,0,0,0,0,0,0,1,1,0
data/external/actions/human_action_recognition/train/010694_using_laptop.jpg,Bingsu/Human_Action_Recognition,using_laptop,0,1,0,0,0,0,0,0,0,0,0,0,1,0,0,0,1,0,0,0
data/external/actions/human_action_recognition/train/010695_sitting.jpg,Bingsu/Human_Action_Recognition,sitting,0,1,0,0,0,0,0,0,0,0,0,0,0,0,0,0,1,0,0,0
data/external/actions/human_action_recognition/train/010696_clapping.jpg,Bingsu/Human_Action_Recognition,clapping,0,0,0,0,1,0,0,0,0,0,0,0,0,0,0,0,0,1,0,0
data/external/actions/human_action_recognition/train/010697_drinking.jpg,Bingsu/Human_Action_Recognition,drinking,0,0,0,0,0,0,0,0,0,0,0,0,0,0,1,0,0,0,0,0
data/external/actions/human_action_recognition/train/010698_running.jpg,Bingsu/Human_Action_Recognition,running,0,0,0,0,0,0,1,0,0,0,0,0,0,0,0,0,0,1,1,0
data/external/actions/human_action_recognition/train/010699_drinking.jpg,Bingsu/Human_Action_Recognition,drinking,0,0,0,0,0,0,0,0,0,0,0,0,0,0,1,0,0,0,0,0
data/external/actions/human_action_recognition/train/010700_clapping.jpg,Bingsu/Human_Action_Recognition,clapping,0,0,0,0,1,0,0,0,0,0,0,0,0,0,0,0,0,1,0,0
data/external/actions/human_action_recognition/train/010701_calling.jpg,Bingsu/Human_Action_Recognition,calling,1,0,0,0,0,0,0,0,0,0,0,0,0,0,0,0,1,0,0,0
data/external/actions/human_action_recognition/train/010702_dancing.jpg,Bingsu/Human_Action_Recognition,dancing,0,0,0,0,0,0,0,0,0,0,1,0,0,0,0,0,0,1,0,0
data/external/actions/human_action_recognition/train/010703_texting.jpg,Bingsu/Human_Action_Recognition,texting,0,1,0,0,0,0,0,0,0,0,0,0,0,0,0,0,1,0,0,0
data/external/actions/human_action_recognition/train/010704_texting.jpg,Bingsu/Human_Action_Recognition,texting,0,1,0,0,0,0,0,0,0,0,0,0,0,0,0,0,1,0,0,0
data/external/actions/human_action_recognition/train/010705_running.jpg,Bingsu/Human_Action_Recognition,running,0,0,0,0,0,0,1,0,0,0,0,0,0,0,0,0,0,1,1,0
data/external/actions/human_action_recognition/train/010706_sitting.jpg,Bingsu/Human_Action_Recognition,sitting,0,1,0,0,0,0,0,0,0,0,0,0,0,0,0,0,1,0,0,0
data/external/actions/human_action_recognition/train/010707_dancing.jpg,Bingsu/Human_Action_Recognition,dancing,0,0,0,0,0,0,0,0,0,0,1,0,0,0,0,0,0,1,0,0
data/external/actions/human_action_recognition/train/010708_hugging.jpg,Bingsu/Human_Action_Recognition,hugging,1,0,0,0,0,0,0,0,0,0,0,0,0,0,0,0,1,0,0,0
data/external/actions/human_action_recognition/train/010709_drinking.jpg,Bingsu/Human_Action_Recognition,drinking,0,0,0,0,0,0,0,0,0,0,0,0,0,0,1,0,0,0,0,0
data/external/actions/human_action_recognition/train/010710_sitting.jpg,Bingsu/Human_Action_Recognition,sitting,0,1,0,0,0,0,0,0,0,0,0,0,0,0,0,0,1,0,0,0
data/external/actions/human_action_recognition/train/010711_calling.jpg,Bingsu/Human_Action_Recognition,calling,1,0,0,0,0,0,0,0,0,0,0,0,0,0,0,0,1,0,0,0
data/external/actions/human_action_recognition/train/010712_hugging.jpg,Bingsu/Human_Action_Recognition,hugging,1,0,0,0,0,0,0,0,0,0,0,0,0,0,0,0,1,0,0,0
data/external/actions/human_action_recognition/train/010713_eating.jpg,Bingsu/Human_Action_Recognition,eating,0,0,0,0,0,0,0,0,0,0,0,0,0,1,0,0,0,0,0,0
data/external/actions/human_action_recognition/train/010714_sitting.jpg,Bingsu/Human_Action_Recognition,sitting,0,1,0,0,0,0,0,0,0,0,0,0,0,0,0,0,1,0,0,0
data/external/actions/human_action_recognition/train/010715_clapping.jpg,Bingsu/Human_Action_Recognition,clapping,0,0,0,0,1,0,0,0,0,0,0,0,0,0,0,0,0,1,0,0
data/external/actions/human_action_recognition/train/010716_using_laptop.jpg,Bingsu/Human_Action_Recognition,using_laptop,0,1,0,0,0,0,0,0,0,0,0,0,1,0,0,0,1,0,0,0
data/external/actions/human_action_recognition/train/010717_listening_to_music.jpg,Bingsu/Human_Action_Recognition,listening_to_music,0,1,0,0,0,0,0,0,0,0,0,0,0,0,0,0,1,0,0,0
data/external/actions/human_action_recognition/train/010718_sleeping.jpg,Bingsu/Human_Action_Recognition,sleeping,0,0,1,0,0,0,0,0,0,0,0,0,0,0,0,0,1,0,0,0
data/external/actions/human_action_recognition/train/010719_clapping.jpg,Bingsu/Human_Action_Recognition,clapping,0,0,0,0,1,0,0,0,0,0,0,0,0,0,0,0,0,1,0,0
data/external/actions/human_action_recognition/train/010720_running.jpg,Bingsu/Human_Action_Recognition,running,0,0,0,0,0,0,1,0,0,0,0,0,0,0,0,0,0,1,1,0
data/external/actions/human_action_recognition/train/010721_hugging.jpg,Bingsu/Human_Action_Recognition,hugging,1,0,0,0,0,0,0,0,0,0,0,0,0,0,0,0,1,0,0,0
data/external/actions/human_action_recognition/train/010722_listening_to_music.jpg,Bingsu/Human_Action_Recognition,listening_to_music,0,1,0,0,0,0,0,0,0,0,0,0,0,0,0,0,1,0,0,0
data/external/actions/human_action_recognition/train/010723_dancing.jpg,Bingsu/Human_Action_Recognition,dancing,0,0,0,0,0,0,0,0,0,0,1,0,0,0,0,0,0,1,0,0
data/external/actions/human_action_recognition/train/010724_fighting.jpg,Bingsu/Human_Action_Recognition,fighting,0,0,0,0,0,0,0,0,0,0,0,0,0,0,0,0,0,1,1,0
data/external/actions/human_action_recognition/train/010725_sleeping.jpg,Bingsu/Human_Action_Recognition,sleeping,0,0,1,0,0,0,0,0,0,0,0,0,0,0,0,0,1,0,0,0
data/external/actions/human_action_recognition/train/010726_dancing.jpg,Bingsu/Human_Action_Recognition,dancing,0,0,0,0,0,0,0,0,0,0,1,0,0,0,0,0,0,1,0,0
data/external/actions/human_action_recognition/train/010727_dancing.jpg,Bingsu/Human_Action_Recognition,dancing,0,0,0,0,0,0,0,0,0,0,1,0,0,0,0,0,0,1,0,0
data/external/actions/human_action_recognition/train/010728_running.jpg,Bingsu/Human_Action_Recognition,running,0,0,0,0,0,0,1,0,0,0,0,0,0,0,0,0,0,1,1,0
data/external/actions/human_action_recognition/train/010729_hugging.jpg,Bingsu/Human_Action_Recognition,hugging,1,0,0,0,0,0,0,0,0,0,0,0,0,0,0,0,1,0,0,0
data/external/actions/human_action_recognition/train/010730_sitting.jpg,Bingsu/Human_Action_Recognition,sitting,0,1,0,0,0,0,0,0,0,0,0,0,0,0,0,0,1,0,0,0
data/external/actions/human_action_recognition/train/010731_calling.jpg,Bingsu/Human_Action_Recognition,calling,1,0,0,0,0,0,0,0,0,0,0,0,0,0,0,0,1,0,0,0
data/external/actions/human_action_recognition/train/010732_calling.jpg,Bingsu/Human_Action_Recognition,calling,1,0,0,0,0,0,0,0,0,0,0,0,0,0,0,0,1,0,0,0
data/external/actions/human_action_recognition/train/010733_eating.jpg,Bingsu/Human_Action_Recognition,eating,0,0,0,0,0,0,0,0,0,0,0,0,0,1,0,0,0,0,0,0
data/external/actions/human_action_recognition/train/010734_eating.jpg,Bingsu/Human_Action_Recognition,eating,0,0,0,0,0,0,0,0,0,0,0,0,0,1,0,0,0,0,0,0
data/external/actions/human_action_recognition/train/010735_fighting.jpg,Bingsu/Human_Action_Recognition,fighting,0,0,0,0,0,0,0,0,0,0,0,0,0,0,0,0,0,1,1,0
data/external/actions/human_action_recognition/train/010736_running.jpg,Bingsu/Human_Action_Recognition,running,0,0,0,0,0,0,1,0,0,0,0,0,0,0,0,0,0,1,1,0
data/external/actions/human_action_recognition/train/010737_cycling.jpg,Bingsu/Human_Action_Recognition,cycling,0,0,0,0,0,0,0,0,1,0,0,0,0,0,0,0,0,1,0,0
data/external/actions/human_action_recognition/train/010738_cycling.jpg,Bingsu/Human_Action_Recognition,cycling,0,0,0,0,0,0,0,0,1,0,0,0,0,0,0,0,0,1,0,0
data/external/actions/human_action_recognition/train/010739_dancing.jpg,Bingsu/Human_Action_Recognition,dancing,0,0,0,0,0,0,0,0,0,0,1,0,0,0,0,0,0,1,0,0
data/external/actions/human_action_recognition/train/010740_texting.jpg,Bingsu/Human_Action_Recognition,texting,0,1,0,0,0,0,0,0,0,0,0,0,0,0,0,0,1,0,0,0
data/external/actions/human_action_recognition/train/010741_dancing.jpg,Bingsu/Human_Action_Recognition,dancing,0,0,0,0,0,0,0,0,0,0,1,0,0,0,0,0,0,1,0,0
data/external/actions/human_action_recognition/train/010742_fighting.jpg,Bingsu/Human_Action_Recognition,fighting,0,0,0,0,0,0,0,0,0,0,0,0,0,0,0,0,0,1,1,0
data/external/actions/human_action_recognition/train/010743_calling.jpg,Bingsu/Human_Action_Recognition,calling,1,0,0,0,0,0,0,0,0,0,0,0,0,0,0,0,1,0,0,0
data/external/actions/human_action_recognition/train/010744_eating.jpg,Bingsu/Human_Action_Recognition,eating,0,0,0,0,0,0,0,0,0,0,0,0,0,1,0,0,0,0,0,0
data/external/actions/human_action_recognition/train/010745_texting.jpg,Bingsu/Human_Action_Recognition,texting,0,1,0,0,0,0,0,0,0,0,0,0,0,0,0,0,1,0,0,0
data/external/actions/human_action_recognition/train/010746_texting.jpg,Bingsu/Human_Action_Recognition,texting,0,1,0,0,0,0,0,0,0,0,0,0,0,0,0,0,1,0,0,0
data/external/actions/human_action_recognition/train/010747_sleeping.jpg,Bingsu/Human_Action_Recognition,sleeping,0,0,1,0,0,0,0,0,0,0,0,0,0,0,0,0,1,0,0,0
data/external/actions/human_action_recognition/train/010748_fighting.jpg,Bingsu/Human_Action_Recognition,fighting,0,0,0,0,0,0,0,0,0,0,0,0,0,0,0,0,0,1,1,0
data/external/actions/human_action_recognition/train/010749_sitting.jpg,Bingsu/Human_Action_Recognition,sitting,0,1,0,0,0,0,0,0,0,0,0,0,0,0,0,0,1,0,0,0
data/external/actions/human_action_recognition/train/010750_laughing.jpg,Bingsu/Human_Action_Recognition,laughing,1,0,0,0,0,0,0,0,0,0,0,0,0,0,0,0,1,0,0,0
data/external/actions/human_action_recognition/train/010751_running.jpg,Bingsu/Human_Action_Recognition,running,0,0,0,0,0,0,1,0,0,0,0,0,0,0,0,0,0,1,1,0
data/external/actions/human_action_recognition/train/010752_eating.jpg,Bingsu/Human_Action_Recognition,eating,0,0,0,0,0,0,0,0,0,0,0,0,0,1,0,0,0,0,0,0
data/external/actions/human_action_recognition/train/010753_listening_to_music.jpg,Bingsu/Human_Action_Recognition,listening_to_music,0,1,0,0,0,0,0,0,0,0,0,0,0,0,0,0,1,0,0,0
data/external/actions/human_action_recognition/train/010754_clapping.jpg,Bingsu/Human_Action_Recognition,clapping,0,0,0,0,1,0,0,0,0,0,0,0,0,0,0,0,0,1,0,0
data/external/actions/human_action_recognition/train/010755_laughing.jpg,Bingsu/Human_Action_Recognition,laughing,1,0,0,0,0,0,0,0,0,0,0,0,0,0,0,0,1,0,0,0
data/external/actions/human_action_recognition/train/010756_dancing.jpg,Bingsu/Human_Action_Recognition,dancing,0,0,0,0,0,0,0,0,0,0,1,0,0,0,0,0,0,1,0,0
data/external/actions/human_action_recognition/train/010757_dancing.jpg,Bingsu/Human_Action_Recognition,dancing,0,0,0,0,0,0,0,0,0,0,1,0,0,0,0,0,0,1,0,0
data/external/actions/human_action_recognition/train/010758_sleeping.jpg,Bingsu/Human_Action_Recognition,sleeping,0,0,1,0,0,0,0,0,0,0,0,0,0,0,0,0,1,0,0,0
data/external/actions/human_action_recognition/train/010759_calling.jpg,Bingsu/Human_Action_Recognition,calling,1,0,0,0,0,0,0,0,0,0,0,0,0,0,0,0,1,0,0,0
data/external/actions/human_action_recognition/train/010760_listening_to_music.jpg,Bingsu/Human_Action_Recognition,listening_to_music,0,1,0,0,0,0,0,0,0,0,0,0,0,0,0,0,1,0,0,0
data/external/actions/human_action_recognition/train/010761_sleeping.jpg,Bingsu/Human_Action_Recognition,sleeping,0,0,1,0,0,0,0,0,0,0,0,0,0,0,0,0,1,0,0,0
data/external/actions/human_action_recognition/train/010762_sitting.jpg,Bingsu/Human_Action_Recognition,sitting,0,1,0,0,0,0,0,0,0,0,0,0,0,0,0,0,1,0,0,0
data/external/actions/human_action_recognition/train/010763_running.jpg,Bingsu/Human_Action_Recognition,running,0,0,0,0,0,0,1,0,0,0,0,0,0,0,0,0,0,1,1,0
data/external/actions/human_action_recognition/train/010764_sitting.jpg,Bingsu/Human_Action_Recognition,sitting,0,1,0,0,0,0,0,0,0,0,0,0,0,0,0,0,1,0,0,0
data/external/actions/human_action_recognition/train/010765_calling.jpg,Bingsu/Human_Action_Recognition,calling,1,0,0,0,0,0,0,0,0,0,0,0,0,0,0,0,1,0,0,0
data/external/actions/human_action_recognition/train/010766_laughing.jpg,Bingsu/Human_Action_Recognition,laughing,1,0,0,0,0,0,0,0,0,0,0,0,0,0,0,0,1,0,0,0
data/external/actions/human_action_recognition/train/010767_hugging.jpg,Bingsu/Human_Action_Recognition,hugging,1,0,0,0,0,0,0,0,0,0,0,0,0,0,0,0,1,0,0,0
data/external/actions/human_action_recognition/train/010768_eating.jpg,Bingsu/Human_Action_Recognition,eating,0,0,0,0,0,0,0,0,0,0,0,0,0,1,0,0,0,0,0,0
data/external/actions/human_action_recognition/train/010769_cycling.jpg,Bingsu/Human_Action_Recognition,cycling,0,0,0,0,0,0,0,0,1,0,0,0,0,0,0,0,0,1,0,0
data/external/actions/human_action_recognition/train/010770_eating.jpg,Bingsu/Human_Action_Recognition,eating,0,0,0,0,0,0,0,0,0,0,0,0,0,1,0,0,0,0,0,0
data/external/actions/human_action_recognition/train/010771_sleeping.jpg,Bingsu/Human_Action_Recognition,sleeping,0,0,1,0,0,0,0,0,0,0,0,0,0,0,0,0,1,0,0,0
data/external/actions/human_action_recognition/train/010772_dancing.jpg,Bingsu/Human_Action_Recognition,dancing,0,0,0,0,0,0,0,0,0,0,1,0,0,0,0,0,0,1,0,0
data/external/actions/human_action_recognition/train/010773_sitting.jpg,Bingsu/Human_Action_Recognition,sitting,0,1,0,0,0,0,0,0,0,0,0,0,0,0,0,0,1,0,0,0
data/external/actions/human_action_recognition/train/010774_drinking.jpg,Bingsu/Human_Action_Recognition,drinking,0,0,0,0,0,0,0,0,0,0,0,0,0,0,1,0,0,0,0,0
data/external/actions/human_action_recognition/train/010775_listening_to_music.jpg,Bingsu/Human_Action_Recognition,listening_to_music,0,1,0,0,0,0,0,0,0,0,0,0,0,0,0,0,1,0,0,0
data/external/actions/human_action_recognition/train/010776_calling.jpg,Bingsu/Human_Action_Recognition,calling,1,0,0,0,0,0,0,0,0,0,0,0,0,0,0,0,1,0,0,0
data/external/actions/human_action_recognition/train/010777_hugging.jpg,Bingsu/Human_Action_Recognition,hugging,1,0,0,0,0,0,0,0,0,0,0,0,0,0,0,0,1,0,0,0
data/external/actions/human_action_recognition/train/010778_listening_to_music.jpg,Bingsu/Human_Action_Recognition,listening_to_music,0,1,0,0,0,0,0,0,0,0,0,0,0,0,0,0,1,0,0,0
data/external/actions/human_action_recognition/train/010779_using_laptop.jpg,Bingsu/Human_Action_Recognition,using_laptop,0,1,0,0,0,0,0,0,0,0,0,0,1,0,0,0,1,0,0,0
data/external/actions/human_action_recognition/train/010780_using_laptop.jpg,Bingsu/Human_Action_Recognition,using_laptop,0,1,0,0,0,0,0,0,0,0,0,0,1,0,0,0,1,0,0,0
data/external/actions/human_action_recognition/train/010781_dancing.jpg,Bingsu/Human_Action_Recognition,dancing,0,0,0,0,0,0,0,0,0,0,1,0,0,0,0,0,0,1,0,0
data/external/actions/human_action_recognition/train/010782_cycling.jpg,Bingsu/Human_Action_Recognition,cycling,0,0,0,0,0,0,0,0,1,0,0,0,0,0,0,0,0,1,0,0
data/external/actions/human_action_recognition/train/010783_dancing.jpg,Bingsu/Human_Action_Recognition,dancing,0,0,0,0,0,0,0,0,0,0,1,0,0,0,0,0,0,1,0,0
data/external/actions/human_action_recognition/train/010784_clapping.jpg,Bingsu/Human_Action_Recognition,clapping,0,0,0,0,1,0,0,0,0,0,0,0,0,0,0,0,0,1,0,0
data/external/actions/human_action_recognition/train/010785_fighting.jpg,Bingsu/Human_Action_Recognition,fighting,0,0,0,0,0,0,0,0,0,0,0,0,0,0,0,0,0,1,1,0
data/external/actions/human_action_recognition/train/010786_sleeping.jpg,Bingsu/Human_Action_Recognition,sleeping,0,0,1,0,0,0,0,0,0,0,0,0,0,0,0,0,1,0,0,0
data/external/actions/human_action_recognition/train/010787_drinking.jpg,Bingsu/Human_Action_Recognition,drinking,0,0,0,0,0,0,0,0,0,0,0,0,0,0,1,0,0,0,0,0
data/external/actions/human_action_recognition/train/010788_calling.jpg,Bingsu/Human_Action_Recognition,calling,1,0,0,0,0,0,0,0,0,0,0,0,0,0,0,0,1,0,0,0
data/external/actions/human_action_recognition/train/010789_listening_to_music.jpg,Bingsu/Human_Action_Recognition,listening_to_music,0,1,0,0,0,0,0,0,0,0,0,0,0,0,0,0,1,0,0,0
data/external/actions/human_action_recognition/train/010790_running.jpg,Bingsu/Human_Action_Recognition,running,0,0,0,0,0,0,1,0,0,0,0,0,0,0,0,0,0,1,1,0
data/external/actions/human_action_recognition/train/010791_drinking.jpg,Bingsu/Human_Action_Recognition,drinking,0,0,0,0,0,0,0,0,0,0,0,0,0,0,1,0,0,0,0,0
data/external/actions/human_action_recognition/train/010792_sleeping.jpg,Bingsu/Human_Action_Recognition,sleeping,0,0,1,0,0,0,0,0,0,0,0,0,0,0,0,0,1,0,0,0
data/external/actions/human_action_recognition/train/010793_calling.jpg,Bingsu/Human_Action_Recognition,calling,1,0,0,0,0,0,0,0,0,0,0,0,0,0,0,0,1,0,0,0
data/external/actions/human_action_recognition/train/010794_listening_to_music.jpg,Bingsu/Human_Action_Recognition,listening_to_music,0,1,0,0,0,0,0,0,0,0,0,0,0,0,0,0,1,0,0,0
data/external/actions/human_action_recognition/train/010795_eating.jpg,Bingsu/Human_Action_Recognition,eating,0,0,0,0,0,0,0,0,0,0,0,0,0,1,0,0,0,0,0,0
data/external/actions/human_action_recognition/train/010796_laughing.jpg,Bingsu/Human_Action_Recognition,laughing,1,0,0,0,0,0,0,0,0,0,0,0,0,0,0,0,1,0,0,0
data/external/actions/human_action_recognition/train/010797_laughing.jpg,Bingsu/Human_Action_Recognition,laughing,1,0,0,0,0,0,0,0,0,0,0,0,0,0,0,0,1,0,0,0
data/external/actions/human_action_recognition/train/010798_sitting.jpg,Bingsu/Human_Action_Recognition,sitting,0,1,0,0,0,0,0,0,0,0,0,0,0,0,0,0,1,0,0,0
data/external/actions/human_action_recognition/train/010799_using_laptop.jpg,Bingsu/Human_Action_Recognition,using_laptop,0,1,0,0,0,0,0,0,0,0,0,0,1,0,0,0,1,0,0,0
data/external/actions/human_action_recognition/train/010800_eating.jpg,Bingsu/Human_Action_Recognition,eating,0,0,0,0,0,0,0,0,0,0,0,0,0,1,0,0,0,0,0,0
data/external/actions/human_action_recognition/train/010801_sleeping.jpg,Bingsu/Human_Action_Recognition,sleeping,0,0,1,0,0,0,0,0,0,0,0,0,0,0,0,0,1,0,0,0
data/external/actions/human_action_recognition/train/010802_dancing.jpg,Bingsu/Human_Action_Recognition,dancing,0,0,0,0,0,0,0,0,0,0,1,0,0,0,0,0,0,1,0,0
data/external/actions/human_action_recognition/train/010803_cycling.jpg,Bingsu/Human_Action_Recognition,cycling,0,0,0,0,0,0,0,0,1,0,0,0,0,0,0,0,0,1,0,0
data/external/actions/human_action_recognition/train/010804_dancing.jpg,Bingsu/Human_Action_Recognition,dancing,0,0,0,0,0,0,0,0,0,0,1,0,0,0,0,0,0,1,0,0
data/external/actions/human_action_recognition/train/010805_sitting.jpg,Bingsu/Human_Action_Recognition,sitting,0,1,0,0,0,0,0,0,0,0,0,0,0,0,0,0,1,0,0,0
data/external/actions/human_action_recognition/train/010806_dancing.jpg,Bingsu/Human_Action_Recognition,dancing,0,0,0,0,0,0,0,0,0,0,1,0,0,0,0,0,0,1,0,0
data/external/actions/human_action_recognition/train/010807_using_laptop.jpg,Bingsu/Human_Action_Recognition,using_laptop,0,1,0,0,0,0,0,0,0,0,0,0,1,0,0,0,1,0,0,0
data/external/actions/human_action_recognition/train/010808_running.jpg,Bingsu/Human_Action_Recognition,running,0,0,0,0,0,0,1,0,0,0,0,0,0,0,0,0,0,1,1,0
data/external/actions/human_action_recognition/train/010809_clapping.jpg,Bingsu/Human_Action_Recognition,clapping,0,0,0,0,1,0,0,0,0,0,0,0,0,0,0,0,0,1,0,0
data/external/actions/human_action_recognition/train/010810_texting.jpg,Bingsu/Human_Action_Recognition,texting,0,1,0,0,0,0,0,0,0,0,0,0,0,0,0,0,1,0,0,0
data/external/actions/human_action_recognition/train/010811_calling.jpg,Bingsu/Human_Action_Recognition,calling,1,0,0,0,0,0,0,0,0,0,0,0,0,0,0,0,1,0,0,0
data/external/actions/human_action_recognition/train/010812_dancing.jpg,Bingsu/Human_Action_Recognition,dancing,0,0,0,0,0,0,0,0,0,0,1,0,0,0,0,0,0,1,0,0
data/external/actions/human_action_recognition/train/010813_dancing.jpg,Bingsu/Human_Action_Recognition,dancing,0,0,0,0,0,0,0,0,0,0,1,0,0,0,0,0,0,1,0,0
data/external/actions/human_action_recognition/train/010814_cycling.jpg,Bingsu/Human_Action_Recognition,cycling,0,0,0,0,0,0,0,0,1,0,0,0,0,0,0,0,0,1,0,0
data/external/actions/human_action_recognition/train/010815_laughing.jpg,Bingsu/Human_Action_Recognition,laughing,1,0,0,0,0,0,0,0,0,0,0,0,0,0,0,0,1,0,0,0
data/external/actions/human_action_recognition/train/010816_sleeping.jpg,Bingsu/Human_Action_Recognition,sleeping,0,0,1,0,0,0,0,0,0,0,0,0,0,0,0,0,1,0,0,0
data/external/actions/human_action_recognition/train/010817_dancing.jpg,Bingsu/Human_Action_Recognition,dancing,0,0,0,0,0,0,0,0,0,0,1,0,0,0,0,0,0,1,0,0
data/external/actions/human_action_recognition/train/010818_clapping.jpg,Bingsu/Human_Action_Recognition,clapping,0,0,0,0,1,0,0,0,0,0,0,0,0,0,0,0,0,1,0,0
data/external/actions/human_action_recognition/train/010819_calling.jpg,Bingsu/Human_Action_Recognition,calling,1,0,0,0,0,0,0,0,0,0,0,0,0,0,0,0,1,0,0,0
data/external/actions/human_action_recognition/train/010820_running.jpg,Bingsu/Human_Action_Recognition,running,0,0,0,0,0,0,1,0,0,0,0,0,0,0,0,0,0,1,1,0
data/external/actions/human_action_recognition/train/010821_sleeping.jpg,Bingsu/Human_Action_Recognition,sleeping,0,0,1,0,0,0,0,0,0,0,0,0,0,0,0,0,1,0,0,0
data/external/actions/human_action_recognition/train/010822_hugging.jpg,Bingsu/Human_Action_Recognition,hugging,1,0,0,0,0,0,0,0,0,0,0,0,0,0,0,0,1,0,0,0
data/external/actions/human_action_recognition/train/010823_calling.jpg,Bingsu/Human_Action_Recognition,calling,1,0,0,0,0,0,0,0,0,0,0,0,0,0,0,0,1,0,0,0
data/external/actions/human_action_recognition/train/010824_hugging.jpg,Bingsu/Human_Action_Recognition,hugging,1,0,0,0,0,0,0,0,0,0,0,0,0,0,0,0,1,0,0,0
data/external/actions/human_action_recognition/train/010825_sleeping.jpg,Bingsu/Human_Action_Recognition,sleeping,0,0,1,0,0,0,0,0,0,0,0,0,0,0,0,0,1,0,0,0
data/external/actions/human_action_recognition/train/010826_listening_to_music.jpg,Bingsu/Human_Action_Recognition,listening_to_music,0,1,0,0,0,0,0,0,0,0,0,0,0,0,0,0,1,0,0,0
data/external/actions/human_action_recognition/train/010827_texting.jpg,Bingsu/Human_Action_Recognition,texting,0,1,0,0,0,0,0,0,0,0,0,0,0,0,0,0,1,0,0,0
data/external/actions/human_action_recognition/train/010828_texting.jpg,Bingsu/Human_Action_Recognition,texting,0,1,0,0,0,0,0,0,0,0,0,0,0,0,0,0,1,0,0,0
data/external/actions/human_action_recognition/train/010829_sitting.jpg,Bingsu/Human_Action_Recognition,sitting,0,1,0,0,0,0,0,0,0,0,0,0,0,0,0,0,1,0,0,0
data/external/actions/human_action_recognition/train/010830_sitting.jpg,Bingsu/Human_Action_Recognition,sitting,0,1,0,0,0,0,0,0,0,0,0,0,0,0,0,0,1,0,0,0
data/external/actions/human_action_recognition/train/010831_using_laptop.jpg,Bingsu/Human_Action_Recognition,using_laptop,0,1,0,0,0,0,0,0,0,0,0,0,1,0,0,0,1,0,0,0
data/external/actions/human_action_recognition/train/010832_texting.jpg,Bingsu/Human_Action_Recognition,texting,0,1,0,0,0,0,0,0,0,0,0,0,0,0,0,0,1,0,0,0
data/external/actions/human_action_recognition/train/010833_drinking.jpg,Bingsu/Human_Action_Recognition,drinking,0,0,0,0,0,0,0,0,0,0,0,0,0,0,1,0,0,0,0,0
data/external/actions/human_action_recognition/train/010834_texting.jpg,Bingsu/Human_Action_Recognition,texting,0,1,0,0,0,0,0,0,0,0,0,0,0,0,0,0,1,0,0,0
data/external/actions/human_action_recognition/train/010835_using_laptop.jpg,Bingsu/Human_Action_Recognition,using_laptop,0,1,0,0,0,0,0,0,0,0,0,0,1,0,0,0,1,0,0,0
data/external/actions/human_action_recognition/train/010836_running.jpg,Bingsu/Human_Action_Recognition,running,0,0,0,0,0,0,1,0,0,0,0,0,0,0,0,0,0,1,1,0
data/external/actions/human_action_recognition/train/010837_sitting.jpg,Bingsu/Human_Action_Recognition,sitting,0,1,0,0,0,0,0,0,0,0,0,0,0,0,0,0,1,0,0,0
data/external/actions/human_action_recognition/train/010838_texting.jpg,Bingsu/Human_Action_Recognition,texting,0,1,0,0,0,0,0,0,0,0,0,0,0,0,0,0,1,0,0,0
data/external/actions/human_action_recognition/train/010839_running.jpg,Bingsu/Human_Action_Recognition,running,0,0,0,0,0,0,1,0,0,0,0,0,0,0,0,0,0,1,1,0
data/external/actions/human_action_recognition/train/010840_drinking.jpg,Bingsu/Human_Action_Recognition,drinking,0,0,0,0,0,0,0,0,0,0,0,0,0,0,1,0,0,0,0,0
data/external/actions/human_action_recognition/train/010841_clapping.jpg,Bingsu/Human_Action_Recognition,clapping,0,0,0,0,1,0,0,0,0,0,0,0,0,0,0,0,0,1,0,0
data/external/actions/human_action_recognition/train/010842_dancing.jpg,Bingsu/Human_Action_Recognition,dancing,0,0,0,0,0,0,0,0,0,0,1,0,0,0,0,0,0,1,0,0
data/external/actions/human_action_recognition/train/010843_texting.jpg,Bingsu/Human_Action_Recognition,texting,0,1,0,0,0,0,0,0,0,0,0,0,0,0,0,0,1,0,0,0
data/external/actions/human_action_recognition/train/010844_calling.jpg,Bingsu/Human_Action_Recognition,calling,1,0,0,0,0,0,0,0,0,0,0,0,0,0,0,0,1,0,0,0
data/external/actions/human_action_recognition/train/010845_running.jpg,Bingsu/Human_Action_Recognition,running,0,0,0,0,0,0,1,0,0,0,0,0,0,0,0,0,0,1,1,0
data/external/actions/human_action_recognition/train/010846_sleeping.jpg,Bingsu/Human_Action_Recognition,sleeping,0,0,1,0,0,0,0,0,0,0,0,0,0,0,0,0,1,0,0,0
data/external/actions/human_action_recognition/train/010847_sleeping.jpg,Bingsu/Human_Action_Recognition,sleeping,0,0,1,0,0,0,0,0,0,0,0,0,0,0,0,0,1,0,0,0
data/external/actions/human_action_recognition/train/010848_listening_to_music.jpg,Bingsu/Human_Action_Recognition,listening_to_music,0,1,0,0,0,0,0,0,0,0,0,0,0,0,0,0,1,0,0,0
data/external/actions/human_action_recognition/train/010849_listening_to_music.jpg,Bingsu/Human_Action_Recognition,listening_to_music,0,1,0,0,0,0,0,0,0,0,0,0,0,0,0,0,1,0,0,0
data/external/actions/human_action_recognition/train/010850_listening_to_music.jpg,Bingsu/Human_Action_Recognition,listening_to_music,0,1,0,0,0,0,0,0,0,0,0,0,0,0,0,0,1,0,0,0
data/external/actions/human_action_recognition/train/010851_fighting.jpg,Bingsu/Human_Action_Recognition,fighting,0,0,0,0,0,0,0,0,0,0,0,0,0,0,0,0,0,1,1,0
data/external/actions/human_action_recognition/train/010852_running.jpg,Bingsu/Human_Action_Recognition,running,0,0,0,0,0,0,1,0,0,0,0,0,0,0,0,0,0,1,1,0
data/external/actions/human_action_recognition/train/010853_sleeping.jpg,Bingsu/Human_Action_Recognition,sleeping,0,0,1,0,0,0,0,0,0,0,0,0,0,0,0,0,1,0,0,0
data/external/actions/human_action_recognition/train/010854_eating.jpg,Bingsu/Human_Action_Recognition,eating,0,0,0,0,0,0,0,0,0,0,0,0,0,1,0,0,0,0,0,0
data/external/actions/human_action_recognition/train/010855_sitting.jpg,Bingsu/Human_Action_Recognition,sitting,0,1,0,0,0,0,0,0,0,0,0,0,0,0,0,0,1,0,0,0
data/external/actions/human_action_recognition/train/010856_texting.jpg,Bingsu/Human_Action_Recognition,texting,0,1,0,0,0,0,0,0,0,0,0,0,0,0,0,0,1,0,0,0
data/external/actions/human_action_recognition/train/010857_listening_to_music.jpg,Bingsu/Human_Action_Recognition,listening_to_music,0,1,0,0,0,0,0,0,0,0,0,0,0,0,0,0,1,0,0,0
data/external/actions/human_action_recognition/train/010858_sitting.jpg,Bingsu/Human_Action_Recognition,sitting,0,1,0,0,0,0,0,0,0,0,0,0,0,0,0,0,1,0,0,0
data/external/actions/human_action_recognition/train/010859_listening_to_music.jpg,Bingsu/Human_Action_Recognition,listening_to_music,0,1,0,0,0,0,0,0,0,0,0,0,0,0,0,0,1,0,0,0
data/external/actions/human_action_recognition/train/010860_sitting.jpg,Bingsu/Human_Action_Recognition,sitting,0,1,0,0,0,0,0,0,0,0,0,0,0,0,0,0,1,0,0,0
data/external/actions/human_action_recognition/train/010861_clapping.jpg,Bingsu/Human_Action_Recognition,clapping,0,0,0,0,1,0,0,0,0,0,0,0,0,0,0,0,0,1,0,0
data/external/actions/human_action_recognition/train/010862_sleeping.jpg,Bingsu/Human_Action_Recognition,sleeping,0,0,1,0,0,0,0,0,0,0,0,0,0,0,0,0,1,0,0,0
data/external/actions/human_action_recognition/train/010863_dancing.jpg,Bingsu/Human_Action_Recognition,dancing,0,0,0,0,0,0,0,0,0,0,1,0,0,0,0,0,0,1,0,0
data/external/actions/human_action_recognition/train/010864_drinking.jpg,Bingsu/Human_Action_Recognition,drinking,0,0,0,0,0,0,0,0,0,0,0,0,0,0,1,0,0,0,0,0
data/external/actions/human_action_recognition/train/010865_using_laptop.jpg,Bingsu/Human_Action_Recognition,using_laptop,0,1,0,0,0,0,0,0,0,0,0,0,1,0,0,0,1,0,0,0
data/external/actions/human_action_recognition/train/010866_hugging.jpg,Bingsu/Human_Action_Recognition,hugging,1,0,0,0,0,0,0,0,0,0,0,0,0,0,0,0,1,0,0,0
data/external/actions/human_action_recognition/train/010867_listening_to_music.jpg,Bingsu/Human_Action_Recognition,listening_to_music,0,1,0,0,0,0,0,0,0,0,0,0,0,0,0,0,1,0,0,0
data/external/actions/human_action_recognition/train/010868_listening_to_music.jpg,Bingsu/Human_Action_Recognition,listening_to_music,0,1,0,0,0,0,0,0,0,0,0,0,0,0,0,0,1,0,0,0
data/external/actions/human_action_recognition/train/010869_dancing.jpg,Bingsu/Human_Action_Recognition,dancing,0,0,0,0,0,0,0,0,0,0,1,0,0,0,0,0,0,1,0,0
data/external/actions/human_action_recognition/train/010870_dancing.jpg,Bingsu/Human_Action_Recognition,dancing,0,0,0,0,0,0,0,0,0,0,1,0,0,0,0,0,0,1,0,0
data/external/actions/human_action_recognition/train/010871_cycling.jpg,Bingsu/Human_Action_Recognition,cycling,0,0,0,0,0,0,0,0,1,0,0,0,0,0,0,0,0,1,0,0
data/external/actions/human_action_recognition/train/010872_laughing.jpg,Bingsu/Human_Action_Recognition,laughing,1,0,0,0,0,0,0,0,0,0,0,0,0,0,0,0,1,0,0,0
data/external/actions/human_action_recognition/train/010873_eating.jpg,Bingsu/Human_Action_Recognition,eating,0,0,0,0,0,0,0,0,0,0,0,0,0,1,0,0,0,0,0,0
data/external/actions/human_action_recognition/train/010874_fighting.jpg,Bingsu/Human_Action_Recognition,fighting,0,0,0,0,0,0,0,0,0,0,0,0,0,0,0,0,0,1,1,0
data/external/actions/human_action_recognition/train/010875_hugging.jpg,Bingsu/Human_Action_Recognition,hugging,1,0,0,0,0,0,0,0,0,0,0,0,0,0,0,0,1,0,0,0
data/external/actions/human_action_recognition/train/010876_dancing.jpg,Bingsu/Human_Action_Recognition,dancing,0,0,0,0,0,0,0,0,0,0,1,0,0,0,0,0,0,1,0,0
data/external/actions/human_action_recognition/train/010877_fighting.jpg,Bingsu/Human_Action_Recognition,fighting,0,0,0,0,0,0,0,0,0,0,0,0,0,0,0,0,0,1,1,0
data/external/actions/human_action_recognition/train/010878_running.jpg,Bingsu/Human_Action_Recognition,running,0,0,0,0,0,0,1,0,0,0,0,0,0,0,0,0,0,1,1,0
data/external/actions/human_action_recognition/train/010879_drinking.jpg,Bingsu/Human_Action_Recognition,drinking,0,0,0,0,0,0,0,0,0,0,0,0,0,0,1,0,0,0,0,0
data/external/actions/human_action_recognition/train/010880_sitting.jpg,Bingsu/Human_Action_Recognition,sitting,0,1,0,0,0,0,0,0,0,0,0,0,0,0,0,0,1,0,0,0
data/external/actions/human_action_recognition/train/010881_listening_to_music.jpg,Bingsu/Human_Action_Recognition,listening_to_music,0,1,0,0,0,0,0,0,0,0,0,0,0,0,0,0,1,0,0,0
data/external/actions/human_action_recognition/train/010882_calling.jpg,Bingsu/Human_Action_Recognition,calling,1,0,0,0,0,0,0,0,0,0,0,0,0,0,0,0,1,0,0,0
data/external/actions/human_action_recognition/train/010883_sleeping.jpg,Bingsu/Human_Action_Recognition,sleeping,0,0,1,0,0,0,0,0,0,0,0,0,0,0,0,0,1,0,0,0
data/external/actions/human_action_recognition/train/010884_eating.jpg,Bingsu/Human_Action_Recognition,eating,0,0,0,0,0,0,0,0,0,0,0,0,0,1,0,0,0,0,0,0
data/external/actions/human_action_recognition/train/010885_sleeping.jpg,Bingsu/Human_Action_Recognition,sleeping,0,0,1,0,0,0,0,0,0,0,0,0,0,0,0,0,1,0,0,0
data/external/actions/human_action_recognition/train/010886_cycling.jpg,Bingsu/Human_Action_Recognition,cycling,0,0,0,0,0,0,0,0,1,0,0,0,0,0,0,0,0,1,0,0
data/external/actions/human_action_recognition/train/010887_listening_to_music.jpg,Bingsu/Human_Action_Recognition,listening_to_music,0,1,0,0,0,0,0,0,0,0,0,0,0,0,0,0,1,0,0,0
data/external/actions/human_action_recognition/train/010888_sleeping.jpg,Bingsu/Human_Action_Recognition,sleeping,0,0,1,0,0,0,0,0,0,0,0,0,0,0,0,0,1,0,0,0
data/external/actions/human_action_recognition/train/010889_running.jpg,Bingsu/Human_Action_Recognition,running,0,0,0,0,0,0,1,0,0,0,0,0,0,0,0,0,0,1,1,0
data/external/actions/human_action_recognition/train/010890_texting.jpg,Bingsu/Human_Action_Recognition,texting,0,1,0,0,0,0,0,0,0,0,0,0,0,0,0,0,1,0,0,0
data/external/actions/human_action_recognition/train/010891_laughing.jpg,Bingsu/Human_Action_Recognition,laughing,1,0,0,0,0,0,0,0,0,0,0,0,0,0,0,0,1,0,0,0
data/external/actions/human_action_recognition/train/010892_drinking.jpg,Bingsu/Human_Action_Recognition,drinking,0,0,0,0,0,0,0,0,0,0,0,0,0,0,1,0,0,0,0,0
data/external/actions/human_action_recognition/train/010893_drinking.jpg,Bingsu/Human_Action_Recognition,drinking,0,0,0,0,0,0,0,0,0,0,0,0,0,0,1,0,0,0,0,0
data/external/actions/human_action_recognition/train/010894_cycling.jpg,Bingsu/Human_Action_Recognition,cycling,0,0,0,0,0,0,0,0,1,0,0,0,0,0,0,0,0,1,0,0
data/external/actions/human_action_recognition/train/010895_listening_to_music.jpg,Bingsu/Human_Action_Recognition,listening_to_music,0,1,0,0,0,0,0,0,0,0,0,0,0,0,0,0,1,0,0,0
data/external/actions/human_action_recognition/train/010896_hugging.jpg,Bingsu/Human_Action_Recognition,hugging,1,0,0,0,0,0,0,0,0,0,0,0,0,0,0,0,1,0,0,0
data/external/actions/human_action_recognition/train/010897_dancing.jpg,Bingsu/Human_Action_Recognition,dancing,0,0,0,0,0,0,0,0,0,0,1,0,0,0,0,0,0,1,0,0
data/external/actions/human_action_recognition/train/010898_calling.jpg,Bingsu/Human_Action_Recognition,calling,1,0,0,0,0,0,0,0,0,0,0,0,0,0,0,0,1,0,0,0
data/external/actions/human_action_recognition/train/010899_fighting.jpg,Bingsu/Human_Action_Recognition,fighting,0,0,0,0,0,0,0,0,0,0,0,0,0,0,0,0,0,1,1,0
data/external/actions/human_action_recognition/train/010900_cycling.jpg,Bingsu/Human_Action_Recognition,cycling,0,0,0,0,0,0,0,0,1,0,0,0,0,0,0,0,0,1,0,0
data/external/actions/human_action_recognition/train/010901_clapping.jpg,Bingsu/Human_Action_Recognition,clapping,0,0,0,0,1,0,0,0,0,0,0,0,0,0,0,0,0,1,0,0
data/external/actions/human_action_recognition/train/010902_dancing.jpg,Bingsu/Human_Action_Recognition,dancing,0,0,0,0,0,0,0,0,0,0,1,0,0,0,0,0,0,1,0,0
data/external/actions/human_action_recognition/train/010903_sleeping.jpg,Bingsu/Human_Action_Recognition,sleeping,0,0,1,0,0,0,0,0,0,0,0,0,0,0,0,0,1,0,0,0
data/external/actions/human_action_recognition/train/010904_sleeping.jpg,Bingsu/Human_Action_Recognition,sleeping,0,0,1,0,0,0,0,0,0,0,0,0,0,0,0,0,1,0,0,0
data/external/actions/human_action_recognition/train/010905_running.jpg,Bingsu/Human_Action_Recognition,running,0,0,0,0,0,0,1,0,0,0,0,0,0,0,0,0,0,1,1,0
data/external/actions/human_action_recognition/train/010906_clapping.jpg,Bingsu/Human_Action_Recognition,clapping,0,0,0,0,1,0,0,0,0,0,0,0,0,0,0,0,0,1,0,0
data/external/actions/human_action_recognition/train/010907_laughing.jpg,Bingsu/Human_Action_Recognition,laughing,1,0,0,0,0,0,0,0,0,0,0,0,0,0,0,0,1,0,0,0
data/external/actions/human_action_recognition/train/010908_clapping.jpg,Bingsu/Human_Action_Recognition,clapping,0,0,0,0,1,0,0,0,0,0,0,0,0,0,0,0,0,1,0,0
data/external/actions/human_action_recognition/train/010909_calling.jpg,Bingsu/Human_Action_Recognition,calling,1,0,0,0,0,0,0,0,0,0,0,0,0,0,0,0,1,0,0,0
data/external/actions/human_action_recognition/train/010910_drinking.jpg,Bingsu/Human_Action_Recognition,drinking,0,0,0,0,0,0,0,0,0,0,0,0,0,0,1,0,0,0,0,0
data/external/actions/human_action_recognition/train/010911_dancing.jpg,Bingsu/Human_Action_Recognition,dancing,0,0,0,0,0,0,0,0,0,0,1,0,0,0,0,0,0,1,0,0
data/external/actions/human_action_recognition/train/010912_using_laptop.jpg,Bingsu/Human_Action_Recognition,using_laptop,0,1,0,0,0,0,0,0,0,0,0,0,1,0,0,0,1,0,0,0
data/external/actions/human_action_recognition/train/010913_sitting.jpg,Bingsu/Human_Action_Recognition,sitting,0,1,0,0,0,0,0,0,0,0,0,0,0,0,0,0,1,0,0,0
data/external/actions/human_action_recognition/train/010914_dancing.jpg,Bingsu/Human_Action_Recognition,dancing,0,0,0,0,0,0,0,0,0,0,1,0,0,0,0,0,0,1,0,0
data/external/actions/human_action_recognition/train/010915_running.jpg,Bingsu/Human_Action_Recognition,running,0,0,0,0,0,0,1,0,0,0,0,0,0,0,0,0,0,1,1,0
data/external/actions/human_action_recognition/train/010916_hugging.jpg,Bingsu/Human_Action_Recognition,hugging,1,0,0,0,0,0,0,0,0,0,0,0,0,0,0,0,1,0,0,0
data/external/actions/human_action_recognition/train/010917_fighting.jpg,Bingsu/Human_Action_Recognition,fighting,0,0,0,0,0,0,0,0,0,0,0,0,0,0,0,0,0,1,1,0
data/external/actions/human_action_recognition/train/010918_calling.jpg,Bingsu/Human_Action_Recognition,calling,1,0,0,0,0,0,0,0,0,0,0,0,0,0,0,0,1,0,0,0
data/external/actions/human_action_recognition/train/010919_listening_to_music.jpg,Bingsu/Human_Action_Recognition,listening_to_music,0,1,0,0,0,0,0,0,0,0,0,0,0,0,0,0,1,0,0,0
data/external/actions/human_action_recognition/train/010920_dancing.jpg,Bingsu/Human_Action_Recognition,dancing,0,0,0,0,0,0,0,0,0,0,1,0,0,0,0,0,0,1,0,0
data/external/actions/human_action_recognition/train/010921_drinking.jpg,Bingsu/Human_Action_Recognition,drinking,0,0,0,0,0,0,0,0,0,0,0,0,0,0,1,0,0,0,0,0
data/external/actions/human_action_recognition/train/010922_sleeping.jpg,Bingsu/Human_Action_Recognition,sleeping,0,0,1,0,0,0,0,0,0,0,0,0,0,0,0,0,1,0,0,0
data/external/actions/human_action_recognition/train/010923_cycling.jpg,Bingsu/Human_Action_Recognition,cycling,0,0,0,0,0,0,0,0,1,0,0,0,0,0,0,0,0,1,0,0
data/external/actions/human_action_recognition/train/010924_calling.jpg,Bingsu/Human_Action_Recognition,calling,1,0,0,0,0,0,0,0,0,0,0,0,0,0,0,0,1,0,0,0
data/external/actions/human_action_recognition/train/010925_using_laptop.jpg,Bingsu/Human_Action_Recognition,using_laptop,0,1,0,0,0,0,0,0,0,0,0,0,1,0,0,0,1,0,0,0
data/external/actions/human_action_recognition/train/010926_sleeping.jpg,Bingsu/Human_Action_Recognition,sleeping,0,0,1,0,0,0,0,0,0,0,0,0,0,0,0,0,1,0,0,0
data/external/actions/human_action_recognition/train/010927_listening_to_music.jpg,Bingsu/Human_Action_Recognition,listening_to_music,0,1,0,0,0,0,0,0,0,0,0,0,0,0,0,0,1,0,0,0
data/external/actions/human_action_recognition/train/010928_sleeping.jpg,Bingsu/Human_Action_Recognition,sleeping,0,0,1,0,0,0,0,0,0,0,0,0,0,0,0,0,1,0,0,0
data/external/actions/human_action_recognition/train/010929_cycling.jpg,Bingsu/Human_Action_Recognition,cycling,0,0,0,0,0,0,0,0,1,0,0,0,0,0,0,0,0,1,0,0
data/external/actions/human_action_recognition/train/010930_drinking.jpg,Bingsu/Human_Action_Recognition,drinking,0,0,0,0,0,0,0,0,0,0,0,0,0,0,1,0,0,0,0,0
data/external/actions/human_action_recognition/train/010931_dancing.jpg,Bingsu/Human_Action_Recognition,dancing,0,0,0,0,0,0,0,0,0,0,1,0,0,0,0,0,0,1,0,0
data/external/actions/human_action_recognition/train/010932_eating.jpg,Bingsu/Human_Action_Recognition,eating,0,0,0,0,0,0,0,0,0,0,0,0,0,1,0,0,0,0,0,0
data/external/actions/human_action_recognition/train/010933_calling.jpg,Bingsu/Human_Action_Recognition,calling,1,0,0,0,0,0,0,0,0,0,0,0,0,0,0,0,1,0,0,0
data/external/actions/human_action_recognition/train/010934_using_laptop.jpg,Bingsu/Human_Action_Recognition,using_laptop,0,1,0,0,0,0,0,0,0,0,0,0,1,0,0,0,1,0,0,0
data/external/actions/human_action_recognition/train/010935_calling.jpg,Bingsu/Human_Action_Recognition,calling,1,0,0,0,0,0,0,0,0,0,0,0,0,0,0,0,1,0,0,0
data/external/actions/human_action_recognition/train/010936_clapping.jpg,Bingsu/Human_Action_Recognition,clapping,0,0,0,0,1,0,0,0,0,0,0,0,0,0,0,0,0,1,0,0
data/external/actions/human_action_recognition/train/010937_clapping.jpg,Bingsu/Human_Action_Recognition,clapping,0,0,0,0,1,0,0,0,0,0,0,0,0,0,0,0,0,1,0,0
data/external/actions/human_action_recognition/train/010938_cycling.jpg,Bingsu/Human_Action_Recognition,cycling,0,0,0,0,0,0,0,0,1,0,0,0,0,0,0,0,0,1,0,0
data/external/actions/human_action_recognition/train/010939_sleeping.jpg,Bingsu/Human_Action_Recognition,sleeping,0,0,1,0,0,0,0,0,0,0,0,0,0,0,0,0,1,0,0,0
data/external/actions/human_action_recognition/train/010940_cycling.jpg,Bingsu/Human_Action_Recognition,cycling,0,0,0,0,0,0,0,0,1,0,0,0,0,0,0,0,0,1,0,0
data/external/actions/human_action_recognition/train/010941_texting.jpg,Bingsu/Human_Action_Recognition,texting,0,1,0,0,0,0,0,0,0,0,0,0,0,0,0,0,1,0,0,0
data/external/actions/human_action_recognition/train/010942_cycling.jpg,Bingsu/Human_Action_Recognition,cycling,0,0,0,0,0,0,0,0,1,0,0,0,0,0,0,0,0,1,0,0
data/external/actions/human_action_recognition/train/010943_sleeping.jpg,Bingsu/Human_Action_Recognition,sleeping,0,0,1,0,0,0,0,0,0,0,0,0,0,0,0,0,1,0,0,0
data/external/actions/human_action_recognition/train/010944_cycling.jpg,Bingsu/Human_Action_Recognition,cycling,0,0,0,0,0,0,0,0,1,0,0,0,0,0,0,0,0,1,0,0
data/external/actions/human_action_recognition/train/010945_dancing.jpg,Bingsu/Human_Action_Recognition,dancing,0,0,0,0,0,0,0,0,0,0,1,0,0,0,0,0,0,1,0,0
data/external/actions/human_action_recognition/train/010946_cycling.jpg,Bingsu/Human_Action_Recognition,cycling,0,0,0,0,0,0,0,0,1,0,0,0,0,0,0,0,0,1,0,0
data/external/actions/human_action_recognition/train/010947_fighting.jpg,Bingsu/Human_Action_Recognition,fighting,0,0,0,0,0,0,0,0,0,0,0,0,0,0,0,0,0,1,1,0
data/external/actions/human_action_recognition/train/010948_clapping.jpg,Bingsu/Human_Action_Recognition,clapping,0,0,0,0,1,0,0,0,0,0,0,0,0,0,0,0,0,1,0,0
data/external/actions/human_action_recognition/train/010949_listening_to_music.jpg,Bingsu/Human_Action_Recognition,listening_to_music,0,1,0,0,0,0,0,0,0,0,0,0,0,0,0,0,1,0,0,0
data/external/actions/human_action_recognition/train/010950_listening_to_music.jpg,Bingsu/Human_Action_Recognition,listening_to_music,0,1,0,0,0,0,0,0,0,0,0,0,0,0,0,0,1,0,0,0
data/external/actions/human_action_recognition/train/010951_clapping.jpg,Bingsu/Human_Action_Recognition,clapping,0,0,0,0,1,0,0,0,0,0,0,0,0,0,0,0,0,1,0,0
data/external/actions/human_action_recognition/train/010952_cycling.jpg,Bingsu/Human_Action_Recognition,cycling,0,0,0,0,0,0,0,0,1,0,0,0,0,0,0,0,0,1,0,0
data/external/actions/human_action_recognition/train/010953_cycling.jpg,Bingsu/Human_Action_Recognition,cycling,0,0,0,0,0,0,0,0,1,0,0,0,0,0,0,0,0,1,0,0
data/external/actions/human_action_recognition/train/010954_clapping.jpg,Bingsu/Human_Action_Recognition,clapping,0,0,0,0,1,0,0,0,0,0,0,0,0,0,0,0,0,1,0,0
data/external/actions/human_action_recognition/train/010955_using_laptop.jpg,Bingsu/Human_Action_Recognition,using_laptop,0,1,0,0,0,0,0,0,0,0,0,0,1,0,0,0,1,0,0,0
data/external/actions/human_action_recognition/train/010956_hugging.jpg,Bingsu/Human_Action_Recognition,hugging,1,0,0,0,0,0,0,0,0,0,0,0,0,0,0,0,1,0,0,0
data/external/actions/human_action_recognition/train/010957_eating.jpg,Bingsu/Human_Action_Recognition,eating,0,0,0,0,0,0,0,0,0,0,0,0,0,1,0,0,0,0,0,0
data/external/actions/human_action_recognition/train/010958_texting.jpg,Bingsu/Human_Action_Recognition,texting,0,1,0,0,0,0,0,0,0,0,0,0,0,0,0,0,1,0,0,0
data/external/actions/human_action_recognition/train/010959_using_laptop.jpg,Bingsu/Human_Action_Recognition,using_laptop,0,1,0,0,0,0,0,0,0,0,0,0,1,0,0,0,1,0,0,0
data/external/actions/human_action_recognition/train/010960_running.jpg,Bingsu/Human_Action_Recognition,running,0,0,0,0,0,0,1,0,0,0,0,0,0,0,0,0,0,1,1,0
data/external/actions/human_action_recognition/train/010961_drinking.jpg,Bingsu/Human_Action_Recognition,drinking,0,0,0,0,0,0,0,0,0,0,0,0,0,0,1,0,0,0,0,0
data/external/actions/human_action_recognition/train/010962_laughing.jpg,Bingsu/Human_Action_Recognition,laughing,1,0,0,0,0,0,0,0,0,0,0,0,0,0,0,0,1,0,0,0
data/external/actions/human_action_recognition/train/010963_laughing.jpg,Bingsu/Human_Action_Recognition,laughing,1,0,0,0,0,0,0,0,0,0,0,0,0,0,0,0,1,0,0,0
data/external/actions/human_action_recognition/train/010964_eating.jpg,Bingsu/Human_Action_Recognition,eating,0,0,0,0,0,0,0,0,0,0,0,0,0,1,0,0,0,0,0,0
data/external/actions/human_action_recognition/train/010965_using_laptop.jpg,Bingsu/Human_Action_Recognition,using_laptop,0,1,0,0,0,0,0,0,0,0,0,0,1,0,0,0,1,0,0,0
data/external/actions/human_action_recognition/train/010966_cycling.jpg,Bingsu/Human_Action_Recognition,cycling,0,0,0,0,0,0,0,0,1,0,0,0,0,0,0,0,0,1,0,0
data/external/actions/human_action_recognition/train/010967_eating.jpg,Bingsu/Human_Action_Recognition,eating,0,0,0,0,0,0,0,0,0,0,0,0,0,1,0,0,0,0,0,0
data/external/actions/human_action_recognition/train/010968_fighting.jpg,Bingsu/Human_Action_Recognition,fighting,0,0,0,0,0,0,0,0,0,0,0,0,0,0,0,0,0,1,1,0
data/external/actions/human_action_recognition/train/010969_dancing.jpg,Bingsu/Human_Action_Recognition,dancing,0,0,0,0,0,0,0,0,0,0,1,0,0,0,0,0,0,1,0,0
data/external/actions/human_action_recognition/train/010970_eating.jpg,Bingsu/Human_Action_Recognition,eating,0,0,0,0,0,0,0,0,0,0,0,0,0,1,0,0,0,0,0,0
data/external/actions/human_action_recognition/train/010971_laughing.jpg,Bingsu/Human_Action_Recognition,laughing,1,0,0,0,0,0,0,0,0,0,0,0,0,0,0,0,1,0,0,0
data/external/actions/human_action_recognition/train/010972_texting.jpg,Bingsu/Human_Action_Recognition,texting,0,1,0,0,0,0,0,0,0,0,0,0,0,0,0,0,1,0,0,0
data/external/actions/human_action_recognition/train/010973_sitting.jpg,Bingsu/Human_Action_Recognition,sitting,0,1,0,0,0,0,0,0,0,0,0,0,0,0,0,0,1,0,0,0
data/external/actions/human_action_recognition/train/010974_texting.jpg,Bingsu/Human_Action_Recognition,texting,0,1,0,0,0,0,0,0,0,0,0,0,0,0,0,0,1,0,0,0
data/external/actions/human_action_recognition/train/010975_laughing.jpg,Bingsu/Human_Action_Recognition,laughing,1,0,0,0,0,0,0,0,0,0,0,0,0,0,0,0,1,0,0,0
data/external/actions/human_action_recognition/train/010976_using_laptop.jpg,Bingsu/Human_Action_Recognition,using_laptop,0,1,0,0,0,0,0,0,0,0,0,0,1,0,0,0,1,0,0,0
data/external/actions/human_action_recognition/train/010977_running.jpg,Bingsu/Human_Action_Recognition,running,0,0,0,0,0,0,1,0,0,0,0,0,0,0,0,0,0,1,1,0
data/external/actions/human_action_recognition/train/010978_dancing.jpg,Bingsu/Human_Action_Recognition,dancing,0,0,0,0,0,0,0,0,0,0,1,0,0,0,0,0,0,1,0,0
data/external/actions/human_action_recognition/train/010979_texting.jpg,Bingsu/Human_Action_Recognition,texting,0,1,0,0,0,0,0,0,0,0,0,0,0,0,0,0,1,0,0,0
data/external/actions/human_action_recognition/train/010980_eating.jpg,Bingsu/Human_Action_Recognition,eating,0,0,0,0,0,0,0,0,0,0,0,0,0,1,0,0,0,0,0,0
data/external/actions/human_action_recognition/train/010981_listening_to_music.jpg,Bingsu/Human_Action_Recognition,listening_to_music,0,1,0,0,0,0,0,0,0,0,0,0,0,0,0,0,1,0,0,0
data/external/actions/human_action_recognition/train/010982_clapping.jpg,Bingsu/Human_Action_Recognition,clapping,0,0,0,0,1,0,0,0,0,0,0,0,0,0,0,0,0,1,0,0
data/external/actions/human_action_recognition/train/010983_hugging.jpg,Bingsu/Human_Action_Recognition,hugging,1,0,0,0,0,0,0,0,0,0,0,0,0,0,0,0,1,0,0,0
data/external/actions/human_action_recognition/train/010984_sitting.jpg,Bingsu/Human_Action_Recognition,sitting,0,1,0,0,0,0,0,0,0,0,0,0,0,0,0,0,1,0,0,0
data/external/actions/human_action_recognition/train/010985_calling.jpg,Bingsu/Human_Action_Recognition,calling,1,0,0,0,0,0,0,0,0,0,0,0,0,0,0,0,1,0,0,0
data/external/actions/human_action_recognition/train/010986_texting.jpg,Bingsu/Human_Action_Recognition,texting,0,1,0,0,0,0,0,0,0,0,0,0,0,0,0,0,1,0,0,0
data/external/actions/human_action_recognition/train/010987_dancing.jpg,Bingsu/Human_Action_Recognition,dancing,0,0,0,0,0,0,0,0,0,0,1,0,0,0,0,0,0,1,0,0
data/external/actions/human_action_recognition/train/010988_hugging.jpg,Bingsu/Human_Action_Recognition,hugging,1,0,0,0,0,0,0,0,0,0,0,0,0,0,0,0,1,0,0,0
data/external/actions/human_action_recognition/train/010989_dancing.jpg,Bingsu/Human_Action_Recognition,dancing,0,0,0,0,0,0,0,0,0,0,1,0,0,0,0,0,0,1,0,0
data/external/actions/human_action_recognition/train/010990_texting.jpg,Bingsu/Human_Action_Recognition,texting,0,1,0,0,0,0,0,0,0,0,0,0,0,0,0,0,1,0,0,0
data/external/actions/human_action_recognition/train/010991_cycling.jpg,Bingsu/Human_Action_Recognition,cycling,0,0,0,0,0,0,0,0,1,0,0,0,0,0,0,0,0,1,0,0
data/external/actions/human_action_recognition/train/010992_texting.jpg,Bingsu/Human_Action_Recognition,texting,0,1,0,0,0,0,0,0,0,0,0,0,0,0,0,0,1,0,0,0
data/external/actions/human_action_recognition/train/010993_calling.jpg,Bingsu/Human_Action_Recognition,calling,1,0,0,0,0,0,0,0,0,0,0,0,0,0,0,0,1,0,0,0
data/external/actions/human_action_recognition/train/010994_eating.jpg,Bingsu/Human_Action_Recognition,eating,0,0,0,0,0,0,0,0,0,0,0,0,0,1,0,0,0,0,0,0
data/external/actions/human_action_recognition/train/010995_running.jpg,Bingsu/Human_Action_Recognition,running,0,0,0,0,0,0,1,0,0,0,0,0,0,0,0,0,0,1,1,0
data/external/actions/human_action_recognition/train/010996_drinking.jpg,Bingsu/Human_Action_Recognition,drinking,0,0,0,0,0,0,0,0,0,0,0,0,0,0,1,0,0,0,0,0
data/external/actions/human_action_recognition/train/010997_eating.jpg,Bingsu/Human_Action_Recognition,eating,0,0,0,0,0,0,0,0,0,0,0,0,0,1,0,0,0,0,0,0
data/external/actions/human_action_recognition/train/010998_calling.jpg,Bingsu/Human_Action_Recognition,calling,1,0,0,0,0,0,0,0,0,0,0,0,0,0,0,0,1,0,0,0
data/external/actions/human_action_recognition/train/010999_sitting.jpg,Bingsu/Human_Action_Recognition,sitting,0,1,0,0,0,0,0,0,0,0,0,0,0,0,0,0,1,0,0,0
data/external/actions/human_action_recognition/train/011000_calling.jpg,Bingsu/Human_Action_Recognition,calling,1,0,0,0,0,0,0,0,0,0,0,0,0,0,0,0,1,0,0,0
data/external/actions/human_action_recognition/train/011001_eating.jpg,Bingsu/Human_Action_Recognition,eating,0,0,0,0,0,0,0,0,0,0,0,0,0,1,0,0,0,0,0,0
data/external/actions/human_action_recognition/train/011002_dancing.jpg,Bingsu/Human_Action_Recognition,dancing,0,0,0,0,0,0,0,0,0,0,1,0,0,0,0,0,0,1,0,0
data/external/actions/human_action_recognition/train/011003_drinking.jpg,Bingsu/Human_Action_Recognition,drinking,0,0,0,0,0,0,0,0,0,0,0,0,0,0,1,0,0,0,0,0
data/external/actions/human_action_recognition/train/011004_running.jpg,Bingsu/Human_Action_Recognition,running,0,0,0,0,0,0,1,0,0,0,0,0,0,0,0,0,0,1,1,0
data/external/actions/human_action_recognition/train/011005_eating.jpg,Bingsu/Human_Action_Recognition,eating,0,0,0,0,0,0,0,0,0,0,0,0,0,1,0,0,0,0,0,0
data/external/actions/human_action_recognition/train/011006_running.jpg,Bingsu/Human_Action_Recognition,running,0,0,0,0,0,0,1,0,0,0,0,0,0,0,0,0,0,1,1,0
data/external/actions/human_action_recognition/train/011007_laughing.jpg,Bingsu/Human_Action_Recognition,laughing,1,0,0,0,0,0,0,0,0,0,0,0,0,0,0,0,1,0,0,0
data/external/actions/human_action_recognition/train/011008_fighting.jpg,Bingsu/Human_Action_Recognition,fighting,0,0,0,0,0,0,0,0,0,0,0,0,0,0,0,0,0,1,1,0
data/external/actions/human_action_recognition/train/011009_drinking.jpg,Bingsu/Human_Action_Recognition,drinking,0,0,0,0,0,0,0,0,0,0,0,0,0,0,1,0,0,0,0,0
data/external/actions/human_action_recognition/train/011010_dancing.jpg,Bingsu/Human_Action_Recognition,dancing,0,0,0,0,0,0,0,0,0,0,1,0,0,0,0,0,0,1,0,0
data/external/actions/human_action_recognition/train/011011_listening_to_music.jpg,Bingsu/Human_Action_Recognition,listening_to_music,0,1,0,0,0,0,0,0,0,0,0,0,0,0,0,0,1,0,0,0
data/external/actions/human_action_recognition/train/011012_hugging.jpg,Bingsu/Human_Action_Recognition,hugging,1,0,0,0,0,0,0,0,0,0,0,0,0,0,0,0,1,0,0,0
data/external/actions/human_action_recognition/train/011013_sitting.jpg,Bingsu/Human_Action_Recognition,sitting,0,1,0,0,0,0,0,0,0,0,0,0,0,0,0,0,1,0,0,0
data/external/actions/human_action_recognition/train/011014_using_laptop.jpg,Bingsu/Human_Action_Recognition,using_laptop,0,1,0,0,0,0,0,0,0,0,0,0,1,0,0,0,1,0,0,0
data/external/actions/human_action_recognition/train/011015_using_laptop.jpg,Bingsu/Human_Action_Recognition,using_laptop,0,1,0,0,0,0,0,0,0,0,0,0,1,0,0,0,1,0,0,0
data/external/actions/human_action_recognition/train/011016_texting.jpg,Bingsu/Human_Action_Recognition,texting,0,1,0,0,0,0,0,0,0,0,0,0,0,0,0,0,1,0,0,0
data/external/actions/human_action_recognition/train/011017_dancing.jpg,Bingsu/Human_Action_Recognition,dancing,0,0,0,0,0,0,0,0,0,0,1,0,0,0,0,0,0,1,0,0
data/external/actions/human_action_recognition/train/011018_sleeping.jpg,Bingsu/Human_Action_Recognition,sleeping,0,0,1,0,0,0,0,0,0,0,0,0,0,0,0,0,1,0,0,0
data/external/actions/human_action_recognition/train/011019_laughing.jpg,Bingsu/Human_Action_Recognition,laughing,1,0,0,0,0,0,0,0,0,0,0,0,0,0,0,0,1,0,0,0
data/external/actions/human_action_recognition/train/011020_laughing.jpg,Bingsu/Human_Action_Recognition,laughing,1,0,0,0,0,0,0,0,0,0,0,0,0,0,0,0,1,0,0,0
data/external/actions/human_action_recognition/train/011021_sitting.jpg,Bingsu/Human_Action_Recognition,sitting,0,1,0,0,0,0,0,0,0,0,0,0,0,0,0,0,1,0,0,0
data/external/actions/human_action_recognition/train/011022_running.jpg,Bingsu/Human_Action_Recognition,running,0,0,0,0,0,0,1,0,0,0,0,0,0,0,0,0,0,1,1,0
data/external/actions/human_action_recognition/train/011023_texting.jpg,Bingsu/Human_Action_Recognition,texting,0,1,0,0,0,0,0,0,0,0,0,0,0,0,0,0,1,0,0,0
data/external/actions/human_action_recognition/train/011024_calling.jpg,Bingsu/Human_Action_Recognition,calling,1,0,0,0,0,0,0,0,0,0,0,0,0,0,0,0,1,0,0,0
data/external/actions/human_action_recognition/train/011025_texting.jpg,Bingsu/Human_Action_Recognition,texting,0,1,0,0,0,0,0,0,0,0,0,0,0,0,0,0,1,0,0,0
data/external/actions/human_action_recognition/train/011026_hugging.jpg,Bingsu/Human_Action_Recognition,hugging,1,0,0,0,0,0,0,0,0,0,0,0,0,0,0,0,1,0,0,0
data/external/actions/human_action_recognition/train/011027_drinking.jpg,Bingsu/Human_Action_Recognition,drinking,0,0,0,0,0,0,0,0,0,0,0,0,0,0,1,0,0,0,0,0
data/external/actions/human_action_recognition/train/011028_dancing.jpg,Bingsu/Human_Action_Recognition,dancing,0,0,0,0,0,0,0,0,0,0,1,0,0,0,0,0,0,1,0,0
data/external/actions/human_action_recognition/train/011029_clapping.jpg,Bingsu/Human_Action_Recognition,clapping,0,0,0,0,1,0,0,0,0,0,0,0,0,0,0,0,0,1,0,0
data/external/actions/human_action_recognition/train/011030_dancing.jpg,Bingsu/Human_Action_Recognition,dancing,0,0,0,0,0,0,0,0,0,0,1,0,0,0,0,0,0,1,0,0
data/external/actions/human_action_recognition/train/011031_calling.jpg,Bingsu/Human_Action_Recognition,calling,1,0,0,0,0,0,0,0,0,0,0,0,0,0,0,0,1,0,0,0
data/external/actions/human_action_recognition/train/011032_running.jpg,Bingsu/Human_Action_Recognition,running,0,0,0,0,0,0,1,0,0,0,0,0,0,0,0,0,0,1,1,0
data/external/actions/human_action_recognition/train/011033_drinking.jpg,Bingsu/Human_Action_Recognition,drinking,0,0,0,0,0,0,0,0,0,0,0,0,0,0,1,0,0,0,0,0
data/external/actions/human_action_recognition/train/011034_laughing.jpg,Bingsu/Human_Action_Recognition,laughing,1,0,0,0,0,0,0,0,0,0,0,0,0,0,0,0,1,0,0,0
data/external/actions/human_action_recognition/train/011035_listening_to_music.jpg,Bingsu/Human_Action_Recognition,listening_to_music,0,1,0,0,0,0,0,0,0,0,0,0,0,0,0,0,1,0,0,0
data/external/actions/human_action_recognition/train/011036_fighting.jpg,Bingsu/Human_Action_Recognition,fighting,0,0,0,0,0,0,0,0,0,0,0,0,0,0,0,0,0,1,1,0
data/external/actions/human_action_recognition/train/011037_cycling.jpg,Bingsu/Human_Action_Recognition,cycling,0,0,0,0,0,0,0,0,1,0,0,0,0,0,0,0,0,1,0,0
data/external/actions/human_action_recognition/train/011038_texting.jpg,Bingsu/Human_Action_Recognition,texting,0,1,0,0,0,0,0,0,0,0,0,0,0,0,0,0,1,0,0,0
data/external/actions/human_action_recognition/train/011039_running.jpg,Bingsu/Human_Action_Recognition,running,0,0,0,0,0,0,1,0,0,0,0,0,0,0,0,0,0,1,1,0
data/external/actions/human_action_recognition/train/011040_sleeping.jpg,Bingsu/Human_Action_Recognition,sleeping,0,0,1,0,0,0,0,0,0,0,0,0,0,0,0,0,1,0,0,0
data/external/actions/human_action_recognition/train/011041_eating.jpg,Bingsu/Human_Action_Recognition,eating,0,0,0,0,0,0,0,0,0,0,0,0,0,1,0,0,0,0,0,0
data/external/actions/human_action_recognition/train/011042_sitting.jpg,Bingsu/Human_Action_Recognition,sitting,0,1,0,0,0,0,0,0,0,0,0,0,0,0,0,0,1,0,0,0
data/external/actions/human_action_recognition/train/011043_hugging.jpg,Bingsu/Human_Action_Recognition,hugging,1,0,0,0,0,0,0,0,0,0,0,0,0,0,0,0,1,0,0,0
data/external/actions/human_action_recognition/train/011044_dancing.jpg,Bingsu/Human_Action_Recognition,dancing,0,0,0,0,0,0,0,0,0,0,1,0,0,0,0,0,0,1,0,0
data/external/actions/human_action_recognition/train/011045_sleeping.jpg,Bingsu/Human_Action_Recognition,sleeping,0,0,1,0,0,0,0,0,0,0,0,0,0,0,0,0,1,0,0,0
data/external/actions/human_action_recognition/train/011046_hugging.jpg,Bingsu/Human_Action_Recognition,hugging,1,0,0,0,0,0,0,0,0,0,0,0,0,0,0,0,1,0,0,0
data/external/actions/human_action_recognition/train/011047_hugging.jpg,Bingsu/Human_Action_Recognition,hugging,1,0,0,0,0,0,0,0,0,0,0,0,0,0,0,0,1,0,0,0
data/external/actions/human_action_recognition/train/011048_sitting.jpg,Bingsu/Human_Action_Recognition,sitting,0,1,0,0,0,0,0,0,0,0,0,0,0,0,0,0,1,0,0,0
data/external/actions/human_action_recognition/train/011049_laughing.jpg,Bingsu/Human_Action_Recognition,laughing,1,0,0,0,0,0,0,0,0,0,0,0,0,0,0,0,1,0,0,0
data/external/actions/human_action_recognition/train/011050_drinking.jpg,Bingsu/Human_Action_Recognition,drinking,0,0,0,0,0,0,0,0,0,0,0,0,0,0,1,0,0,0,0,0
data/external/actions/human_action_recognition/train/011051_laughing.jpg,Bingsu/Human_Action_Recognition,laughing,1,0,0,0,0,0,0,0,0,0,0,0,0,0,0,0,1,0,0,0
data/external/actions/human_action_recognition/train/011052_sitting.jpg,Bingsu/Human_Action_Recognition,sitting,0,1,0,0,0,0,0,0,0,0,0,0,0,0,0,0,1,0,0,0
data/external/actions/human_action_recognition/train/011053_using_laptop.jpg,Bingsu/Human_Action_Recognition,using_laptop,0,1,0,0,0,0,0,0,0,0,0,0,1,0,0,0,1,0,0,0
data/external/actions/human_action_recognition/train/011054_hugging.jpg,Bingsu/Human_Action_Recognition,hugging,1,0,0,0,0,0,0,0,0,0,0,0,0,0,0,0,1,0,0,0
data/external/actions/human_action_recognition/train/011055_fighting.jpg,Bingsu/Human_Action_Recognition,fighting,0,0,0,0,0,0,0,0,0,0,0,0,0,0,0,0,0,1,1,0
data/external/actions/human_action_recognition/train/011056_calling.jpg,Bingsu/Human_Action_Recognition,calling,1,0,0,0,0,0,0,0,0,0,0,0,0,0,0,0,1,0,0,0
data/external/actions/human_action_recognition/train/011057_clapping.jpg,Bingsu/Human_Action_Recognition,clapping,0,0,0,0,1,0,0,0,0,0,0,0,0,0,0,0,0,1,0,0
data/external/actions/human_action_recognition/train/011058_calling.jpg,Bingsu/Human_Action_Recognition,calling,1,0,0,0,0,0,0,0,0,0,0,0,0,0,0,0,1,0,0,0
data/external/actions/human_action_recognition/train/011059_calling.jpg,Bingsu/Human_Action_Recognition,calling,1,0,0,0,0,0,0,0,0,0,0,0,0,0,0,0,1,0,0,0
data/external/actions/human_action_recognition/train/011060_cycling.jpg,Bingsu/Human_Action_Recognition,cycling,0,0,0,0,0,0,0,0,1,0,0,0,0,0,0,0,0,1,0,0
data/external/actions/human_action_recognition/train/011061_sleeping.jpg,Bingsu/Human_Action_Recognition,sleeping,0,0,1,0,0,0,0,0,0,0,0,0,0,0,0,0,1,0,0,0
data/external/actions/human_action_recognition/train/011062_texting.jpg,Bingsu/Human_Action_Recognition,texting,0,1,0,0,0,0,0,0,0,0,0,0,0,0,0,0,1,0,0,0
data/external/actions/human_action_recognition/train/011063_sitting.jpg,Bingsu/Human_Action_Recognition,sitting,0,1,0,0,0,0,0,0,0,0,0,0,0,0,0,0,1,0,0,0
data/external/actions/human_action_recognition/train/011064_laughing.jpg,Bingsu/Human_Action_Recognition,laughing,1,0,0,0,0,0,0,0,0,0,0,0,0,0,0,0,1,0,0,0
data/external/actions/human_action_recognition/train/011065_hugging.jpg,Bingsu/Human_Action_Recognition,hugging,1,0,0,0,0,0,0,0,0,0,0,0,0,0,0,0,1,0,0,0
data/external/actions/human_action_recognition/train/011066_sitting.jpg,Bingsu/Human_Action_Recognition,sitting,0,1,0,0,0,0,0,0,0,0,0,0,0,0,0,0,1,0,0,0
data/external/actions/human_action_recognition/train/011067_clapping.jpg,Bingsu/Human_Action_Recognition,clapping,0,0,0,0,1,0,0,0,0,0,0,0,0,0,0,0,0,1,0,0
data/external/actions/human_action_recognition/train/011068_listening_to_music.jpg,Bingsu/Human_Action_Recognition,listening_to_music,0,1,0,0,0,0,0,0,0,0,0,0,0,0,0,0,1,0,0,0
data/external/actions/human_action_recognition/train/011069_cycling.jpg,Bingsu/Human_Action_Recognition,cycling,0,0,0,0,0,0,0,0,1,0,0,0,0,0,0,0,0,1,0,0
data/external/actions/human_action_recognition/train/011070_eating.jpg,Bingsu/Human_Action_Recognition,eating,0,0,0,0,0,0,0,0,0,0,0,0,0,1,0,0,0,0,0,0
data/external/actions/human_action_recognition/train/011071_texting.jpg,Bingsu/Human_Action_Recognition,texting,0,1,0,0,0,0,0,0,0,0,0,0,0,0,0,0,1,0,0,0
data/external/actions/human_action_recognition/train/011072_using_laptop.jpg,Bingsu/Human_Action_Recognition,using_laptop,0,1,0,0,0,0,0,0,0,0,0,0,1,0,0,0,1,0,0,0
data/external/actions/human_action_recognition/train/011073_laughing.jpg,Bingsu/Human_Action_Recognition,laughing,1,0,0,0,0,0,0,0,0,0,0,0,0,0,0,0,1,0,0,0
data/external/actions/human_action_recognition/train/011074_dancing.jpg,Bingsu/Human_Action_Recognition,dancing,0,0,0,0,0,0,0,0,0,0,1,0,0,0,0,0,0,1,0,0
data/external/actions/human_action_recognition/train/011075_using_laptop.jpg,Bingsu/Human_Action_Recognition,using_laptop,0,1,0,0,0,0,0,0,0,0,0,0,1,0,0,0,1,0,0,0
data/external/actions/human_action_recognition/train/011076_sitting.jpg,Bingsu/Human_Action_Recognition,sitting,0,1,0,0,0,0,0,0,0,0,0,0,0,0,0,0,1,0,0,0
data/external/actions/human_action_recognition/train/011077_listening_to_music.jpg,Bingsu/Human_Action_Recognition,listening_to_music,0,1,0,0,0,0,0,0,0,0,0,0,0,0,0,0,1,0,0,0
data/external/actions/human_action_recognition/train/011078_sitting.jpg,Bingsu/Human_Action_Recognition,sitting,0,1,0,0,0,0,0,0,0,0,0,0,0,0,0,0,1,0,0,0
data/external/actions/human_action_recognition/train/011079_texting.jpg,Bingsu/Human_Action_Recognition,texting,0,1,0,0,0,0,0,0,0,0,0,0,0,0,0,0,1,0,0,0
data/external/actions/human_action_recognition/train/011080_cycling.jpg,Bingsu/Human_Action_Recognition,cycling,0,0,0,0,0,0,0,0,1,0,0,0,0,0,0,0,0,1,0,0
data/external/actions/human_action_recognition/train/011081_sitting.jpg,Bingsu/Human_Action_Recognition,sitting,0,1,0,0,0,0,0,0,0,0,0,0,0,0,0,0,1,0,0,0
data/external/actions/human_action_recognition/train/011082_listening_to_music.jpg,Bingsu/Human_Action_Recognition,listening_to_music,0,1,0,0,0,0,0,0,0,0,0,0,0,0,0,0,1,0,0,0
data/external/actions/human_action_recognition/train/011083_dancing.jpg,Bingsu/Human_Action_Recognition,dancing,0,0,0,0,0,0,0,0,0,0,1,0,0,0,0,0,0,1,0,0
data/external/actions/human_action_recognition/train/011084_drinking.jpg,Bingsu/Human_Action_Recognition,drinking,0,0,0,0,0,0,0,0,0,0,0,0,0,0,1,0,0,0,0,0
data/external/actions/human_action_recognition/train/011085_sleeping.jpg,Bingsu/Human_Action_Recognition,sleeping,0,0,1,0,0,0,0,0,0,0,0,0,0,0,0,0,1,0,0,0
data/external/actions/human_action_recognition/train/011086_using_laptop.jpg,Bingsu/Human_Action_Recognition,using_laptop,0,1,0,0,0,0,0,0,0,0,0,0,1,0,0,0,1,0,0,0
data/external/actions/human_action_recognition/train/011087_running.jpg,Bingsu/Human_Action_Recognition,running,0,0,0,0,0,0,1,0,0,0,0,0,0,0,0,0,0,1,1,0
data/external/actions/human_action_recognition/train/011088_using_laptop.jpg,Bingsu/Human_Action_Recognition,using_laptop,0,1,0,0,0,0,0,0,0,0,0,0,1,0,0,0,1,0,0,0
data/external/actions/human_action_recognition/train/011089_sitting.jpg,Bingsu/Human_Action_Recognition,sitting,0,1,0,0,0,0,0,0,0,0,0,0,0,0,0,0,1,0,0,0
data/external/actions/human_action_recognition/train/011090_clapping.jpg,Bingsu/Human_Action_Recognition,clapping,0,0,0,0,1,0,0,0,0,0,0,0,0,0,0,0,0,1,0,0
data/external/actions/human_action_recognition/train/011091_texting.jpg,Bingsu/Human_Action_Recognition,texting,0,1,0,0,0,0,0,0,0,0,0,0,0,0,0,0,1,0,0,0
data/external/actions/human_action_recognition/train/011092_clapping.jpg,Bingsu/Human_Action_Recognition,clapping,0,0,0,0,1,0,0,0,0,0,0,0,0,0,0,0,0,1,0,0
data/external/actions/human_action_recognition/train/011093_cycling.jpg,Bingsu/Human_Action_Recognition,cycling,0,0,0,0,0,0,0,0,1,0,0,0,0,0,0,0,0,1,0,0
data/external/actions/human_action_recognition/train/011094_running.jpg,Bingsu/Human_Action_Recognition,running,0,0,0,0,0,0,1,0,0,0,0,0,0,0,0,0,0,1,1,0
data/external/actions/human_action_recognition/train/011095_sitting.jpg,Bingsu/Human_Action_Recognition,sitting,0,1,0,0,0,0,0,0,0,0,0,0,0,0,0,0,1,0,0,0
data/external/actions/human_action_recognition/train/011096_using_laptop.jpg,Bingsu/Human_Action_Recognition,using_laptop,0,1,0,0,0,0,0,0,0,0,0,0,1,0,0,0,1,0,0,0
data/external/actions/human_action_recognition/train/011097_sitting.jpg,Bingsu/Human_Action_Recognition,sitting,0,1,0,0,0,0,0,0,0,0,0,0,0,0,0,0,1,0,0,0
data/external/actions/human_action_recognition/train/011098_running.jpg,Bingsu/Human_Action_Recognition,running,0,0,0,0,0,0,1,0,0,0,0,0,0,0,0,0,0,1,1,0
data/external/actions/human_action_recognition/train/011099_eating.jpg,Bingsu/Human_Action_Recognition,eating,0,0,0,0,0,0,0,0,0,0,0,0,0,1,0,0,0,0,0,0
data/external/actions/human_action_recognition/train/011100_cycling.jpg,Bingsu/Human_Action_Recognition,cycling,0,0,0,0,0,0,0,0,1,0,0,0,0,0,0,0,0,1,0,0
data/external/actions/human_action_recognition/train/011101_fighting.jpg,Bingsu/Human_Action_Recognition,fighting,0,0,0,0,0,0,0,0,0,0,0,0,0,0,0,0,0,1,1,0
data/external/actions/human_action_recognition/train/011102_clapping.jpg,Bingsu/Human_Action_Recognition,clapping,0,0,0,0,1,0,0,0,0,0,0,0,0,0,0,0,0,1,0,0
data/external/actions/human_action_recognition/train/011103_sleeping.jpg,Bingsu/Human_Action_Recognition,sleeping,0,0,1,0,0,0,0,0,0,0,0,0,0,0,0,0,1,0,0,0
data/external/actions/human_action_recognition/train/011104_hugging.jpg,Bingsu/Human_Action_Recognition,hugging,1,0,0,0,0,0,0,0,0,0,0,0,0,0,0,0,1,0,0,0
data/external/actions/human_action_recognition/train/011105_laughing.jpg,Bingsu/Human_Action_Recognition,laughing,1,0,0,0,0,0,0,0,0,0,0,0,0,0,0,0,1,0,0,0
data/external/actions/human_action_recognition/train/011106_cycling.jpg,Bingsu/Human_Action_Recognition,cycling,0,0,0,0,0,0,0,0,1,0,0,0,0,0,0,0,0,1,0,0
data/external/actions/human_action_recognition/train/011107_hugging.jpg,Bingsu/Human_Action_Recognition,hugging,1,0,0,0,0,0,0,0,0,0,0,0,0,0,0,0,1,0,0,0
data/external/actions/human_action_recognition/train/011108_sleeping.jpg,Bingsu/Human_Action_Recognition,sleeping,0,0,1,0,0,0,0,0,0,0,0,0,0,0,0,0,1,0,0,0
data/external/actions/human_action_recognition/train/011109_hugging.jpg,Bingsu/Human_Action_Recognition,hugging,1,0,0,0,0,0,0,0,0,0,0,0,0,0,0,0,1,0,0,0
data/external/actions/human_action_recognition/train/011110_sitting.jpg,Bingsu/Human_Action_Recognition,sitting,0,1,0,0,0,0,0,0,0,0,0,0,0,0,0,0,1,0,0,0
data/external/actions/human_action_recognition/train/011111_dancing.jpg,Bingsu/Human_Action_Recognition,dancing,0,0,0,0,0,0,0,0,0,0,1,0,0,0,0,0,0,1,0,0
data/external/actions/human_action_recognition/train/011112_fighting.jpg,Bingsu/Human_Action_Recognition,fighting,0,0,0,0,0,0,0,0,0,0,0,0,0,0,0,0,0,1,1,0
data/external/actions/human_action_recognition/train/011113_running.jpg,Bingsu/Human_Action_Recognition,running,0,0,0,0,0,0,1,0,0,0,0,0,0,0,0,0,0,1,1,0
data/external/actions/human_action_recognition/train/011114_sleeping.jpg,Bingsu/Human_Action_Recognition,sleeping,0,0,1,0,0,0,0,0,0,0,0,0,0,0,0,0,1,0,0,0
data/external/actions/human_action_recognition/train/011115_sitting.jpg,Bingsu/Human_Action_Recognition,sitting,0,1,0,0,0,0,0,0,0,0,0,0,0,0,0,0,1,0,0,0
data/external/actions/human_action_recognition/train/011116_sitting.jpg,Bingsu/Human_Action_Recognition,sitting,0,1,0,0,0,0,0,0,0,0,0,0,0,0,0,0,1,0,0,0
data/external/actions/human_action_recognition/train/011117_calling.jpg,Bingsu/Human_Action_Recognition,calling,1,0,0,0,0,0,0,0,0,0,0,0,0,0,0,0,1,0,0,0
data/external/actions/human_action_recognition/train/011118_drinking.jpg,Bingsu/Human_Action_Recognition,drinking,0,0,0,0,0,0,0,0,0,0,0,0,0,0,1,0,0,0,0,0
data/external/actions/human_action_recognition/train/011119_calling.jpg,Bingsu/Human_Action_Recognition,calling,1,0,0,0,0,0,0,0,0,0,0,0,0,0,0,0,1,0,0,0
data/external/actions/human_action_recognition/train/011120_calling.jpg,Bingsu/Human_Action_Recognition,calling,1,0,0,0,0,0,0,0,0,0,0,0,0,0,0,0,1,0,0,0
data/external/actions/human_action_recognition/train/011121_fighting.jpg,Bingsu/Human_Action_Recognition,fighting,0,0,0,0,0,0,0,0,0,0,0,0,0,0,0,0,0,1,1,0
data/external/actions/human_action_recognition/train/011122_hugging.jpg,Bingsu/Human_Action_Recognition,hugging,1,0,0,0,0,0,0,0,0,0,0,0,0,0,0,0,1,0,0,0
data/external/actions/human_action_recognition/train/011123_dancing.jpg,Bingsu/Human_Action_Recognition,dancing,0,0,0,0,0,0,0,0,0,0,1,0,0,0,0,0,0,1,0,0
data/external/actions/human_action_recognition/train/011124_hugging.jpg,Bingsu/Human_Action_Recognition,hugging,1,0,0,0,0,0,0,0,0,0,0,0,0,0,0,0,1,0,0,0
data/external/actions/human_action_recognition/train/011125_fighting.jpg,Bingsu/Human_Action_Recognition,fighting,0,0,0,0,0,0,0,0,0,0,0,0,0,0,0,0,0,1,1,0
data/external/actions/human_action_recognition/train/011126_listening_to_music.jpg,Bingsu/Human_Action_Recognition,listening_to_music,0,1,0,0,0,0,0,0,0,0,0,0,0,0,0,0,1,0,0,0
data/external/actions/human_action_recognition/train/011127_dancing.jpg,Bingsu/Human_Action_Recognition,dancing,0,0,0,0,0,0,0,0,0,0,1,0,0,0,0,0,0,1,0,0
data/external/actions/human_action_recognition/train/011128_sitting.jpg,Bingsu/Human_Action_Recognition,sitting,0,1,0,0,0,0,0,0,0,0,0,0,0,0,0,0,1,0,0,0
data/external/actions/human_action_recognition/train/011129_sleeping.jpg,Bingsu/Human_Action_Recognition,sleeping,0,0,1,0,0,0,0,0,0,0,0,0,0,0,0,0,1,0,0,0
data/external/actions/human_action_recognition/train/011130_calling.jpg,Bingsu/Human_Action_Recognition,calling,1,0,0,0,0,0,0,0,0,0,0,0,0,0,0,0,1,0,0,0
data/external/actions/human_action_recognition/train/011131_fighting.jpg,Bingsu/Human_Action_Recognition,fighting,0,0,0,0,0,0,0,0,0,0,0,0,0,0,0,0,0,1,1,0
data/external/actions/human_action_recognition/train/011132_cycling.jpg,Bingsu/Human_Action_Recognition,cycling,0,0,0,0,0,0,0,0,1,0,0,0,0,0,0,0,0,1,0,0
data/external/actions/human_action_recognition/train/011133_listening_to_music.jpg,Bingsu/Human_Action_Recognition,listening_to_music,0,1,0,0,0,0,0,0,0,0,0,0,0,0,0,0,1,0,0,0
data/external/actions/human_action_recognition/train/011134_listening_to_music.jpg,Bingsu/Human_Action_Recognition,listening_to_music,0,1,0,0,0,0,0,0,0,0,0,0,0,0,0,0,1,0,0,0
data/external/actions/human_action_recognition/train/011135_using_laptop.jpg,Bingsu/Human_Action_Recognition,using_laptop,0,1,0,0,0,0,0,0,0,0,0,0,1,0,0,0,1,0,0,0
data/external/actions/human_action_recognition/train/011136_using_laptop.jpg,Bingsu/Human_Action_Recognition,using_laptop,0,1,0,0,0,0,0,0,0,0,0,0,1,0,0,0,1,0,0,0
data/external/actions/human_action_recognition/train/011137_using_laptop.jpg,Bingsu/Human_Action_Recognition,using_laptop,0,1,0,0,0,0,0,0,0,0,0,0,1,0,0,0,1,0,0,0
data/external/actions/human_action_recognition/train/011138_texting.jpg,Bingsu/Human_Action_Recognition,texting,0,1,0,0,0,0,0,0,0,0,0,0,0,0,0,0,1,0,0,0
data/external/actions/human_action_recognition/train/011139_texting.jpg,Bingsu/Human_Action_Recognition,texting,0,1,0,0,0,0,0,0,0,0,0,0,0,0,0,0,1,0,0,0
data/external/actions/human_action_recognition/train/011140_calling.jpg,Bingsu/Human_Action_Recognition,calling,1,0,0,0,0,0,0,0,0,0,0,0,0,0,0,0,1,0,0,0
data/external/actions/human_action_recognition/train/011141_texting.jpg,Bingsu/Human_Action_Recognition,texting,0,1,0,0,0,0,0,0,0,0,0,0,0,0,0,0,1,0,0,0
data/external/actions/human_action_recognition/train/011142_sleeping.jpg,Bingsu/Human_Action_Recognition,sleeping,0,0,1,0,0,0,0,0,0,0,0,0,0,0,0,0,1,0,0,0
data/external/actions/human_action_recognition/train/011143_fighting.jpg,Bingsu/Human_Action_Recognition,fighting,0,0,0,0,0,0,0,0,0,0,0,0,0,0,0,0,0,1,1,0
data/external/actions/human_action_recognition/train/011144_eating.jpg,Bingsu/Human_Action_Recognition,eating,0,0,0,0,0,0,0,0,0,0,0,0,0,1,0,0,0,0,0,0
data/external/actions/human_action_recognition/train/011145_running.jpg,Bingsu/Human_Action_Recognition,running,0,0,0,0,0,0,1,0,0,0,0,0,0,0,0,0,0,1,1,0
data/external/actions/human_action_recognition/train/011146_sitting.jpg,Bingsu/Human_Action_Recognition,sitting,0,1,0,0,0,0,0,0,0,0,0,0,0,0,0,0,1,0,0,0
data/external/actions/human_action_recognition/train/011147_fighting.jpg,Bingsu/Human_Action_Recognition,fighting,0,0,0,0,0,0,0,0,0,0,0,0,0,0,0,0,0,1,1,0
data/external/actions/human_action_recognition/train/011148_cycling.jpg,Bingsu/Human_Action_Recognition,cycling,0,0,0,0,0,0,0,0,1,0,0,0,0,0,0,0,0,1,0,0
data/external/actions/human_action_recognition/train/011149_hugging.jpg,Bingsu/Human_Action_Recognition,hugging,1,0,0,0,0,0,0,0,0,0,0,0,0,0,0,0,1,0,0,0
data/external/actions/human_action_recognition/train/011150_hugging.jpg,Bingsu/Human_Action_Recognition,hugging,1,0,0,0,0,0,0,0,0,0,0,0,0,0,0,0,1,0,0,0
data/external/actions/human_action_recognition/train/011151_sitting.jpg,Bingsu/Human_Action_Recognition,sitting,0,1,0,0,0,0,0,0,0,0,0,0,0,0,0,0,1,0,0,0
data/external/actions/human_action_recognition/train/011152_laughing.jpg,Bingsu/Human_Action_Recognition,laughing,1,0,0,0,0,0,0,0,0,0,0,0,0,0,0,0,1,0,0,0
data/external/actions/human_action_recognition/train/011153_running.jpg,Bingsu/Human_Action_Recognition,running,0,0,0,0,0,0,1,0,0,0,0,0,0,0,0,0,0,1,1,0
data/external/actions/human_action_recognition/train/011154_texting.jpg,Bingsu/Human_Action_Recognition,texting,0,1,0,0,0,0,0,0,0,0,0,0,0,0,0,0,1,0,0,0
data/external/actions/human_action_recognition/train/011155_using_laptop.jpg,Bingsu/Human_Action_Recognition,using_laptop,0,1,0,0,0,0,0,0,0,0,0,0,1,0,0,0,1,0,0,0
data/external/actions/human_action_recognition/train/011156_listening_to_music.jpg,Bingsu/Human_Action_Recognition,listening_to_music,0,1,0,0,0,0,0,0,0,0,0,0,0,0,0,0,1,0,0,0
data/external/actions/human_action_recognition/train/011157_laughing.jpg,Bingsu/Human_Action_Recognition,laughing,1,0,0,0,0,0,0,0,0,0,0,0,0,0,0,0,1,0,0,0
data/external/actions/human_action_recognition/train/011158_calling.jpg,Bingsu/Human_Action_Recognition,calling,1,0,0,0,0,0,0,0,0,0,0,0,0,0,0,0,1,0,0,0
data/external/actions/human_action_recognition/train/011159_laughing.jpg,Bingsu/Human_Action_Recognition,laughing,1,0,0,0,0,0,0,0,0,0,0,0,0,0,0,0,1,0,0,0
data/external/actions/human_action_recognition/train/011160_drinking.jpg,Bingsu/Human_Action_Recognition,drinking,0,0,0,0,0,0,0,0,0,0,0,0,0,0,1,0,0,0,0,0
data/external/actions/human_action_recognition/train/011161_drinking.jpg,Bingsu/Human_Action_Recognition,drinking,0,0,0,0,0,0,0,0,0,0,0,0,0,0,1,0,0,0,0,0
data/external/actions/human_action_recognition/train/011162_texting.jpg,Bingsu/Human_Action_Recognition,texting,0,1,0,0,0,0,0,0,0,0,0,0,0,0,0,0,1,0,0,0
data/external/actions/human_action_recognition/train/011163_drinking.jpg,Bingsu/Human_Action_Recognition,drinking,0,0,0,0,0,0,0,0,0,0,0,0,0,0,1,0,0,0,0,0
data/external/actions/human_action_recognition/train/011164_drinking.jpg,Bingsu/Human_Action_Recognition,drinking,0,0,0,0,0,0,0,0,0,0,0,0,0,0,1,0,0,0,0,0
data/external/actions/human_action_recognition/train/011165_listening_to_music.jpg,Bingsu/Human_Action_Recognition,listening_to_music,0,1,0,0,0,0,0,0,0,0,0,0,0,0,0,0,1,0,0,0
data/external/actions/human_action_recognition/train/011166_running.jpg,Bingsu/Human_Action_Recognition,running,0,0,0,0,0,0,1,0,0,0,0,0,0,0,0,0,0,1,1,0
data/external/actions/human_action_recognition/train/011167_running.jpg,Bingsu/Human_Action_Recognition,running,0,0,0,0,0,0,1,0,0,0,0,0,0,0,0,0,0,1,1,0
data/external/actions/human_action_recognition/train/011168_listening_to_music.jpg,Bingsu/Human_Action_Recognition,listening_to_music,0,1,0,0,0,0,0,0,0,0,0,0,0,0,0,0,1,0,0,0
data/external/actions/human_action_recognition/train/011169_clapping.jpg,Bingsu/Human_Action_Recognition,clapping,0,0,0,0,1,0,0,0,0,0,0,0,0,0,0,0,0,1,0,0
data/external/actions/human_action_recognition/train/011170_texting.jpg,Bingsu/Human_Action_Recognition,texting,0,1,0,0,0,0,0,0,0,0,0,0,0,0,0,0,1,0,0,0
data/external/actions/human_action_recognition/train/011171_listening_to_music.jpg,Bingsu/Human_Action_Recognition,listening_to_music,0,1,0,0,0,0,0,0,0,0,0,0,0,0,0,0,1,0,0,0
data/external/actions/human_action_recognition/train/011172_texting.jpg,Bingsu/Human_Action_Recognition,texting,0,1,0,0,0,0,0,0,0,0,0,0,0,0,0,0,1,0,0,0
data/external/actions/human_action_recognition/train/011173_listening_to_music.jpg,Bingsu/Human_Action_Recognition,listening_to_music,0,1,0,0,0,0,0,0,0,0,0,0,0,0,0,0,1,0,0,0
data/external/actions/human_action_recognition/train/011174_cycling.jpg,Bingsu/Human_Action_Recognition,cycling,0,0,0,0,0,0,0,0,1,0,0,0,0,0,0,0,0,1,0,0
data/external/actions/human_action_recognition/train/011175_cycling.jpg,Bingsu/Human_Action_Recognition,cycling,0,0,0,0,0,0,0,0,1,0,0,0,0,0,0,0,0,1,0,0
data/external/actions/human_action_recognition/train/011176_sleeping.jpg,Bingsu/Human_Action_Recognition,sleeping,0,0,1,0,0,0,0,0,0,0,0,0,0,0,0,0,1,0,0,0
data/external/actions/human_action_recognition/train/011177_drinking.jpg,Bingsu/Human_Action_Recognition,drinking,0,0,0,0,0,0,0,0,0,0,0,0,0,0,1,0,0,0,0,0
data/external/actions/human_action_recognition/train/011178_fighting.jpg,Bingsu/Human_Action_Recognition,fighting,0,0,0,0,0,0,0,0,0,0,0,0,0,0,0,0,0,1,1,0
data/external/actions/human_action_recognition/train/011179_running.jpg,Bingsu/Human_Action_Recognition,running,0,0,0,0,0,0,1,0,0,0,0,0,0,0,0,0,0,1,1,0
data/external/actions/human_action_recognition/train/011180_clapping.jpg,Bingsu/Human_Action_Recognition,clapping,0,0,0,0,1,0,0,0,0,0,0,0,0,0,0,0,0,1,0,0
data/external/actions/human_action_recognition/train/011181_hugging.jpg,Bingsu/Human_Action_Recognition,hugging,1,0,0,0,0,0,0,0,0,0,0,0,0,0,0,0,1,0,0,0
data/external/actions/human_action_recognition/train/011182_listening_to_music.jpg,Bingsu/Human_Action_Recognition,listening_to_music,0,1,0,0,0,0,0,0,0,0,0,0,0,0,0,0,1,0,0,0
data/external/actions/human_action_recognition/train/011183_drinking.jpg,Bingsu/Human_Action_Recognition,drinking,0,0,0,0,0,0,0,0,0,0,0,0,0,0,1,0,0,0,0,0
data/external/actions/human_action_recognition/train/011184_cycling.jpg,Bingsu/Human_Action_Recognition,cycling,0,0,0,0,0,0,0,0,1,0,0,0,0,0,0,0,0,1,0,0
data/external/actions/human_action_recognition/train/011185_calling.jpg,Bingsu/Human_Action_Recognition,calling,1,0,0,0,0,0,0,0,0,0,0,0,0,0,0,0,1,0,0,0
data/external/actions/human_action_recognition/train/011186_fighting.jpg,Bingsu/Human_Action_Recognition,fighting,0,0,0,0,0,0,0,0,0,0,0,0,0,0,0,0,0,1,1,0
data/external/actions/human_action_recognition/train/011187_fighting.jpg,Bingsu/Human_Action_Recognition,fighting,0,0,0,0,0,0,0,0,0,0,0,0,0,0,0,0,0,1,1,0
data/external/actions/human_action_recognition/train/011188_running.jpg,Bingsu/Human_Action_Recognition,running,0,0,0,0,0,0,1,0,0,0,0,0,0,0,0,0,0,1,1,0
data/external/actions/human_action_recognition/train/011189_sleeping.jpg,Bingsu/Human_Action_Recognition,sleeping,0,0,1,0,0,0,0,0,0,0,0,0,0,0,0,0,1,0,0,0
data/external/actions/human_action_recognition/train/011190_cycling.jpg,Bingsu/Human_Action_Recognition,cycling,0,0,0,0,0,0,0,0,1,0,0,0,0,0,0,0,0,1,0,0
data/external/actions/human_action_recognition/train/011191_cycling.jpg,Bingsu/Human_Action_Recognition,cycling,0,0,0,0,0,0,0,0,1,0,0,0,0,0,0,0,0,1,0,0
data/external/actions/human_action_recognition/train/011192_listening_to_music.jpg,Bingsu/Human_Action_Recognition,listening_to_music,0,1,0,0,0,0,0,0,0,0,0,0,0,0,0,0,1,0,0,0
data/external/actions/human_action_recognition/train/011193_dancing.jpg,Bingsu/Human_Action_Recognition,dancing,0,0,0,0,0,0,0,0,0,0,1,0,0,0,0,0,0,1,0,0
data/external/actions/human_action_recognition/train/011194_running.jpg,Bingsu/Human_Action_Recognition,running,0,0,0,0,0,0,1,0,0,0,0,0,0,0,0,0,0,1,1,0
data/external/actions/human_action_recognition/train/011195_running.jpg,Bingsu/Human_Action_Recognition,running,0,0,0,0,0,0,1,0,0,0,0,0,0,0,0,0,0,1,1,0
data/external/actions/human_action_recognition/train/011196_laughing.jpg,Bingsu/Human_Action_Recognition,laughing,1,0,0,0,0,0,0,0,0,0,0,0,0,0,0,0,1,0,0,0
data/external/actions/human_action_recognition/train/011197_sleeping.jpg,Bingsu/Human_Action_Recognition,sleeping,0,0,1,0,0,0,0,0,0,0,0,0,0,0,0,0,1,0,0,0
data/external/actions/human_action_recognition/train/011198_texting.jpg,Bingsu/Human_Action_Recognition,texting,0,1,0,0,0,0,0,0,0,0,0,0,0,0,0,0,1,0,0,0
data/external/actions/human_action_recognition/train/011199_hugging.jpg,Bingsu/Human_Action_Recognition,hugging,1,0,0,0,0,0,0,0,0,0,0,0,0,0,0,0,1,0,0,0
data/external/actions/human_action_recognition/train/011200_using_laptop.jpg,Bingsu/Human_Action_Recognition,using_laptop,0,1,0,0,0,0,0,0,0,0,0,0,1,0,0,0,1,0,0,0
data/external/actions/human_action_recognition/train/011201_listening_to_music.jpg,Bingsu/Human_Action_Recognition,listening_to_music,0,1,0,0,0,0,0,0,0,0,0,0,0,0,0,0,1,0,0,0
data/external/actions/human_action_recognition/train/011202_laughing.jpg,Bingsu/Human_Action_Recognition,laughing,1,0,0,0,0,0,0,0,0,0,0,0,0,0,0,0,1,0,0,0
data/external/actions/human_action_recognition/train/011203_listening_to_music.jpg,Bingsu/Human_Action_Recognition,listening_to_music,0,1,0,0,0,0,0,0,0,0,0,0,0,0,0,0,1,0,0,0
data/external/actions/human_action_recognition/train/011204_drinking.jpg,Bingsu/Human_Action_Recognition,drinking,0,0,0,0,0,0,0,0,0,0,0,0,0,0,1,0,0,0,0,0
data/external/actions/human_action_recognition/train/011205_dancing.jpg,Bingsu/Human_Action_Recognition,dancing,0,0,0,0,0,0,0,0,0,0,1,0,0,0,0,0,0,1,0,0
data/external/actions/human_action_recognition/train/011206_cycling.jpg,Bingsu/Human_Action_Recognition,cycling,0,0,0,0,0,0,0,0,1,0,0,0,0,0,0,0,0,1,0,0
data/external/actions/human_action_recognition/train/011207_hugging.jpg,Bingsu/Human_Action_Recognition,hugging,1,0,0,0,0,0,0,0,0,0,0,0,0,0,0,0,1,0,0,0
data/external/actions/human_action_recognition/train/011208_eating.jpg,Bingsu/Human_Action_Recognition,eating,0,0,0,0,0,0,0,0,0,0,0,0,0,1,0,0,0,0,0,0
data/external/actions/human_action_recognition/train/011209_calling.jpg,Bingsu/Human_Action_Recognition,calling,1,0,0,0,0,0,0,0,0,0,0,0,0,0,0,0,1,0,0,0
data/external/actions/human_action_recognition/train/011210_eating.jpg,Bingsu/Human_Action_Recognition,eating,0,0,0,0,0,0,0,0,0,0,0,0,0,1,0,0,0,0,0,0
data/external/actions/human_action_recognition/train/011211_cycling.jpg,Bingsu/Human_Action_Recognition,cycling,0,0,0,0,0,0,0,0,1,0,0,0,0,0,0,0,0,1,0,0
data/external/actions/human_action_recognition/train/011212_drinking.jpg,Bingsu/Human_Action_Recognition,drinking,0,0,0,0,0,0,0,0,0,0,0,0,0,0,1,0,0,0,0,0
data/external/actions/human_action_recognition/train/011213_sitting.jpg,Bingsu/Human_Action_Recognition,sitting,0,1,0,0,0,0,0,0,0,0,0,0,0,0,0,0,1,0,0,0
data/external/actions/human_action_recognition/train/011214_using_laptop.jpg,Bingsu/Human_Action_Recognition,using_laptop,0,1,0,0,0,0,0,0,0,0,0,0,1,0,0,0,1,0,0,0
data/external/actions/human_action_recognition/train/011215_fighting.jpg,Bingsu/Human_Action_Recognition,fighting,0,0,0,0,0,0,0,0,0,0,0,0,0,0,0,0,0,1,1,0
data/external/actions/human_action_recognition/train/011216_clapping.jpg,Bingsu/Human_Action_Recognition,clapping,0,0,0,0,1,0,0,0,0,0,0,0,0,0,0,0,0,1,0,0
data/external/actions/human_action_recognition/train/011217_hugging.jpg,Bingsu/Human_Action_Recognition,hugging,1,0,0,0,0,0,0,0,0,0,0,0,0,0,0,0,1,0,0,0
data/external/actions/human_action_recognition/train/011218_using_laptop.jpg,Bingsu/Human_Action_Recognition,using_laptop,0,1,0,0,0,0,0,0,0,0,0,0,1,0,0,0,1,0,0,0
data/external/actions/human_action_recognition/train/011219_clapping.jpg,Bingsu/Human_Action_Recognition,clapping,0,0,0,0,1,0,0,0,0,0,0,0,0,0,0,0,0,1,0,0
data/external/actions/human_action_recognition/train/011220_eating.jpg,Bingsu/Human_Action_Recognition,eating,0,0,0,0,0,0,0,0,0,0,0,0,0,1,0,0,0,0,0,0
data/external/actions/human_action_recognition/train/011221_dancing.jpg,Bingsu/Human_Action_Recognition,dancing,0,0,0,0,0,0,0,0,0,0,1,0,0,0,0,0,0,1,0,0
data/external/actions/human_action_recognition/train/011222_drinking.jpg,Bingsu/Human_Action_Recognition,drinking,0,0,0,0,0,0,0,0,0,0,0,0,0,0,1,0,0,0,0,0
data/external/actions/human_action_recognition/train/011223_hugging.jpg,Bingsu/Human_Action_Recognition,hugging,1,0,0,0,0,0,0,0,0,0,0,0,0,0,0,0,1,0,0,0
data/external/actions/human_action_recognition/train/011224_listening_to_music.jpg,Bingsu/Human_Action_Recognition,listening_to_music,0,1,0,0,0,0,0,0,0,0,0,0,0,0,0,0,1,0,0,0
data/external/actions/human_action_recognition/train/011225_sleeping.jpg,Bingsu/Human_Action_Recognition,sleeping,0,0,1,0,0,0,0,0,0,0,0,0,0,0,0,0,1,0,0,0
data/external/actions/human_action_recognition/train/011226_running.jpg,Bingsu/Human_Action_Recognition,running,0,0,0,0,0,0,1,0,0,0,0,0,0,0,0,0,0,1,1,0
data/external/actions/human_action_recognition/train/011227_dancing.jpg,Bingsu/Human_Action_Recognition,dancing,0,0,0,0,0,0,0,0,0,0,1,0,0,0,0,0,0,1,0,0
data/external/actions/human_action_recognition/train/011228_sitting.jpg,Bingsu/Human_Action_Recognition,sitting,0,1,0,0,0,0,0,0,0,0,0,0,0,0,0,0,1,0,0,0
data/external/actions/human_action_recognition/train/011229_texting.jpg,Bingsu/Human_Action_Recognition,texting,0,1,0,0,0,0,0,0,0,0,0,0,0,0,0,0,1,0,0,0
data/external/actions/human_action_recognition/train/011230_fighting.jpg,Bingsu/Human_Action_Recognition,fighting,0,0,0,0,0,0,0,0,0,0,0,0,0,0,0,0,0,1,1,0
data/external/actions/human_action_recognition/train/011231_fighting.jpg,Bingsu/Human_Action_Recognition,fighting,0,0,0,0,0,0,0,0,0,0,0,0,0,0,0,0,0,1,1,0
data/external/actions/human_action_recognition/train/011232_calling.jpg,Bingsu/Human_Action_Recognition,calling,1,0,0,0,0,0,0,0,0,0,0,0,0,0,0,0,1,0,0,0
data/external/actions/human_action_recognition/train/011233_running.jpg,Bingsu/Human_Action_Recognition,running,0,0,0,0,0,0,1,0,0,0,0,0,0,0,0,0,0,1,1,0
data/external/actions/human_action_recognition/train/011234_using_laptop.jpg,Bingsu/Human_Action_Recognition,using_laptop,0,1,0,0,0,0,0,0,0,0,0,0,1,0,0,0,1,0,0,0
data/external/actions/human_action_recognition/train/011235_hugging.jpg,Bingsu/Human_Action_Recognition,hugging,1,0,0,0,0,0,0,0,0,0,0,0,0,0,0,0,1,0,0,0
data/external/actions/human_action_recognition/train/011236_fighting.jpg,Bingsu/Human_Action_Recognition,fighting,0,0,0,0,0,0,0,0,0,0,0,0,0,0,0,0,0,1,1,0
data/external/actions/human_action_recognition/train/011237_cycling.jpg,Bingsu/Human_Action_Recognition,cycling,0,0,0,0,0,0,0,0,1,0,0,0,0,0,0,0,0,1,0,0
data/external/actions/human_action_recognition/train/011238_sleeping.jpg,Bingsu/Human_Action_Recognition,sleeping,0,0,1,0,0,0,0,0,0,0,0,0,0,0,0,0,1,0,0,0
data/external/actions/human_action_recognition/train/011239_cycling.jpg,Bingsu/Human_Action_Recognition,cycling,0,0,0,0,0,0,0,0,1,0,0,0,0,0,0,0,0,1,0,0
data/external/actions/human_action_recognition/train/011240_fighting.jpg,Bingsu/Human_Action_Recognition,fighting,0,0,0,0,0,0,0,0,0,0,0,0,0,0,0,0,0,1,1,0
data/external/actions/human_action_recognition/train/011241_drinking.jpg,Bingsu/Human_Action_Recognition,drinking,0,0,0,0,0,0,0,0,0,0,0,0,0,0,1,0,0,0,0,0
data/external/actions/human_action_recognition/train/011242_drinking.jpg,Bingsu/Human_Action_Recognition,drinking,0,0,0,0,0,0,0,0,0,0,0,0,0,0,1,0,0,0,0,0
data/external/actions/human_action_recognition/train/011243_clapping.jpg,Bingsu/Human_Action_Recognition,clapping,0,0,0,0,1,0,0,0,0,0,0,0,0,0,0,0,0,1,0,0
data/external/actions/human_action_recognition/train/011244_sitting.jpg,Bingsu/Human_Action_Recognition,sitting,0,1,0,0,0,0,0,0,0,0,0,0,0,0,0,0,1,0,0,0
data/external/actions/human_action_recognition/train/011245_clapping.jpg,Bingsu/Human_Action_Recognition,clapping,0,0,0,0,1,0,0,0,0,0,0,0,0,0,0,0,0,1,0,0
data/external/actions/human_action_recognition/train/011246_calling.jpg,Bingsu/Human_Action_Recognition,calling,1,0,0,0,0,0,0,0,0,0,0,0,0,0,0,0,1,0,0,0
data/external/actions/human_action_recognition/train/011247_clapping.jpg,Bingsu/Human_Action_Recognition,clapping,0,0,0,0,1,0,0,0,0,0,0,0,0,0,0,0,0,1,0,0
data/external/actions/human_action_recognition/train/011248_hugging.jpg,Bingsu/Human_Action_Recognition,hugging,1,0,0,0,0,0,0,0,0,0,0,0,0,0,0,0,1,0,0,0
data/external/actions/human_action_recognition/train/011249_hugging.jpg,Bingsu/Human_Action_Recognition,hugging,1,0,0,0,0,0,0,0,0,0,0,0,0,0,0,0,1,0,0,0
data/external/actions/human_action_recognition/train/011250_sleeping.jpg,Bingsu/Human_Action_Recognition,sleeping,0,0,1,0,0,0,0,0,0,0,0,0,0,0,0,0,1,0,0,0
data/external/actions/human_action_recognition/train/011251_hugging.jpg,Bingsu/Human_Action_Recognition,hugging,1,0,0,0,0,0,0,0,0,0,0,0,0,0,0,0,1,0,0,0
data/external/actions/human_action_recognition/train/011252_calling.jpg,Bingsu/Human_Action_Recognition,calling,1,0,0,0,0,0,0,0,0,0,0,0,0,0,0,0,1,0,0,0
data/external/actions/human_action_recognition/train/011253_calling.jpg,Bingsu/Human_Action_Recognition,calling,1,0,0,0,0,0,0,0,0,0,0,0,0,0,0,0,1,0,0,0
data/external/actions/human_action_recognition/train/011254_drinking.jpg,Bingsu/Human_Action_Recognition,drinking,0,0,0,0,0,0,0,0,0,0,0,0,0,0,1,0,0,0,0,0
data/external/actions/human_action_recognition/train/011255_listening_to_music.jpg,Bingsu/Human_Action_Recognition,listening_to_music,0,1,0,0,0,0,0,0,0,0,0,0,0,0,0,0,1,0,0,0
data/external/actions/human_action_recognition/train/011256_sitting.jpg,Bingsu/Human_Action_Recognition,sitting,0,1,0,0,0,0,0,0,0,0,0,0,0,0,0,0,1,0,0,0
data/external/actions/human_action_recognition/train/011257_calling.jpg,Bingsu/Human_Action_Recognition,calling,1,0,0,0,0,0,0,0,0,0,0,0,0,0,0,0,1,0,0,0
data/external/actions/human_action_recognition/train/011258_fighting.jpg,Bingsu/Human_Action_Recognition,fighting,0,0,0,0,0,0,0,0,0,0,0,0,0,0,0,0,0,1,1,0
data/external/actions/human_action_recognition/train/011259_hugging.jpg,Bingsu/Human_Action_Recognition,hugging,1,0,0,0,0,0,0,0,0,0,0,0,0,0,0,0,1,0,0,0
data/external/actions/human_action_recognition/train/011260_eating.jpg,Bingsu/Human_Action_Recognition,eating,0,0,0,0,0,0,0,0,0,0,0,0,0,1,0,0,0,0,0,0
data/external/actions/human_action_recognition/train/011261_using_laptop.jpg,Bingsu/Human_Action_Recognition,using_laptop,0,1,0,0,0,0,0,0,0,0,0,0,1,0,0,0,1,0,0,0
data/external/actions/human_action_recognition/train/011262_fighting.jpg,Bingsu/Human_Action_Recognition,fighting,0,0,0,0,0,0,0,0,0,0,0,0,0,0,0,0,0,1,1,0
data/external/actions/human_action_recognition/train/011263_hugging.jpg,Bingsu/Human_Action_Recognition,hugging,1,0,0,0,0,0,0,0,0,0,0,0,0,0,0,0,1,0,0,0
data/external/actions/human_action_recognition/train/011264_dancing.jpg,Bingsu/Human_Action_Recognition,dancing,0,0,0,0,0,0,0,0,0,0,1,0,0,0,0,0,0,1,0,0
data/external/actions/human_action_recognition/train/011265_drinking.jpg,Bingsu/Human_Action_Recognition,drinking,0,0,0,0,0,0,0,0,0,0,0,0,0,0,1,0,0,0,0,0
data/external/actions/human_action_recognition/train/011266_texting.jpg,Bingsu/Human_Action_Recognition,texting,0,1,0,0,0,0,0,0,0,0,0,0,0,0,0,0,1,0,0,0
data/external/actions/human_action_recognition/train/011267_listening_to_music.jpg,Bingsu/Human_Action_Recognition,listening_to_music,0,1,0,0,0,0,0,0,0,0,0,0,0,0,0,0,1,0,0,0
data/external/actions/human_action_recognition/train/011268_sleeping.jpg,Bingsu/Human_Action_Recognition,sleeping,0,0,1,0,0,0,0,0,0,0,0,0,0,0,0,0,1,0,0,0
data/external/actions/human_action_recognition/train/011269_fighting.jpg,Bingsu/Human_Action_Recognition,fighting,0,0,0,0,0,0,0,0,0,0,0,0,0,0,0,0,0,1,1,0
data/external/actions/human_action_recognition/train/011270_clapping.jpg,Bingsu/Human_Action_Recognition,clapping,0,0,0,0,1,0,0,0,0,0,0,0,0,0,0,0,0,1,0,0
data/external/actions/human_action_recognition/train/011271_fighting.jpg,Bingsu/Human_Action_Recognition,fighting,0,0,0,0,0,0,0,0,0,0,0,0,0,0,0,0,0,1,1,0
data/external/actions/human_action_recognition/train/011272_eating.jpg,Bingsu/Human_Action_Recognition,eating,0,0,0,0,0,0,0,0,0,0,0,0,0,1,0,0,0,0,0,0
data/external/actions/human_action_recognition/train/011273_eating.jpg,Bingsu/Human_Action_Recognition,eating,0,0,0,0,0,0,0,0,0,0,0,0,0,1,0,0,0,0,0,0
data/external/actions/human_action_recognition/train/011274_fighting.jpg,Bingsu/Human_Action_Recognition,fighting,0,0,0,0,0,0,0,0,0,0,0,0,0,0,0,0,0,1,1,0
data/external/actions/human_action_recognition/train/011275_running.jpg,Bingsu/Human_Action_Recognition,running,0,0,0,0,0,0,1,0,0,0,0,0,0,0,0,0,0,1,1,0
data/external/actions/human_action_recognition/train/011276_using_laptop.jpg,Bingsu/Human_Action_Recognition,using_laptop,0,1,0,0,0,0,0,0,0,0,0,0,1,0,0,0,1,0,0,0
data/external/actions/human_action_recognition/train/011277_sleeping.jpg,Bingsu/Human_Action_Recognition,sleeping,0,0,1,0,0,0,0,0,0,0,0,0,0,0,0,0,1,0,0,0
data/external/actions/human_action_recognition/train/011278_using_laptop.jpg,Bingsu/Human_Action_Recognition,using_laptop,0,1,0,0,0,0,0,0,0,0,0,0,1,0,0,0,1,0,0,0
data/external/actions/human_action_recognition/train/011279_using_laptop.jpg,Bingsu/Human_Action_Recognition,using_laptop,0,1,0,0,0,0,0,0,0,0,0,0,1,0,0,0,1,0,0,0
data/external/actions/human_action_recognition/train/011280_using_laptop.jpg,Bingsu/Human_Action_Recognition,using_laptop,0,1,0,0,0,0,0,0,0,0,0,0,1,0,0,0,1,0,0,0
data/external/actions/human_action_recognition/train/011281_hugging.jpg,Bingsu/Human_Action_Recognition,hugging,1,0,0,0,0,0,0,0,0,0,0,0,0,0,0,0,1,0,0,0
data/external/actions/human_action_recognition/train/011282_dancing.jpg,Bingsu/Human_Action_Recognition,dancing,0,0,0,0,0,0,0,0,0,0,1,0,0,0,0,0,0,1,0,0
data/external/actions/human_action_recognition/train/011283_clapping.jpg,Bingsu/Human_Action_Recognition,clapping,0,0,0,0,1,0,0,0,0,0,0,0,0,0,0,0,0,1,0,0
data/external/actions/human_action_recognition/train/011284_using_laptop.jpg,Bingsu/Human_Action_Recognition,using_laptop,0,1,0,0,0,0,0,0,0,0,0,0,1,0,0,0,1,0,0,0
data/external/actions/human_action_recognition/train/011285_eating.jpg,Bingsu/Human_Action_Recognition,eating,0,0,0,0,0,0,0,0,0,0,0,0,0,1,0,0,0,0,0,0
data/external/actions/human_action_recognition/train/011286_hugging.jpg,Bingsu/Human_Action_Recognition,hugging,1,0,0,0,0,0,0,0,0,0,0,0,0,0,0,0,1,0,0,0
data/external/actions/human_action_recognition/train/011287_clapping.jpg,Bingsu/Human_Action_Recognition,clapping,0,0,0,0,1,0,0,0,0,0,0,0,0,0,0,0,0,1,0,0
data/external/actions/human_action_recognition/train/011288_running.jpg,Bingsu/Human_Action_Recognition,running,0,0,0,0,0,0,1,0,0,0,0,0,0,0,0,0,0,1,1,0
data/external/actions/human_action_recognition/train/011289_using_laptop.jpg,Bingsu/Human_Action_Recognition,using_laptop,0,1,0,0,0,0,0,0,0,0,0,0,1,0,0,0,1,0,0,0
data/external/actions/human_action_recognition/train/011290_running.jpg,Bingsu/Human_Action_Recognition,running,0,0,0,0,0,0,1,0,0,0,0,0,0,0,0,0,0,1,1,0
data/external/actions/human_action_recognition/train/011291_hugging.jpg,Bingsu/Human_Action_Recognition,hugging,1,0,0,0,0,0,0,0,0,0,0,0,0,0,0,0,1,0,0,0
data/external/actions/human_action_recognition/train/011292_texting.jpg,Bingsu/Human_Action_Recognition,texting,0,1,0,0,0,0,0,0,0,0,0,0,0,0,0,0,1,0,0,0
data/external/actions/human_action_recognition/train/011293_sitting.jpg,Bingsu/Human_Action_Recognition,sitting,0,1,0,0,0,0,0,0,0,0,0,0,0,0,0,0,1,0,0,0
data/external/actions/human_action_recognition/train/011294_laughing.jpg,Bingsu/Human_Action_Recognition,laughing,1,0,0,0,0,0,0,0,0,0,0,0,0,0,0,0,1,0,0,0
data/external/actions/human_action_recognition/train/011295_using_laptop.jpg,Bingsu/Human_Action_Recognition,using_laptop,0,1,0,0,0,0,0,0,0,0,0,0,1,0,0,0,1,0,0,0
data/external/actions/human_action_recognition/train/011296_laughing.jpg,Bingsu/Human_Action_Recognition,laughing,1,0,0,0,0,0,0,0,0,0,0,0,0,0,0,0,1,0,0,0
data/external/actions/human_action_recognition/train/011297_dancing.jpg,Bingsu/Human_Action_Recognition,dancing,0,0,0,0,0,0,0,0,0,0,1,0,0,0,0,0,0,1,0,0
data/external/actions/human_action_recognition/train/011298_sleeping.jpg,Bingsu/Human_Action_Recognition,sleeping,0,0,1,0,0,0,0,0,0,0,0,0,0,0,0,0,1,0,0,0
data/external/actions/human_action_recognition/train/011299_fighting.jpg,Bingsu/Human_Action_Recognition,fighting,0,0,0,0,0,0,0,0,0,0,0,0,0,0,0,0,0,1,1,0
data/external/actions/human_action_recognition/train/011300_texting.jpg,Bingsu/Human_Action_Recognition,texting,0,1,0,0,0,0,0,0,0,0,0,0,0,0,0,0,1,0,0,0
data/external/actions/human_action_recognition/train/011301_eating.jpg,Bingsu/Human_Action_Recognition,eating,0,0,0,0,0,0,0,0,0,0,0,0,0,1,0,0,0,0,0,0
data/external/actions/human_action_recognition/train/011302_dancing.jpg,Bingsu/Human_Action_Recognition,dancing,0,0,0,0,0,0,0,0,0,0,1,0,0,0,0,0,0,1,0,0
data/external/actions/human_action_recognition/train/011303_fighting.jpg,Bingsu/Human_Action_Recognition,fighting,0,0,0,0,0,0,0,0,0,0,0,0,0,0,0,0,0,1,1,0
data/external/actions/human_action_recognition/train/011304_running.jpg,Bingsu/Human_Action_Recognition,running,0,0,0,0,0,0,1,0,0,0,0,0,0,0,0,0,0,1,1,0
data/external/actions/human_action_recognition/train/011305_eating.jpg,Bingsu/Human_Action_Recognition,eating,0,0,0,0,0,0,0,0,0,0,0,0,0,1,0,0,0,0,0,0
data/external/actions/human_action_recognition/train/011306_fighting.jpg,Bingsu/Human_Action_Recognition,fighting,0,0,0,0,0,0,0,0,0,0,0,0,0,0,0,0,0,1,1,0
data/external/actions/human_action_recognition/train/011307_texting.jpg,Bingsu/Human_Action_Recognition,texting,0,1,0,0,0,0,0,0,0,0,0,0,0,0,0,0,1,0,0,0
data/external/actions/human_action_recognition/train/011308_eating.jpg,Bingsu/Human_Action_Recognition,eating,0,0,0,0,0,0,0,0,0,0,0,0,0,1,0,0,0,0,0,0
data/external/actions/human_action_recognition/train/011309_eating.jpg,Bingsu/Human_Action_Recognition,eating,0,0,0,0,0,0,0,0,0,0,0,0,0,1,0,0,0,0,0,0
data/external/actions/human_action_recognition/train/011310_texting.jpg,Bingsu/Human_Action_Recognition,texting,0,1,0,0,0,0,0,0,0,0,0,0,0,0,0,0,1,0,0,0
data/external/actions/human_action_recognition/train/011311_cycling.jpg,Bingsu/Human_Action_Recognition,cycling,0,0,0,0,0,0,0,0,1,0,0,0,0,0,0,0,0,1,0,0
data/external/actions/human_action_recognition/train/011312_listening_to_music.jpg,Bingsu/Human_Action_Recognition,listening_to_music,0,1,0,0,0,0,0,0,0,0,0,0,0,0,0,0,1,0,0,0
data/external/actions/human_action_recognition/train/011313_sleeping.jpg,Bingsu/Human_Action_Recognition,sleeping,0,0,1,0,0,0,0,0,0,0,0,0,0,0,0,0,1,0,0,0
data/external/actions/human_action_recognition/train/011314_running.jpg,Bingsu/Human_Action_Recognition,running,0,0,0,0,0,0,1,0,0,0,0,0,0,0,0,0,0,1,1,0
data/external/actions/human_action_recognition/train/011315_sitting.jpg,Bingsu/Human_Action_Recognition,sitting,0,1,0,0,0,0,0,0,0,0,0,0,0,0,0,0,1,0,0,0
data/external/actions/human_action_recognition/train/011316_running.jpg,Bingsu/Human_Action_Recognition,running,0,0,0,0,0,0,1,0,0,0,0,0,0,0,0,0,0,1,1,0
data/external/actions/human_action_recognition/train/011317_listening_to_music.jpg,Bingsu/Human_Action_Recognition,listening_to_music,0,1,0,0,0,0,0,0,0,0,0,0,0,0,0,0,1,0,0,0
data/external/actions/human_action_recognition/train/011318_hugging.jpg,Bingsu/Human_Action_Recognition,hugging,1,0,0,0,0,0,0,0,0,0,0,0,0,0,0,0,1,0,0,0
data/external/actions/human_action_recognition/train/011319_listening_to_music.jpg,Bingsu/Human_Action_Recognition,listening_to_music,0,1,0,0,0,0,0,0,0,0,0,0,0,0,0,0,1,0,0,0
data/external/actions/human_action_recognition/train/011320_drinking.jpg,Bingsu/Human_Action_Recognition,drinking,0,0,0,0,0,0,0,0,0,0,0,0,0,0,1,0,0,0,0,0
data/external/actions/human_action_recognition/train/011321_laughing.jpg,Bingsu/Human_Action_Recognition,laughing,1,0,0,0,0,0,0,0,0,0,0,0,0,0,0,0,1,0,0,0
data/external/actions/human_action_recognition/train/011322_drinking.jpg,Bingsu/Human_Action_Recognition,drinking,0,0,0,0,0,0,0,0,0,0,0,0,0,0,1,0,0,0,0,0
data/external/actions/human_action_recognition/train/011323_cycling.jpg,Bingsu/Human_Action_Recognition,cycling,0,0,0,0,0,0,0,0,1,0,0,0,0,0,0,0,0,1,0,0
data/external/actions/human_action_recognition/train/011324_sitting.jpg,Bingsu/Human_Action_Recognition,sitting,0,1,0,0,0,0,0,0,0,0,0,0,0,0,0,0,1,0,0,0
data/external/actions/human_action_recognition/train/011325_calling.jpg,Bingsu/Human_Action_Recognition,calling,1,0,0,0,0,0,0,0,0,0,0,0,0,0,0,0,1,0,0,0
data/external/actions/human_action_recognition/train/011326_dancing.jpg,Bingsu/Human_Action_Recognition,dancing,0,0,0,0,0,0,0,0,0,0,1,0,0,0,0,0,0,1,0,0
data/external/actions/human_action_recognition/train/011327_eating.jpg,Bingsu/Human_Action_Recognition,eating,0,0,0,0,0,0,0,0,0,0,0,0,0,1,0,0,0,0,0,0
data/external/actions/human_action_recognition/train/011328_listening_to_music.jpg,Bingsu/Human_Action_Recognition,listening_to_music,0,1,0,0,0,0,0,0,0,0,0,0,0,0,0,0,1,0,0,0
data/external/actions/human_action_recognition/train/011329_drinking.jpg,Bingsu/Human_Action_Recognition,drinking,0,0,0,0,0,0,0,0,0,0,0,0,0,0,1,0,0,0,0,0
data/external/actions/human_action_recognition/train/011330_drinking.jpg,Bingsu/Human_Action_Recognition,drinking,0,0,0,0,0,0,0,0,0,0,0,0,0,0,1,0,0,0,0,0
data/external/actions/human_action_recognition/train/011331_sitting.jpg,Bingsu/Human_Action_Recognition,sitting,0,1,0,0,0,0,0,0,0,0,0,0,0,0,0,0,1,0,0,0
data/external/actions/human_action_recognition/train/011332_laughing.jpg,Bingsu/Human_Action_Recognition,laughing,1,0,0,0,0,0,0,0,0,0,0,0,0,0,0,0,1,0,0,0
data/external/actions/human_action_recognition/train/011333_clapping.jpg,Bingsu/Human_Action_Recognition,clapping,0,0,0,0,1,0,0,0,0,0,0,0,0,0,0,0,0,1,0,0
data/external/actions/human_action_recognition/train/011334_hugging.jpg,Bingsu/Human_Action_Recognition,hugging,1,0,0,0,0,0,0,0,0,0,0,0,0,0,0,0,1,0,0,0
data/external/actions/human_action_recognition/train/011335_running.jpg,Bingsu/Human_Action_Recognition,running,0,0,0,0,0,0,1,0,0,0,0,0,0,0,0,0,0,1,1,0
data/external/actions/human_action_recognition/train/011336_calling.jpg,Bingsu/Human_Action_Recognition,calling,1,0,0,0,0,0,0,0,0,0,0,0,0,0,0,0,1,0,0,0
data/external/actions/human_action_recognition/train/011337_eating.jpg,Bingsu/Human_Action_Recognition,eating,0,0,0,0,0,0,0,0,0,0,0,0,0,1,0,0,0,0,0,0
data/external/actions/human_action_recognition/train/011338_running.jpg,Bingsu/Human_Action_Recognition,running,0,0,0,0,0,0,1,0,0,0,0,0,0,0,0,0,0,1,1,0
data/external/actions/human_action_recognition/train/011339_running.jpg,Bingsu/Human_Action_Recognition,running,0,0,0,0,0,0,1,0,0,0,0,0,0,0,0,0,0,1,1,0
data/external/actions/human_action_recognition/train/011340_using_laptop.jpg,Bingsu/Human_Action_Recognition,using_laptop,0,1,0,0,0,0,0,0,0,0,0,0,1,0,0,0,1,0,0,0
data/external/actions/human_action_recognition/train/011341_laughing.jpg,Bingsu/Human_Action_Recognition,laughing,1,0,0,0,0,0,0,0,0,0,0,0,0,0,0,0,1,0,0,0
data/external/actions/human_action_recognition/train/011342_dancing.jpg,Bingsu/Human_Action_Recognition,dancing,0,0,0,0,0,0,0,0,0,0,1,0,0,0,0,0,0,1,0,0
data/external/actions/human_action_recognition/train/011343_laughing.jpg,Bingsu/Human_Action_Recognition,laughing,1,0,0,0,0,0,0,0,0,0,0,0,0,0,0,0,1,0,0,0
data/external/actions/human_action_recognition/train/011344_clapping.jpg,Bingsu/Human_Action_Recognition,clapping,0,0,0,0,1,0,0,0,0,0,0,0,0,0,0,0,0,1,0,0
data/external/actions/human_action_recognition/train/011345_running.jpg,Bingsu/Human_Action_Recognition,running,0,0,0,0,0,0,1,0,0,0,0,0,0,0,0,0,0,1,1,0
data/external/actions/human_action_recognition/train/011346_listening_to_music.jpg,Bingsu/Human_Action_Recognition,listening_to_music,0,1,0,0,0,0,0,0,0,0,0,0,0,0,0,0,1,0,0,0
data/external/actions/human_action_recognition/train/011347_listening_to_music.jpg,Bingsu/Human_Action_Recognition,listening_to_music,0,1,0,0,0,0,0,0,0,0,0,0,0,0,0,0,1,0,0,0
data/external/actions/human_action_recognition/train/011348_clapping.jpg,Bingsu/Human_Action_Recognition,clapping,0,0,0,0,1,0,0,0,0,0,0,0,0,0,0,0,0,1,0,0
data/external/actions/human_action_recognition/train/011349_cycling.jpg,Bingsu/Human_Action_Recognition,cycling,0,0,0,0,0,0,0,0,1,0,0,0,0,0,0,0,0,1,0,0
data/external/actions/human_action_recognition/train/011350_cycling.jpg,Bingsu/Human_Action_Recognition,cycling,0,0,0,0,0,0,0,0,1,0,0,0,0,0,0,0,0,1,0,0
data/external/actions/human_action_recognition/train/011351_using_laptop.jpg,Bingsu/Human_Action_Recognition,using_laptop,0,1,0,0,0,0,0,0,0,0,0,0,1,0,0,0,1,0,0,0
data/external/actions/human_action_recognition/train/011352_fighting.jpg,Bingsu/Human_Action_Recognition,fighting,0,0,0,0,0,0,0,0,0,0,0,0,0,0,0,0,0,1,1,0
data/external/actions/human_action_recognition/train/011353_fighting.jpg,Bingsu/Human_Action_Recognition,fighting,0,0,0,0,0,0,0,0,0,0,0,0,0,0,0,0,0,1,1,0
data/external/actions/human_action_recognition/train/011354_calling.jpg,Bingsu/Human_Action_Recognition,calling,1,0,0,0,0,0,0,0,0,0,0,0,0,0,0,0,1,0,0,0
data/external/actions/human_action_recognition/train/011355_using_laptop.jpg,Bingsu/Human_Action_Recognition,using_laptop,0,1,0,0,0,0,0,0,0,0,0,0,1,0,0,0,1,0,0,0
data/external/actions/human_action_recognition/train/011356_cycling.jpg,Bingsu/Human_Action_Recognition,cycling,0,0,0,0,0,0,0,0,1,0,0,0,0,0,0,0,0,1,0,0
data/external/actions/human_action_recognition/train/011357_hugging.jpg,Bingsu/Human_Action_Recognition,hugging,1,0,0,0,0,0,0,0,0,0,0,0,0,0,0,0,1,0,0,0
data/external/actions/human_action_recognition/train/011358_calling.jpg,Bingsu/Human_Action_Recognition,calling,1,0,0,0,0,0,0,0,0,0,0,0,0,0,0,0,1,0,0,0
data/external/actions/human_action_recognition/train/011359_listening_to_music.jpg,Bingsu/Human_Action_Recognition,listening_to_music,0,1,0,0,0,0,0,0,0,0,0,0,0,0,0,0,1,0,0,0
data/external/actions/human_action_recognition/train/011360_using_laptop.jpg,Bingsu/Human_Action_Recognition,using_laptop,0,1,0,0,0,0,0,0,0,0,0,0,1,0,0,0,1,0,0,0
data/external/actions/human_action_recognition/train/011361_eating.jpg,Bingsu/Human_Action_Recognition,eating,0,0,0,0,0,0,0,0,0,0,0,0,0,1,0,0,0,0,0,0
data/external/actions/human_action_recognition/train/011362_fighting.jpg,Bingsu/Human_Action_Recognition,fighting,0,0,0,0,0,0,0,0,0,0,0,0,0,0,0,0,0,1,1,0
data/external/actions/human_action_recognition/train/011363_eating.jpg,Bingsu/Human_Action_Recognition,eating,0,0,0,0,0,0,0,0,0,0,0,0,0,1,0,0,0,0,0,0
data/external/actions/human_action_recognition/train/011364_eating.jpg,Bingsu/Human_Action_Recognition,eating,0,0,0,0,0,0,0,0,0,0,0,0,0,1,0,0,0,0,0,0
data/external/actions/human_action_recognition/train/011365_eating.jpg,Bingsu/Human_Action_Recognition,eating,0,0,0,0,0,0,0,0,0,0,0,0,0,1,0,0,0,0,0,0
data/external/actions/human_action_recognition/train/011366_sleeping.jpg,Bingsu/Human_Action_Recognition,sleeping,0,0,1,0,0,0,0,0,0,0,0,0,0,0,0,0,1,0,0,0
data/external/actions/human_action_recognition/train/011367_listening_to_music.jpg,Bingsu/Human_Action_Recognition,listening_to_music,0,1,0,0,0,0,0,0,0,0,0,0,0,0,0,0,1,0,0,0
data/external/actions/human_action_recognition/train/011368_laughing.jpg,Bingsu/Human_Action_Recognition,laughing,1,0,0,0,0,0,0,0,0,0,0,0,0,0,0,0,1,0,0,0
data/external/actions/human_action_recognition/train/011369_laughing.jpg,Bingsu/Human_Action_Recognition,laughing,1,0,0,0,0,0,0,0,0,0,0,0,0,0,0,0,1,0,0,0
data/external/actions/human_action_recognition/train/011370_laughing.jpg,Bingsu/Human_Action_Recognition,laughing,1,0,0,0,0,0,0,0,0,0,0,0,0,0,0,0,1,0,0,0
data/external/actions/human_action_recognition/train/011371_dancing.jpg,Bingsu/Human_Action_Recognition,dancing,0,0,0,0,0,0,0,0,0,0,1,0,0,0,0,0,0,1,0,0
data/external/actions/human_action_recognition/train/011372_drinking.jpg,Bingsu/Human_Action_Recognition,drinking,0,0,0,0,0,0,0,0,0,0,0,0,0,0,1,0,0,0,0,0
data/external/actions/human_action_recognition/train/011373_dancing.jpg,Bingsu/Human_Action_Recognition,dancing,0,0,0,0,0,0,0,0,0,0,1,0,0,0,0,0,0,1,0,0
data/external/actions/human_action_recognition/train/011374_fighting.jpg,Bingsu/Human_Action_Recognition,fighting,0,0,0,0,0,0,0,0,0,0,0,0,0,0,0,0,0,1,1,0
data/external/actions/human_action_recognition/train/011375_clapping.jpg,Bingsu/Human_Action_Recognition,clapping,0,0,0,0,1,0,0,0,0,0,0,0,0,0,0,0,0,1,0,0
data/external/actions/human_action_recognition/train/011376_calling.jpg,Bingsu/Human_Action_Recognition,calling,1,0,0,0,0,0,0,0,0,0,0,0,0,0,0,0,1,0,0,0
data/external/actions/human_action_recognition/train/011377_drinking.jpg,Bingsu/Human_Action_Recognition,drinking,0,0,0,0,0,0,0,0,0,0,0,0,0,0,1,0,0,0,0,0
data/external/actions/human_action_recognition/train/011378_clapping.jpg,Bingsu/Human_Action_Recognition,clapping,0,0,0,0,1,0,0,0,0,0,0,0,0,0,0,0,0,1,0,0
data/external/actions/human_action_recognition/train/011379_fighting.jpg,Bingsu/Human_Action_Recognition,fighting,0,0,0,0,0,0,0,0,0,0,0,0,0,0,0,0,0,1,1,0
data/external/actions/human_action_recognition/train/011380_texting.jpg,Bingsu/Human_Action_Recognition,texting,0,1,0,0,0,0,0,0,0,0,0,0,0,0,0,0,1,0,0,0
data/external/actions/human_action_recognition/train/011381_sitting.jpg,Bingsu/Human_Action_Recognition,sitting,0,1,0,0,0,0,0,0,0,0,0,0,0,0,0,0,1,0,0,0
data/external/actions/human_action_recognition/train/011382_hugging.jpg,Bingsu/Human_Action_Recognition,hugging,1,0,0,0,0,0,0,0,0,0,0,0,0,0,0,0,1,0,0,0
data/external/actions/human_action_recognition/train/011383_dancing.jpg,Bingsu/Human_Action_Recognition,dancing,0,0,0,0,0,0,0,0,0,0,1,0,0,0,0,0,0,1,0,0
data/external/actions/human_action_recognition/train/011384_calling.jpg,Bingsu/Human_Action_Recognition,calling,1,0,0,0,0,0,0,0,0,0,0,0,0,0,0,0,1,0,0,0
data/external/actions/human_action_recognition/train/011385_cycling.jpg,Bingsu/Human_Action_Recognition,cycling,0,0,0,0,0,0,0,0,1,0,0,0,0,0,0,0,0,1,0,0
data/external/actions/human_action_recognition/train/011386_texting.jpg,Bingsu/Human_Action_Recognition,texting,0,1,0,0,0,0,0,0,0,0,0,0,0,0,0,0,1,0,0,0
data/external/actions/human_action_recognition/train/011387_fighting.jpg,Bingsu/Human_Action_Recognition,fighting,0,0,0,0,0,0,0,0,0,0,0,0,0,0,0,0,0,1,1,0
data/external/actions/human_action_recognition/train/011388_clapping.jpg,Bingsu/Human_Action_Recognition,clapping,0,0,0,0,1,0,0,0,0,0,0,0,0,0,0,0,0,1,0,0
data/external/actions/human_action_recognition/train/011389_texting.jpg,Bingsu/Human_Action_Recognition,texting,0,1,0,0,0,0,0,0,0,0,0,0,0,0,0,0,1,0,0,0
data/external/actions/human_action_recognition/train/011390_clapping.jpg,Bingsu/Human_Action_Recognition,clapping,0,0,0,0,1,0,0,0,0,0,0,0,0,0,0,0,0,1,0,0
data/external/actions/human_action_recognition/train/011391_eating.jpg,Bingsu/Human_Action_Recognition,eating,0,0,0,0,0,0,0,0,0,0,0,0,0,1,0,0,0,0,0,0
data/external/actions/human_action_recognition/train/011392_hugging.jpg,Bingsu/Human_Action_Recognition,hugging,1,0,0,0,0,0,0,0,0,0,0,0,0,0,0,0,1,0,0,0
data/external/actions/human_action_recognition/train/011393_drinking.jpg,Bingsu/Human_Action_Recognition,drinking,0,0,0,0,0,0,0,0,0,0,0,0,0,0,1,0,0,0,0,0
data/external/actions/human_action_recognition/train/011394_sleeping.jpg,Bingsu/Human_Action_Recognition,sleeping,0,0,1,0,0,0,0,0,0,0,0,0,0,0,0,0,1,0,0,0
data/external/actions/human_action_recognition/train/011395_fighting.jpg,Bingsu/Human_Action_Recognition,fighting,0,0,0,0,0,0,0,0,0,0,0,0,0,0,0,0,0,1,1,0
data/external/actions/human_action_recognition/train/011396_drinking.jpg,Bingsu/Human_Action_Recognition,drinking,0,0,0,0,0,0,0,0,0,0,0,0,0,0,1,0,0,0,0,0
data/external/actions/human_action_recognition/train/011397_dancing.jpg,Bingsu/Human_Action_Recognition,dancing,0,0,0,0,0,0,0,0,0,0,1,0,0,0,0,0,0,1,0,0
data/external/actions/human_action_recognition/train/011398_eating.jpg,Bingsu/Human_Action_Recognition,eating,0,0,0,0,0,0,0,0,0,0,0,0,0,1,0,0,0,0,0,0
data/external/actions/human_action_recognition/train/011399_texting.jpg,Bingsu/Human_Action_Recognition,texting,0,1,0,0,0,0,0,0,0,0,0,0,0,0,0,0,1,0,0,0
data/external/actions/human_action_recognition/train/011400_sleeping.jpg,Bingsu/Human_Action_Recognition,sleeping,0,0,1,0,0,0,0,0,0,0,0,0,0,0,0,0,1,0,0,0
data/external/actions/human_action_recognition/train/011401_texting.jpg,Bingsu/Human_Action_Recognition,texting,0,1,0,0,0,0,0,0,0,0,0,0,0,0,0,0,1,0,0,0
data/external/actions/human_action_recognition/train/011402_eating.jpg,Bingsu/Human_Action_Recognition,eating,0,0,0,0,0,0,0,0,0,0,0,0,0,1,0,0,0,0,0,0
data/external/actions/human_action_recognition/train/011403_sleeping.jpg,Bingsu/Human_Action_Recognition,sleeping,0,0,1,0,0,0,0,0,0,0,0,0,0,0,0,0,1,0,0,0
data/external/actions/human_action_recognition/train/011404_clapping.jpg,Bingsu/Human_Action_Recognition,clapping,0,0,0,0,1,0,0,0,0,0,0,0,0,0,0,0,0,1,0,0
data/external/actions/human_action_recognition/train/011405_calling.jpg,Bingsu/Human_Action_Recognition,calling,1,0,0,0,0,0,0,0,0,0,0,0,0,0,0,0,1,0,0,0
data/external/actions/human_action_recognition/train/011406_eating.jpg,Bingsu/Human_Action_Recognition,eating,0,0,0,0,0,0,0,0,0,0,0,0,0,1,0,0,0,0,0,0
data/external/actions/human_action_recognition/train/011407_texting.jpg,Bingsu/Human_Action_Recognition,texting,0,1,0,0,0,0,0,0,0,0,0,0,0,0,0,0,1,0,0,0
data/external/actions/human_action_recognition/train/011408_drinking.jpg,Bingsu/Human_Action_Recognition,drinking,0,0,0,0,0,0,0,0,0,0,0,0,0,0,1,0,0,0,0,0
data/external/actions/human_action_recognition/train/011409_drinking.jpg,Bingsu/Human_Action_Recognition,drinking,0,0,0,0,0,0,0,0,0,0,0,0,0,0,1,0,0,0,0,0
data/external/actions/human_action_recognition/train/011410_texting.jpg,Bingsu/Human_Action_Recognition,texting,0,1,0,0,0,0,0,0,0,0,0,0,0,0,0,0,1,0,0,0
data/external/actions/human_action_recognition/train/011411_sleeping.jpg,Bingsu/Human_Action_Recognition,sleeping,0,0,1,0,0,0,0,0,0,0,0,0,0,0,0,0,1,0,0,0
data/external/actions/human_action_recognition/train/011412_sitting.jpg,Bingsu/Human_Action_Recognition,sitting,0,1,0,0,0,0,0,0,0,0,0,0,0,0,0,0,1,0,0,0
data/external/actions/human_action_recognition/train/011413_calling.jpg,Bingsu/Human_Action_Recognition,calling,1,0,0,0,0,0,0,0,0,0,0,0,0,0,0,0,1,0,0,0
data/external/actions/human_action_recognition/train/011414_sleeping.jpg,Bingsu/Human_Action_Recognition,sleeping,0,0,1,0,0,0,0,0,0,0,0,0,0,0,0,0,1,0,0,0
data/external/actions/human_action_recognition/train/011415_clapping.jpg,Bingsu/Human_Action_Recognition,clapping,0,0,0,0,1,0,0,0,0,0,0,0,0,0,0,0,0,1,0,0
data/external/actions/human_action_recognition/train/011416_fighting.jpg,Bingsu/Human_Action_Recognition,fighting,0,0,0,0,0,0,0,0,0,0,0,0,0,0,0,0,0,1,1,0
data/external/actions/human_action_recognition/train/011417_texting.jpg,Bingsu/Human_Action_Recognition,texting,0,1,0,0,0,0,0,0,0,0,0,0,0,0,0,0,1,0,0,0
data/external/actions/human_action_recognition/train/011418_clapping.jpg,Bingsu/Human_Action_Recognition,clapping,0,0,0,0,1,0,0,0,0,0,0,0,0,0,0,0,0,1,0,0
data/external/actions/human_action_recognition/train/011419_calling.jpg,Bingsu/Human_Action_Recognition,calling,1,0,0,0,0,0,0,0,0,0,0,0,0,0,0,0,1,0,0,0
data/external/actions/human_action_recognition/train/011420_using_laptop.jpg,Bingsu/Human_Action_Recognition,using_laptop,0,1,0,0,0,0,0,0,0,0,0,0,1,0,0,0,1,0,0,0
data/external/actions/human_action_recognition/train/011421_calling.jpg,Bingsu/Human_Action_Recognition,calling,1,0,0,0,0,0,0,0,0,0,0,0,0,0,0,0,1,0,0,0
data/external/actions/human_action_recognition/train/011422_dancing.jpg,Bingsu/Human_Action_Recognition,dancing,0,0,0,0,0,0,0,0,0,0,1,0,0,0,0,0,0,1,0,0
data/external/actions/human_action_recognition/train/011423_cycling.jpg,Bingsu/Human_Action_Recognition,cycling,0,0,0,0,0,0,0,0,1,0,0,0,0,0,0,0,0,1,0,0
data/external/actions/human_action_recognition/train/011424_eating.jpg,Bingsu/Human_Action_Recognition,eating,0,0,0,0,0,0,0,0,0,0,0,0,0,1,0,0,0,0,0,0
data/external/actions/human_action_recognition/train/011425_eating.jpg,Bingsu/Human_Action_Recognition,eating,0,0,0,0,0,0,0,0,0,0,0,0,0,1,0,0,0,0,0,0
data/external/actions/human_action_recognition/train/011426_sleeping.jpg,Bingsu/Human_Action_Recognition,sleeping,0,0,1,0,0,0,0,0,0,0,0,0,0,0,0,0,1,0,0,0
data/external/actions/human_action_recognition/train/011427_hugging.jpg,Bingsu/Human_Action_Recognition,hugging,1,0,0,0,0,0,0,0,0,0,0,0,0,0,0,0,1,0,0,0
data/external/actions/human_action_recognition/train/011428_laughing.jpg,Bingsu/Human_Action_Recognition,laughing,1,0,0,0,0,0,0,0,0,0,0,0,0,0,0,0,1,0,0,0
data/external/actions/human_action_recognition/train/011429_sitting.jpg,Bingsu/Human_Action_Recognition,sitting,0,1,0,0,0,0,0,0,0,0,0,0,0,0,0,0,1,0,0,0
data/external/actions/human_action_recognition/train/011430_clapping.jpg,Bingsu/Human_Action_Recognition,clapping,0,0,0,0,1,0,0,0,0,0,0,0,0,0,0,0,0,1,0,0
data/external/actions/human_action_recognition/train/011431_texting.jpg,Bingsu/Human_Action_Recognition,texting,0,1,0,0,0,0,0,0,0,0,0,0,0,0,0,0,1,0,0,0
data/external/actions/human_action_recognition/train/011432_dancing.jpg,Bingsu/Human_Action_Recognition,dancing,0,0,0,0,0,0,0,0,0,0,1,0,0,0,0,0,0,1,0,0
data/external/actions/human_action_recognition/train/011433_dancing.jpg,Bingsu/Human_Action_Recognition,dancing,0,0,0,0,0,0,0,0,0,0,1,0,0,0,0,0,0,1,0,0
data/external/actions/human_action_recognition/train/011434_eating.jpg,Bingsu/Human_Action_Recognition,eating,0,0,0,0,0,0,0,0,0,0,0,0,0,1,0,0,0,0,0,0
data/external/actions/human_action_recognition/train/011435_sleeping.jpg,Bingsu/Human_Action_Recognition,sleeping,0,0,1,0,0,0,0,0,0,0,0,0,0,0,0,0,1,0,0,0
data/external/actions/human_action_recognition/train/011436_texting.jpg,Bingsu/Human_Action_Recognition,texting,0,1,0,0,0,0,0,0,0,0,0,0,0,0,0,0,1,0,0,0
data/external/actions/human_action_recognition/train/011437_listening_to_music.jpg,Bingsu/Human_Action_Recognition,listening_to_music,0,1,0,0,0,0,0,0,0,0,0,0,0,0,0,0,1,0,0,0
data/external/actions/human_action_recognition/train/011438_laughing.jpg,Bingsu/Human_Action_Recognition,laughing,1,0,0,0,0,0,0,0,0,0,0,0,0,0,0,0,1,0,0,0
data/external/actions/human_action_recognition/train/011439_eating.jpg,Bingsu/Human_Action_Recognition,eating,0,0,0,0,0,0,0,0,0,0,0,0,0,1,0,0,0,0,0,0
data/external/actions/human_action_recognition/train/011440_dancing.jpg,Bingsu/Human_Action_Recognition,dancing,0,0,0,0,0,0,0,0,0,0,1,0,0,0,0,0,0,1,0,0
data/external/actions/human_action_recognition/train/011441_calling.jpg,Bingsu/Human_Action_Recognition,calling,1,0,0,0,0,0,0,0,0,0,0,0,0,0,0,0,1,0,0,0
data/external/actions/human_action_recognition/train/011442_calling.jpg,Bingsu/Human_Action_Recognition,calling,1,0,0,0,0,0,0,0,0,0,0,0,0,0,0,0,1,0,0,0
data/external/actions/human_action_recognition/train/011443_sleeping.jpg,Bingsu/Human_Action_Recognition,sleeping,0,0,1,0,0,0,0,0,0,0,0,0,0,0,0,0,1,0,0,0
data/external/actions/human_action_recognition/train/011444_calling.jpg,Bingsu/Human_Action_Recognition,calling,1,0,0,0,0,0,0,0,0,0,0,0,0,0,0,0,1,0,0,0
data/external/actions/human_action_recognition/train/011445_texting.jpg,Bingsu/Human_Action_Recognition,texting,0,1,0,0,0,0,0,0,0,0,0,0,0,0,0,0,1,0,0,0
data/external/actions/human_action_recognition/train/011446_dancing.jpg,Bingsu/Human_Action_Recognition,dancing,0,0,0,0,0,0,0,0,0,0,1,0,0,0,0,0,0,1,0,0
data/external/actions/human_action_recognition/train/011447_running.jpg,Bingsu/Human_Action_Recognition,running,0,0,0,0,0,0,1,0,0,0,0,0,0,0,0,0,0,1,1,0
data/external/actions/human_action_recognition/train/011448_fighting.jpg,Bingsu/Human_Action_Recognition,fighting,0,0,0,0,0,0,0,0,0,0,0,0,0,0,0,0,0,1,1,0
data/external/actions/human_action_recognition/train/011449_eating.jpg,Bingsu/Human_Action_Recognition,eating,0,0,0,0,0,0,0,0,0,0,0,0,0,1,0,0,0,0,0,0
data/external/actions/human_action_recognition/train/011450_hugging.jpg,Bingsu/Human_Action_Recognition,hugging,1,0,0,0,0,0,0,0,0,0,0,0,0,0,0,0,1,0,0,0
data/external/actions/human_action_recognition/train/011451_cycling.jpg,Bingsu/Human_Action_Recognition,cycling,0,0,0,0,0,0,0,0,1,0,0,0,0,0,0,0,0,1,0,0
data/external/actions/human_action_recognition/train/011452_sleeping.jpg,Bingsu/Human_Action_Recognition,sleeping,0,0,1,0,0,0,0,0,0,0,0,0,0,0,0,0,1,0,0,0
data/external/actions/human_action_recognition/train/011453_sleeping.jpg,Bingsu/Human_Action_Recognition,sleeping,0,0,1,0,0,0,0,0,0,0,0,0,0,0,0,0,1,0,0,0
data/external/actions/human_action_recognition/train/011454_laughing.jpg,Bingsu/Human_Action_Recognition,laughing,1,0,0,0,0,0,0,0,0,0,0,0,0,0,0,0,1,0,0,0
data/external/actions/human_action_recognition/train/011455_running.jpg,Bingsu/Human_Action_Recognition,running,0,0,0,0,0,0,1,0,0,0,0,0,0,0,0,0,0,1,1,0
data/external/actions/human_action_recognition/train/011456_eating.jpg,Bingsu/Human_Action_Recognition,eating,0,0,0,0,0,0,0,0,0,0,0,0,0,1,0,0,0,0,0,0
data/external/actions/human_action_recognition/train/011457_laughing.jpg,Bingsu/Human_Action_Recognition,laughing,1,0,0,0,0,0,0,0,0,0,0,0,0,0,0,0,1,0,0,0
data/external/actions/human_action_recognition/train/011458_using_laptop.jpg,Bingsu/Human_Action_Recognition,using_laptop,0,1,0,0,0,0,0,0,0,0,0,0,1,0,0,0,1,0,0,0
data/external/actions/human_action_recognition/train/011459_dancing.jpg,Bingsu/Human_Action_Recognition,dancing,0,0,0,0,0,0,0,0,0,0,1,0,0,0,0,0,0,1,0,0
data/external/actions/human_action_recognition/train/011460_sitting.jpg,Bingsu/Human_Action_Recognition,sitting,0,1,0,0,0,0,0,0,0,0,0,0,0,0,0,0,1,0,0,0
data/external/actions/human_action_recognition/train/011461_calling.jpg,Bingsu/Human_Action_Recognition,calling,1,0,0,0,0,0,0,0,0,0,0,0,0,0,0,0,1,0,0,0
data/external/actions/human_action_recognition/train/011462_cycling.jpg,Bingsu/Human_Action_Recognition,cycling,0,0,0,0,0,0,0,0,1,0,0,0,0,0,0,0,0,1,0,0
data/external/actions/human_action_recognition/train/011463_eating.jpg,Bingsu/Human_Action_Recognition,eating,0,0,0,0,0,0,0,0,0,0,0,0,0,1,0,0,0,0,0,0
data/external/actions/human_action_recognition/train/011464_drinking.jpg,Bingsu/Human_Action_Recognition,drinking,0,0,0,0,0,0,0,0,0,0,0,0,0,0,1,0,0,0,0,0
data/external/actions/human_action_recognition/train/011465_hugging.jpg,Bingsu/Human_Action_Recognition,hugging,1,0,0,0,0,0,0,0,0,0,0,0,0,0,0,0,1,0,0,0
data/external/actions/human_action_recognition/train/011466_cycling.jpg,Bingsu/Human_Action_Recognition,cycling,0,0,0,0,0,0,0,0,1,0,0,0,0,0,0,0,0,1,0,0
data/external/actions/human_action_recognition/train/011467_using_laptop.jpg,Bingsu/Human_Action_Recognition,using_laptop,0,1,0,0,0,0,0,0,0,0,0,0,1,0,0,0,1,0,0,0
data/external/actions/human_action_recognition/train/011468_eating.jpg,Bingsu/Human_Action_Recognition,eating,0,0,0,0,0,0,0,0,0,0,0,0,0,1,0,0,0,0,0,0
data/external/actions/human_action_recognition/train/011469_sitting.jpg,Bingsu/Human_Action_Recognition,sitting,0,1,0,0,0,0,0,0,0,0,0,0,0,0,0,0,1,0,0,0
data/external/actions/human_action_recognition/train/011470_listening_to_music.jpg,Bingsu/Human_Action_Recognition,listening_to_music,0,1,0,0,0,0,0,0,0,0,0,0,0,0,0,0,1,0,0,0
data/external/actions/human_action_recognition/train/011471_cycling.jpg,Bingsu/Human_Action_Recognition,cycling,0,0,0,0,0,0,0,0,1,0,0,0,0,0,0,0,0,1,0,0
data/external/actions/human_action_recognition/train/011472_dancing.jpg,Bingsu/Human_Action_Recognition,dancing,0,0,0,0,0,0,0,0,0,0,1,0,0,0,0,0,0,1,0,0
data/external/actions/human_action_recognition/train/011473_cycling.jpg,Bingsu/Human_Action_Recognition,cycling,0,0,0,0,0,0,0,0,1,0,0,0,0,0,0,0,0,1,0,0
data/external/actions/human_action_recognition/train/011474_calling.jpg,Bingsu/Human_Action_Recognition,calling,1,0,0,0,0,0,0,0,0,0,0,0,0,0,0,0,1,0,0,0
data/external/actions/human_action_recognition/train/011475_listening_to_music.jpg,Bingsu/Human_Action_Recognition,listening_to_music,0,1,0,0,0,0,0,0,0,0,0,0,0,0,0,0,1,0,0,0
data/external/actions/human_action_recognition/train/011476_sleeping.jpg,Bingsu/Human_Action_Recognition,sleeping,0,0,1,0,0,0,0,0,0,0,0,0,0,0,0,0,1,0,0,0
data/external/actions/human_action_recognition/train/011477_laughing.jpg,Bingsu/Human_Action_Recognition,laughing,1,0,0,0,0,0,0,0,0,0,0,0,0,0,0,0,1,0,0,0
data/external/actions/human_action_recognition/train/011478_hugging.jpg,Bingsu/Human_Action_Recognition,hugging,1,0,0,0,0,0,0,0,0,0,0,0,0,0,0,0,1,0,0,0
data/external/actions/human_action_recognition/train/011479_running.jpg,Bingsu/Human_Action_Recognition,running,0,0,0,0,0,0,1,0,0,0,0,0,0,0,0,0,0,1,1,0
data/external/actions/human_action_recognition/train/011480_listening_to_music.jpg,Bingsu/Human_Action_Recognition,listening_to_music,0,1,0,0,0,0,0,0,0,0,0,0,0,0,0,0,1,0,0,0
data/external/actions/human_action_recognition/train/011481_calling.jpg,Bingsu/Human_Action_Recognition,calling,1,0,0,0,0,0,0,0,0,0,0,0,0,0,0,0,1,0,0,0
data/external/actions/human_action_recognition/train/011482_hugging.jpg,Bingsu/Human_Action_Recognition,hugging,1,0,0,0,0,0,0,0,0,0,0,0,0,0,0,0,1,0,0,0
data/external/actions/human_action_recognition/train/011483_running.jpg,Bingsu/Human_Action_Recognition,running,0,0,0,0,0,0,1,0,0,0,0,0,0,0,0,0,0,1,1,0
data/external/actions/human_action_recognition/train/011484_eating.jpg,Bingsu/Human_Action_Recognition,eating,0,0,0,0,0,0,0,0,0,0,0,0,0,1,0,0,0,0,0,0
data/external/actions/human_action_recognition/train/011485_sleeping.jpg,Bingsu/Human_Action_Recognition,sleeping,0,0,1,0,0,0,0,0,0,0,0,0,0,0,0,0,1,0,0,0
data/external/actions/human_action_recognition/train/011486_hugging.jpg,Bingsu/Human_Action_Recognition,hugging,1,0,0,0,0,0,0,0,0,0,0,0,0,0,0,0,1,0,0,0
data/external/actions/human_action_recognition/train/011487_sleeping.jpg,Bingsu/Human_Action_Recognition,sleeping,0,0,1,0,0,0,0,0,0,0,0,0,0,0,0,0,1,0,0,0
data/external/actions/human_action_recognition/train/011488_drinking.jpg,Bingsu/Human_Action_Recognition,drinking,0,0,0,0,0,0,0,0,0,0,0,0,0,0,1,0,0,0,0,0
data/external/actions/human_action_recognition/train/011489_using_laptop.jpg,Bingsu/Human_Action_Recognition,using_laptop,0,1,0,0,0,0,0,0,0,0,0,0,1,0,0,0,1,0,0,0
data/external/actions/human_action_recognition/train/011490_fighting.jpg,Bingsu/Human_Action_Recognition,fighting,0,0,0,0,0,0,0,0,0,0,0,0,0,0,0,0,0,1,1,0
data/external/actions/human_action_recognition/train/011491_hugging.jpg,Bingsu/Human_Action_Recognition,hugging,1,0,0,0,0,0,0,0,0,0,0,0,0,0,0,0,1,0,0,0
data/external/actions/human_action_recognition/train/011492_hugging.jpg,Bingsu/Human_Action_Recognition,hugging,1,0,0,0,0,0,0,0,0,0,0,0,0,0,0,0,1,0,0,0
data/external/actions/human_action_recognition/train/011493_texting.jpg,Bingsu/Human_Action_Recognition,texting,0,1,0,0,0,0,0,0,0,0,0,0,0,0,0,0,1,0,0,0
data/external/actions/human_action_recognition/train/011494_dancing.jpg,Bingsu/Human_Action_Recognition,dancing,0,0,0,0,0,0,0,0,0,0,1,0,0,0,0,0,0,1,0,0
data/external/actions/human_action_recognition/train/011495_running.jpg,Bingsu/Human_Action_Recognition,running,0,0,0,0,0,0,1,0,0,0,0,0,0,0,0,0,0,1,1,0
data/external/actions/human_action_recognition/train/011496_sitting.jpg,Bingsu/Human_Action_Recognition,sitting,0,1,0,0,0,0,0,0,0,0,0,0,0,0,0,0,1,0,0,0
data/external/actions/human_action_recognition/train/011497_using_laptop.jpg,Bingsu/Human_Action_Recognition,using_laptop,0,1,0,0,0,0,0,0,0,0,0,0,1,0,0,0,1,0,0,0
data/external/actions/human_action_recognition/train/011498_sleeping.jpg,Bingsu/Human_Action_Recognition,sleeping,0,0,1,0,0,0,0,0,0,0,0,0,0,0,0,0,1,0,0,0
data/external/actions/human_action_recognition/train/011499_clapping.jpg,Bingsu/Human_Action_Recognition,clapping,0,0,0,0,1,0,0,0,0,0,0,0,0,0,0,0,0,1,0,0
data/external/actions/human_action_recognition/train/011500_hugging.jpg,Bingsu/Human_Action_Recognition,hugging,1,0,0,0,0,0,0,0,0,0,0,0,0,0,0,0,1,0,0,0
data/external/actions/human_action_recognition/train/011501_sleeping.jpg,Bingsu/Human_Action_Recognition,sleeping,0,0,1,0,0,0,0,0,0,0,0,0,0,0,0,0,1,0,0,0
data/external/actions/human_action_recognition/train/011502_texting.jpg,Bingsu/Human_Action_Recognition,texting,0,1,0,0,0,0,0,0,0,0,0,0,0,0,0,0,1,0,0,0
data/external/actions/human_action_recognition/train/011503_hugging.jpg,Bingsu/Human_Action_Recognition,hugging,1,0,0,0,0,0,0,0,0,0,0,0,0,0,0,0,1,0,0,0
data/external/actions/human_action_recognition/train/011504_dancing.jpg,Bingsu/Human_Action_Recognition,dancing,0,0,0,0,0,0,0,0,0,0,1,0,0,0,0,0,0,1,0,0
data/external/actions/human_action_recognition/train/011505_fighting.jpg,Bingsu/Human_Action_Recognition,fighting,0,0,0,0,0,0,0,0,0,0,0,0,0,0,0,0,0,1,1,0
data/external/actions/human_action_recognition/train/011506_using_laptop.jpg,Bingsu/Human_Action_Recognition,using_laptop,0,1,0,0,0,0,0,0,0,0,0,0,1,0,0,0,1,0,0,0
data/external/actions/human_action_recognition/train/011507_drinking.jpg,Bingsu/Human_Action_Recognition,drinking,0,0,0,0,0,0,0,0,0,0,0,0,0,0,1,0,0,0,0,0
data/external/actions/human_action_recognition/train/011508_drinking.jpg,Bingsu/Human_Action_Recognition,drinking,0,0,0,0,0,0,0,0,0,0,0,0,0,0,1,0,0,0,0,0
data/external/actions/human_action_recognition/train/011509_running.jpg,Bingsu/Human_Action_Recognition,running,0,0,0,0,0,0,1,0,0,0,0,0,0,0,0,0,0,1,1,0
data/external/actions/human_action_recognition/train/011510_fighting.jpg,Bingsu/Human_Action_Recognition,fighting,0,0,0,0,0,0,0,0,0,0,0,0,0,0,0,0,0,1,1,0
data/external/actions/human_action_recognition/train/011511_fighting.jpg,Bingsu/Human_Action_Recognition,fighting,0,0,0,0,0,0,0,0,0,0,0,0,0,0,0,0,0,1,1,0
data/external/actions/human_action_recognition/train/011512_using_laptop.jpg,Bingsu/Human_Action_Recognition,using_laptop,0,1,0,0,0,0,0,0,0,0,0,0,1,0,0,0,1,0,0,0
data/external/actions/human_action_recognition/train/011513_sleeping.jpg,Bingsu/Human_Action_Recognition,sleeping,0,0,1,0,0,0,0,0,0,0,0,0,0,0,0,0,1,0,0,0
data/external/actions/human_action_recognition/train/011514_laughing.jpg,Bingsu/Human_Action_Recognition,laughing,1,0,0,0,0,0,0,0,0,0,0,0,0,0,0,0,1,0,0,0
data/external/actions/human_action_recognition/train/011515_dancing.jpg,Bingsu/Human_Action_Recognition,dancing,0,0,0,0,0,0,0,0,0,0,1,0,0,0,0,0,0,1,0,0
data/external/actions/human_action_recognition/train/011516_laughing.jpg,Bingsu/Human_Action_Recognition,laughing,1,0,0,0,0,0,0,0,0,0,0,0,0,0,0,0,1,0,0,0
data/external/actions/human_action_recognition/train/011517_fighting.jpg,Bingsu/Human_Action_Recognition,fighting,0,0,0,0,0,0,0,0,0,0,0,0,0,0,0,0,0,1,1,0
data/external/actions/human_action_recognition/train/011518_cycling.jpg,Bingsu/Human_Action_Recognition,cycling,0,0,0,0,0,0,0,0,1,0,0,0,0,0,0,0,0,1,0,0
data/external/actions/human_action_recognition/train/011519_sitting.jpg,Bingsu/Human_Action_Recognition,sitting,0,1,0,0,0,0,0,0,0,0,0,0,0,0,0,0,1,0,0,0
data/external/actions/human_action_recognition/train/011520_listening_to_music.jpg,Bingsu/Human_Action_Recognition,listening_to_music,0,1,0,0,0,0,0,0,0,0,0,0,0,0,0,0,1,0,0,0
data/external/actions/human_action_recognition/train/011521_laughing.jpg,Bingsu/Human_Action_Recognition,laughing,1,0,0,0,0,0,0,0,0,0,0,0,0,0,0,0,1,0,0,0
data/external/actions/human_action_recognition/train/011522_listening_to_music.jpg,Bingsu/Human_Action_Recognition,listening_to_music,0,1,0,0,0,0,0,0,0,0,0,0,0,0,0,0,1,0,0,0
data/external/actions/human_action_recognition/train/011523_drinking.jpg,Bingsu/Human_Action_Recognition,drinking,0,0,0,0,0,0,0,0,0,0,0,0,0,0,1,0,0,0,0,0
data/external/actions/human_action_recognition/train/011524_texting.jpg,Bingsu/Human_Action_Recognition,texting,0,1,0,0,0,0,0,0,0,0,0,0,0,0,0,0,1,0,0,0
data/external/actions/human_action_recognition/train/011525_calling.jpg,Bingsu/Human_Action_Recognition,calling,1,0,0,0,0,0,0,0,0,0,0,0,0,0,0,0,1,0,0,0
data/external/actions/human_action_recognition/train/011526_cycling.jpg,Bingsu/Human_Action_Recognition,cycling,0,0,0,0,0,0,0,0,1,0,0,0,0,0,0,0,0,1,0,0
data/external/actions/human_action_recognition/train/011527_drinking.jpg,Bingsu/Human_Action_Recognition,drinking,0,0,0,0,0,0,0,0,0,0,0,0,0,0,1,0,0,0,0,0
data/external/actions/human_action_recognition/train/011528_sleeping.jpg,Bingsu/Human_Action_Recognition,sleeping,0,0,1,0,0,0,0,0,0,0,0,0,0,0,0,0,1,0,0,0
data/external/actions/human_action_recognition/train/011529_calling.jpg,Bingsu/Human_Action_Recognition,calling,1,0,0,0,0,0,0,0,0,0,0,0,0,0,0,0,1,0,0,0
data/external/actions/human_action_recognition/train/011530_cycling.jpg,Bingsu/Human_Action_Recognition,cycling,0,0,0,0,0,0,0,0,1,0,0,0,0,0,0,0,0,1,0,0
data/external/actions/human_action_recognition/train/011531_fighting.jpg,Bingsu/Human_Action_Recognition,fighting,0,0,0,0,0,0,0,0,0,0,0,0,0,0,0,0,0,1,1,0
data/external/actions/human_action_recognition/train/011532_listening_to_music.jpg,Bingsu/Human_Action_Recognition,listening_to_music,0,1,0,0,0,0,0,0,0,0,0,0,0,0,0,0,1,0,0,0
data/external/actions/human_action_recognition/train/011533_laughing.jpg,Bingsu/Human_Action_Recognition,laughing,1,0,0,0,0,0,0,0,0,0,0,0,0,0,0,0,1,0,0,0
data/external/actions/human_action_recognition/train/011534_hugging.jpg,Bingsu/Human_Action_Recognition,hugging,1,0,0,0,0,0,0,0,0,0,0,0,0,0,0,0,1,0,0,0
data/external/actions/human_action_recognition/train/011535_listening_to_music.jpg,Bingsu/Human_Action_Recognition,listening_to_music,0,1,0,0,0,0,0,0,0,0,0,0,0,0,0,0,1,0,0,0
data/external/actions/human_action_recognition/train/011536_running.jpg,Bingsu/Human_Action_Recognition,running,0,0,0,0,0,0,1,0,0,0,0,0,0,0,0,0,0,1,1,0
data/external/actions/human_action_recognition/train/011537_sleeping.jpg,Bingsu/Human_Action_Recognition,sleeping,0,0,1,0,0,0,0,0,0,0,0,0,0,0,0,0,1,0,0,0
data/external/actions/human_action_recognition/train/011538_sleeping.jpg,Bingsu/Human_Action_Recognition,sleeping,0,0,1,0,0,0,0,0,0,0,0,0,0,0,0,0,1,0,0,0
data/external/actions/human_action_recognition/train/011539_clapping.jpg,Bingsu/Human_Action_Recognition,clapping,0,0,0,0,1,0,0,0,0,0,0,0,0,0,0,0,0,1,0,0
data/external/actions/human_action_recognition/train/011540_eating.jpg,Bingsu/Human_Action_Recognition,eating,0,0,0,0,0,0,0,0,0,0,0,0,0,1,0,0,0,0,0,0
data/external/actions/human_action_recognition/train/011541_hugging.jpg,Bingsu/Human_Action_Recognition,hugging,1,0,0,0,0,0,0,0,0,0,0,0,0,0,0,0,1,0,0,0
data/external/actions/human_action_recognition/train/011542_eating.jpg,Bingsu/Human_Action_Recognition,eating,0,0,0,0,0,0,0,0,0,0,0,0,0,1,0,0,0,0,0,0
data/external/actions/human_action_recognition/train/011543_hugging.jpg,Bingsu/Human_Action_Recognition,hugging,1,0,0,0,0,0,0,0,0,0,0,0,0,0,0,0,1,0,0,0
data/external/actions/human_action_recognition/train/011544_sitting.jpg,Bingsu/Human_Action_Recognition,sitting,0,1,0,0,0,0,0,0,0,0,0,0,0,0,0,0,1,0,0,0
data/external/actions/human_action_recognition/train/011545_fighting.jpg,Bingsu/Human_Action_Recognition,fighting,0,0,0,0,0,0,0,0,0,0,0,0,0,0,0,0,0,1,1,0
data/external/actions/human_action_recognition/train/011546_clapping.jpg,Bingsu/Human_Action_Recognition,clapping,0,0,0,0,1,0,0,0,0,0,0,0,0,0,0,0,0,1,0,0
data/external/actions/human_action_recognition/train/011547_hugging.jpg,Bingsu/Human_Action_Recognition,hugging,1,0,0,0,0,0,0,0,0,0,0,0,0,0,0,0,1,0,0,0
data/external/actions/human_action_recognition/train/011548_calling.jpg,Bingsu/Human_Action_Recognition,calling,1,0,0,0,0,0,0,0,0,0,0,0,0,0,0,0,1,0,0,0
data/external/actions/human_action_recognition/train/011549_calling.jpg,Bingsu/Human_Action_Recognition,calling,1,0,0,0,0,0,0,0,0,0,0,0,0,0,0,0,1,0,0,0
data/external/actions/human_action_recognition/train/011550_fighting.jpg,Bingsu/Human_Action_Recognition,fighting,0,0,0,0,0,0,0,0,0,0,0,0,0,0,0,0,0,1,1,0
data/external/actions/human_action_recognition/train/011551_fighting.jpg,Bingsu/Human_Action_Recognition,fighting,0,0,0,0,0,0,0,0,0,0,0,0,0,0,0,0,0,1,1,0
data/external/actions/human_action_recognition/train/011552_listening_to_music.jpg,Bingsu/Human_Action_Recognition,listening_to_music,0,1,0,0,0,0,0,0,0,0,0,0,0,0,0,0,1,0,0,0
data/external/actions/human_action_recognition/train/011553_fighting.jpg,Bingsu/Human_Action_Recognition,fighting,0,0,0,0,0,0,0,0,0,0,0,0,0,0,0,0,0,1,1,0
data/external/actions/human_action_recognition/train/011554_drinking.jpg,Bingsu/Human_Action_Recognition,drinking,0,0,0,0,0,0,0,0,0,0,0,0,0,0,1,0,0,0,0,0
data/external/actions/human_action_recognition/train/011555_eating.jpg,Bingsu/Human_Action_Recognition,eating,0,0,0,0,0,0,0,0,0,0,0,0,0,1,0,0,0,0,0,0
data/external/actions/human_action_recognition/train/011556_cycling.jpg,Bingsu/Human_Action_Recognition,cycling,0,0,0,0,0,0,0,0,1,0,0,0,0,0,0,0,0,1,0,0
data/external/actions/human_action_recognition/train/011557_sitting.jpg,Bingsu/Human_Action_Recognition,sitting,0,1,0,0,0,0,0,0,0,0,0,0,0,0,0,0,1,0,0,0
data/external/actions/human_action_recognition/train/011558_listening_to_music.jpg,Bingsu/Human_Action_Recognition,listening_to_music,0,1,0,0,0,0,0,0,0,0,0,0,0,0,0,0,1,0,0,0
data/external/actions/human_action_recognition/train/011559_listening_to_music.jpg,Bingsu/Human_Action_Recognition,listening_to_music,0,1,0,0,0,0,0,0,0,0,0,0,0,0,0,0,1,0,0,0
data/external/actions/human_action_recognition/train/011560_using_laptop.jpg,Bingsu/Human_Action_Recognition,using_laptop,0,1,0,0,0,0,0,0,0,0,0,0,1,0,0,0,1,0,0,0
data/external/actions/human_action_recognition/train/011561_eating.jpg,Bingsu/Human_Action_Recognition,eating,0,0,0,0,0,0,0,0,0,0,0,0,0,1,0,0,0,0,0,0
data/external/actions/human_action_recognition/train/011562_laughing.jpg,Bingsu/Human_Action_Recognition,laughing,1,0,0,0,0,0,0,0,0,0,0,0,0,0,0,0,1,0,0,0
data/external/actions/human_action_recognition/train/011563_texting.jpg,Bingsu/Human_Action_Recognition,texting,0,1,0,0,0,0,0,0,0,0,0,0,0,0,0,0,1,0,0,0
data/external/actions/human_action_recognition/train/011564_clapping.jpg,Bingsu/Human_Action_Recognition,clapping,0,0,0,0,1,0,0,0,0,0,0,0,0,0,0,0,0,1,0,0
data/external/actions/human_action_recognition/train/011565_eating.jpg,Bingsu/Human_Action_Recognition,eating,0,0,0,0,0,0,0,0,0,0,0,0,0,1,0,0,0,0,0,0
data/external/actions/human_action_recognition/train/011566_running.jpg,Bingsu/Human_Action_Recognition,running,0,0,0,0,0,0,1,0,0,0,0,0,0,0,0,0,0,1,1,0
data/external/actions/human_action_recognition/train/011567_clapping.jpg,Bingsu/Human_Action_Recognition,clapping,0,0,0,0,1,0,0,0,0,0,0,0,0,0,0,0,0,1,0,0
data/external/actions/human_action_recognition/train/011568_clapping.jpg,Bingsu/Human_Action_Recognition,clapping,0,0,0,0,1,0,0,0,0,0,0,0,0,0,0,0,0,1,0,0
data/external/actions/human_action_recognition/train/011569_drinking.jpg,Bingsu/Human_Action_Recognition,drinking,0,0,0,0,0,0,0,0,0,0,0,0,0,0,1,0,0,0,0,0
data/external/actions/human_action_recognition/train/011570_texting.jpg,Bingsu/Human_Action_Recognition,texting,0,1,0,0,0,0,0,0,0,0,0,0,0,0,0,0,1,0,0,0
data/external/actions/human_action_recognition/train/011571_clapping.jpg,Bingsu/Human_Action_Recognition,clapping,0,0,0,0,1,0,0,0,0,0,0,0,0,0,0,0,0,1,0,0
data/external/actions/human_action_recognition/train/011572_drinking.jpg,Bingsu/Human_Action_Recognition,drinking,0,0,0,0,0,0,0,0,0,0,0,0,0,0,1,0,0,0,0,0
data/external/actions/human_action_recognition/train/011573_dancing.jpg,Bingsu/Human_Action_Recognition,dancing,0,0,0,0,0,0,0,0,0,0,1,0,0,0,0,0,0,1,0,0
data/external/actions/human_action_recognition/train/011574_calling.jpg,Bingsu/Human_Action_Recognition,calling,1,0,0,0,0,0,0,0,0,0,0,0,0,0,0,0,1,0,0,0
data/external/actions/human_action_recognition/train/011575_running.jpg,Bingsu/Human_Action_Recognition,running,0,0,0,0,0,0,1,0,0,0,0,0,0,0,0,0,0,1,1,0
data/external/actions/human_action_recognition/train/011576_eating.jpg,Bingsu/Human_Action_Recognition,eating,0,0,0,0,0,0,0,0,0,0,0,0,0,1,0,0,0,0,0,0
data/external/actions/human_action_recognition/train/011577_laughing.jpg,Bingsu/Human_Action_Recognition,laughing,1,0,0,0,0,0,0,0,0,0,0,0,0,0,0,0,1,0,0,0
data/external/actions/human_action_recognition/train/011578_texting.jpg,Bingsu/Human_Action_Recognition,texting,0,1,0,0,0,0,0,0,0,0,0,0,0,0,0,0,1,0,0,0
data/external/actions/human_action_recognition/train/011579_running.jpg,Bingsu/Human_Action_Recognition,running,0,0,0,0,0,0,1,0,0,0,0,0,0,0,0,0,0,1,1,0
data/external/actions/human_action_recognition/train/011580_laughing.jpg,Bingsu/Human_Action_Recognition,laughing,1,0,0,0,0,0,0,0,0,0,0,0,0,0,0,0,1,0,0,0
data/external/actions/human_action_recognition/train/011581_listening_to_music.jpg,Bingsu/Human_Action_Recognition,listening_to_music,0,1,0,0,0,0,0,0,0,0,0,0,0,0,0,0,1,0,0,0
data/external/actions/human_action_recognition/train/011582_hugging.jpg,Bingsu/Human_Action_Recognition,hugging,1,0,0,0,0,0,0,0,0,0,0,0,0,0,0,0,1,0,0,0
data/external/actions/human_action_recognition/train/011583_fighting.jpg,Bingsu/Human_Action_Recognition,fighting,0,0,0,0,0,0,0,0,0,0,0,0,0,0,0,0,0,1,1,0
data/external/actions/human_action_recognition/train/011584_texting.jpg,Bingsu/Human_Action_Recognition,texting,0,1,0,0,0,0,0,0,0,0,0,0,0,0,0,0,1,0,0,0
data/external/actions/human_action_recognition/train/011585_sleeping.jpg,Bingsu/Human_Action_Recognition,sleeping,0,0,1,0,0,0,0,0,0,0,0,0,0,0,0,0,1,0,0,0
data/external/actions/human_action_recognition/train/011586_sitting.jpg,Bingsu/Human_Action_Recognition,sitting,0,1,0,0,0,0,0,0,0,0,0,0,0,0,0,0,1,0,0,0
data/external/actions/human_action_recognition/train/011587_fighting.jpg,Bingsu/Human_Action_Recognition,fighting,0,0,0,0,0,0,0,0,0,0,0,0,0,0,0,0,0,1,1,0
data/external/actions/human_action_recognition/train/011588_using_laptop.jpg,Bingsu/Human_Action_Recognition,using_laptop,0,1,0,0,0,0,0,0,0,0,0,0,1,0,0,0,1,0,0,0
data/external/actions/human_action_recognition/train/011589_clapping.jpg,Bingsu/Human_Action_Recognition,clapping,0,0,0,0,1,0,0,0,0,0,0,0,0,0,0,0,0,1,0,0
data/external/actions/human_action_recognition/train/011590_texting.jpg,Bingsu/Human_Action_Recognition,texting,0,1,0,0,0,0,0,0,0,0,0,0,0,0,0,0,1,0,0,0
data/external/actions/human_action_recognition/train/011591_laughing.jpg,Bingsu/Human_Action_Recognition,laughing,1,0,0,0,0,0,0,0,0,0,0,0,0,0,0,0,1,0,0,0
data/external/actions/human_action_recognition/train/011592_hugging.jpg,Bingsu/Human_Action_Recognition,hugging,1,0,0,0,0,0,0,0,0,0,0,0,0,0,0,0,1,0,0,0
data/external/actions/human_action_recognition/train/011593_laughing.jpg,Bingsu/Human_Action_Recognition,laughing,1,0,0,0,0,0,0,0,0,0,0,0,0,0,0,0,1,0,0,0
data/external/actions/human_action_recognition/train/011594_sleeping.jpg,Bingsu/Human_Action_Recognition,sleeping,0,0,1,0,0,0,0,0,0,0,0,0,0,0,0,0,1,0,0,0
data/external/actions/human_action_recognition/train/011595_using_laptop.jpg,Bingsu/Human_Action_Recognition,using_laptop,0,1,0,0,0,0,0,0,0,0,0,0,1,0,0,0,1,0,0,0
data/external/actions/human_action_recognition/train/011596_using_laptop.jpg,Bingsu/Human_Action_Recognition,using_laptop,0,1,0,0,0,0,0,0,0,0,0,0,1,0,0,0,1,0,0,0
data/external/actions/human_action_recognition/train/011597_texting.jpg,Bingsu/Human_Action_Recognition,texting,0,1,0,0,0,0,0,0,0,0,0,0,0,0,0,0,1,0,0,0
data/external/actions/human_action_recognition/train/011598_texting.jpg,Bingsu/Human_Action_Recognition,texting,0,1,0,0,0,0,0,0,0,0,0,0,0,0,0,0,1,0,0,0
data/external/actions/human_action_recognition/train/011599_sleeping.jpg,Bingsu/Human_Action_Recognition,sleeping,0,0,1,0,0,0,0,0,0,0,0,0,0,0,0,0,1,0,0,0
data/external/actions/human_action_recognition/train/011600_running.jpg,Bingsu/Human_Action_Recognition,running,0,0,0,0,0,0,1,0,0,0,0,0,0,0,0,0,0,1,1,0
data/external/actions/human_action_recognition/train/011601_eating.jpg,Bingsu/Human_Action_Recognition,eating,0,0,0,0,0,0,0,0,0,0,0,0,0,1,0,0,0,0,0,0
data/external/actions/human_action_recognition/train/011602_sitting.jpg,Bingsu/Human_Action_Recognition,sitting,0,1,0,0,0,0,0,0,0,0,0,0,0,0,0,0,1,0,0,0
data/external/actions/human_action_recognition/train/011603_laughing.jpg,Bingsu/Human_Action_Recognition,laughing,1,0,0,0,0,0,0,0,0,0,0,0,0,0,0,0,1,0,0,0
data/external/actions/human_action_recognition/train/011604_sitting.jpg,Bingsu/Human_Action_Recognition,sitting,0,1,0,0,0,0,0,0,0,0,0,0,0,0,0,0,1,0,0,0
data/external/actions/human_action_recognition/train/011605_laughing.jpg,Bingsu/Human_Action_Recognition,laughing,1,0,0,0,0,0,0,0,0,0,0,0,0,0,0,0,1,0,0,0
data/external/actions/human_action_recognition/train/011606_laughing.jpg,Bingsu/Human_Action_Recognition,laughing,1,0,0,0,0,0,0,0,0,0,0,0,0,0,0,0,1,0,0,0
data/external/actions/human_action_recognition/train/011607_drinking.jpg,Bingsu/Human_Action_Recognition,drinking,0,0,0,0,0,0,0,0,0,0,0,0,0,0,1,0,0,0,0,0
data/external/actions/human_action_recognition/train/011608_texting.jpg,Bingsu/Human_Action_Recognition,texting,0,1,0,0,0,0,0,0,0,0,0,0,0,0,0,0,1,0,0,0
data/external/actions/human_action_recognition/train/011609_texting.jpg,Bingsu/Human_Action_Recognition,texting,0,1,0,0,0,0,0,0,0,0,0,0,0,0,0,0,1,0,0,0
data/external/actions/human_action_recognition/train/011610_eating.jpg,Bingsu/Human_Action_Recognition,eating,0,0,0,0,0,0,0,0,0,0,0,0,0,1,0,0,0,0,0,0
data/external/actions/human_action_recognition/train/011611_laughing.jpg,Bingsu/Human_Action_Recognition,laughing,1,0,0,0,0,0,0,0,0,0,0,0,0,0,0,0,1,0,0,0
data/external/actions/human_action_recognition/train/011612_laughing.jpg,Bingsu/Human_Action_Recognition,laughing,1,0,0,0,0,0,0,0,0,0,0,0,0,0,0,0,1,0,0,0
data/external/actions/human_action_recognition/train/011613_eating.jpg,Bingsu/Human_Action_Recognition,eating,0,0,0,0,0,0,0,0,0,0,0,0,0,1,0,0,0,0,0,0
data/external/actions/human_action_recognition/train/011614_using_laptop.jpg,Bingsu/Human_Action_Recognition,using_laptop,0,1,0,0,0,0,0,0,0,0,0,0,1,0,0,0,1,0,0,0
data/external/actions/human_action_recognition/train/011615_calling.jpg,Bingsu/Human_Action_Recognition,calling,1,0,0,0,0,0,0,0,0,0,0,0,0,0,0,0,1,0,0,0
data/external/actions/human_action_recognition/train/011616_sleeping.jpg,Bingsu/Human_Action_Recognition,sleeping,0,0,1,0,0,0,0,0,0,0,0,0,0,0,0,0,1,0,0,0
data/external/actions/human_action_recognition/train/011617_fighting.jpg,Bingsu/Human_Action_Recognition,fighting,0,0,0,0,0,0,0,0,0,0,0,0,0,0,0,0,0,1,1,0
data/external/actions/human_action_recognition/train/011618_drinking.jpg,Bingsu/Human_Action_Recognition,drinking,0,0,0,0,0,0,0,0,0,0,0,0,0,0,1,0,0,0,0,0
data/external/actions/human_action_recognition/train/011619_running.jpg,Bingsu/Human_Action_Recognition,running,0,0,0,0,0,0,1,0,0,0,0,0,0,0,0,0,0,1,1,0
data/external/actions/human_action_recognition/train/011620_calling.jpg,Bingsu/Human_Action_Recognition,calling,1,0,0,0,0,0,0,0,0,0,0,0,0,0,0,0,1,0,0,0
data/external/actions/human_action_recognition/train/011621_texting.jpg,Bingsu/Human_Action_Recognition,texting,0,1,0,0,0,0,0,0,0,0,0,0,0,0,0,0,1,0,0,0
data/external/actions/human_action_recognition/train/011622_eating.jpg,Bingsu/Human_Action_Recognition,eating,0,0,0,0,0,0,0,0,0,0,0,0,0,1,0,0,0,0,0,0
data/external/actions/human_action_recognition/train/011623_running.jpg,Bingsu/Human_Action_Recognition,running,0,0,0,0,0,0,1,0,0,0,0,0,0,0,0,0,0,1,1,0
data/external/actions/human_action_recognition/train/011624_sleeping.jpg,Bingsu/Human_Action_Recognition,sleeping,0,0,1,0,0,0,0,0,0,0,0,0,0,0,0,0,1,0,0,0
data/external/actions/human_action_recognition/train/011625_texting.jpg,Bingsu/Human_Action_Recognition,texting,0,1,0,0,0,0,0,0,0,0,0,0,0,0,0,0,1,0,0,0
data/external/actions/human_action_recognition/train/011626_hugging.jpg,Bingsu/Human_Action_Recognition,hugging,1,0,0,0,0,0,0,0,0,0,0,0,0,0,0,0,1,0,0,0
data/external/actions/human_action_recognition/train/011627_clapping.jpg,Bingsu/Human_Action_Recognition,clapping,0,0,0,0,1,0,0,0,0,0,0,0,0,0,0,0,0,1,0,0
data/external/actions/human_action_recognition/train/011628_running.jpg,Bingsu/Human_Action_Recognition,running,0,0,0,0,0,0,1,0,0,0,0,0,0,0,0,0,0,1,1,0
data/external/actions/human_action_recognition/train/011629_calling.jpg,Bingsu/Human_Action_Recognition,calling,1,0,0,0,0,0,0,0,0,0,0,0,0,0,0,0,1,0,0,0
data/external/actions/human_action_recognition/train/011630_texting.jpg,Bingsu/Human_Action_Recognition,texting,0,1,0,0,0,0,0,0,0,0,0,0,0,0,0,0,1,0,0,0
data/external/actions/human_action_recognition/train/011631_fighting.jpg,Bingsu/Human_Action_Recognition,fighting,0,0,0,0,0,0,0,0,0,0,0,0,0,0,0,0,0,1,1,0
data/external/actions/human_action_recognition/train/011632_sleeping.jpg,Bingsu/Human_Action_Recognition,sleeping,0,0,1,0,0,0,0,0,0,0,0,0,0,0,0,0,1,0,0,0
data/external/actions/human_action_recognition/train/011633_fighting.jpg,Bingsu/Human_Action_Recognition,fighting,0,0,0,0,0,0,0,0,0,0,0,0,0,0,0,0,0,1,1,0
data/external/actions/human_action_recognition/train/011634_clapping.jpg,Bingsu/Human_Action_Recognition,clapping,0,0,0,0,1,0,0,0,0,0,0,0,0,0,0,0,0,1,0,0
data/external/actions/human_action_recognition/train/011635_using_laptop.jpg,Bingsu/Human_Action_Recognition,using_laptop,0,1,0,0,0,0,0,0,0,0,0,0,1,0,0,0,1,0,0,0
data/external/actions/human_action_recognition/train/011636_cycling.jpg,Bingsu/Human_Action_Recognition,cycling,0,0,0,0,0,0,0,0,1,0,0,0,0,0,0,0,0,1,0,0
data/external/actions/human_action_recognition/train/011637_cycling.jpg,Bingsu/Human_Action_Recognition,cycling,0,0,0,0,0,0,0,0,1,0,0,0,0,0,0,0,0,1,0,0
data/external/actions/human_action_recognition/train/011638_using_laptop.jpg,Bingsu/Human_Action_Recognition,using_laptop,0,1,0,0,0,0,0,0,0,0,0,0,1,0,0,0,1,0,0,0
data/external/actions/human_action_recognition/train/011639_eating.jpg,Bingsu/Human_Action_Recognition,eating,0,0,0,0,0,0,0,0,0,0,0,0,0,1,0,0,0,0,0,0
data/external/actions/human_action_recognition/train/011640_sitting.jpg,Bingsu/Human_Action_Recognition,sitting,0,1,0,0,0,0,0,0,0,0,0,0,0,0,0,0,1,0,0,0
data/external/actions/human_action_recognition/train/011641_hugging.jpg,Bingsu/Human_Action_Recognition,hugging,1,0,0,0,0,0,0,0,0,0,0,0,0,0,0,0,1,0,0,0
data/external/actions/human_action_recognition/train/011642_listening_to_music.jpg,Bingsu/Human_Action_Recognition,listening_to_music,0,1,0,0,0,0,0,0,0,0,0,0,0,0,0,0,1,0,0,0
data/external/actions/human_action_recognition/train/011643_fighting.jpg,Bingsu/Human_Action_Recognition,fighting,0,0,0,0,0,0,0,0,0,0,0,0,0,0,0,0,0,1,1,0
data/external/actions/human_action_recognition/train/011644_dancing.jpg,Bingsu/Human_Action_Recognition,dancing,0,0,0,0,0,0,0,0,0,0,1,0,0,0,0,0,0,1,0,0
data/external/actions/human_action_recognition/train/011645_dancing.jpg,Bingsu/Human_Action_Recognition,dancing,0,0,0,0,0,0,0,0,0,0,1,0,0,0,0,0,0,1,0,0
data/external/actions/human_action_recognition/train/011646_laughing.jpg,Bingsu/Human_Action_Recognition,laughing,1,0,0,0,0,0,0,0,0,0,0,0,0,0,0,0,1,0,0,0
data/external/actions/human_action_recognition/train/011647_clapping.jpg,Bingsu/Human_Action_Recognition,clapping,0,0,0,0,1,0,0,0,0,0,0,0,0,0,0,0,0,1,0,0
data/external/actions/human_action_recognition/train/011648_dancing.jpg,Bingsu/Human_Action_Recognition,dancing,0,0,0,0,0,0,0,0,0,0,1,0,0,0,0,0,0,1,0,0
data/external/actions/human_action_recognition/train/011649_calling.jpg,Bingsu/Human_Action_Recognition,calling,1,0,0,0,0,0,0,0,0,0,0,0,0,0,0,0,1,0,0,0
data/external/actions/human_action_recognition/train/011650_using_laptop.jpg,Bingsu/Human_Action_Recognition,using_laptop,0,1,0,0,0,0,0,0,0,0,0,0,1,0,0,0,1,0,0,0
data/external/actions/human_action_recognition/train/011651_calling.jpg,Bingsu/Human_Action_Recognition,calling,1,0,0,0,0,0,0,0,0,0,0,0,0,0,0,0,1,0,0,0
data/external/actions/human_action_recognition/train/011652_texting.jpg,Bingsu/Human_Action_Recognition,texting,0,1,0,0,0,0,0,0,0,0,0,0,0,0,0,0,1,0,0,0
data/external/actions/human_action_recognition/train/011653_cycling.jpg,Bingsu/Human_Action_Recognition,cycling,0,0,0,0,0,0,0,0,1,0,0,0,0,0,0,0,0,1,0,0
data/external/actions/human_action_recognition/train/011654_dancing.jpg,Bingsu/Human_Action_Recognition,dancing,0,0,0,0,0,0,0,0,0,0,1,0,0,0,0,0,0,1,0,0
data/external/actions/human_action_recognition/train/011655_cycling.jpg,Bingsu/Human_Action_Recognition,cycling,0,0,0,0,0,0,0,0,1,0,0,0,0,0,0,0,0,1,0,0
data/external/actions/human_action_recognition/train/011656_cycling.jpg,Bingsu/Human_Action_Recognition,cycling,0,0,0,0,0,0,0,0,1,0,0,0,0,0,0,0,0,1,0,0
data/external/actions/human_action_recognition/train/011657_laughing.jpg,Bingsu/Human_Action_Recognition,laughing,1,0,0,0,0,0,0,0,0,0,0,0,0,0,0,0,1,0,0,0
data/external/actions/human_action_recognition/train/011658_using_laptop.jpg,Bingsu/Human_Action_Recognition,using_laptop,0,1,0,0,0,0,0,0,0,0,0,0,1,0,0,0,1,0,0,0
data/external/actions/human_action_recognition/train/011659_eating.jpg,Bingsu/Human_Action_Recognition,eating,0,0,0,0,0,0,0,0,0,0,0,0,0,1,0,0,0,0,0,0
data/external/actions/human_action_recognition/train/011660_texting.jpg,Bingsu/Human_Action_Recognition,texting,0,1,0,0,0,0,0,0,0,0,0,0,0,0,0,0,1,0,0,0
data/external/actions/human_action_recognition/train/011661_sleeping.jpg,Bingsu/Human_Action_Recognition,sleeping,0,0,1,0,0,0,0,0,0,0,0,0,0,0,0,0,1,0,0,0
data/external/actions/human_action_recognition/train/011662_running.jpg,Bingsu/Human_Action_Recognition,running,0,0,0,0,0,0,1,0,0,0,0,0,0,0,0,0,0,1,1,0
data/external/actions/human_action_recognition/train/011663_running.jpg,Bingsu/Human_Action_Recognition,running,0,0,0,0,0,0,1,0,0,0,0,0,0,0,0,0,0,1,1,0
data/external/actions/human_action_recognition/train/011664_calling.jpg,Bingsu/Human_Action_Recognition,calling,1,0,0,0,0,0,0,0,0,0,0,0,0,0,0,0,1,0,0,0
data/external/actions/human_action_recognition/train/011665_listening_to_music.jpg,Bingsu/Human_Action_Recognition,listening_to_music,0,1,0,0,0,0,0,0,0,0,0,0,0,0,0,0,1,0,0,0
data/external/actions/human_action_recognition/train/011666_running.jpg,Bingsu/Human_Action_Recognition,running,0,0,0,0,0,0,1,0,0,0,0,0,0,0,0,0,0,1,1,0
data/external/actions/human_action_recognition/train/011667_texting.jpg,Bingsu/Human_Action_Recognition,texting,0,1,0,0,0,0,0,0,0,0,0,0,0,0,0,0,1,0,0,0
data/external/actions/human_action_recognition/train/011668_fighting.jpg,Bingsu/Human_Action_Recognition,fighting,0,0,0,0,0,0,0,0,0,0,0,0,0,0,0,0,0,1,1,0
data/external/actions/human_action_recognition/train/011669_clapping.jpg,Bingsu/Human_Action_Recognition,clapping,0,0,0,0,1,0,0,0,0,0,0,0,0,0,0,0,0,1,0,0
data/external/actions/human_action_recognition/train/011670_clapping.jpg,Bingsu/Human_Action_Recognition,clapping,0,0,0,0,1,0,0,0,0,0,0,0,0,0,0,0,0,1,0,0
data/external/actions/human_action_recognition/train/011671_texting.jpg,Bingsu/Human_Action_Recognition,texting,0,1,0,0,0,0,0,0,0,0,0,0,0,0,0,0,1,0,0,0
data/external/actions/human_action_recognition/train/011672_listening_to_music.jpg,Bingsu/Human_Action_Recognition,listening_to_music,0,1,0,0,0,0,0,0,0,0,0,0,0,0,0,0,1,0,0,0
data/external/actions/human_action_recognition/train/011673_laughing.jpg,Bingsu/Human_Action_Recognition,laughing,1,0,0,0,0,0,0,0,0,0,0,0,0,0,0,0,1,0,0,0
data/external/actions/human_action_recognition/train/011674_cycling.jpg,Bingsu/Human_Action_Recognition,cycling,0,0,0,0,0,0,0,0,1,0,0,0,0,0,0,0,0,1,0,0
data/external/actions/human_action_recognition/train/011675_hugging.jpg,Bingsu/Human_Action_Recognition,hugging,1,0,0,0,0,0,0,0,0,0,0,0,0,0,0,0,1,0,0,0
data/external/actions/human_action_recognition/train/011676_texting.jpg,Bingsu/Human_Action_Recognition,texting,0,1,0,0,0,0,0,0,0,0,0,0,0,0,0,0,1,0,0,0
data/external/actions/human_action_recognition/train/011677_laughing.jpg,Bingsu/Human_Action_Recognition,laughing,1,0,0,0,0,0,0,0,0,0,0,0,0,0,0,0,1,0,0,0
data/external/actions/human_action_recognition/train/011678_eating.jpg,Bingsu/Human_Action_Recognition,eating,0,0,0,0,0,0,0,0,0,0,0,0,0,1,0,0,0,0,0,0
data/external/actions/human_action_recognition/train/011679_clapping.jpg,Bingsu/Human_Action_Recognition,clapping,0,0,0,0,1,0,0,0,0,0,0,0,0,0,0,0,0,1,0,0
data/external/actions/human_action_recognition/train/011680_using_laptop.jpg,Bingsu/Human_Action_Recognition,using_laptop,0,1,0,0,0,0,0,0,0,0,0,0,1,0,0,0,1,0,0,0
data/external/actions/human_action_recognition/train/011681_laughing.jpg,Bingsu/Human_Action_Recognition,laughing,1,0,0,0,0,0,0,0,0,0,0,0,0,0,0,0,1,0,0,0
data/external/actions/human_action_recognition/train/011682_sitting.jpg,Bingsu/Human_Action_Recognition,sitting,0,1,0,0,0,0,0,0,0,0,0,0,0,0,0,0,1,0,0,0
data/external/actions/human_action_recognition/train/011683_using_laptop.jpg,Bingsu/Human_Action_Recognition,using_laptop,0,1,0,0,0,0,0,0,0,0,0,0,1,0,0,0,1,0,0,0
data/external/actions/human_action_recognition/train/011684_listening_to_music.jpg,Bingsu/Human_Action_Recognition,listening_to_music,0,1,0,0,0,0,0,0,0,0,0,0,0,0,0,0,1,0,0,0
data/external/actions/human_action_recognition/train/011685_fighting.jpg,Bingsu/Human_Action_Recognition,fighting,0,0,0,0,0,0,0,0,0,0,0,0,0,0,0,0,0,1,1,0
data/external/actions/human_action_recognition/train/011686_drinking.jpg,Bingsu/Human_Action_Recognition,drinking,0,0,0,0,0,0,0,0,0,0,0,0,0,0,1,0,0,0,0,0
data/external/actions/human_action_recognition/train/011687_calling.jpg,Bingsu/Human_Action_Recognition,calling,1,0,0,0,0,0,0,0,0,0,0,0,0,0,0,0,1,0,0,0
data/external/actions/human_action_recognition/train/011688_calling.jpg,Bingsu/Human_Action_Recognition,calling,1,0,0,0,0,0,0,0,0,0,0,0,0,0,0,0,1,0,0,0
data/external/actions/human_action_recognition/train/011689_dancing.jpg,Bingsu/Human_Action_Recognition,dancing,0,0,0,0,0,0,0,0,0,0,1,0,0,0,0,0,0,1,0,0
data/external/actions/human_action_recognition/train/011690_cycling.jpg,Bingsu/Human_Action_Recognition,cycling,0,0,0,0,0,0,0,0,1,0,0,0,0,0,0,0,0,1,0,0
data/external/actions/human_action_recognition/train/011691_laughing.jpg,Bingsu/Human_Action_Recognition,laughing,1,0,0,0,0,0,0,0,0,0,0,0,0,0,0,0,1,0,0,0
data/external/actions/human_action_recognition/train/011692_cycling.jpg,Bingsu/Human_Action_Recognition,cycling,0,0,0,0,0,0,0,0,1,0,0,0,0,0,0,0,0,1,0,0
data/external/actions/human_action_recognition/train/011693_clapping.jpg,Bingsu/Human_Action_Recognition,clapping,0,0,0,0,1,0,0,0,0,0,0,0,0,0,0,0,0,1,0,0
data/external/actions/human_action_recognition/train/011694_calling.jpg,Bingsu/Human_Action_Recognition,calling,1,0,0,0,0,0,0,0,0,0,0,0,0,0,0,0,1,0,0,0
data/external/actions/human_action_recognition/train/011695_cycling.jpg,Bingsu/Human_Action_Recognition,cycling,0,0,0,0,0,0,0,0,1,0,0,0,0,0,0,0,0,1,0,0
data/external/actions/human_action_recognition/train/011696_drinking.jpg,Bingsu/Human_Action_Recognition,drinking,0,0,0,0,0,0,0,0,0,0,0,0,0,0,1,0,0,0,0,0
data/external/actions/human_action_recognition/train/011697_using_laptop.jpg,Bingsu/Human_Action_Recognition,using_laptop,0,1,0,0,0,0,0,0,0,0,0,0,1,0,0,0,1,0,0,0
data/external/actions/human_action_recognition/train/011698_fighting.jpg,Bingsu/Human_Action_Recognition,fighting,0,0,0,0,0,0,0,0,0,0,0,0,0,0,0,0,0,1,1,0
data/external/actions/human_action_recognition/train/011699_fighting.jpg,Bingsu/Human_Action_Recognition,fighting,0,0,0,0,0,0,0,0,0,0,0,0,0,0,0,0,0,1,1,0
data/external/actions/human_action_recognition/train/011700_sleeping.jpg,Bingsu/Human_Action_Recognition,sleeping,0,0,1,0,0,0,0,0,0,0,0,0,0,0,0,0,1,0,0,0
data/external/actions/human_action_recognition/train/011701_eating.jpg,Bingsu/Human_Action_Recognition,eating,0,0,0,0,0,0,0,0,0,0,0,0,0,1,0,0,0,0,0,0
data/external/actions/human_action_recognition/train/011702_clapping.jpg,Bingsu/Human_Action_Recognition,clapping,0,0,0,0,1,0,0,0,0,0,0,0,0,0,0,0,0,1,0,0
data/external/actions/human_action_recognition/train/011703_clapping.jpg,Bingsu/Human_Action_Recognition,clapping,0,0,0,0,1,0,0,0,0,0,0,0,0,0,0,0,0,1,0,0
data/external/actions/human_action_recognition/train/011704_fighting.jpg,Bingsu/Human_Action_Recognition,fighting,0,0,0,0,0,0,0,0,0,0,0,0,0,0,0,0,0,1,1,0
data/external/actions/human_action_recognition/train/011705_running.jpg,Bingsu/Human_Action_Recognition,running,0,0,0,0,0,0,1,0,0,0,0,0,0,0,0,0,0,1,1,0
data/external/actions/human_action_recognition/train/011706_drinking.jpg,Bingsu/Human_Action_Recognition,drinking,0,0,0,0,0,0,0,0,0,0,0,0,0,0,1,0,0,0,0,0
data/external/actions/human_action_recognition/train/011707_clapping.jpg,Bingsu/Human_Action_Recognition,clapping,0,0,0,0,1,0,0,0,0,0,0,0,0,0,0,0,0,1,0,0
data/external/actions/human_action_recognition/train/011708_hugging.jpg,Bingsu/Human_Action_Recognition,hugging,1,0,0,0,0,0,0,0,0,0,0,0,0,0,0,0,1,0,0,0
data/external/actions/human_action_recognition/train/011709_texting.jpg,Bingsu/Human_Action_Recognition,texting,0,1,0,0,0,0,0,0,0,0,0,0,0,0,0,0,1,0,0,0
data/external/actions/human_action_recognition/train/011710_calling.jpg,Bingsu/Human_Action_Recognition,calling,1,0,0,0,0,0,0,0,0,0,0,0,0,0,0,0,1,0,0,0
data/external/actions/human_action_recognition/train/011711_sitting.jpg,Bingsu/Human_Action_Recognition,sitting,0,1,0,0,0,0,0,0,0,0,0,0,0,0,0,0,1,0,0,0
data/external/actions/human_action_recognition/train/011712_dancing.jpg,Bingsu/Human_Action_Recognition,dancing,0,0,0,0,0,0,0,0,0,0,1,0,0,0,0,0,0,1,0,0
data/external/actions/human_action_recognition/train/011713_calling.jpg,Bingsu/Human_Action_Recognition,calling,1,0,0,0,0,0,0,0,0,0,0,0,0,0,0,0,1,0,0,0
data/external/actions/human_action_recognition/train/011714_clapping.jpg,Bingsu/Human_Action_Recognition,clapping,0,0,0,0,1,0,0,0,0,0,0,0,0,0,0,0,0,1,0,0
data/external/actions/human_action_recognition/train/011715_dancing.jpg,Bingsu/Human_Action_Recognition,dancing,0,0,0,0,0,0,0,0,0,0,1,0,0,0,0,0,0,1,0,0
data/external/actions/human_action_recognition/train/011716_drinking.jpg,Bingsu/Human_Action_Recognition,drinking,0,0,0,0,0,0,0,0,0,0,0,0,0,0,1,0,0,0,0,0
data/external/actions/human_action_recognition/train/011717_eating.jpg,Bingsu/Human_Action_Recognition,eating,0,0,0,0,0,0,0,0,0,0,0,0,0,1,0,0,0,0,0,0
data/external/actions/human_action_recognition/train/011718_running.jpg,Bingsu/Human_Action_Recognition,running,0,0,0,0,0,0,1,0,0,0,0,0,0,0,0,0,0,1,1,0
data/external/actions/human_action_recognition/train/011719_sleeping.jpg,Bingsu/Human_Action_Recognition,sleeping,0,0,1,0,0,0,0,0,0,0,0,0,0,0,0,0,1,0,0,0
data/external/actions/human_action_recognition/train/011720_calling.jpg,Bingsu/Human_Action_Recognition,calling,1,0,0,0,0,0,0,0,0,0,0,0,0,0,0,0,1,0,0,0
data/external/actions/human_action_recognition/train/011721_drinking.jpg,Bingsu/Human_Action_Recognition,drinking,0,0,0,0,0,0,0,0,0,0,0,0,0,0,1,0,0,0,0,0
data/external/actions/human_action_recognition/train/011722_texting.jpg,Bingsu/Human_Action_Recognition,texting,0,1,0,0,0,0,0,0,0,0,0,0,0,0,0,0,1,0,0,0
data/external/actions/human_action_recognition/train/011723_dancing.jpg,Bingsu/Human_Action_Recognition,dancing,0,0,0,0,0,0,0,0,0,0,1,0,0,0,0,0,0,1,0,0
data/external/actions/human_action_recognition/train/011724_dancing.jpg,Bingsu/Human_Action_Recognition,dancing,0,0,0,0,0,0,0,0,0,0,1,0,0,0,0,0,0,1,0,0
data/external/actions/human_action_recognition/train/011725_fighting.jpg,Bingsu/Human_Action_Recognition,fighting,0,0,0,0,0,0,0,0,0,0,0,0,0,0,0,0,0,1,1,0
data/external/actions/human_action_recognition/train/011726_fighting.jpg,Bingsu/Human_Action_Recognition,fighting,0,0,0,0,0,0,0,0,0,0,0,0,0,0,0,0,0,1,1,0
data/external/actions/human_action_recognition/train/011727_clapping.jpg,Bingsu/Human_Action_Recognition,clapping,0,0,0,0,1,0,0,0,0,0,0,0,0,0,0,0,0,1,0,0
data/external/actions/human_action_recognition/train/011728_fighting.jpg,Bingsu/Human_Action_Recognition,fighting,0,0,0,0,0,0,0,0,0,0,0,0,0,0,0,0,0,1,1,0
data/external/actions/human_action_recognition/train/011729_calling.jpg,Bingsu/Human_Action_Recognition,calling,1,0,0,0,0,0,0,0,0,0,0,0,0,0,0,0,1,0,0,0
data/external/actions/human_action_recognition/train/011730_listening_to_music.jpg,Bingsu/Human_Action_Recognition,listening_to_music,0,1,0,0,0,0,0,0,0,0,0,0,0,0,0,0,1,0,0,0
data/external/actions/human_action_recognition/train/011731_clapping.jpg,Bingsu/Human_Action_Recognition,clapping,0,0,0,0,1,0,0,0,0,0,0,0,0,0,0,0,0,1,0,0
data/external/actions/human_action_recognition/train/011732_listening_to_music.jpg,Bingsu/Human_Action_Recognition,listening_to_music,0,1,0,0,0,0,0,0,0,0,0,0,0,0,0,0,1,0,0,0
data/external/actions/human_action_recognition/train/011733_sitting.jpg,Bingsu/Human_Action_Recognition,sitting,0,1,0,0,0,0,0,0,0,0,0,0,0,0,0,0,1,0,0,0
data/external/actions/human_action_recognition/train/011734_calling.jpg,Bingsu/Human_Action_Recognition,calling,1,0,0,0,0,0,0,0,0,0,0,0,0,0,0,0,1,0,0,0
data/external/actions/human_action_recognition/train/011735_using_laptop.jpg,Bingsu/Human_Action_Recognition,using_laptop,0,1,0,0,0,0,0,0,0,0,0,0,1,0,0,0,1,0,0,0
data/external/actions/human_action_recognition/train/011736_cycling.jpg,Bingsu/Human_Action_Recognition,cycling,0,0,0,0,0,0,0,0,1,0,0,0,0,0,0,0,0,1,0,0
data/external/actions/human_action_recognition/train/011737_texting.jpg,Bingsu/Human_Action_Recognition,texting,0,1,0,0,0,0,0,0,0,0,0,0,0,0,0,0,1,0,0,0
data/external/actions/human_action_recognition/train/011738_eating.jpg,Bingsu/Human_Action_Recognition,eating,0,0,0,0,0,0,0,0,0,0,0,0,0,1,0,0,0,0,0,0
data/external/actions/human_action_recognition/train/011739_cycling.jpg,Bingsu/Human_Action_Recognition,cycling,0,0,0,0,0,0,0,0,1,0,0,0,0,0,0,0,0,1,0,0
data/external/actions/human_action_recognition/train/011740_sitting.jpg,Bingsu/Human_Action_Recognition,sitting,0,1,0,0,0,0,0,0,0,0,0,0,0,0,0,0,1,0,0,0
data/external/actions/human_action_recognition/train/011741_calling.jpg,Bingsu/Human_Action_Recognition,calling,1,0,0,0,0,0,0,0,0,0,0,0,0,0,0,0,1,0,0,0
data/external/actions/human_action_recognition/train/011742_dancing.jpg,Bingsu/Human_Action_Recognition,dancing,0,0,0,0,0,0,0,0,0,0,1,0,0,0,0,0,0,1,0,0
data/external/actions/human_action_recognition/train/011743_using_laptop.jpg,Bingsu/Human_Action_Recognition,using_laptop,0,1,0,0,0,0,0,0,0,0,0,0,1,0,0,0,1,0,0,0
data/external/actions/human_action_recognition/train/011744_dancing.jpg,Bingsu/Human_Action_Recognition,dancing,0,0,0,0,0,0,0,0,0,0,1,0,0,0,0,0,0,1,0,0
data/external/actions/human_action_recognition/train/011745_laughing.jpg,Bingsu/Human_Action_Recognition,laughing,1,0,0,0,0,0,0,0,0,0,0,0,0,0,0,0,1,0,0,0
data/external/actions/human_action_recognition/train/011746_eating.jpg,Bingsu/Human_Action_Recognition,eating,0,0,0,0,0,0,0,0,0,0,0,0,0,1,0,0,0,0,0,0
data/external/actions/human_action_recognition/train/011747_clapping.jpg,Bingsu/Human_Action_Recognition,clapping,0,0,0,0,1,0,0,0,0,0,0,0,0,0,0,0,0,1,0,0
data/external/actions/human_action_recognition/train/011748_sleeping.jpg,Bingsu/Human_Action_Recognition,sleeping,0,0,1,0,0,0,0,0,0,0,0,0,0,0,0,0,1,0,0,0
data/external/actions/human_action_recognition/train/011749_running.jpg,Bingsu/Human_Action_Recognition,running,0,0,0,0,0,0,1,0,0,0,0,0,0,0,0,0,0,1,1,0
data/external/actions/human_action_recognition/train/011750_sleeping.jpg,Bingsu/Human_Action_Recognition,sleeping,0,0,1,0,0,0,0,0,0,0,0,0,0,0,0,0,1,0,0,0
data/external/actions/human_action_recognition/train/011751_drinking.jpg,Bingsu/Human_Action_Recognition,drinking,0,0,0,0,0,0,0,0,0,0,0,0,0,0,1,0,0,0,0,0
data/external/actions/human_action_recognition/train/011752_eating.jpg,Bingsu/Human_Action_Recognition,eating,0,0,0,0,0,0,0,0,0,0,0,0,0,1,0,0,0,0,0,0
data/external/actions/human_action_recognition/train/011753_calling.jpg,Bingsu/Human_Action_Recognition,calling,1,0,0,0,0,0,0,0,0,0,0,0,0,0,0,0,1,0,0,0
data/external/actions/human_action_recognition/train/011754_laughing.jpg,Bingsu/Human_Action_Recognition,laughing,1,0,0,0,0,0,0,0,0,0,0,0,0,0,0,0,1,0,0,0
data/external/actions/human_action_recognition/train/011755_cycling.jpg,Bingsu/Human_Action_Recognition,cycling,0,0,0,0,0,0,0,0,1,0,0,0,0,0,0,0,0,1,0,0
data/external/actions/human_action_recognition/train/011756_hugging.jpg,Bingsu/Human_Action_Recognition,hugging,1,0,0,0,0,0,0,0,0,0,0,0,0,0,0,0,1,0,0,0
data/external/actions/human_action_recognition/train/011757_texting.jpg,Bingsu/Human_Action_Recognition,texting,0,1,0,0,0,0,0,0,0,0,0,0,0,0,0,0,1,0,0,0
data/external/actions/human_action_recognition/train/011758_texting.jpg,Bingsu/Human_Action_Recognition,texting,0,1,0,0,0,0,0,0,0,0,0,0,0,0,0,0,1,0,0,0
data/external/actions/human_action_recognition/train/011759_fighting.jpg,Bingsu/Human_Action_Recognition,fighting,0,0,0,0,0,0,0,0,0,0,0,0,0,0,0,0,0,1,1,0
data/external/actions/human_action_recognition/train/011760_dancing.jpg,Bingsu/Human_Action_Recognition,dancing,0,0,0,0,0,0,0,0,0,0,1,0,0,0,0,0,0,1,0,0
data/external/actions/human_action_recognition/train/011761_clapping.jpg,Bingsu/Human_Action_Recognition,clapping,0,0,0,0,1,0,0,0,0,0,0,0,0,0,0,0,0,1,0,0
data/external/actions/human_action_recognition/train/011762_drinking.jpg,Bingsu/Human_Action_Recognition,drinking,0,0,0,0,0,0,0,0,0,0,0,0,0,0,1,0,0,0,0,0
data/external/actions/human_action_recognition/train/011763_running.jpg,Bingsu/Human_Action_Recognition,running,0,0,0,0,0,0,1,0,0,0,0,0,0,0,0,0,0,1,1,0
data/external/actions/human_action_recognition/train/011764_listening_to_music.jpg,Bingsu/Human_Action_Recognition,listening_to_music,0,1,0,0,0,0,0,0,0,0,0,0,0,0,0,0,1,0,0,0
data/external/actions/human_action_recognition/train/011765_texting.jpg,Bingsu/Human_Action_Recognition,texting,0,1,0,0,0,0,0,0,0,0,0,0,0,0,0,0,1,0,0,0
data/external/actions/human_action_recognition/train/011766_fighting.jpg,Bingsu/Human_Action_Recognition,fighting,0,0,0,0,0,0,0,0,0,0,0,0,0,0,0,0,0,1,1,0
data/external/actions/human_action_recognition/train/011767_texting.jpg,Bingsu/Human_Action_Recognition,texting,0,1,0,0,0,0,0,0,0,0,0,0,0,0,0,0,1,0,0,0
data/external/actions/human_action_recognition/train/011768_eating.jpg,Bingsu/Human_Action_Recognition,eating,0,0,0,0,0,0,0,0,0,0,0,0,0,1,0,0,0,0,0,0
data/external/actions/human_action_recognition/train/011769_using_laptop.jpg,Bingsu/Human_Action_Recognition,using_laptop,0,1,0,0,0,0,0,0,0,0,0,0,1,0,0,0,1,0,0,0
data/external/actions/human_action_recognition/train/011770_dancing.jpg,Bingsu/Human_Action_Recognition,dancing,0,0,0,0,0,0,0,0,0,0,1,0,0,0,0,0,0,1,0,0
data/external/actions/human_action_recognition/train/011771_drinking.jpg,Bingsu/Human_Action_Recognition,drinking,0,0,0,0,0,0,0,0,0,0,0,0,0,0,1,0,0,0,0,0
data/external/actions/human_action_recognition/train/011772_cycling.jpg,Bingsu/Human_Action_Recognition,cycling,0,0,0,0,0,0,0,0,1,0,0,0,0,0,0,0,0,1,0,0
data/external/actions/human_action_recognition/train/011773_clapping.jpg,Bingsu/Human_Action_Recognition,clapping,0,0,0,0,1,0,0,0,0,0,0,0,0,0,0,0,0,1,0,0
data/external/actions/human_action_recognition/train/011774_running.jpg,Bingsu/Human_Action_Recognition,running,0,0,0,0,0,0,1,0,0,0,0,0,0,0,0,0,0,1,1,0
data/external/actions/human_action_recognition/train/011775_cycling.jpg,Bingsu/Human_Action_Recognition,cycling,0,0,0,0,0,0,0,0,1,0,0,0,0,0,0,0,0,1,0,0
data/external/actions/human_action_recognition/train/011776_using_laptop.jpg,Bingsu/Human_Action_Recognition,using_laptop,0,1,0,0,0,0,0,0,0,0,0,0,1,0,0,0,1,0,0,0
data/external/actions/human_action_recognition/train/011777_sitting.jpg,Bingsu/Human_Action_Recognition,sitting,0,1,0,0,0,0,0,0,0,0,0,0,0,0,0,0,1,0,0,0
data/external/actions/human_action_recognition/train/011778_laughing.jpg,Bingsu/Human_Action_Recognition,laughing,1,0,0,0,0,0,0,0,0,0,0,0,0,0,0,0,1,0,0,0
data/external/actions/human_action_recognition/train/011779_cycling.jpg,Bingsu/Human_Action_Recognition,cycling,0,0,0,0,0,0,0,0,1,0,0,0,0,0,0,0,0,1,0,0
data/external/actions/human_action_recognition/train/011780_running.jpg,Bingsu/Human_Action_Recognition,running,0,0,0,0,0,0,1,0,0,0,0,0,0,0,0,0,0,1,1,0
data/external/actions/human_action_recognition/train/011781_fighting.jpg,Bingsu/Human_Action_Recognition,fighting,0,0,0,0,0,0,0,0,0,0,0,0,0,0,0,0,0,1,1,0
data/external/actions/human_action_recognition/train/011782_using_laptop.jpg,Bingsu/Human_Action_Recognition,using_laptop,0,1,0,0,0,0,0,0,0,0,0,0,1,0,0,0,1,0,0,0
data/external/actions/human_action_recognition/train/011783_sitting.jpg,Bingsu/Human_Action_Recognition,sitting,0,1,0,0,0,0,0,0,0,0,0,0,0,0,0,0,1,0,0,0
data/external/actions/human_action_recognition/train/011784_calling.jpg,Bingsu/Human_Action_Recognition,calling,1,0,0,0,0,0,0,0,0,0,0,0,0,0,0,0,1,0,0,0
data/external/actions/human_action_recognition/train/011785_calling.jpg,Bingsu/Human_Action_Recognition,calling,1,0,0,0,0,0,0,0,0,0,0,0,0,0,0,0,1,0,0,0
data/external/actions/human_action_recognition/train/011786_running.jpg,Bingsu/Human_Action_Recognition,running,0,0,0,0,0,0,1,0,0,0,0,0,0,0,0,0,0,1,1,0
data/external/actions/human_action_recognition/train/011787_running.jpg,Bingsu/Human_Action_Recognition,running,0,0,0,0,0,0,1,0,0,0,0,0,0,0,0,0,0,1,1,0
data/external/actions/human_action_recognition/train/011788_sitting.jpg,Bingsu/Human_Action_Recognition,sitting,0,1,0,0,0,0,0,0,0,0,0,0,0,0,0,0,1,0,0,0
data/external/actions/human_action_recognition/train/011789_fighting.jpg,Bingsu/Human_Action_Recognition,fighting,0,0,0,0,0,0,0,0,0,0,0,0,0,0,0,0,0,1,1,0
data/external/actions/human_action_recognition/train/011790_using_laptop.jpg,Bingsu/Human_Action_Recognition,using_laptop,0,1,0,0,0,0,0,0,0,0,0,0,1,0,0,0,1,0,0,0
data/external/actions/human_action_recognition/train/011791_texting.jpg,Bingsu/Human_Action_Recognition,texting,0,1,0,0,0,0,0,0,0,0,0,0,0,0,0,0,1,0,0,0
data/external/actions/human_action_recognition/train/011792_fighting.jpg,Bingsu/Human_Action_Recognition,fighting,0,0,0,0,0,0,0,0,0,0,0,0,0,0,0,0,0,1,1,0
data/external/actions/human_action_recognition/train/011793_fighting.jpg,Bingsu/Human_Action_Recognition,fighting,0,0,0,0,0,0,0,0,0,0,0,0,0,0,0,0,0,1,1,0
data/external/actions/human_action_recognition/train/011794_cycling.jpg,Bingsu/Human_Action_Recognition,cycling,0,0,0,0,0,0,0,0,1,0,0,0,0,0,0,0,0,1,0,0
data/external/actions/human_action_recognition/train/011795_texting.jpg,Bingsu/Human_Action_Recognition,texting,0,1,0,0,0,0,0,0,0,0,0,0,0,0,0,0,1,0,0,0
data/external/actions/human_action_recognition/train/011796_running.jpg,Bingsu/Human_Action_Recognition,running,0,0,0,0,0,0,1,0,0,0,0,0,0,0,0,0,0,1,1,0
data/external/actions/human_action_recognition/train/011797_texting.jpg,Bingsu/Human_Action_Recognition,texting,0,1,0,0,0,0,0,0,0,0,0,0,0,0,0,0,1,0,0,0
data/external/actions/human_action_recognition/train/011798_using_laptop.jpg,Bingsu/Human_Action_Recognition,using_laptop,0,1,0,0,0,0,0,0,0,0,0,0,1,0,0,0,1,0,0,0
data/external/actions/human_action_recognition/train/011799_using_laptop.jpg,Bingsu/Human_Action_Recognition,using_laptop,0,1,0,0,0,0,0,0,0,0,0,0,1,0,0,0,1,0,0,0
data/external/actions/human_action_recognition/train/011800_sitting.jpg,Bingsu/Human_Action_Recognition,sitting,0,1,0,0,0,0,0,0,0,0,0,0,0,0,0,0,1,0,0,0
data/external/actions/human_action_recognition/train/011801_cycling.jpg,Bingsu/Human_Action_Recognition,cycling,0,0,0,0,0,0,0,0,1,0,0,0,0,0,0,0,0,1,0,0
data/external/actions/human_action_recognition/train/011802_using_laptop.jpg,Bingsu/Human_Action_Recognition,using_laptop,0,1,0,0,0,0,0,0,0,0,0,0,1,0,0,0,1,0,0,0
data/external/actions/human_action_recognition/train/011803_clapping.jpg,Bingsu/Human_Action_Recognition,clapping,0,0,0,0,1,0,0,0,0,0,0,0,0,0,0,0,0,1,0,0
data/external/actions/human_action_recognition/train/011804_running.jpg,Bingsu/Human_Action_Recognition,running,0,0,0,0,0,0,1,0,0,0,0,0,0,0,0,0,0,1,1,0
data/external/actions/human_action_recognition/train/011805_laughing.jpg,Bingsu/Human_Action_Recognition,laughing,1,0,0,0,0,0,0,0,0,0,0,0,0,0,0,0,1,0,0,0
data/external/actions/human_action_recognition/train/011806_dancing.jpg,Bingsu/Human_Action_Recognition,dancing,0,0,0,0,0,0,0,0,0,0,1,0,0,0,0,0,0,1,0,0
data/external/actions/human_action_recognition/train/011807_eating.jpg,Bingsu/Human_Action_Recognition,eating,0,0,0,0,0,0,0,0,0,0,0,0,0,1,0,0,0,0,0,0
data/external/actions/human_action_recognition/train/011808_sitting.jpg,Bingsu/Human_Action_Recognition,sitting,0,1,0,0,0,0,0,0,0,0,0,0,0,0,0,0,1,0,0,0
data/external/actions/human_action_recognition/train/011809_sleeping.jpg,Bingsu/Human_Action_Recognition,sleeping,0,0,1,0,0,0,0,0,0,0,0,0,0,0,0,0,1,0,0,0
data/external/actions/human_action_recognition/train/011810_listening_to_music.jpg,Bingsu/Human_Action_Recognition,listening_to_music,0,1,0,0,0,0,0,0,0,0,0,0,0,0,0,0,1,0,0,0
data/external/actions/human_action_recognition/train/011811_hugging.jpg,Bingsu/Human_Action_Recognition,hugging,1,0,0,0,0,0,0,0,0,0,0,0,0,0,0,0,1,0,0,0
data/external/actions/human_action_recognition/train/011812_texting.jpg,Bingsu/Human_Action_Recognition,texting,0,1,0,0,0,0,0,0,0,0,0,0,0,0,0,0,1,0,0,0
data/external/actions/human_action_recognition/train/011813_listening_to_music.jpg,Bingsu/Human_Action_Recognition,listening_to_music,0,1,0,0,0,0,0,0,0,0,0,0,0,0,0,0,1,0,0,0
data/external/actions/human_action_recognition/train/011814_running.jpg,Bingsu/Human_Action_Recognition,running,0,0,0,0,0,0,1,0,0,0,0,0,0,0,0,0,0,1,1,0
data/external/actions/human_action_recognition/train/011815_calling.jpg,Bingsu/Human_Action_Recognition,calling,1,0,0,0,0,0,0,0,0,0,0,0,0,0,0,0,1,0,0,0
data/external/actions/human_action_recognition/train/011816_listening_to_music.jpg,Bingsu/Human_Action_Recognition,listening_to_music,0,1,0,0,0,0,0,0,0,0,0,0,0,0,0,0,1,0,0,0
data/external/actions/human_action_recognition/train/011817_sitting.jpg,Bingsu/Human_Action_Recognition,sitting,0,1,0,0,0,0,0,0,0,0,0,0,0,0,0,0,1,0,0,0
data/external/actions/human_action_recognition/train/011818_clapping.jpg,Bingsu/Human_Action_Recognition,clapping,0,0,0,0,1,0,0,0,0,0,0,0,0,0,0,0,0,1,0,0
data/external/actions/human_action_recognition/train/011819_calling.jpg,Bingsu/Human_Action_Recognition,calling,1,0,0,0,0,0,0,0,0,0,0,0,0,0,0,0,1,0,0,0
data/external/actions/human_action_recognition/train/011820_hugging.jpg,Bingsu/Human_Action_Recognition,hugging,1,0,0,0,0,0,0,0,0,0,0,0,0,0,0,0,1,0,0,0
data/external/actions/human_action_recognition/train/011821_dancing.jpg,Bingsu/Human_Action_Recognition,dancing,0,0,0,0,0,0,0,0,0,0,1,0,0,0,0,0,0,1,0,0
data/external/actions/human_action_recognition/train/011822_clapping.jpg,Bingsu/Human_Action_Recognition,clapping,0,0,0,0,1,0,0,0,0,0,0,0,0,0,0,0,0,1,0,0
data/external/actions/human_action_recognition/train/011823_texting.jpg,Bingsu/Human_Action_Recognition,texting,0,1,0,0,0,0,0,0,0,0,0,0,0,0,0,0,1,0,0,0
data/external/actions/human_action_recognition/train/011824_sleeping.jpg,Bingsu/Human_Action_Recognition,sleeping,0,0,1,0,0,0,0,0,0,0,0,0,0,0,0,0,1,0,0,0
data/external/actions/human_action_recognition/train/011825_clapping.jpg,Bingsu/Human_Action_Recognition,clapping,0,0,0,0,1,0,0,0,0,0,0,0,0,0,0,0,0,1,0,0
data/external/actions/human_action_recognition/train/011826_eating.jpg,Bingsu/Human_Action_Recognition,eating,0,0,0,0,0,0,0,0,0,0,0,0,0,1,0,0,0,0,0,0
data/external/actions/human_action_recognition/train/011827_eating.jpg,Bingsu/Human_Action_Recognition,eating,0,0,0,0,0,0,0,0,0,0,0,0,0,1,0,0,0,0,0,0
data/external/actions/human_action_recognition/train/011828_fighting.jpg,Bingsu/Human_Action_Recognition,fighting,0,0,0,0,0,0,0,0,0,0,0,0,0,0,0,0,0,1,1,0
data/external/actions/human_action_recognition/train/011829_hugging.jpg,Bingsu/Human_Action_Recognition,hugging,1,0,0,0,0,0,0,0,0,0,0,0,0,0,0,0,1,0,0,0
data/external/actions/human_action_recognition/train/011830_hugging.jpg,Bingsu/Human_Action_Recognition,hugging,1,0,0,0,0,0,0,0,0,0,0,0,0,0,0,0,1,0,0,0
data/external/actions/human_action_recognition/train/011831_using_laptop.jpg,Bingsu/Human_Action_Recognition,using_laptop,0,1,0,0,0,0,0,0,0,0,0,0,1,0,0,0,1,0,0,0
data/external/actions/human_action_recognition/train/011832_cycling.jpg,Bingsu/Human_Action_Recognition,cycling,0,0,0,0,0,0,0,0,1,0,0,0,0,0,0,0,0,1,0,0
data/external/actions/human_action_recognition/train/011833_drinking.jpg,Bingsu/Human_Action_Recognition,drinking,0,0,0,0,0,0,0,0,0,0,0,0,0,0,1,0,0,0,0,0
data/external/actions/human_action_recognition/train/011834_listening_to_music.jpg,Bingsu/Human_Action_Recognition,listening_to_music,0,1,0,0,0,0,0,0,0,0,0,0,0,0,0,0,1,0,0,0
data/external/actions/human_action_recognition/train/011835_clapping.jpg,Bingsu/Human_Action_Recognition,clapping,0,0,0,0,1,0,0,0,0,0,0,0,0,0,0,0,0,1,0,0
data/external/actions/human_action_recognition/train/011836_calling.jpg,Bingsu/Human_Action_Recognition,calling,1,0,0,0,0,0,0,0,0,0,0,0,0,0,0,0,1,0,0,0
data/external/actions/human_action_recognition/train/011837_texting.jpg,Bingsu/Human_Action_Recognition,texting,0,1,0,0,0,0,0,0,0,0,0,0,0,0,0,0,1,0,0,0
data/external/actions/human_action_recognition/train/011838_clapping.jpg,Bingsu/Human_Action_Recognition,clapping,0,0,0,0,1,0,0,0,0,0,0,0,0,0,0,0,0,1,0,0
data/external/actions/human_action_recognition/train/011839_laughing.jpg,Bingsu/Human_Action_Recognition,laughing,1,0,0,0,0,0,0,0,0,0,0,0,0,0,0,0,1,0,0,0
data/external/actions/human_action_recognition/train/011840_sleeping.jpg,Bingsu/Human_Action_Recognition,sleeping,0,0,1,0,0,0,0,0,0,0,0,0,0,0,0,0,1,0,0,0
data/external/actions/human_action_recognition/train/011841_cycling.jpg,Bingsu/Human_Action_Recognition,cycling,0,0,0,0,0,0,0,0,1,0,0,0,0,0,0,0,0,1,0,0
data/external/actions/human_action_recognition/train/011842_fighting.jpg,Bingsu/Human_Action_Recognition,fighting,0,0,0,0,0,0,0,0,0,0,0,0,0,0,0,0,0,1,1,0
data/external/actions/human_action_recognition/train/011843_eating.jpg,Bingsu/Human_Action_Recognition,eating,0,0,0,0,0,0,0,0,0,0,0,0,0,1,0,0,0,0,0,0
data/external/actions/human_action_recognition/train/011844_running.jpg,Bingsu/Human_Action_Recognition,running,0,0,0,0,0,0,1,0,0,0,0,0,0,0,0,0,0,1,1,0
data/external/actions/human_action_recognition/train/011845_texting.jpg,Bingsu/Human_Action_Recognition,texting,0,1,0,0,0,0,0,0,0,0,0,0,0,0,0,0,1,0,0,0
data/external/actions/human_action_recognition/train/011846_running.jpg,Bingsu/Human_Action_Recognition,running,0,0,0,0,0,0,1,0,0,0,0,0,0,0,0,0,0,1,1,0
data/external/actions/human_action_recognition/train/011847_hugging.jpg,Bingsu/Human_Action_Recognition,hugging,1,0,0,0,0,0,0,0,0,0,0,0,0,0,0,0,1,0,0,0
data/external/actions/human_action_recognition/train/011848_using_laptop.jpg,Bingsu/Human_Action_Recognition,using_laptop,0,1,0,0,0,0,0,0,0,0,0,0,1,0,0,0,1,0,0,0
data/external/actions/human_action_recognition/train/011849_fighting.jpg,Bingsu/Human_Action_Recognition,fighting,0,0,0,0,0,0,0,0,0,0,0,0,0,0,0,0,0,1,1,0
data/external/actions/human_action_recognition/train/011850_running.jpg,Bingsu/Human_Action_Recognition,running,0,0,0,0,0,0,1,0,0,0,0,0,0,0,0,0,0,1,1,0
data/external/actions/human_action_recognition/train/011851_cycling.jpg,Bingsu/Human_Action_Recognition,cycling,0,0,0,0,0,0,0,0,1,0,0,0,0,0,0,0,0,1,0,0
data/external/actions/human_action_recognition/train/011852_dancing.jpg,Bingsu/Human_Action_Recognition,dancing,0,0,0,0,0,0,0,0,0,0,1,0,0,0,0,0,0,1,0,0
data/external/actions/human_action_recognition/train/011853_dancing.jpg,Bingsu/Human_Action_Recognition,dancing,0,0,0,0,0,0,0,0,0,0,1,0,0,0,0,0,0,1,0,0
data/external/actions/human_action_recognition/train/011854_sleeping.jpg,Bingsu/Human_Action_Recognition,sleeping,0,0,1,0,0,0,0,0,0,0,0,0,0,0,0,0,1,0,0,0
data/external/actions/human_action_recognition/train/011855_eating.jpg,Bingsu/Human_Action_Recognition,eating,0,0,0,0,0,0,0,0,0,0,0,0,0,1,0,0,0,0,0,0
data/external/actions/human_action_recognition/train/011856_cycling.jpg,Bingsu/Human_Action_Recognition,cycling,0,0,0,0,0,0,0,0,1,0,0,0,0,0,0,0,0,1,0,0
data/external/actions/human_action_recognition/train/011857_sitting.jpg,Bingsu/Human_Action_Recognition,sitting,0,1,0,0,0,0,0,0,0,0,0,0,0,0,0,0,1,0,0,0
data/external/actions/human_action_recognition/train/011858_listening_to_music.jpg,Bingsu/Human_Action_Recognition,listening_to_music,0,1,0,0,0,0,0,0,0,0,0,0,0,0,0,0,1,0,0,0
data/external/actions/human_action_recognition/train/011859_laughing.jpg,Bingsu/Human_Action_Recognition,laughing,1,0,0,0,0,0,0,0,0,0,0,0,0,0,0,0,1,0,0,0
data/external/actions/human_action_recognition/train/011860_laughing.jpg,Bingsu/Human_Action_Recognition,laughing,1,0,0,0,0,0,0,0,0,0,0,0,0,0,0,0,1,0,0,0
data/external/actions/human_action_recognition/train/011861_listening_to_music.jpg,Bingsu/Human_Action_Recognition,listening_to_music,0,1,0,0,0,0,0,0,0,0,0,0,0,0,0,0,1,0,0,0
data/external/actions/human_action_recognition/train/011862_running.jpg,Bingsu/Human_Action_Recognition,running,0,0,0,0,0,0,1,0,0,0,0,0,0,0,0,0,0,1,1,0
data/external/actions/human_action_recognition/train/011863_clapping.jpg,Bingsu/Human_Action_Recognition,clapping,0,0,0,0,1,0,0,0,0,0,0,0,0,0,0,0,0,1,0,0
data/external/actions/human_action_recognition/train/011864_sitting.jpg,Bingsu/Human_Action_Recognition,sitting,0,1,0,0,0,0,0,0,0,0,0,0,0,0,0,0,1,0,0,0
data/external/actions/human_action_recognition/train/011865_using_laptop.jpg,Bingsu/Human_Action_Recognition,using_laptop,0,1,0,0,0,0,0,0,0,0,0,0,1,0,0,0,1,0,0,0
data/external/actions/human_action_recognition/train/011866_sitting.jpg,Bingsu/Human_Action_Recognition,sitting,0,1,0,0,0,0,0,0,0,0,0,0,0,0,0,0,1,0,0,0
data/external/actions/human_action_recognition/train/011867_laughing.jpg,Bingsu/Human_Action_Recognition,laughing,1,0,0,0,0,0,0,0,0,0,0,0,0,0,0,0,1,0,0,0
data/external/actions/human_action_recognition/train/011868_hugging.jpg,Bingsu/Human_Action_Recognition,hugging,1,0,0,0,0,0,0,0,0,0,0,0,0,0,0,0,1,0,0,0
data/external/actions/human_action_recognition/train/011869_sitting.jpg,Bingsu/Human_Action_Recognition,sitting,0,1,0,0,0,0,0,0,0,0,0,0,0,0,0,0,1,0,0,0
data/external/actions/human_action_recognition/train/011870_listening_to_music.jpg,Bingsu/Human_Action_Recognition,listening_to_music,0,1,0,0,0,0,0,0,0,0,0,0,0,0,0,0,1,0,0,0
data/external/actions/human_action_recognition/train/011871_texting.jpg,Bingsu/Human_Action_Recognition,texting,0,1,0,0,0,0,0,0,0,0,0,0,0,0,0,0,1,0,0,0
data/external/actions/human_action_recognition/train/011872_drinking.jpg,Bingsu/Human_Action_Recognition,drinking,0,0,0,0,0,0,0,0,0,0,0,0,0,0,1,0,0,0,0,0
data/external/actions/human_action_recognition/train/011873_calling.jpg,Bingsu/Human_Action_Recognition,calling,1,0,0,0,0,0,0,0,0,0,0,0,0,0,0,0,1,0,0,0
data/external/actions/human_action_recognition/train/011874_running.jpg,Bingsu/Human_Action_Recognition,running,0,0,0,0,0,0,1,0,0,0,0,0,0,0,0,0,0,1,1,0
data/external/actions/human_action_recognition/train/011875_laughing.jpg,Bingsu/Human_Action_Recognition,laughing,1,0,0,0,0,0,0,0,0,0,0,0,0,0,0,0,1,0,0,0
data/external/actions/human_action_recognition/train/011876_cycling.jpg,Bingsu/Human_Action_Recognition,cycling,0,0,0,0,0,0,0,0,1,0,0,0,0,0,0,0,0,1,0,0
data/external/actions/human_action_recognition/train/011877_hugging.jpg,Bingsu/Human_Action_Recognition,hugging,1,0,0,0,0,0,0,0,0,0,0,0,0,0,0,0,1,0,0,0
data/external/actions/human_action_recognition/train/011878_running.jpg,Bingsu/Human_Action_Recognition,running,0,0,0,0,0,0,1,0,0,0,0,0,0,0,0,0,0,1,1,0
data/external/actions/human_action_recognition/train/011879_sitting.jpg,Bingsu/Human_Action_Recognition,sitting,0,1,0,0,0,0,0,0,0,0,0,0,0,0,0,0,1,0,0,0
data/external/actions/human_action_recognition/train/011880_cycling.jpg,Bingsu/Human_Action_Recognition,cycling,0,0,0,0,0,0,0,0,1,0,0,0,0,0,0,0,0,1,0,0
data/external/actions/human_action_recognition/train/011881_cycling.jpg,Bingsu/Human_Action_Recognition,cycling,0,0,0,0,0,0,0,0,1,0,0,0,0,0,0,0,0,1,0,0
data/external/actions/human_action_recognition/train/011882_laughing.jpg,Bingsu/Human_Action_Recognition,laughing,1,0,0,0,0,0,0,0,0,0,0,0,0,0,0,0,1,0,0,0
data/external/actions/human_action_recognition/train/011883_dancing.jpg,Bingsu/Human_Action_Recognition,dancing,0,0,0,0,0,0,0,0,0,0,1,0,0,0,0,0,0,1,0,0
data/external/actions/human_action_recognition/train/011884_fighting.jpg,Bingsu/Human_Action_Recognition,fighting,0,0,0,0,0,0,0,0,0,0,0,0,0,0,0,0,0,1,1,0
data/external/actions/human_action_recognition/train/011885_dancing.jpg,Bingsu/Human_Action_Recognition,dancing,0,0,0,0,0,0,0,0,0,0,1,0,0,0,0,0,0,1,0,0
data/external/actions/human_action_recognition/train/011886_calling.jpg,Bingsu/Human_Action_Recognition,calling,1,0,0,0,0,0,0,0,0,0,0,0,0,0,0,0,1,0,0,0
data/external/actions/human_action_recognition/train/011887_using_laptop.jpg,Bingsu/Human_Action_Recognition,using_laptop,0,1,0,0,0,0,0,0,0,0,0,0,1,0,0,0,1,0,0,0
data/external/actions/human_action_recognition/train/011888_hugging.jpg,Bingsu/Human_Action_Recognition,hugging,1,0,0,0,0,0,0,0,0,0,0,0,0,0,0,0,1,0,0,0
data/external/actions/human_action_recognition/train/011889_eating.jpg,Bingsu/Human_Action_Recognition,eating,0,0,0,0,0,0,0,0,0,0,0,0,0,1,0,0,0,0,0,0
data/external/actions/human_action_recognition/train/011890_running.jpg,Bingsu/Human_Action_Recognition,running,0,0,0,0,0,0,1,0,0,0,0,0,0,0,0,0,0,1,1,0
data/external/actions/human_action_recognition/train/011891_using_laptop.jpg,Bingsu/Human_Action_Recognition,using_laptop,0,1,0,0,0,0,0,0,0,0,0,0,1,0,0,0,1,0,0,0
data/external/actions/human_action_recognition/train/011892_using_laptop.jpg,Bingsu/Human_Action_Recognition,using_laptop,0,1,0,0,0,0,0,0,0,0,0,0,1,0,0,0,1,0,0,0
data/external/actions/human_action_recognition/train/011893_hugging.jpg,Bingsu/Human_Action_Recognition,hugging,1,0,0,0,0,0,0,0,0,0,0,0,0,0,0,0,1,0,0,0
data/external/actions/human_action_recognition/train/011894_cycling.jpg,Bingsu/Human_Action_Recognition,cycling,0,0,0,0,0,0,0,0,1,0,0,0,0,0,0,0,0,1,0,0
data/external/actions/human_action_recognition/train/011895_running.jpg,Bingsu/Human_Action_Recognition,running,0,0,0,0,0,0,1,0,0,0,0,0,0,0,0,0,0,1,1,0
data/external/actions/human_action_recognition/train/011896_sitting.jpg,Bingsu/Human_Action_Recognition,sitting,0,1,0,0,0,0,0,0,0,0,0,0,0,0,0,0,1,0,0,0
data/external/actions/human_action_recognition/train/011897_using_laptop.jpg,Bingsu/Human_Action_Recognition,using_laptop,0,1,0,0,0,0,0,0,0,0,0,0,1,0,0,0,1,0,0,0
data/external/actions/human_action_recognition/train/011898_sleeping.jpg,Bingsu/Human_Action_Recognition,sleeping,0,0,1,0,0,0,0,0,0,0,0,0,0,0,0,0,1,0,0,0
data/external/actions/human_action_recognition/train/011899_dancing.jpg,Bingsu/Human_Action_Recognition,dancing,0,0,0,0,0,0,0,0,0,0,1,0,0,0,0,0,0,1,0,0
data/external/actions/human_action_recognition/train/011900_clapping.jpg,Bingsu/Human_Action_Recognition,clapping,0,0,0,0,1,0,0,0,0,0,0,0,0,0,0,0,0,1,0,0
data/external/actions/human_action_recognition/train/011901_drinking.jpg,Bingsu/Human_Action_Recognition,drinking,0,0,0,0,0,0,0,0,0,0,0,0,0,0,1,0,0,0,0,0
data/external/actions/human_action_recognition/train/011902_sitting.jpg,Bingsu/Human_Action_Recognition,sitting,0,1,0,0,0,0,0,0,0,0,0,0,0,0,0,0,1,0,0,0
data/external/actions/human_action_recognition/train/011903_listening_to_music.jpg,Bingsu/Human_Action_Recognition,listening_to_music,0,1,0,0,0,0,0,0,0,0,0,0,0,0,0,0,1,0,0,0
data/external/actions/human_action_recognition/train/011904_using_laptop.jpg,Bingsu/Human_Action_Recognition,using_laptop,0,1,0,0,0,0,0,0,0,0,0,0,1,0,0,0,1,0,0,0
data/external/actions/human_action_recognition/train/011905_drinking.jpg,Bingsu/Human_Action_Recognition,drinking,0,0,0,0,0,0,0,0,0,0,0,0,0,0,1,0,0,0,0,0
data/external/actions/human_action_recognition/train/011906_drinking.jpg,Bingsu/Human_Action_Recognition,drinking,0,0,0,0,0,0,0,0,0,0,0,0,0,0,1,0,0,0,0,0
data/external/actions/human_action_recognition/train/011907_eating.jpg,Bingsu/Human_Action_Recognition,eating,0,0,0,0,0,0,0,0,0,0,0,0,0,1,0,0,0,0,0,0
data/external/actions/human_action_recognition/train/011908_running.jpg,Bingsu/Human_Action_Recognition,running,0,0,0,0,0,0,1,0,0,0,0,0,0,0,0,0,0,1,1,0
data/external/actions/human_action_recognition/train/011909_running.jpg,Bingsu/Human_Action_Recognition,running,0,0,0,0,0,0,1,0,0,0,0,0,0,0,0,0,0,1,1,0
data/external/actions/human_action_recognition/train/011910_listening_to_music.jpg,Bingsu/Human_Action_Recognition,listening_to_music,0,1,0,0,0,0,0,0,0,0,0,0,0,0,0,0,1,0,0,0
data/external/actions/human_action_recognition/train/011911_laughing.jpg,Bingsu/Human_Action_Recognition,laughing,1,0,0,0,0,0,0,0,0,0,0,0,0,0,0,0,1,0,0,0
data/external/actions/human_action_recognition/train/011912_using_laptop.jpg,Bingsu/Human_Action_Recognition,using_laptop,0,1,0,0,0,0,0,0,0,0,0,0,1,0,0,0,1,0,0,0
data/external/actions/human_action_recognition/train/011913_sleeping.jpg,Bingsu/Human_Action_Recognition,sleeping,0,0,1,0,0,0,0,0,0,0,0,0,0,0,0,0,1,0,0,0
data/external/actions/human_action_recognition/train/011914_cycling.jpg,Bingsu/Human_Action_Recognition,cycling,0,0,0,0,0,0,0,0,1,0,0,0,0,0,0,0,0,1,0,0
data/external/actions/human_action_recognition/train/011915_hugging.jpg,Bingsu/Human_Action_Recognition,hugging,1,0,0,0,0,0,0,0,0,0,0,0,0,0,0,0,1,0,0,0
data/external/actions/human_action_recognition/train/011916_calling.jpg,Bingsu/Human_Action_Recognition,calling,1,0,0,0,0,0,0,0,0,0,0,0,0,0,0,0,1,0,0,0
data/external/actions/human_action_recognition/train/011917_eating.jpg,Bingsu/Human_Action_Recognition,eating,0,0,0,0,0,0,0,0,0,0,0,0,0,1,0,0,0,0,0,0
data/external/actions/human_action_recognition/train/011918_calling.jpg,Bingsu/Human_Action_Recognition,calling,1,0,0,0,0,0,0,0,0,0,0,0,0,0,0,0,1,0,0,0
data/external/actions/human_action_recognition/train/011919_sleeping.jpg,Bingsu/Human_Action_Recognition,sleeping,0,0,1,0,0,0,0,0,0,0,0,0,0,0,0,0,1,0,0,0
data/external/actions/human_action_recognition/train/011920_laughing.jpg,Bingsu/Human_Action_Recognition,laughing,1,0,0,0,0,0,0,0,0,0,0,0,0,0,0,0,1,0,0,0
data/external/actions/human_action_recognition/train/011921_running.jpg,Bingsu/Human_Action_Recognition,running,0,0,0,0,0,0,1,0,0,0,0,0,0,0,0,0,0,1,1,0
data/external/actions/human_action_recognition/train/011922_dancing.jpg,Bingsu/Human_Action_Recognition,dancing,0,0,0,0,0,0,0,0,0,0,1,0,0,0,0,0,0,1,0,0
data/external/actions/human_action_recognition/train/011923_cycling.jpg,Bingsu/Human_Action_Recognition,cycling,0,0,0,0,0,0,0,0,1,0,0,0,0,0,0,0,0,1,0,0
data/external/actions/human_action_recognition/train/011924_sitting.jpg,Bingsu/Human_Action_Recognition,sitting,0,1,0,0,0,0,0,0,0,0,0,0,0,0,0,0,1,0,0,0
data/external/actions/human_action_recognition/train/011925_texting.jpg,Bingsu/Human_Action_Recognition,texting,0,1,0,0,0,0,0,0,0,0,0,0,0,0,0,0,1,0,0,0
data/external/actions/human_action_recognition/train/011926_cycling.jpg,Bingsu/Human_Action_Recognition,cycling,0,0,0,0,0,0,0,0,1,0,0,0,0,0,0,0,0,1,0,0
data/external/actions/human_action_recognition/train/011927_eating.jpg,Bingsu/Human_Action_Recognition,eating,0,0,0,0,0,0,0,0,0,0,0,0,0,1,0,0,0,0,0,0
data/external/actions/human_action_recognition/train/011928_hugging.jpg,Bingsu/Human_Action_Recognition,hugging,1,0,0,0,0,0,0,0,0,0,0,0,0,0,0,0,1,0,0,0
data/external/actions/human_action_recognition/train/011929_laughing.jpg,Bingsu/Human_Action_Recognition,laughing,1,0,0,0,0,0,0,0,0,0,0,0,0,0,0,0,1,0,0,0
data/external/actions/human_action_recognition/train/011930_fighting.jpg,Bingsu/Human_Action_Recognition,fighting,0,0,0,0,0,0,0,0,0,0,0,0,0,0,0,0,0,1,1,0
data/external/actions/human_action_recognition/train/011931_fighting.jpg,Bingsu/Human_Action_Recognition,fighting,0,0,0,0,0,0,0,0,0,0,0,0,0,0,0,0,0,1,1,0
data/external/actions/human_action_recognition/train/011932_laughing.jpg,Bingsu/Human_Action_Recognition,laughing,1,0,0,0,0,0,0,0,0,0,0,0,0,0,0,0,1,0,0,0
data/external/actions/human_action_recognition/train/011933_clapping.jpg,Bingsu/Human_Action_Recognition,clapping,0,0,0,0,1,0,0,0,0,0,0,0,0,0,0,0,0,1,0,0
data/external/actions/human_action_recognition/train/011934_sitting.jpg,Bingsu/Human_Action_Recognition,sitting,0,1,0,0,0,0,0,0,0,0,0,0,0,0,0,0,1,0,0,0
data/external/actions/human_action_recognition/train/011935_laughing.jpg,Bingsu/Human_Action_Recognition,laughing,1,0,0,0,0,0,0,0,0,0,0,0,0,0,0,0,1,0,0,0
data/external/actions/human_action_recognition/train/011936_cycling.jpg,Bingsu/Human_Action_Recognition,cycling,0,0,0,0,0,0,0,0,1,0,0,0,0,0,0,0,0,1,0,0
data/external/actions/human_action_recognition/train/011937_cycling.jpg,Bingsu/Human_Action_Recognition,cycling,0,0,0,0,0,0,0,0,1,0,0,0,0,0,0,0,0,1,0,0
data/external/actions/human_action_recognition/train/011938_sitting.jpg,Bingsu/Human_Action_Recognition,sitting,0,1,0,0,0,0,0,0,0,0,0,0,0,0,0,0,1,0,0,0
data/external/actions/human_action_recognition/train/011939_hugging.jpg,Bingsu/Human_Action_Recognition,hugging,1,0,0,0,0,0,0,0,0,0,0,0,0,0,0,0,1,0,0,0
data/external/actions/human_action_recognition/train/011940_drinking.jpg,Bingsu/Human_Action_Recognition,drinking,0,0,0,0,0,0,0,0,0,0,0,0,0,0,1,0,0,0,0,0
data/external/actions/human_action_recognition/train/011941_dancing.jpg,Bingsu/Human_Action_Recognition,dancing,0,0,0,0,0,0,0,0,0,0,1,0,0,0,0,0,0,1,0,0
data/external/actions/human_action_recognition/train/011942_eating.jpg,Bingsu/Human_Action_Recognition,eating,0,0,0,0,0,0,0,0,0,0,0,0,0,1,0,0,0,0,0,0
data/external/actions/human_action_recognition/train/011943_laughing.jpg,Bingsu/Human_Action_Recognition,laughing,1,0,0,0,0,0,0,0,0,0,0,0,0,0,0,0,1,0,0,0
data/external/actions/human_action_recognition/train/011944_laughing.jpg,Bingsu/Human_Action_Recognition,laughing,1,0,0,0,0,0,0,0,0,0,0,0,0,0,0,0,1,0,0,0
data/external/actions/human_action_recognition/train/011945_clapping.jpg,Bingsu/Human_Action_Recognition,clapping,0,0,0,0,1,0,0,0,0,0,0,0,0,0,0,0,0,1,0,0
data/external/actions/human_action_recognition/train/011946_using_laptop.jpg,Bingsu/Human_Action_Recognition,using_laptop,0,1,0,0,0,0,0,0,0,0,0,0,1,0,0,0,1,0,0,0
data/external/actions/human_action_recognition/train/011947_sleeping.jpg,Bingsu/Human_Action_Recognition,sleeping,0,0,1,0,0,0,0,0,0,0,0,0,0,0,0,0,1,0,0,0
data/external/actions/human_action_recognition/train/011948_hugging.jpg,Bingsu/Human_Action_Recognition,hugging,1,0,0,0,0,0,0,0,0,0,0,0,0,0,0,0,1,0,0,0
data/external/actions/human_action_recognition/train/011949_fighting.jpg,Bingsu/Human_Action_Recognition,fighting,0,0,0,0,0,0,0,0,0,0,0,0,0,0,0,0,0,1,1,0
data/external/actions/human_action_recognition/train/011950_listening_to_music.jpg,Bingsu/Human_Action_Recognition,listening_to_music,0,1,0,0,0,0,0,0,0,0,0,0,0,0,0,0,1,0,0,0
data/external/actions/human_action_recognition/train/011951_running.jpg,Bingsu/Human_Action_Recognition,running,0,0,0,0,0,0,1,0,0,0,0,0,0,0,0,0,0,1,1,0
data/external/actions/human_action_recognition/train/011952_running.jpg,Bingsu/Human_Action_Recognition,running,0,0,0,0,0,0,1,0,0,0,0,0,0,0,0,0,0,1,1,0
data/external/actions/human_action_recognition/train/011953_eating.jpg,Bingsu/Human_Action_Recognition,eating,0,0,0,0,0,0,0,0,0,0,0,0,0,1,0,0,0,0,0,0
data/external/actions/human_action_recognition/train/011954_laughing.jpg,Bingsu/Human_Action_Recognition,laughing,1,0,0,0,0,0,0,0,0,0,0,0,0,0,0,0,1,0,0,0
data/external/actions/human_action_recognition/train/011955_listening_to_music.jpg,Bingsu/Human_Action_Recognition,listening_to_music,0,1,0,0,0,0,0,0,0,0,0,0,0,0,0,0,1,0,0,0
data/external/actions/human_action_recognition/train/011956_fighting.jpg,Bingsu/Human_Action_Recognition,fighting,0,0,0,0,0,0,0,0,0,0,0,0,0,0,0,0,0,1,1,0
data/external/actions/human_action_recognition/train/011957_running.jpg,Bingsu/Human_Action_Recognition,running,0,0,0,0,0,0,1,0,0,0,0,0,0,0,0,0,0,1,1,0
data/external/actions/human_action_recognition/train/011958_hugging.jpg,Bingsu/Human_Action_Recognition,hugging,1,0,0,0,0,0,0,0,0,0,0,0,0,0,0,0,1,0,0,0
data/external/actions/human_action_recognition/train/011959_fighting.jpg,Bingsu/Human_Action_Recognition,fighting,0,0,0,0,0,0,0,0,0,0,0,0,0,0,0,0,0,1,1,0
data/external/actions/human_action_recognition/train/011960_hugging.jpg,Bingsu/Human_Action_Recognition,hugging,1,0,0,0,0,0,0,0,0,0,0,0,0,0,0,0,1,0,0,0
data/external/actions/human_action_recognition/train/011961_hugging.jpg,Bingsu/Human_Action_Recognition,hugging,1,0,0,0,0,0,0,0,0,0,0,0,0,0,0,0,1,0,0,0
data/external/actions/human_action_recognition/train/011962_dancing.jpg,Bingsu/Human_Action_Recognition,dancing,0,0,0,0,0,0,0,0,0,0,1,0,0,0,0,0,0,1,0,0
data/external/actions/human_action_recognition/train/011963_fighting.jpg,Bingsu/Human_Action_Recognition,fighting,0,0,0,0,0,0,0,0,0,0,0,0,0,0,0,0,0,1,1,0
data/external/actions/human_action_recognition/train/011964_laughing.jpg,Bingsu/Human_Action_Recognition,laughing,1,0,0,0,0,0,0,0,0,0,0,0,0,0,0,0,1,0,0,0
data/external/actions/human_action_recognition/train/011965_eating.jpg,Bingsu/Human_Action_Recognition,eating,0,0,0,0,0,0,0,0,0,0,0,0,0,1,0,0,0,0,0,0
data/external/actions/human_action_recognition/train/011966_dancing.jpg,Bingsu/Human_Action_Recognition,dancing,0,0,0,0,0,0,0,0,0,0,1,0,0,0,0,0,0,1,0,0
data/external/actions/human_action_recognition/train/011967_drinking.jpg,Bingsu/Human_Action_Recognition,drinking,0,0,0,0,0,0,0,0,0,0,0,0,0,0,1,0,0,0,0,0
data/external/actions/human_action_recognition/train/011968_running.jpg,Bingsu/Human_Action_Recognition,running,0,0,0,0,0,0,1,0,0,0,0,0,0,0,0,0,0,1,1,0
data/external/actions/human_action_recognition/train/011969_listening_to_music.jpg,Bingsu/Human_Action_Recognition,listening_to_music,0,1,0,0,0,0,0,0,0,0,0,0,0,0,0,0,1,0,0,0
data/external/actions/human_action_recognition/train/011970_eating.jpg,Bingsu/Human_Action_Recognition,eating,0,0,0,0,0,0,0,0,0,0,0,0,0,1,0,0,0,0,0,0
data/external/actions/human_action_recognition/train/011971_fighting.jpg,Bingsu/Human_Action_Recognition,fighting,0,0,0,0,0,0,0,0,0,0,0,0,0,0,0,0,0,1,1,0
data/external/actions/human_action_recognition/train/011972_cycling.jpg,Bingsu/Human_Action_Recognition,cycling,0,0,0,0,0,0,0,0,1,0,0,0,0,0,0,0,0,1,0,0
data/external/actions/human_action_recognition/train/011973_drinking.jpg,Bingsu/Human_Action_Recognition,drinking,0,0,0,0,0,0,0,0,0,0,0,0,0,0,1,0,0,0,0,0
data/external/actions/human_action_recognition/train/011974_listening_to_music.jpg,Bingsu/Human_Action_Recognition,listening_to_music,0,1,0,0,0,0,0,0,0,0,0,0,0,0,0,0,1,0,0,0
data/external/actions/human_action_recognition/train/011975_using_laptop.jpg,Bingsu/Human_Action_Recognition,using_laptop,0,1,0,0,0,0,0,0,0,0,0,0,1,0,0,0,1,0,0,0
data/external/actions/human_action_recognition/train/011976_drinking.jpg,Bingsu/Human_Action_Recognition,drinking,0,0,0,0,0,0,0,0,0,0,0,0,0,0,1,0,0,0,0,0
data/external/actions/human_action_recognition/train/011977_eating.jpg,Bingsu/Human_Action_Recognition,eating,0,0,0,0,0,0,0,0,0,0,0,0,0,1,0,0,0,0,0,0
data/external/actions/human_action_recognition/train/011978_calling.jpg,Bingsu/Human_Action_Recognition,calling,1,0,0,0,0,0,0,0,0,0,0,0,0,0,0,0,1,0,0,0
data/external/actions/human_action_recognition/train/011979_dancing.jpg,Bingsu/Human_Action_Recognition,dancing,0,0,0,0,0,0,0,0,0,0,1,0,0,0,0,0,0,1,0,0
data/external/actions/human_action_recognition/train/011980_calling.jpg,Bingsu/Human_Action_Recognition,calling,1,0,0,0,0,0,0,0,0,0,0,0,0,0,0,0,1,0,0,0
data/external/actions/human_action_recognition/train/011981_texting.jpg,Bingsu/Human_Action_Recognition,texting,0,1,0,0,0,0,0,0,0,0,0,0,0,0,0,0,1,0,0,0
data/external/actions/human_action_recognition/train/011982_drinking.jpg,Bingsu/Human_Action_Recognition,drinking,0,0,0,0,0,0,0,0,0,0,0,0,0,0,1,0,0,0,0,0
data/external/actions/human_action_recognition/train/011983_fighting.jpg,Bingsu/Human_Action_Recognition,fighting,0,0,0,0,0,0,0,0,0,0,0,0,0,0,0,0,0,1,1,0
data/external/actions/human_action_recognition/train/011984_cycling.jpg,Bingsu/Human_Action_Recognition,cycling,0,0,0,0,0,0,0,0,1,0,0,0,0,0,0,0,0,1,0,0
data/external/actions/human_action_recognition/train/011985_eating.jpg,Bingsu/Human_Action_Recognition,eating,0,0,0,0,0,0,0,0,0,0,0,0,0,1,0,0,0,0,0,0
data/external/actions/human_action_recognition/train/011986_sitting.jpg,Bingsu/Human_Action_Recognition,sitting,0,1,0,0,0,0,0,0,0,0,0,0,0,0,0,0,1,0,0,0
data/external/actions/human_action_recognition/train/011987_drinking.jpg,Bingsu/Human_Action_Recognition,drinking,0,0,0,0,0,0,0,0,0,0,0,0,0,0,1,0,0,0,0,0
data/external/actions/human_action_recognition/train/011988_listening_to_music.jpg,Bingsu/Human_Action_Recognition,listening_to_music,0,1,0,0,0,0,0,0,0,0,0,0,0,0,0,0,1,0,0,0
data/external/actions/human_action_recognition/train/011989_cycling.jpg,Bingsu/Human_Action_Recognition,cycling,0,0,0,0,0,0,0,0,1,0,0,0,0,0,0,0,0,1,0,0
data/external/actions/human_action_recognition/train/011990_using_laptop.jpg,Bingsu/Human_Action_Recognition,using_laptop,0,1,0,0,0,0,0,0,0,0,0,0,1,0,0,0,1,0,0,0
data/external/actions/human_action_recognition/train/011991_fighting.jpg,Bingsu/Human_Action_Recognition,fighting,0,0,0,0,0,0,0,0,0,0,0,0,0,0,0,0,0,1,1,0
data/external/actions/human_action_recognition/train/011992_hugging.jpg,Bingsu/Human_Action_Recognition,hugging,1,0,0,0,0,0,0,0,0,0,0,0,0,0,0,0,1,0,0,0
data/external/actions/human_action_recognition/train/011993_laughing.jpg,Bingsu/Human_Action_Recognition,laughing,1,0,0,0,0,0,0,0,0,0,0,0,0,0,0,0,1,0,0,0
data/external/actions/human_action_recognition/train/011994_running.jpg,Bingsu/Human_Action_Recognition,running,0,0,0,0,0,0,1,0,0,0,0,0,0,0,0,0,0,1,1,0
data/external/actions/human_action_recognition/train/011995_drinking.jpg,Bingsu/Human_Action_Recognition,drinking,0,0,0,0,0,0,0,0,0,0,0,0,0,0,1,0,0,0,0,0
data/external/actions/human_action_recognition/train/011996_texting.jpg,Bingsu/Human_Action_Recognition,texting,0,1,0,0,0,0,0,0,0,0,0,0,0,0,0,0,1,0,0,0
data/external/actions/human_action_recognition/train/011997_calling.jpg,Bingsu/Human_Action_Recognition,calling,1,0,0,0,0,0,0,0,0,0,0,0,0,0,0,0,1,0,0,0
data/external/actions/human_action_recognition/train/011998_using_laptop.jpg,Bingsu/Human_Action_Recognition,using_laptop,0,1,0,0,0,0,0,0,0,0,0,0,1,0,0,0,1,0,0,0
data/external/actions/human_action_recognition/train/011999_fighting.jpg,Bingsu/Human_Action_Recognition,fighting,0,0,0,0,0,0,0,0,0,0,0,0,0,0,0,0,0,1,1,0
data/external/actions/human_action_recognition/train/012000_clapping.jpg,Bingsu/Human_Action_Recognition,clapping,0,0,0,0,1,0,0,0,0,0,0,0,0,0,0,0,0,1,0,0
data/external/actions/human_action_recognition/train/012001_eating.jpg,Bingsu/Human_Action_Recognition,eating,0,0,0,0,0,0,0,0,0,0,0,0,0,1,0,0,0,0,0,0
data/external/actions/human_action_recognition/train/012002_sitting.jpg,Bingsu/Human_Action_Recognition,sitting,0,1,0,0,0,0,0,0,0,0,0,0,0,0,0,0,1,0,0,0
data/external/actions/human_action_recognition/train/012003_using_laptop.jpg,Bingsu/Human_Action_Recognition,using_laptop,0,1,0,0,0,0,0,0,0,0,0,0,1,0,0,0,1,0,0,0
data/external/actions/human_action_recognition/train/012004_listening_to_music.jpg,Bingsu/Human_Action_Recognition,listening_to_music,0,1,0,0,0,0,0,0,0,0,0,0,0,0,0,0,1,0,0,0
data/external/actions/human_action_recognition/train/012005_clapping.jpg,Bingsu/Human_Action_Recognition,clapping,0,0,0,0,1,0,0,0,0,0,0,0,0,0,0,0,0,1,0,0
data/external/actions/human_action_recognition/train/012006_eating.jpg,Bingsu/Human_Action_Recognition,eating,0,0,0,0,0,0,0,0,0,0,0,0,0,1,0,0,0,0,0,0
data/external/actions/human_action_recognition/train/012007_listening_to_music.jpg,Bingsu/Human_Action_Recognition,listening_to_music,0,1,0,0,0,0,0,0,0,0,0,0,0,0,0,0,1,0,0,0
data/external/actions/human_action_recognition/train/012008_drinking.jpg,Bingsu/Human_Action_Recognition,drinking,0,0,0,0,0,0,0,0,0,0,0,0,0,0,1,0,0,0,0,0
data/external/actions/human_action_recognition/train/012009_fighting.jpg,Bingsu/Human_Action_Recognition,fighting,0,0,0,0,0,0,0,0,0,0,0,0,0,0,0,0,0,1,1,0
data/external/actions/human_action_recognition/train/012010_using_laptop.jpg,Bingsu/Human_Action_Recognition,using_laptop,0,1,0,0,0,0,0,0,0,0,0,0,1,0,0,0,1,0,0,0
data/external/actions/human_action_recognition/train/012011_texting.jpg,Bingsu/Human_Action_Recognition,texting,0,1,0,0,0,0,0,0,0,0,0,0,0,0,0,0,1,0,0,0
data/external/actions/human_action_recognition/train/012012_dancing.jpg,Bingsu/Human_Action_Recognition,dancing,0,0,0,0,0,0,0,0,0,0,1,0,0,0,0,0,0,1,0,0
data/external/actions/human_action_recognition/train/012013_drinking.jpg,Bingsu/Human_Action_Recognition,drinking,0,0,0,0,0,0,0,0,0,0,0,0,0,0,1,0,0,0,0,0
data/external/actions/human_action_recognition/train/012014_listening_to_music.jpg,Bingsu/Human_Action_Recognition,listening_to_music,0,1,0,0,0,0,0,0,0,0,0,0,0,0,0,0,1,0,0,0
data/external/actions/human_action_recognition/train/012015_calling.jpg,Bingsu/Human_Action_Recognition,calling,1,0,0,0,0,0,0,0,0,0,0,0,0,0,0,0,1,0,0,0
data/external/actions/human_action_recognition/train/012016_sleeping.jpg,Bingsu/Human_Action_Recognition,sleeping,0,0,1,0,0,0,0,0,0,0,0,0,0,0,0,0,1,0,0,0
data/external/actions/human_action_recognition/train/012017_using_laptop.jpg,Bingsu/Human_Action_Recognition,using_laptop,0,1,0,0,0,0,0,0,0,0,0,0,1,0,0,0,1,0,0,0
data/external/actions/human_action_recognition/train/012018_laughing.jpg,Bingsu/Human_Action_Recognition,laughing,1,0,0,0,0,0,0,0,0,0,0,0,0,0,0,0,1,0,0,0
data/external/actions/human_action_recognition/train/012019_hugging.jpg,Bingsu/Human_Action_Recognition,hugging,1,0,0,0,0,0,0,0,0,0,0,0,0,0,0,0,1,0,0,0
data/external/actions/human_action_recognition/train/012020_listening_to_music.jpg,Bingsu/Human_Action_Recognition,listening_to_music,0,1,0,0,0,0,0,0,0,0,0,0,0,0,0,0,1,0,0,0
data/external/actions/human_action_recognition/train/012021_running.jpg,Bingsu/Human_Action_Recognition,running,0,0,0,0,0,0,1,0,0,0,0,0,0,0,0,0,0,1,1,0
data/external/actions/human_action_recognition/train/012022_clapping.jpg,Bingsu/Human_Action_Recognition,clapping,0,0,0,0,1,0,0,0,0,0,0,0,0,0,0,0,0,1,0,0
data/external/actions/human_action_recognition/train/012023_sitting.jpg,Bingsu/Human_Action_Recognition,sitting,0,1,0,0,0,0,0,0,0,0,0,0,0,0,0,0,1,0,0,0
data/external/actions/human_action_recognition/train/012024_cycling.jpg,Bingsu/Human_Action_Recognition,cycling,0,0,0,0,0,0,0,0,1,0,0,0,0,0,0,0,0,1,0,0
data/external/actions/human_action_recognition/train/012025_hugging.jpg,Bingsu/Human_Action_Recognition,hugging,1,0,0,0,0,0,0,0,0,0,0,0,0,0,0,0,1,0,0,0
data/external/actions/human_action_recognition/train/012026_dancing.jpg,Bingsu/Human_Action_Recognition,dancing,0,0,0,0,0,0,0,0,0,0,1,0,0,0,0,0,0,1,0,0
data/external/actions/human_action_recognition/train/012027_drinking.jpg,Bingsu/Human_Action_Recognition,drinking,0,0,0,0,0,0,0,0,0,0,0,0,0,0,1,0,0,0,0,0
data/external/actions/human_action_recognition/train/012028_drinking.jpg,Bingsu/Human_Action_Recognition,drinking,0,0,0,0,0,0,0,0,0,0,0,0,0,0,1,0,0,0,0,0
data/external/actions/human_action_recognition/train/012029_drinking.jpg,Bingsu/Human_Action_Recognition,drinking,0,0,0,0,0,0,0,0,0,0,0,0,0,0,1,0,0,0,0,0
data/external/actions/human_action_recognition/train/012030_running.jpg,Bingsu/Human_Action_Recognition,running,0,0,0,0,0,0,1,0,0,0,0,0,0,0,0,0,0,1,1,0
data/external/actions/human_action_recognition/train/012031_sitting.jpg,Bingsu/Human_Action_Recognition,sitting,0,1,0,0,0,0,0,0,0,0,0,0,0,0,0,0,1,0,0,0
data/external/actions/human_action_recognition/train/012032_sleeping.jpg,Bingsu/Human_Action_Recognition,sleeping,0,0,1,0,0,0,0,0,0,0,0,0,0,0,0,0,1,0,0,0
data/external/actions/human_action_recognition/train/012033_sitting.jpg,Bingsu/Human_Action_Recognition,sitting,0,1,0,0,0,0,0,0,0,0,0,0,0,0,0,0,1,0,0,0
data/external/actions/human_action_recognition/train/012034_fighting.jpg,Bingsu/Human_Action_Recognition,fighting,0,0,0,0,0,0,0,0,0,0,0,0,0,0,0,0,0,1,1,0
data/external/actions/human_action_recognition/train/012035_eating.jpg,Bingsu/Human_Action_Recognition,eating,0,0,0,0,0,0,0,0,0,0,0,0,0,1,0,0,0,0,0,0
data/external/actions/human_action_recognition/train/012036_sitting.jpg,Bingsu/Human_Action_Recognition,sitting,0,1,0,0,0,0,0,0,0,0,0,0,0,0,0,0,1,0,0,0
data/external/actions/human_action_recognition/train/012037_laughing.jpg,Bingsu/Human_Action_Recognition,laughing,1,0,0,0,0,0,0,0,0,0,0,0,0,0,0,0,1,0,0,0
data/external/actions/human_action_recognition/train/012038_texting.jpg,Bingsu/Human_Action_Recognition,texting,0,1,0,0,0,0,0,0,0,0,0,0,0,0,0,0,1,0,0,0
data/external/actions/human_action_recognition/train/012039_listening_to_music.jpg,Bingsu/Human_Action_Recognition,listening_to_music,0,1,0,0,0,0,0,0,0,0,0,0,0,0,0,0,1,0,0,0
data/external/actions/human_action_recognition/train/012040_dancing.jpg,Bingsu/Human_Action_Recognition,dancing,0,0,0,0,0,0,0,0,0,0,1,0,0,0,0,0,0,1,0,0
data/external/actions/human_action_recognition/train/012041_hugging.jpg,Bingsu/Human_Action_Recognition,hugging,1,0,0,0,0,0,0,0,0,0,0,0,0,0,0,0,1,0,0,0
data/external/actions/human_action_recognition/train/012042_eating.jpg,Bingsu/Human_Action_Recognition,eating,0,0,0,0,0,0,0,0,0,0,0,0,0,1,0,0,0,0,0,0
data/external/actions/human_action_recognition/train/012043_running.jpg,Bingsu/Human_Action_Recognition,running,0,0,0,0,0,0,1,0,0,0,0,0,0,0,0,0,0,1,1,0
data/external/actions/human_action_recognition/train/012044_laughing.jpg,Bingsu/Human_Action_Recognition,laughing,1,0,0,0,0,0,0,0,0,0,0,0,0,0,0,0,1,0,0,0
data/external/actions/human_action_recognition/train/012045_laughing.jpg,Bingsu/Human_Action_Recognition,laughing,1,0,0,0,0,0,0,0,0,0,0,0,0,0,0,0,1,0,0,0
data/external/actions/human_action_recognition/train/012046_using_laptop.jpg,Bingsu/Human_Action_Recognition,using_laptop,0,1,0,0,0,0,0,0,0,0,0,0,1,0,0,0,1,0,0,0
data/external/actions/human_action_recognition/train/012047_drinking.jpg,Bingsu/Human_Action_Recognition,drinking,0,0,0,0,0,0,0,0,0,0,0,0,0,0,1,0,0,0,0,0
data/external/actions/human_action_recognition/train/012048_sleeping.jpg,Bingsu/Human_Action_Recognition,sleeping,0,0,1,0,0,0,0,0,0,0,0,0,0,0,0,0,1,0,0,0
data/external/actions/human_action_recognition/train/012049_eating.jpg,Bingsu/Human_Action_Recognition,eating,0,0,0,0,0,0,0,0,0,0,0,0,0,1,0,0,0,0,0,0
data/external/actions/human_action_recognition/train/012050_calling.jpg,Bingsu/Human_Action_Recognition,calling,1,0,0,0,0,0,0,0,0,0,0,0,0,0,0,0,1,0,0,0
data/external/actions/human_action_recognition/train/012051_cycling.jpg,Bingsu/Human_Action_Recognition,cycling,0,0,0,0,0,0,0,0,1,0,0,0,0,0,0,0,0,1,0,0
data/external/actions/human_action_recognition/train/012052_sleeping.jpg,Bingsu/Human_Action_Recognition,sleeping,0,0,1,0,0,0,0,0,0,0,0,0,0,0,0,0,1,0,0,0
data/external/actions/human_action_recognition/train/012053_calling.jpg,Bingsu/Human_Action_Recognition,calling,1,0,0,0,0,0,0,0,0,0,0,0,0,0,0,0,1,0,0,0
data/external/actions/human_action_recognition/train/012054_hugging.jpg,Bingsu/Human_Action_Recognition,hugging,1,0,0,0,0,0,0,0,0,0,0,0,0,0,0,0,1,0,0,0
data/external/actions/human_action_recognition/train/012055_texting.jpg,Bingsu/Human_Action_Recognition,texting,0,1,0,0,0,0,0,0,0,0,0,0,0,0,0,0,1,0,0,0
data/external/actions/human_action_recognition/train/012056_dancing.jpg,Bingsu/Human_Action_Recognition,dancing,0,0,0,0,0,0,0,0,0,0,1,0,0,0,0,0,0,1,0,0
data/external/actions/human_action_recognition/train/012057_laughing.jpg,Bingsu/Human_Action_Recognition,laughing,1,0,0,0,0,0,0,0,0,0,0,0,0,0,0,0,1,0,0,0
data/external/actions/human_action_recognition/train/012058_using_laptop.jpg,Bingsu/Human_Action_Recognition,using_laptop,0,1,0,0,0,0,0,0,0,0,0,0,1,0,0,0,1,0,0,0
data/external/actions/human_action_recognition/train/012059_hugging.jpg,Bingsu/Human_Action_Recognition,hugging,1,0,0,0,0,0,0,0,0,0,0,0,0,0,0,0,1,0,0,0
data/external/actions/human_action_recognition/train/012060_cycling.jpg,Bingsu/Human_Action_Recognition,cycling,0,0,0,0,0,0,0,0,1,0,0,0,0,0,0,0,0,1,0,0
data/external/actions/human_action_recognition/train/012061_sleeping.jpg,Bingsu/Human_Action_Recognition,sleeping,0,0,1,0,0,0,0,0,0,0,0,0,0,0,0,0,1,0,0,0
data/external/actions/human_action_recognition/train/012062_cycling.jpg,Bingsu/Human_Action_Recognition,cycling,0,0,0,0,0,0,0,0,1,0,0,0,0,0,0,0,0,1,0,0
data/external/actions/human_action_recognition/train/012063_clapping.jpg,Bingsu/Human_Action_Recognition,clapping,0,0,0,0,1,0,0,0,0,0,0,0,0,0,0,0,0,1,0,0
data/external/actions/human_action_recognition/train/012064_clapping.jpg,Bingsu/Human_Action_Recognition,clapping,0,0,0,0,1,0,0,0,0,0,0,0,0,0,0,0,0,1,0,0
data/external/actions/human_action_recognition/train/012065_fighting.jpg,Bingsu/Human_Action_Recognition,fighting,0,0,0,0,0,0,0,0,0,0,0,0,0,0,0,0,0,1,1,0
data/external/actions/human_action_recognition/train/012066_running.jpg,Bingsu/Human_Action_Recognition,running,0,0,0,0,0,0,1,0,0,0,0,0,0,0,0,0,0,1,1,0
data/external/actions/human_action_recognition/train/012067_running.jpg,Bingsu/Human_Action_Recognition,running,0,0,0,0,0,0,1,0,0,0,0,0,0,0,0,0,0,1,1,0
data/external/actions/human_action_recognition/train/012068_listening_to_music.jpg,Bingsu/Human_Action_Recognition,listening_to_music,0,1,0,0,0,0,0,0,0,0,0,0,0,0,0,0,1,0,0,0
data/external/actions/human_action_recognition/train/012069_cycling.jpg,Bingsu/Human_Action_Recognition,cycling,0,0,0,0,0,0,0,0,1,0,0,0,0,0,0,0,0,1,0,0
data/external/actions/human_action_recognition/train/012070_drinking.jpg,Bingsu/Human_Action_Recognition,drinking,0,0,0,0,0,0,0,0,0,0,0,0,0,0,1,0,0,0,0,0
data/external/actions/human_action_recognition/train/012071_clapping.jpg,Bingsu/Human_Action_Recognition,clapping,0,0,0,0,1,0,0,0,0,0,0,0,0,0,0,0,0,1,0,0
data/external/actions/human_action_recognition/train/012072_calling.jpg,Bingsu/Human_Action_Recognition,calling,1,0,0,0,0,0,0,0,0,0,0,0,0,0,0,0,1,0,0,0
data/external/actions/human_action_recognition/train/012073_listening_to_music.jpg,Bingsu/Human_Action_Recognition,listening_to_music,0,1,0,0,0,0,0,0,0,0,0,0,0,0,0,0,1,0,0,0
data/external/actions/human_action_recognition/train/012074_laughing.jpg,Bingsu/Human_Action_Recognition,laughing,1,0,0,0,0,0,0,0,0,0,0,0,0,0,0,0,1,0,0,0
data/external/actions/human_action_recognition/train/012075_texting.jpg,Bingsu/Human_Action_Recognition,texting,0,1,0,0,0,0,0,0,0,0,0,0,0,0,0,0,1,0,0,0
data/external/actions/human_action_recognition/train/012076_sitting.jpg,Bingsu/Human_Action_Recognition,sitting,0,1,0,0,0,0,0,0,0,0,0,0,0,0,0,0,1,0,0,0
data/external/actions/human_action_recognition/train/012077_eating.jpg,Bingsu/Human_Action_Recognition,eating,0,0,0,0,0,0,0,0,0,0,0,0,0,1,0,0,0,0,0,0
data/external/actions/human_action_recognition/train/012078_running.jpg,Bingsu/Human_Action_Recognition,running,0,0,0,0,0,0,1,0,0,0,0,0,0,0,0,0,0,1,1,0
data/external/actions/human_action_recognition/train/012079_hugging.jpg,Bingsu/Human_Action_Recognition,hugging,1,0,0,0,0,0,0,0,0,0,0,0,0,0,0,0,1,0,0,0
data/external/actions/human_action_recognition/train/012080_calling.jpg,Bingsu/Human_Action_Recognition,calling,1,0,0,0,0,0,0,0,0,0,0,0,0,0,0,0,1,0,0,0
data/external/actions/human_action_recognition/train/012081_clapping.jpg,Bingsu/Human_Action_Recognition,clapping,0,0,0,0,1,0,0,0,0,0,0,0,0,0,0,0,0,1,0,0
data/external/actions/human_action_recognition/train/012082_eating.jpg,Bingsu/Human_Action_Recognition,eating,0,0,0,0,0,0,0,0,0,0,0,0,0,1,0,0,0,0,0,0
data/external/actions/human_action_recognition/train/012083_sitting.jpg,Bingsu/Human_Action_Recognition,sitting,0,1,0,0,0,0,0,0,0,0,0,0,0,0,0,0,1,0,0,0
data/external/actions/human_action_recognition/train/012084_sleeping.jpg,Bingsu/Human_Action_Recognition,sleeping,0,0,1,0,0,0,0,0,0,0,0,0,0,0,0,0,1,0,0,0
data/external/actions/human_action_recognition/train/012085_sitting.jpg,Bingsu/Human_Action_Recognition,sitting,0,1,0,0,0,0,0,0,0,0,0,0,0,0,0,0,1,0,0,0
data/external/actions/human_action_recognition/train/012086_texting.jpg,Bingsu/Human_Action_Recognition,texting,0,1,0,0,0,0,0,0,0,0,0,0,0,0,0,0,1,0,0,0
data/external/actions/human_action_recognition/train/012087_calling.jpg,Bingsu/Human_Action_Recognition,calling,1,0,0,0,0,0,0,0,0,0,0,0,0,0,0,0,1,0,0,0
data/external/actions/human_action_recognition/train/012088_drinking.jpg,Bingsu/Human_Action_Recognition,drinking,0,0,0,0,0,0,0,0,0,0,0,0,0,0,1,0,0,0,0,0
data/external/actions/human_action_recognition/train/012089_fighting.jpg,Bingsu/Human_Action_Recognition,fighting,0,0,0,0,0,0,0,0,0,0,0,0,0,0,0,0,0,1,1,0
data/external/actions/human_action_recognition/train/012090_clapping.jpg,Bingsu/Human_Action_Recognition,clapping,0,0,0,0,1,0,0,0,0,0,0,0,0,0,0,0,0,1,0,0
data/external/actions/human_action_recognition/train/012091_listening_to_music.jpg,Bingsu/Human_Action_Recognition,listening_to_music,0,1,0,0,0,0,0,0,0,0,0,0,0,0,0,0,1,0,0,0
data/external/actions/human_action_recognition/train/012092_dancing.jpg,Bingsu/Human_Action_Recognition,dancing,0,0,0,0,0,0,0,0,0,0,1,0,0,0,0,0,0,1,0,0
data/external/actions/human_action_recognition/train/012093_drinking.jpg,Bingsu/Human_Action_Recognition,drinking,0,0,0,0,0,0,0,0,0,0,0,0,0,0,1,0,0,0,0,0
data/external/actions/human_action_recognition/train/012094_listening_to_music.jpg,Bingsu/Human_Action_Recognition,listening_to_music,0,1,0,0,0,0,0,0,0,0,0,0,0,0,0,0,1,0,0,0
data/external/actions/human_action_recognition/train/012095_texting.jpg,Bingsu/Human_Action_Recognition,texting,0,1,0,0,0,0,0,0,0,0,0,0,0,0,0,0,1,0,0,0
data/external/actions/human_action_recognition/train/012096_hugging.jpg,Bingsu/Human_Action_Recognition,hugging,1,0,0,0,0,0,0,0,0,0,0,0,0,0,0,0,1,0,0,0
data/external/actions/human_action_recognition/train/012097_texting.jpg,Bingsu/Human_Action_Recognition,texting,0,1,0,0,0,0,0,0,0,0,0,0,0,0,0,0,1,0,0,0
data/external/actions/human_action_recognition/train/012098_using_laptop.jpg,Bingsu/Human_Action_Recognition,using_laptop,0,1,0,0,0,0,0,0,0,0,0,0,1,0,0,0,1,0,0,0
data/external/actions/human_action_recognition/train/012099_cycling.jpg,Bingsu/Human_Action_Recognition,cycling,0,0,0,0,0,0,0,0,1,0,0,0,0,0,0,0,0,1,0,0
data/external/actions/human_action_recognition/train/012100_laughing.jpg,Bingsu/Human_Action_Recognition,laughing,1,0,0,0,0,0,0,0,0,0,0,0,0,0,0,0,1,0,0,0
data/external/actions/human_action_recognition/train/012101_sleeping.jpg,Bingsu/Human_Action_Recognition,sleeping,0,0,1,0,0,0,0,0,0,0,0,0,0,0,0,0,1,0,0,0
data/external/actions/human_action_recognition/train/012102_calling.jpg,Bingsu/Human_Action_Recognition,calling,1,0,0,0,0,0,0,0,0,0,0,0,0,0,0,0,1,0,0,0
data/external/actions/human_action_recognition/train/012103_clapping.jpg,Bingsu/Human_Action_Recognition,clapping,0,0,0,0,1,0,0,0,0,0,0,0,0,0,0,0,0,1,0,0
data/external/actions/human_action_recognition/train/012104_sitting.jpg,Bingsu/Human_Action_Recognition,sitting,0,1,0,0,0,0,0,0,0,0,0,0,0,0,0,0,1,0,0,0
data/external/actions/human_action_recognition/train/012105_eating.jpg,Bingsu/Human_Action_Recognition,eating,0,0,0,0,0,0,0,0,0,0,0,0,0,1,0,0,0,0,0,0
data/external/actions/human_action_recognition/train/012106_clapping.jpg,Bingsu/Human_Action_Recognition,clapping,0,0,0,0,1,0,0,0,0,0,0,0,0,0,0,0,0,1,0,0
data/external/actions/human_action_recognition/train/012107_calling.jpg,Bingsu/Human_Action_Recognition,calling,1,0,0,0,0,0,0,0,0,0,0,0,0,0,0,0,1,0,0,0
data/external/actions/human_action_recognition/train/012108_using_laptop.jpg,Bingsu/Human_Action_Recognition,using_laptop,0,1,0,0,0,0,0,0,0,0,0,0,1,0,0,0,1,0,0,0
data/external/actions/human_action_recognition/train/012109_running.jpg,Bingsu/Human_Action_Recognition,running,0,0,0,0,0,0,1,0,0,0,0,0,0,0,0,0,0,1,1,0
data/external/actions/human_action_recognition/train/012110_listening_to_music.jpg,Bingsu/Human_Action_Recognition,listening_to_music,0,1,0,0,0,0,0,0,0,0,0,0,0,0,0,0,1,0,0,0
data/external/actions/human_action_recognition/train/012111_sitting.jpg,Bingsu/Human_Action_Recognition,sitting,0,1,0,0,0,0,0,0,0,0,0,0,0,0,0,0,1,0,0,0
data/external/actions/human_action_recognition/train/012112_hugging.jpg,Bingsu/Human_Action_Recognition,hugging,1,0,0,0,0,0,0,0,0,0,0,0,0,0,0,0,1,0,0,0
data/external/actions/human_action_recognition/train/012113_listening_to_music.jpg,Bingsu/Human_Action_Recognition,listening_to_music,0,1,0,0,0,0,0,0,0,0,0,0,0,0,0,0,1,0,0,0
data/external/actions/human_action_recognition/train/012114_using_laptop.jpg,Bingsu/Human_Action_Recognition,using_laptop,0,1,0,0,0,0,0,0,0,0,0,0,1,0,0,0,1,0,0,0
data/external/actions/human_action_recognition/train/012115_fighting.jpg,Bingsu/Human_Action_Recognition,fighting,0,0,0,0,0,0,0,0,0,0,0,0,0,0,0,0,0,1,1,0
data/external/actions/human_action_recognition/train/012116_drinking.jpg,Bingsu/Human_Action_Recognition,drinking,0,0,0,0,0,0,0,0,0,0,0,0,0,0,1,0,0,0,0,0
data/external/actions/human_action_recognition/train/012117_calling.jpg,Bingsu/Human_Action_Recognition,calling,1,0,0,0,0,0,0,0,0,0,0,0,0,0,0,0,1,0,0,0
data/external/actions/human_action_recognition/train/012118_laughing.jpg,Bingsu/Human_Action_Recognition,laughing,1,0,0,0,0,0,0,0,0,0,0,0,0,0,0,0,1,0,0,0
data/external/actions/human_action_recognition/train/012119_fighting.jpg,Bingsu/Human_Action_Recognition,fighting,0,0,0,0,0,0,0,0,0,0,0,0,0,0,0,0,0,1,1,0
data/external/actions/human_action_recognition/train/012120_fighting.jpg,Bingsu/Human_Action_Recognition,fighting,0,0,0,0,0,0,0,0,0,0,0,0,0,0,0,0,0,1,1,0
data/external/actions/human_action_recognition/train/012121_listening_to_music.jpg,Bingsu/Human_Action_Recognition,listening_to_music,0,1,0,0,0,0,0,0,0,0,0,0,0,0,0,0,1,0,0,0
data/external/actions/human_action_recognition/train/012122_clapping.jpg,Bingsu/Human_Action_Recognition,clapping,0,0,0,0,1,0,0,0,0,0,0,0,0,0,0,0,0,1,0,0
data/external/actions/human_action_recognition/train/012123_laughing.jpg,Bingsu/Human_Action_Recognition,laughing,1,0,0,0,0,0,0,0,0,0,0,0,0,0,0,0,1,0,0,0
data/external/actions/human_action_recognition/train/012124_texting.jpg,Bingsu/Human_Action_Recognition,texting,0,1,0,0,0,0,0,0,0,0,0,0,0,0,0,0,1,0,0,0
data/external/actions/human_action_recognition/train/012125_using_laptop.jpg,Bingsu/Human_Action_Recognition,using_laptop,0,1,0,0,0,0,0,0,0,0,0,0,1,0,0,0,1,0,0,0
data/external/actions/human_action_recognition/train/012126_clapping.jpg,Bingsu/Human_Action_Recognition,clapping,0,0,0,0,1,0,0,0,0,0,0,0,0,0,0,0,0,1,0,0
data/external/actions/human_action_recognition/train/012127_cycling.jpg,Bingsu/Human_Action_Recognition,cycling,0,0,0,0,0,0,0,0,1,0,0,0,0,0,0,0,0,1,0,0
data/external/actions/human_action_recognition/train/012128_texting.jpg,Bingsu/Human_Action_Recognition,texting,0,1,0,0,0,0,0,0,0,0,0,0,0,0,0,0,1,0,0,0
data/external/actions/human_action_recognition/train/012129_cycling.jpg,Bingsu/Human_Action_Recognition,cycling,0,0,0,0,0,0,0,0,1,0,0,0,0,0,0,0,0,1,0,0
data/external/actions/human_action_recognition/train/012130_drinking.jpg,Bingsu/Human_Action_Recognition,drinking,0,0,0,0,0,0,0,0,0,0,0,0,0,0,1,0,0,0,0,0
data/external/actions/human_action_recognition/train/012131_drinking.jpg,Bingsu/Human_Action_Recognition,drinking,0,0,0,0,0,0,0,0,0,0,0,0,0,0,1,0,0,0,0,0
data/external/actions/human_action_recognition/train/012132_running.jpg,Bingsu/Human_Action_Recognition,running,0,0,0,0,0,0,1,0,0,0,0,0,0,0,0,0,0,1,1,0
data/external/actions/human_action_recognition/train/012133_cycling.jpg,Bingsu/Human_Action_Recognition,cycling,0,0,0,0,0,0,0,0,1,0,0,0,0,0,0,0,0,1,0,0
data/external/actions/human_action_recognition/train/012134_clapping.jpg,Bingsu/Human_Action_Recognition,clapping,0,0,0,0,1,0,0,0,0,0,0,0,0,0,0,0,0,1,0,0
data/external/actions/human_action_recognition/train/012135_fighting.jpg,Bingsu/Human_Action_Recognition,fighting,0,0,0,0,0,0,0,0,0,0,0,0,0,0,0,0,0,1,1,0
data/external/actions/human_action_recognition/train/012136_calling.jpg,Bingsu/Human_Action_Recognition,calling,1,0,0,0,0,0,0,0,0,0,0,0,0,0,0,0,1,0,0,0
data/external/actions/human_action_recognition/train/012137_calling.jpg,Bingsu/Human_Action_Recognition,calling,1,0,0,0,0,0,0,0,0,0,0,0,0,0,0,0,1,0,0,0
data/external/actions/human_action_recognition/train/012138_drinking.jpg,Bingsu/Human_Action_Recognition,drinking,0,0,0,0,0,0,0,0,0,0,0,0,0,0,1,0,0,0,0,0
data/external/actions/human_action_recognition/train/012139_eating.jpg,Bingsu/Human_Action_Recognition,eating,0,0,0,0,0,0,0,0,0,0,0,0,0,1,0,0,0,0,0,0
data/external/actions/human_action_recognition/train/012140_texting.jpg,Bingsu/Human_Action_Recognition,texting,0,1,0,0,0,0,0,0,0,0,0,0,0,0,0,0,1,0,0,0
data/external/actions/human_action_recognition/train/012141_dancing.jpg,Bingsu/Human_Action_Recognition,dancing,0,0,0,0,0,0,0,0,0,0,1,0,0,0,0,0,0,1,0,0
data/external/actions/human_action_recognition/train/012142_listening_to_music.jpg,Bingsu/Human_Action_Recognition,listening_to_music,0,1,0,0,0,0,0,0,0,0,0,0,0,0,0,0,1,0,0,0
data/external/actions/human_action_recognition/train/012143_eating.jpg,Bingsu/Human_Action_Recognition,eating,0,0,0,0,0,0,0,0,0,0,0,0,0,1,0,0,0,0,0,0
data/external/actions/human_action_recognition/train/012144_listening_to_music.jpg,Bingsu/Human_Action_Recognition,listening_to_music,0,1,0,0,0,0,0,0,0,0,0,0,0,0,0,0,1,0,0,0
data/external/actions/human_action_recognition/train/012145_dancing.jpg,Bingsu/Human_Action_Recognition,dancing,0,0,0,0,0,0,0,0,0,0,1,0,0,0,0,0,0,1,0,0
data/external/actions/human_action_recognition/train/012146_running.jpg,Bingsu/Human_Action_Recognition,running,0,0,0,0,0,0,1,0,0,0,0,0,0,0,0,0,0,1,1,0
data/external/actions/human_action_recognition/train/012147_calling.jpg,Bingsu/Human_Action_Recognition,calling,1,0,0,0,0,0,0,0,0,0,0,0,0,0,0,0,1,0,0,0
data/external/actions/human_action_recognition/train/012148_fighting.jpg,Bingsu/Human_Action_Recognition,fighting,0,0,0,0,0,0,0,0,0,0,0,0,0,0,0,0,0,1,1,0
data/external/actions/human_action_recognition/train/012149_running.jpg,Bingsu/Human_Action_Recognition,running,0,0,0,0,0,0,1,0,0,0,0,0,0,0,0,0,0,1,1,0
data/external/actions/human_action_recognition/train/012150_dancing.jpg,Bingsu/Human_Action_Recognition,dancing,0,0,0,0,0,0,0,0,0,0,1,0,0,0,0,0,0,1,0,0
data/external/actions/human_action_recognition/train/012151_fighting.jpg,Bingsu/Human_Action_Recognition,fighting,0,0,0,0,0,0,0,0,0,0,0,0,0,0,0,0,0,1,1,0
data/external/actions/human_action_recognition/train/012152_drinking.jpg,Bingsu/Human_Action_Recognition,drinking,0,0,0,0,0,0,0,0,0,0,0,0,0,0,1,0,0,0,0,0
data/external/actions/human_action_recognition/train/012153_sitting.jpg,Bingsu/Human_Action_Recognition,sitting,0,1,0,0,0,0,0,0,0,0,0,0,0,0,0,0,1,0,0,0
data/external/actions/human_action_recognition/train/012154_clapping.jpg,Bingsu/Human_Action_Recognition,clapping,0,0,0,0,1,0,0,0,0,0,0,0,0,0,0,0,0,1,0,0
data/external/actions/human_action_recognition/train/012155_laughing.jpg,Bingsu/Human_Action_Recognition,laughing,1,0,0,0,0,0,0,0,0,0,0,0,0,0,0,0,1,0,0,0
data/external/actions/human_action_recognition/train/012156_cycling.jpg,Bingsu/Human_Action_Recognition,cycling,0,0,0,0,0,0,0,0,1,0,0,0,0,0,0,0,0,1,0,0
data/external/actions/human_action_recognition/train/012157_sleeping.jpg,Bingsu/Human_Action_Recognition,sleeping,0,0,1,0,0,0,0,0,0,0,0,0,0,0,0,0,1,0,0,0
data/external/actions/human_action_recognition/train/012158_dancing.jpg,Bingsu/Human_Action_Recognition,dancing,0,0,0,0,0,0,0,0,0,0,1,0,0,0,0,0,0,1,0,0
data/external/actions/human_action_recognition/train/012159_using_laptop.jpg,Bingsu/Human_Action_Recognition,using_laptop,0,1,0,0,0,0,0,0,0,0,0,0,1,0,0,0,1,0,0,0
data/external/actions/human_action_recognition/train/012160_laughing.jpg,Bingsu/Human_Action_Recognition,laughing,1,0,0,0,0,0,0,0,0,0,0,0,0,0,0,0,1,0,0,0
data/external/actions/human_action_recognition/train/012161_fighting.jpg,Bingsu/Human_Action_Recognition,fighting,0,0,0,0,0,0,0,0,0,0,0,0,0,0,0,0,0,1,1,0
data/external/actions/human_action_recognition/train/012162_sitting.jpg,Bingsu/Human_Action_Recognition,sitting,0,1,0,0,0,0,0,0,0,0,0,0,0,0,0,0,1,0,0,0
data/external/actions/human_action_recognition/train/012163_clapping.jpg,Bingsu/Human_Action_Recognition,clapping,0,0,0,0,1,0,0,0,0,0,0,0,0,0,0,0,0,1,0,0
data/external/actions/human_action_recognition/train/012164_listening_to_music.jpg,Bingsu/Human_Action_Recognition,listening_to_music,0,1,0,0,0,0,0,0,0,0,0,0,0,0,0,0,1,0,0,0
data/external/actions/human_action_recognition/train/012165_texting.jpg,Bingsu/Human_Action_Recognition,texting,0,1,0,0,0,0,0,0,0,0,0,0,0,0,0,0,1,0,0,0
data/external/actions/human_action_recognition/train/012166_sleeping.jpg,Bingsu/Human_Action_Recognition,sleeping,0,0,1,0,0,0,0,0,0,0,0,0,0,0,0,0,1,0,0,0
data/external/actions/human_action_recognition/train/012167_cycling.jpg,Bingsu/Human_Action_Recognition,cycling,0,0,0,0,0,0,0,0,1,0,0,0,0,0,0,0,0,1,0,0
data/external/actions/human_action_recognition/train/012168_calling.jpg,Bingsu/Human_Action_Recognition,calling,1,0,0,0,0,0,0,0,0,0,0,0,0,0,0,0,1,0,0,0
data/external/actions/human_action_recognition/train/012169_cycling.jpg,Bingsu/Human_Action_Recognition,cycling,0,0,0,0,0,0,0,0,1,0,0,0,0,0,0,0,0,1,0,0
data/external/actions/human_action_recognition/train/012170_sitting.jpg,Bingsu/Human_Action_Recognition,sitting,0,1,0,0,0,0,0,0,0,0,0,0,0,0,0,0,1,0,0,0
data/external/actions/human_action_recognition/train/012171_using_laptop.jpg,Bingsu/Human_Action_Recognition,using_laptop,0,1,0,0,0,0,0,0,0,0,0,0,1,0,0,0,1,0,0,0
data/external/actions/human_action_recognition/train/012172_fighting.jpg,Bingsu/Human_Action_Recognition,fighting,0,0,0,0,0,0,0,0,0,0,0,0,0,0,0,0,0,1,1,0
data/external/actions/human_action_recognition/train/012173_listening_to_music.jpg,Bingsu/Human_Action_Recognition,listening_to_music,0,1,0,0,0,0,0,0,0,0,0,0,0,0,0,0,1,0,0,0
data/external/actions/human_action_recognition/train/012174_sleeping.jpg,Bingsu/Human_Action_Recognition,sleeping,0,0,1,0,0,0,0,0,0,0,0,0,0,0,0,0,1,0,0,0
data/external/actions/human_action_recognition/train/012175_calling.jpg,Bingsu/Human_Action_Recognition,calling,1,0,0,0,0,0,0,0,0,0,0,0,0,0,0,0,1,0,0,0
data/external/actions/human_action_recognition/train/012176_hugging.jpg,Bingsu/Human_Action_Recognition,hugging,1,0,0,0,0,0,0,0,0,0,0,0,0,0,0,0,1,0,0,0
data/external/actions/human_action_recognition/train/012177_laughing.jpg,Bingsu/Human_Action_Recognition,laughing,1,0,0,0,0,0,0,0,0,0,0,0,0,0,0,0,1,0,0,0
data/external/actions/human_action_recognition/train/012178_clapping.jpg,Bingsu/Human_Action_Recognition,clapping,0,0,0,0,1,0,0,0,0,0,0,0,0,0,0,0,0,1,0,0
data/external/actions/human_action_recognition/train/012179_using_laptop.jpg,Bingsu/Human_Action_Recognition,using_laptop,0,1,0,0,0,0,0,0,0,0,0,0,1,0,0,0,1,0,0,0
data/external/actions/human_action_recognition/train/012180_running.jpg,Bingsu/Human_Action_Recognition,running,0,0,0,0,0,0,1,0,0,0,0,0,0,0,0,0,0,1,1,0
data/external/actions/human_action_recognition/train/012181_sleeping.jpg,Bingsu/Human_Action_Recognition,sleeping,0,0,1,0,0,0,0,0,0,0,0,0,0,0,0,0,1,0,0,0
data/external/actions/human_action_recognition/train/012182_listening_to_music.jpg,Bingsu/Human_Action_Recognition,listening_to_music,0,1,0,0,0,0,0,0,0,0,0,0,0,0,0,0,1,0,0,0
data/external/actions/human_action_recognition/train/012183_fighting.jpg,Bingsu/Human_Action_Recognition,fighting,0,0,0,0,0,0,0,0,0,0,0,0,0,0,0,0,0,1,1,0
data/external/actions/human_action_recognition/train/012184_laughing.jpg,Bingsu/Human_Action_Recognition,laughing,1,0,0,0,0,0,0,0,0,0,0,0,0,0,0,0,1,0,0,0
data/external/actions/human_action_recognition/train/012185_texting.jpg,Bingsu/Human_Action_Recognition,texting,0,1,0,0,0,0,0,0,0,0,0,0,0,0,0,0,1,0,0,0
data/external/actions/human_action_recognition/train/012186_dancing.jpg,Bingsu/Human_Action_Recognition,dancing,0,0,0,0,0,0,0,0,0,0,1,0,0,0,0,0,0,1,0,0
data/external/actions/human_action_recognition/train/012187_fighting.jpg,Bingsu/Human_Action_Recognition,fighting,0,0,0,0,0,0,0,0,0,0,0,0,0,0,0,0,0,1,1,0
data/external/actions/human_action_recognition/train/012188_drinking.jpg,Bingsu/Human_Action_Recognition,drinking,0,0,0,0,0,0,0,0,0,0,0,0,0,0,1,0,0,0,0,0
data/external/actions/human_action_recognition/train/012189_eating.jpg,Bingsu/Human_Action_Recognition,eating,0,0,0,0,0,0,0,0,0,0,0,0,0,1,0,0,0,0,0,0
data/external/actions/human_action_recognition/train/012190_cycling.jpg,Bingsu/Human_Action_Recognition,cycling,0,0,0,0,0,0,0,0,1,0,0,0,0,0,0,0,0,1,0,0
data/external/actions/human_action_recognition/train/012191_hugging.jpg,Bingsu/Human_Action_Recognition,hugging,1,0,0,0,0,0,0,0,0,0,0,0,0,0,0,0,1,0,0,0
data/external/actions/human_action_recognition/train/012192_fighting.jpg,Bingsu/Human_Action_Recognition,fighting,0,0,0,0,0,0,0,0,0,0,0,0,0,0,0,0,0,1,1,0
data/external/actions/human_action_recognition/train/012193_listening_to_music.jpg,Bingsu/Human_Action_Recognition,listening_to_music,0,1,0,0,0,0,0,0,0,0,0,0,0,0,0,0,1,0,0,0
data/external/actions/human_action_recognition/train/012194_calling.jpg,Bingsu/Human_Action_Recognition,calling,1,0,0,0,0,0,0,0,0,0,0,0,0,0,0,0,1,0,0,0
data/external/actions/human_action_recognition/train/012195_fighting.jpg,Bingsu/Human_Action_Recognition,fighting,0,0,0,0,0,0,0,0,0,0,0,0,0,0,0,0,0,1,1,0
data/external/actions/human_action_recognition/train/012196_cycling.jpg,Bingsu/Human_Action_Recognition,cycling,0,0,0,0,0,0,0,0,1,0,0,0,0,0,0,0,0,1,0,0
data/external/actions/human_action_recognition/train/012197_dancing.jpg,Bingsu/Human_Action_Recognition,dancing,0,0,0,0,0,0,0,0,0,0,1,0,0,0,0,0,0,1,0,0
data/external/actions/human_action_recognition/train/012198_cycling.jpg,Bingsu/Human_Action_Recognition,cycling,0,0,0,0,0,0,0,0,1,0,0,0,0,0,0,0,0,1,0,0
data/external/actions/human_action_recognition/train/012199_listening_to_music.jpg,Bingsu/Human_Action_Recognition,listening_to_music,0,1,0,0,0,0,0,0,0,0,0,0,0,0,0,0,1,0,0,0
data/external/actions/human_action_recognition/train/012200_sitting.jpg,Bingsu/Human_Action_Recognition,sitting,0,1,0,0,0,0,0,0,0,0,0,0,0,0,0,0,1,0,0,0
data/external/actions/human_action_recognition/train/012201_laughing.jpg,Bingsu/Human_Action_Recognition,laughing,1,0,0,0,0,0,0,0,0,0,0,0,0,0,0,0,1,0,0,0
data/external/actions/human_action_recognition/train/012202_using_laptop.jpg,Bingsu/Human_Action_Recognition,using_laptop,0,1,0,0,0,0,0,0,0,0,0,0,1,0,0,0,1,0,0,0
data/external/actions/human_action_recognition/train/012203_sleeping.jpg,Bingsu/Human_Action_Recognition,sleeping,0,0,1,0,0,0,0,0,0,0,0,0,0,0,0,0,1,0,0,0
data/external/actions/human_action_recognition/train/012204_using_laptop.jpg,Bingsu/Human_Action_Recognition,using_laptop,0,1,0,0,0,0,0,0,0,0,0,0,1,0,0,0,1,0,0,0
data/external/actions/human_action_recognition/train/012205_sleeping.jpg,Bingsu/Human_Action_Recognition,sleeping,0,0,1,0,0,0,0,0,0,0,0,0,0,0,0,0,1,0,0,0
data/external/actions/human_action_recognition/train/012206_listening_to_music.jpg,Bingsu/Human_Action_Recognition,listening_to_music,0,1,0,0,0,0,0,0,0,0,0,0,0,0,0,0,1,0,0,0
data/external/actions/human_action_recognition/train/012207_dancing.jpg,Bingsu/Human_Action_Recognition,dancing,0,0,0,0,0,0,0,0,0,0,1,0,0,0,0,0,0,1,0,0
data/external/actions/human_action_recognition/train/012208_laughing.jpg,Bingsu/Human_Action_Recognition,laughing,1,0,0,0,0,0,0,0,0,0,0,0,0,0,0,0,1,0,0,0
data/external/actions/human_action_recognition/train/012209_texting.jpg,Bingsu/Human_Action_Recognition,texting,0,1,0,0,0,0,0,0,0,0,0,0,0,0,0,0,1,0,0,0
data/external/actions/human_action_recognition/train/012210_calling.jpg,Bingsu/Human_Action_Recognition,calling,1,0,0,0,0,0,0,0,0,0,0,0,0,0,0,0,1,0,0,0
data/external/actions/human_action_recognition/train/012211_using_laptop.jpg,Bingsu/Human_Action_Recognition,using_laptop,0,1,0,0,0,0,0,0,0,0,0,0,1,0,0,0,1,0,0,0
data/external/actions/human_action_recognition/train/012212_cycling.jpg,Bingsu/Human_Action_Recognition,cycling,0,0,0,0,0,0,0,0,1,0,0,0,0,0,0,0,0,1,0,0
data/external/actions/human_action_recognition/train/012213_sitting.jpg,Bingsu/Human_Action_Recognition,sitting,0,1,0,0,0,0,0,0,0,0,0,0,0,0,0,0,1,0,0,0
data/external/actions/human_action_recognition/train/012214_calling.jpg,Bingsu/Human_Action_Recognition,calling,1,0,0,0,0,0,0,0,0,0,0,0,0,0,0,0,1,0,0,0
data/external/actions/human_action_recognition/train/012215_clapping.jpg,Bingsu/Human_Action_Recognition,clapping,0,0,0,0,1,0,0,0,0,0,0,0,0,0,0,0,0,1,0,0
data/external/actions/human_action_recognition/train/012216_running.jpg,Bingsu/Human_Action_Recognition,running,0,0,0,0,0,0,1,0,0,0,0,0,0,0,0,0,0,1,1,0
data/external/actions/human_action_recognition/train/012217_dancing.jpg,Bingsu/Human_Action_Recognition,dancing,0,0,0,0,0,0,0,0,0,0,1,0,0,0,0,0,0,1,0,0
data/external/actions/human_action_recognition/train/012218_calling.jpg,Bingsu/Human_Action_Recognition,calling,1,0,0,0,0,0,0,0,0,0,0,0,0,0,0,0,1,0,0,0
data/external/actions/human_action_recognition/train/012219_sleeping.jpg,Bingsu/Human_Action_Recognition,sleeping,0,0,1,0,0,0,0,0,0,0,0,0,0,0,0,0,1,0,0,0
data/external/actions/human_action_recognition/train/012220_running.jpg,Bingsu/Human_Action_Recognition,running,0,0,0,0,0,0,1,0,0,0,0,0,0,0,0,0,0,1,1,0
data/external/actions/human_action_recognition/train/012221_drinking.jpg,Bingsu/Human_Action_Recognition,drinking,0,0,0,0,0,0,0,0,0,0,0,0,0,0,1,0,0,0,0,0
data/external/actions/human_action_recognition/train/012222_texting.jpg,Bingsu/Human_Action_Recognition,texting,0,1,0,0,0,0,0,0,0,0,0,0,0,0,0,0,1,0,0,0
data/external/actions/human_action_recognition/train/012223_running.jpg,Bingsu/Human_Action_Recognition,running,0,0,0,0,0,0,1,0,0,0,0,0,0,0,0,0,0,1,1,0
data/external/actions/human_action_recognition/train/012224_running.jpg,Bingsu/Human_Action_Recognition,running,0,0,0,0,0,0,1,0,0,0,0,0,0,0,0,0,0,1,1,0
data/external/actions/human_action_recognition/train/012225_running.jpg,Bingsu/Human_Action_Recognition,running,0,0,0,0,0,0,1,0,0,0,0,0,0,0,0,0,0,1,1,0
data/external/actions/human_action_recognition/train/012226_eating.jpg,Bingsu/Human_Action_Recognition,eating,0,0,0,0,0,0,0,0,0,0,0,0,0,1,0,0,0,0,0,0
data/external/actions/human_action_recognition/train/012227_sleeping.jpg,Bingsu/Human_Action_Recognition,sleeping,0,0,1,0,0,0,0,0,0,0,0,0,0,0,0,0,1,0,0,0
data/external/actions/human_action_recognition/train/012228_using_laptop.jpg,Bingsu/Human_Action_Recognition,using_laptop,0,1,0,0,0,0,0,0,0,0,0,0,1,0,0,0,1,0,0,0
data/external/actions/human_action_recognition/train/012229_clapping.jpg,Bingsu/Human_Action_Recognition,clapping,0,0,0,0,1,0,0,0,0,0,0,0,0,0,0,0,0,1,0,0
data/external/actions/human_action_recognition/train/012230_clapping.jpg,Bingsu/Human_Action_Recognition,clapping,0,0,0,0,1,0,0,0,0,0,0,0,0,0,0,0,0,1,0,0
data/external/actions/human_action_recognition/train/012231_dancing.jpg,Bingsu/Human_Action_Recognition,dancing,0,0,0,0,0,0,0,0,0,0,1,0,0,0,0,0,0,1,0,0
data/external/actions/human_action_recognition/train/012232_drinking.jpg,Bingsu/Human_Action_Recognition,drinking,0,0,0,0,0,0,0,0,0,0,0,0,0,0,1,0,0,0,0,0
data/external/actions/human_action_recognition/train/012233_running.jpg,Bingsu/Human_Action_Recognition,running,0,0,0,0,0,0,1,0,0,0,0,0,0,0,0,0,0,1,1,0
data/external/actions/human_action_recognition/train/012234_drinking.jpg,Bingsu/Human_Action_Recognition,drinking,0,0,0,0,0,0,0,0,0,0,0,0,0,0,1,0,0,0,0,0
data/external/actions/human_action_recognition/train/012235_drinking.jpg,Bingsu/Human_Action_Recognition,drinking,0,0,0,0,0,0,0,0,0,0,0,0,0,0,1,0,0,0,0,0
data/external/actions/human_action_recognition/train/012236_texting.jpg,Bingsu/Human_Action_Recognition,texting,0,1,0,0,0,0,0,0,0,0,0,0,0,0,0,0,1,0,0,0
data/external/actions/human_action_recognition/train/012237_dancing.jpg,Bingsu/Human_Action_Recognition,dancing,0,0,0,0,0,0,0,0,0,0,1,0,0,0,0,0,0,1,0,0
data/external/actions/human_action_recognition/train/012238_texting.jpg,Bingsu/Human_Action_Recognition,texting,0,1,0,0,0,0,0,0,0,0,0,0,0,0,0,0,1,0,0,0
data/external/actions/human_action_recognition/train/012239_hugging.jpg,Bingsu/Human_Action_Recognition,hugging,1,0,0,0,0,0,0,0,0,0,0,0,0,0,0,0,1,0,0,0
data/external/actions/human_action_recognition/train/012240_calling.jpg,Bingsu/Human_Action_Recognition,calling,1,0,0,0,0,0,0,0,0,0,0,0,0,0,0,0,1,0,0,0
data/external/actions/human_action_recognition/train/012241_listening_to_music.jpg,Bingsu/Human_Action_Recognition,listening_to_music,0,1,0,0,0,0,0,0,0,0,0,0,0,0,0,0,1,0,0,0
data/external/actions/human_action_recognition/train/012242_calling.jpg,Bingsu/Human_Action_Recognition,calling,1,0,0,0,0,0,0,0,0,0,0,0,0,0,0,0,1,0,0,0
data/external/actions/human_action_recognition/train/012243_texting.jpg,Bingsu/Human_Action_Recognition,texting,0,1,0,0,0,0,0,0,0,0,0,0,0,0,0,0,1,0,0,0
data/external/actions/human_action_recognition/train/012244_calling.jpg,Bingsu/Human_Action_Recognition,calling,1,0,0,0,0,0,0,0,0,0,0,0,0,0,0,0,1,0,0,0
data/external/actions/human_action_recognition/train/012245_running.jpg,Bingsu/Human_Action_Recognition,running,0,0,0,0,0,0,1,0,0,0,0,0,0,0,0,0,0,1,1,0
data/external/actions/human_action_recognition/train/012246_fighting.jpg,Bingsu/Human_Action_Recognition,fighting,0,0,0,0,0,0,0,0,0,0,0,0,0,0,0,0,0,1,1,0
data/external/actions/human_action_recognition/train/012247_drinking.jpg,Bingsu/Human_Action_Recognition,drinking,0,0,0,0,0,0,0,0,0,0,0,0,0,0,1,0,0,0,0,0
data/external/actions/human_action_recognition/train/012248_drinking.jpg,Bingsu/Human_Action_Recognition,drinking,0,0,0,0,0,0,0,0,0,0,0,0,0,0,1,0,0,0,0,0
data/external/actions/human_action_recognition/train/012249_calling.jpg,Bingsu/Human_Action_Recognition,calling,1,0,0,0,0,0,0,0,0,0,0,0,0,0,0,0,1,0,0,0
data/external/actions/human_action_recognition/train/012250_sleeping.jpg,Bingsu/Human_Action_Recognition,sleeping,0,0,1,0,0,0,0,0,0,0,0,0,0,0,0,0,1,0,0,0
data/external/actions/human_action_recognition/train/012251_fighting.jpg,Bingsu/Human_Action_Recognition,fighting,0,0,0,0,0,0,0,0,0,0,0,0,0,0,0,0,0,1,1,0
data/external/actions/human_action_recognition/train/012252_hugging.jpg,Bingsu/Human_Action_Recognition,hugging,1,0,0,0,0,0,0,0,0,0,0,0,0,0,0,0,1,0,0,0
data/external/actions/human_action_recognition/train/012253_using_laptop.jpg,Bingsu/Human_Action_Recognition,using_laptop,0,1,0,0,0,0,0,0,0,0,0,0,1,0,0,0,1,0,0,0
data/external/actions/human_action_recognition/train/012254_cycling.jpg,Bingsu/Human_Action_Recognition,cycling,0,0,0,0,0,0,0,0,1,0,0,0,0,0,0,0,0,1,0,0
data/external/actions/human_action_recognition/train/012255_cycling.jpg,Bingsu/Human_Action_Recognition,cycling,0,0,0,0,0,0,0,0,1,0,0,0,0,0,0,0,0,1,0,0
data/external/actions/human_action_recognition/train/012256_listening_to_music.jpg,Bingsu/Human_Action_Recognition,listening_to_music,0,1,0,0,0,0,0,0,0,0,0,0,0,0,0,0,1,0,0,0
data/external/actions/human_action_recognition/train/012257_running.jpg,Bingsu/Human_Action_Recognition,running,0,0,0,0,0,0,1,0,0,0,0,0,0,0,0,0,0,1,1,0
data/external/actions/human_action_recognition/train/012258_running.jpg,Bingsu/Human_Action_Recognition,running,0,0,0,0,0,0,1,0,0,0,0,0,0,0,0,0,0,1,1,0
data/external/actions/human_action_recognition/train/012259_dancing.jpg,Bingsu/Human_Action_Recognition,dancing,0,0,0,0,0,0,0,0,0,0,1,0,0,0,0,0,0,1,0,0
data/external/actions/human_action_recognition/train/012260_using_laptop.jpg,Bingsu/Human_Action_Recognition,using_laptop,0,1,0,0,0,0,0,0,0,0,0,0,1,0,0,0,1,0,0,0
data/external/actions/human_action_recognition/train/012261_running.jpg,Bingsu/Human_Action_Recognition,running,0,0,0,0,0,0,1,0,0,0,0,0,0,0,0,0,0,1,1,0
data/external/actions/human_action_recognition/train/012262_sleeping.jpg,Bingsu/Human_Action_Recognition,sleeping,0,0,1,0,0,0,0,0,0,0,0,0,0,0,0,0,1,0,0,0
data/external/actions/human_action_recognition/train/012263_calling.jpg,Bingsu/Human_Action_Recognition,calling,1,0,0,0,0,0,0,0,0,0,0,0,0,0,0,0,1,0,0,0
data/external/actions/human_action_recognition/train/012264_sleeping.jpg,Bingsu/Human_Action_Recognition,sleeping,0,0,1,0,0,0,0,0,0,0,0,0,0,0,0,0,1,0,0,0
data/external/actions/human_action_recognition/train/012265_eating.jpg,Bingsu/Human_Action_Recognition,eating,0,0,0,0,0,0,0,0,0,0,0,0,0,1,0,0,0,0,0,0
data/external/actions/human_action_recognition/train/012266_calling.jpg,Bingsu/Human_Action_Recognition,calling,1,0,0,0,0,0,0,0,0,0,0,0,0,0,0,0,1,0,0,0
data/external/actions/human_action_recognition/train/012267_drinking.jpg,Bingsu/Human_Action_Recognition,drinking,0,0,0,0,0,0,0,0,0,0,0,0,0,0,1,0,0,0,0,0
data/external/actions/human_action_recognition/train/012268_calling.jpg,Bingsu/Human_Action_Recognition,calling,1,0,0,0,0,0,0,0,0,0,0,0,0,0,0,0,1,0,0,0
data/external/actions/human_action_recognition/train/012269_dancing.jpg,Bingsu/Human_Action_Recognition,dancing,0,0,0,0,0,0,0,0,0,0,1,0,0,0,0,0,0,1,0,0
data/external/actions/human_action_recognition/train/012270_sitting.jpg,Bingsu/Human_Action_Recognition,sitting,0,1,0,0,0,0,0,0,0,0,0,0,0,0,0,0,1,0,0,0
data/external/actions/human_action_recognition/train/012271_sitting.jpg,Bingsu/Human_Action_Recognition,sitting,0,1,0,0,0,0,0,0,0,0,0,0,0,0,0,0,1,0,0,0
data/external/actions/human_action_recognition/train/012272_clapping.jpg,Bingsu/Human_Action_Recognition,clapping,0,0,0,0,1,0,0,0,0,0,0,0,0,0,0,0,0,1,0,0
data/external/actions/human_action_recognition/train/012273_clapping.jpg,Bingsu/Human_Action_Recognition,clapping,0,0,0,0,1,0,0,0,0,0,0,0,0,0,0,0,0,1,0,0
data/external/actions/human_action_recognition/train/012274_running.jpg,Bingsu/Human_Action_Recognition,running,0,0,0,0,0,0,1,0,0,0,0,0,0,0,0,0,0,1,1,0
data/external/actions/human_action_recognition/train/012275_listening_to_music.jpg,Bingsu/Human_Action_Recognition,listening_to_music,0,1,0,0,0,0,0,0,0,0,0,0,0,0,0,0,1,0,0,0
data/external/actions/human_action_recognition/train/012276_fighting.jpg,Bingsu/Human_Action_Recognition,fighting,0,0,0,0,0,0,0,0,0,0,0,0,0,0,0,0,0,1,1,0
data/external/actions/human_action_recognition/train/012277_calling.jpg,Bingsu/Human_Action_Recognition,calling,1,0,0,0,0,0,0,0,0,0,0,0,0,0,0,0,1,0,0,0
data/external/actions/human_action_recognition/train/012278_fighting.jpg,Bingsu/Human_Action_Recognition,fighting,0,0,0,0,0,0,0,0,0,0,0,0,0,0,0,0,0,1,1,0
data/external/actions/human_action_recognition/train/012279_clapping.jpg,Bingsu/Human_Action_Recognition,clapping,0,0,0,0,1,0,0,0,0,0,0,0,0,0,0,0,0,1,0,0
data/external/actions/human_action_recognition/train/012280_sleeping.jpg,Bingsu/Human_Action_Recognition,sleeping,0,0,1,0,0,0,0,0,0,0,0,0,0,0,0,0,1,0,0,0
data/external/actions/human_action_recognition/train/012281_eating.jpg,Bingsu/Human_Action_Recognition,eating,0,0,0,0,0,0,0,0,0,0,0,0,0,1,0,0,0,0,0,0
data/external/actions/human_action_recognition/train/012282_eating.jpg,Bingsu/Human_Action_Recognition,eating,0,0,0,0,0,0,0,0,0,0,0,0,0,1,0,0,0,0,0,0
data/external/actions/human_action_recognition/train/012283_fighting.jpg,Bingsu/Human_Action_Recognition,fighting,0,0,0,0,0,0,0,0,0,0,0,0,0,0,0,0,0,1,1,0
data/external/actions/human_action_recognition/train/012284_drinking.jpg,Bingsu/Human_Action_Recognition,drinking,0,0,0,0,0,0,0,0,0,0,0,0,0,0,1,0,0,0,0,0
data/external/actions/human_action_recognition/train/012285_sitting.jpg,Bingsu/Human_Action_Recognition,sitting,0,1,0,0,0,0,0,0,0,0,0,0,0,0,0,0,1,0,0,0
data/external/actions/human_action_recognition/train/012286_hugging.jpg,Bingsu/Human_Action_Recognition,hugging,1,0,0,0,0,0,0,0,0,0,0,0,0,0,0,0,1,0,0,0
data/external/actions/human_action_recognition/train/012287_fighting.jpg,Bingsu/Human_Action_Recognition,fighting,0,0,0,0,0,0,0,0,0,0,0,0,0,0,0,0,0,1,1,0
data/external/actions/human_action_recognition/train/012288_laughing.jpg,Bingsu/Human_Action_Recognition,laughing,1,0,0,0,0,0,0,0,0,0,0,0,0,0,0,0,1,0,0,0
data/external/actions/human_action_recognition/train/012289_running.jpg,Bingsu/Human_Action_Recognition,running,0,0,0,0,0,0,1,0,0,0,0,0,0,0,0,0,0,1,1,0
data/external/actions/human_action_recognition/train/012290_eating.jpg,Bingsu/Human_Action_Recognition,eating,0,0,0,0,0,0,0,0,0,0,0,0,0,1,0,0,0,0,0,0
data/external/actions/human_action_recognition/train/012291_drinking.jpg,Bingsu/Human_Action_Recognition,drinking,0,0,0,0,0,0,0,0,0,0,0,0,0,0,1,0,0,0,0,0
data/external/actions/human_action_recognition/train/012292_sitting.jpg,Bingsu/Human_Action_Recognition,sitting,0,1,0,0,0,0,0,0,0,0,0,0,0,0,0,0,1,0,0,0
data/external/actions/human_action_recognition/train/012293_texting.jpg,Bingsu/Human_Action_Recognition,texting,0,1,0,0,0,0,0,0,0,0,0,0,0,0,0,0,1,0,0,0
data/external/actions/human_action_recognition/train/012294_texting.jpg,Bingsu/Human_Action_Recognition,texting,0,1,0,0,0,0,0,0,0,0,0,0,0,0,0,0,1,0,0,0
data/external/actions/human_action_recognition/train/012295_drinking.jpg,Bingsu/Human_Action_Recognition,drinking,0,0,0,0,0,0,0,0,0,0,0,0,0,0,1,0,0,0,0,0
data/external/actions/human_action_recognition/train/012296_running.jpg,Bingsu/Human_Action_Recognition,running,0,0,0,0,0,0,1,0,0,0,0,0,0,0,0,0,0,1,1,0
data/external/actions/human_action_recognition/train/012297_using_laptop.jpg,Bingsu/Human_Action_Recognition,using_laptop,0,1,0,0,0,0,0,0,0,0,0,0,1,0,0,0,1,0,0,0
data/external/actions/human_action_recognition/train/012298_listening_to_music.jpg,Bingsu/Human_Action_Recognition,listening_to_music,0,1,0,0,0,0,0,0,0,0,0,0,0,0,0,0,1,0,0,0
data/external/actions/human_action_recognition/train/012299_sitting.jpg,Bingsu/Human_Action_Recognition,sitting,0,1,0,0,0,0,0,0,0,0,0,0,0,0,0,0,1,0,0,0
data/external/actions/human_action_recognition/train/012300_texting.jpg,Bingsu/Human_Action_Recognition,texting,0,1,0,0,0,0,0,0,0,0,0,0,0,0,0,0,1,0,0,0
data/external/actions/human_action_recognition/train/012301_sitting.jpg,Bingsu/Human_Action_Recognition,sitting,0,1,0,0,0,0,0,0,0,0,0,0,0,0,0,0,1,0,0,0
data/external/actions/human_action_recognition/train/012302_drinking.jpg,Bingsu/Human_Action_Recognition,drinking,0,0,0,0,0,0,0,0,0,0,0,0,0,0,1,0,0,0,0,0
data/external/actions/human_action_recognition/train/012303_eating.jpg,Bingsu/Human_Action_Recognition,eating,0,0,0,0,0,0,0,0,0,0,0,0,0,1,0,0,0,0,0,0
data/external/actions/human_action_recognition/train/012304_cycling.jpg,Bingsu/Human_Action_Recognition,cycling,0,0,0,0,0,0,0,0,1,0,0,0,0,0,0,0,0,1,0,0
data/external/actions/human_action_recognition/train/012305_dancing.jpg,Bingsu/Human_Action_Recognition,dancing,0,0,0,0,0,0,0,0,0,0,1,0,0,0,0,0,0,1,0,0
data/external/actions/human_action_recognition/train/012306_texting.jpg,Bingsu/Human_Action_Recognition,texting,0,1,0,0,0,0,0,0,0,0,0,0,0,0,0,0,1,0,0,0
data/external/actions/human_action_recognition/train/012307_drinking.jpg,Bingsu/Human_Action_Recognition,drinking,0,0,0,0,0,0,0,0,0,0,0,0,0,0,1,0,0,0,0,0
data/external/actions/human_action_recognition/train/012308_hugging.jpg,Bingsu/Human_Action_Recognition,hugging,1,0,0,0,0,0,0,0,0,0,0,0,0,0,0,0,1,0,0,0
data/external/actions/human_action_recognition/train/012309_texting.jpg,Bingsu/Human_Action_Recognition,texting,0,1,0,0,0,0,0,0,0,0,0,0,0,0,0,0,1,0,0,0
data/external/actions/human_action_recognition/train/012310_sitting.jpg,Bingsu/Human_Action_Recognition,sitting,0,1,0,0,0,0,0,0,0,0,0,0,0,0,0,0,1,0,0,0
data/external/actions/human_action_recognition/train/012311_fighting.jpg,Bingsu/Human_Action_Recognition,fighting,0,0,0,0,0,0,0,0,0,0,0,0,0,0,0,0,0,1,1,0
data/external/actions/human_action_recognition/train/012312_sleeping.jpg,Bingsu/Human_Action_Recognition,sleeping,0,0,1,0,0,0,0,0,0,0,0,0,0,0,0,0,1,0,0,0
data/external/actions/human_action_recognition/train/012313_calling.jpg,Bingsu/Human_Action_Recognition,calling,1,0,0,0,0,0,0,0,0,0,0,0,0,0,0,0,1,0,0,0
data/external/actions/human_action_recognition/train/012314_laughing.jpg,Bingsu/Human_Action_Recognition,laughing,1,0,0,0,0,0,0,0,0,0,0,0,0,0,0,0,1,0,0,0
data/external/actions/human_action_recognition/train/012315_using_laptop.jpg,Bingsu/Human_Action_Recognition,using_laptop,0,1,0,0,0,0,0,0,0,0,0,0,1,0,0,0,1,0,0,0
data/external/actions/human_action_recognition/train/012316_listening_to_music.jpg,Bingsu/Human_Action_Recognition,listening_to_music,0,1,0,0,0,0,0,0,0,0,0,0,0,0,0,0,1,0,0,0
data/external/actions/human_action_recognition/train/012317_sleeping.jpg,Bingsu/Human_Action_Recognition,sleeping,0,0,1,0,0,0,0,0,0,0,0,0,0,0,0,0,1,0,0,0
data/external/actions/human_action_recognition/train/012318_drinking.jpg,Bingsu/Human_Action_Recognition,drinking,0,0,0,0,0,0,0,0,0,0,0,0,0,0,1,0,0,0,0,0
data/external/actions/human_action_recognition/train/012319_sleeping.jpg,Bingsu/Human_Action_Recognition,sleeping,0,0,1,0,0,0,0,0,0,0,0,0,0,0,0,0,1,0,0,0
data/external/actions/human_action_recognition/train/012320_clapping.jpg,Bingsu/Human_Action_Recognition,clapping,0,0,0,0,1,0,0,0,0,0,0,0,0,0,0,0,0,1,0,0
data/external/actions/human_action_recognition/train/012321_clapping.jpg,Bingsu/Human_Action_Recognition,clapping,0,0,0,0,1,0,0,0,0,0,0,0,0,0,0,0,0,1,0,0
data/external/actions/human_action_recognition/train/012322_running.jpg,Bingsu/Human_Action_Recognition,running,0,0,0,0,0,0,1,0,0,0,0,0,0,0,0,0,0,1,1,0
data/external/actions/human_action_recognition/train/012323_eating.jpg,Bingsu/Human_Action_Recognition,eating,0,0,0,0,0,0,0,0,0,0,0,0,0,1,0,0,0,0,0,0
data/external/actions/human_action_recognition/train/012324_calling.jpg,Bingsu/Human_Action_Recognition,calling,1,0,0,0,0,0,0,0,0,0,0,0,0,0,0,0,1,0,0,0
data/external/actions/human_action_recognition/train/012325_texting.jpg,Bingsu/Human_Action_Recognition,texting,0,1,0,0,0,0,0,0,0,0,0,0,0,0,0,0,1,0,0,0
data/external/actions/human_action_recognition/train/012326_calling.jpg,Bingsu/Human_Action_Recognition,calling,1,0,0,0,0,0,0,0,0,0,0,0,0,0,0,0,1,0,0,0
data/external/actions/human_action_recognition/train/012327_cycling.jpg,Bingsu/Human_Action_Recognition,cycling,0,0,0,0,0,0,0,0,1,0,0,0,0,0,0,0,0,1,0,0
data/external/actions/human_action_recognition/train/012328_fighting.jpg,Bingsu/Human_Action_Recognition,fighting,0,0,0,0,0,0,0,0,0,0,0,0,0,0,0,0,0,1,1,0
data/external/actions/human_action_recognition/train/012329_drinking.jpg,Bingsu/Human_Action_Recognition,drinking,0,0,0,0,0,0,0,0,0,0,0,0,0,0,1,0,0,0,0,0
data/external/actions/human_action_recognition/train/012330_drinking.jpg,Bingsu/Human_Action_Recognition,drinking,0,0,0,0,0,0,0,0,0,0,0,0,0,0,1,0,0,0,0,0
data/external/actions/human_action_recognition/train/012331_calling.jpg,Bingsu/Human_Action_Recognition,calling,1,0,0,0,0,0,0,0,0,0,0,0,0,0,0,0,1,0,0,0
data/external/actions/human_action_recognition/train/012332_calling.jpg,Bingsu/Human_Action_Recognition,calling,1,0,0,0,0,0,0,0,0,0,0,0,0,0,0,0,1,0,0,0
data/external/actions/human_action_recognition/train/012333_running.jpg,Bingsu/Human_Action_Recognition,running,0,0,0,0,0,0,1,0,0,0,0,0,0,0,0,0,0,1,1,0
data/external/actions/human_action_recognition/train/012334_fighting.jpg,Bingsu/Human_Action_Recognition,fighting,0,0,0,0,0,0,0,0,0,0,0,0,0,0,0,0,0,1,1,0
data/external/actions/human_action_recognition/train/012335_running.jpg,Bingsu/Human_Action_Recognition,running,0,0,0,0,0,0,1,0,0,0,0,0,0,0,0,0,0,1,1,0
data/external/actions/human_action_recognition/train/012336_fighting.jpg,Bingsu/Human_Action_Recognition,fighting,0,0,0,0,0,0,0,0,0,0,0,0,0,0,0,0,0,1,1,0
data/external/actions/human_action_recognition/train/012337_texting.jpg,Bingsu/Human_Action_Recognition,texting,0,1,0,0,0,0,0,0,0,0,0,0,0,0,0,0,1,0,0,0
data/external/actions/human_action_recognition/train/012338_eating.jpg,Bingsu/Human_Action_Recognition,eating,0,0,0,0,0,0,0,0,0,0,0,0,0,1,0,0,0,0,0,0
data/external/actions/human_action_recognition/train/012339_sleeping.jpg,Bingsu/Human_Action_Recognition,sleeping,0,0,1,0,0,0,0,0,0,0,0,0,0,0,0,0,1,0,0,0
data/external/actions/human_action_recognition/train/012340_texting.jpg,Bingsu/Human_Action_Recognition,texting,0,1,0,0,0,0,0,0,0,0,0,0,0,0,0,0,1,0,0,0
data/external/actions/human_action_recognition/train/012341_eating.jpg,Bingsu/Human_Action_Recognition,eating,0,0,0,0,0,0,0,0,0,0,0,0,0,1,0,0,0,0,0,0
data/external/actions/human_action_recognition/train/012342_calling.jpg,Bingsu/Human_Action_Recognition,calling,1,0,0,0,0,0,0,0,0,0,0,0,0,0,0,0,1,0,0,0
data/external/actions/human_action_recognition/train/012343_dancing.jpg,Bingsu/Human_Action_Recognition,dancing,0,0,0,0,0,0,0,0,0,0,1,0,0,0,0,0,0,1,0,0
data/external/actions/human_action_recognition/train/012344_sleeping.jpg,Bingsu/Human_Action_Recognition,sleeping,0,0,1,0,0,0,0,0,0,0,0,0,0,0,0,0,1,0,0,0
data/external/actions/human_action_recognition/train/012345_sitting.jpg,Bingsu/Human_Action_Recognition,sitting,0,1,0,0,0,0,0,0,0,0,0,0,0,0,0,0,1,0,0,0
data/external/actions/human_action_recognition/train/012346_fighting.jpg,Bingsu/Human_Action_Recognition,fighting,0,0,0,0,0,0,0,0,0,0,0,0,0,0,0,0,0,1,1,0
data/external/actions/human_action_recognition/train/012347_eating.jpg,Bingsu/Human_Action_Recognition,eating,0,0,0,0,0,0,0,0,0,0,0,0,0,1,0,0,0,0,0,0
data/external/actions/human_action_recognition/train/012348_calling.jpg,Bingsu/Human_Action_Recognition,calling,1,0,0,0,0,0,0,0,0,0,0,0,0,0,0,0,1,0,0,0
data/external/actions/human_action_recognition/train/012349_using_laptop.jpg,Bingsu/Human_Action_Recognition,using_laptop,0,1,0,0,0,0,0,0,0,0,0,0,1,0,0,0,1,0,0,0
data/external/actions/human_action_recognition/train/012350_listening_to_music.jpg,Bingsu/Human_Action_Recognition,listening_to_music,0,1,0,0,0,0,0,0,0,0,0,0,0,0,0,0,1,0,0,0
data/external/actions/human_action_recognition/train/012351_running.jpg,Bingsu/Human_Action_Recognition,running,0,0,0,0,0,0,1,0,0,0,0,0,0,0,0,0,0,1,1,0
data/external/actions/human_action_recognition/train/012352_using_laptop.jpg,Bingsu/Human_Action_Recognition,using_laptop,0,1,0,0,0,0,0,0,0,0,0,0,1,0,0,0,1,0,0,0
data/external/actions/human_action_recognition/train/012353_dancing.jpg,Bingsu/Human_Action_Recognition,dancing,0,0,0,0,0,0,0,0,0,0,1,0,0,0,0,0,0,1,0,0
data/external/actions/human_action_recognition/train/012354_listening_to_music.jpg,Bingsu/Human_Action_Recognition,listening_to_music,0,1,0,0,0,0,0,0,0,0,0,0,0,0,0,0,1,0,0,0
data/external/actions/human_action_recognition/train/012355_sitting.jpg,Bingsu/Human_Action_Recognition,sitting,0,1,0,0,0,0,0,0,0,0,0,0,0,0,0,0,1,0,0,0
data/external/actions/human_action_recognition/train/012356_sitting.jpg,Bingsu/Human_Action_Recognition,sitting,0,1,0,0,0,0,0,0,0,0,0,0,0,0,0,0,1,0,0,0
data/external/actions/human_action_recognition/train/012357_cycling.jpg,Bingsu/Human_Action_Recognition,cycling,0,0,0,0,0,0,0,0,1,0,0,0,0,0,0,0,0,1,0,0
data/external/actions/human_action_recognition/train/012358_dancing.jpg,Bingsu/Human_Action_Recognition,dancing,0,0,0,0,0,0,0,0,0,0,1,0,0,0,0,0,0,1,0,0
data/external/actions/human_action_recognition/train/012359_cycling.jpg,Bingsu/Human_Action_Recognition,cycling,0,0,0,0,0,0,0,0,1,0,0,0,0,0,0,0,0,1,0,0
data/external/actions/human_action_recognition/train/012360_clapping.jpg,Bingsu/Human_Action_Recognition,clapping,0,0,0,0,1,0,0,0,0,0,0,0,0,0,0,0,0,1,0,0
data/external/actions/human_action_recognition/train/012361_dancing.jpg,Bingsu/Human_Action_Recognition,dancing,0,0,0,0,0,0,0,0,0,0,1,0,0,0,0,0,0,1,0,0
data/external/actions/human_action_recognition/train/012362_fighting.jpg,Bingsu/Human_Action_Recognition,fighting,0,0,0,0,0,0,0,0,0,0,0,0,0,0,0,0,0,1,1,0
data/external/actions/human_action_recognition/train/012363_drinking.jpg,Bingsu/Human_Action_Recognition,drinking,0,0,0,0,0,0,0,0,0,0,0,0,0,0,1,0,0,0,0,0
data/external/actions/human_action_recognition/train/012364_running.jpg,Bingsu/Human_Action_Recognition,running,0,0,0,0,0,0,1,0,0,0,0,0,0,0,0,0,0,1,1,0
data/external/actions/human_action_recognition/train/012365_dancing.jpg,Bingsu/Human_Action_Recognition,dancing,0,0,0,0,0,0,0,0,0,0,1,0,0,0,0,0,0,1,0,0
data/external/actions/human_action_recognition/train/012366_eating.jpg,Bingsu/Human_Action_Recognition,eating,0,0,0,0,0,0,0,0,0,0,0,0,0,1,0,0,0,0,0,0
data/external/actions/human_action_recognition/train/012367_running.jpg,Bingsu/Human_Action_Recognition,running,0,0,0,0,0,0,1,0,0,0,0,0,0,0,0,0,0,1,1,0
data/external/actions/human_action_recognition/train/012368_texting.jpg,Bingsu/Human_Action_Recognition,texting,0,1,0,0,0,0,0,0,0,0,0,0,0,0,0,0,1,0,0,0
data/external/actions/human_action_recognition/train/012369_calling.jpg,Bingsu/Human_Action_Recognition,calling,1,0,0,0,0,0,0,0,0,0,0,0,0,0,0,0,1,0,0,0
data/external/actions/human_action_recognition/train/012370_fighting.jpg,Bingsu/Human_Action_Recognition,fighting,0,0,0,0,0,0,0,0,0,0,0,0,0,0,0,0,0,1,1,0
data/external/actions/human_action_recognition/train/012371_drinking.jpg,Bingsu/Human_Action_Recognition,drinking,0,0,0,0,0,0,0,0,0,0,0,0,0,0,1,0,0,0,0,0
data/external/actions/human_action_recognition/train/012372_running.jpg,Bingsu/Human_Action_Recognition,running,0,0,0,0,0,0,1,0,0,0,0,0,0,0,0,0,0,1,1,0
data/external/actions/human_action_recognition/train/012373_laughing.jpg,Bingsu/Human_Action_Recognition,laughing,1,0,0,0,0,0,0,0,0,0,0,0,0,0,0,0,1,0,0,0
data/external/actions/human_action_recognition/train/012374_texting.jpg,Bingsu/Human_Action_Recognition,texting,0,1,0,0,0,0,0,0,0,0,0,0,0,0,0,0,1,0,0,0
data/external/actions/human_action_recognition/train/012375_hugging.jpg,Bingsu/Human_Action_Recognition,hugging,1,0,0,0,0,0,0,0,0,0,0,0,0,0,0,0,1,0,0,0
data/external/actions/human_action_recognition/train/012376_laughing.jpg,Bingsu/Human_Action_Recognition,laughing,1,0,0,0,0,0,0,0,0,0,0,0,0,0,0,0,1,0,0,0
data/external/actions/human_action_recognition/train/012377_fighting.jpg,Bingsu/Human_Action_Recognition,fighting,0,0,0,0,0,0,0,0,0,0,0,0,0,0,0,0,0,1,1,0
data/external/actions/human_action_recognition/train/012378_eating.jpg,Bingsu/Human_Action_Recognition,eating,0,0,0,0,0,0,0,0,0,0,0,0,0,1,0,0,0,0,0,0
data/external/actions/human_action_recognition/train/012379_sleeping.jpg,Bingsu/Human_Action_Recognition,sleeping,0,0,1,0,0,0,0,0,0,0,0,0,0,0,0,0,1,0,0,0
data/external/actions/human_action_recognition/train/012380_fighting.jpg,Bingsu/Human_Action_Recognition,fighting,0,0,0,0,0,0,0,0,0,0,0,0,0,0,0,0,0,1,1,0
data/external/actions/human_action_recognition/train/012381_running.jpg,Bingsu/Human_Action_Recognition,running,0,0,0,0,0,0,1,0,0,0,0,0,0,0,0,0,0,1,1,0
data/external/actions/human_action_recognition/train/012382_cycling.jpg,Bingsu/Human_Action_Recognition,cycling,0,0,0,0,0,0,0,0,1,0,0,0,0,0,0,0,0,1,0,0
data/external/actions/human_action_recognition/train/012383_fighting.jpg,Bingsu/Human_Action_Recognition,fighting,0,0,0,0,0,0,0,0,0,0,0,0,0,0,0,0,0,1,1,0
data/external/actions/human_action_recognition/train/012384_dancing.jpg,Bingsu/Human_Action_Recognition,dancing,0,0,0,0,0,0,0,0,0,0,1,0,0,0,0,0,0,1,0,0
data/external/actions/human_action_recognition/train/012385_cycling.jpg,Bingsu/Human_Action_Recognition,cycling,0,0,0,0,0,0,0,0,1,0,0,0,0,0,0,0,0,1,0,0
data/external/actions/human_action_recognition/train/012386_sitting.jpg,Bingsu/Human_Action_Recognition,sitting,0,1,0,0,0,0,0,0,0,0,0,0,0,0,0,0,1,0,0,0
data/external/actions/human_action_recognition/train/012387_running.jpg,Bingsu/Human_Action_Recognition,running,0,0,0,0,0,0,1,0,0,0,0,0,0,0,0,0,0,1,1,0
data/external/actions/human_action_recognition/train/012388_drinking.jpg,Bingsu/Human_Action_Recognition,drinking,0,0,0,0,0,0,0,0,0,0,0,0,0,0,1,0,0,0,0,0
data/external/actions/human_action_recognition/train/012389_fighting.jpg,Bingsu/Human_Action_Recognition,fighting,0,0,0,0,0,0,0,0,0,0,0,0,0,0,0,0,0,1,1,0
data/external/actions/human_action_recognition/train/012390_fighting.jpg,Bingsu/Human_Action_Recognition,fighting,0,0,0,0,0,0,0,0,0,0,0,0,0,0,0,0,0,1,1,0
data/external/actions/human_action_recognition/train/012391_sitting.jpg,Bingsu/Human_Action_Recognition,sitting,0,1,0,0,0,0,0,0,0,0,0,0,0,0,0,0,1,0,0,0
data/external/actions/human_action_recognition/train/012392_using_laptop.jpg,Bingsu/Human_Action_Recognition,using_laptop,0,1,0,0,0,0,0,0,0,0,0,0,1,0,0,0,1,0,0,0
data/external/actions/human_action_recognition/train/012393_fighting.jpg,Bingsu/Human_Action_Recognition,fighting,0,0,0,0,0,0,0,0,0,0,0,0,0,0,0,0,0,1,1,0
data/external/actions/human_action_recognition/train/012394_laughing.jpg,Bingsu/Human_Action_Recognition,laughing,1,0,0,0,0,0,0,0,0,0,0,0,0,0,0,0,1,0,0,0
data/external/actions/human_action_recognition/train/012395_drinking.jpg,Bingsu/Human_Action_Recognition,drinking,0,0,0,0,0,0,0,0,0,0,0,0,0,0,1,0,0,0,0,0
data/external/actions/human_action_recognition/train/012396_cycling.jpg,Bingsu/Human_Action_Recognition,cycling,0,0,0,0,0,0,0,0,1,0,0,0,0,0,0,0,0,1,0,0
data/external/actions/human_action_recognition/train/012397_hugging.jpg,Bingsu/Human_Action_Recognition,hugging,1,0,0,0,0,0,0,0,0,0,0,0,0,0,0,0,1,0,0,0
data/external/actions/human_action_recognition/train/012398_fighting.jpg,Bingsu/Human_Action_Recognition,fighting,0,0,0,0,0,0,0,0,0,0,0,0,0,0,0,0,0,1,1,0
data/external/actions/human_action_recognition/train/012399_hugging.jpg,Bingsu/Human_Action_Recognition,hugging,1,0,0,0,0,0,0,0,0,0,0,0,0,0,0,0,1,0,0,0
data/external/actions/human_action_recognition/train/012400_sleeping.jpg,Bingsu/Human_Action_Recognition,sleeping,0,0,1,0,0,0,0,0,0,0,0,0,0,0,0,0,1,0,0,0
data/external/actions/human_action_recognition/train/012401_eating.jpg,Bingsu/Human_Action_Recognition,eating,0,0,0,0,0,0,0,0,0,0,0,0,0,1,0,0,0,0,0,0
data/external/actions/human_action_recognition/train/012402_listening_to_music.jpg,Bingsu/Human_Action_Recognition,listening_to_music,0,1,0,0,0,0,0,0,0,0,0,0,0,0,0,0,1,0,0,0
data/external/actions/human_action_recognition/train/012403_dancing.jpg,Bingsu/Human_Action_Recognition,dancing,0,0,0,0,0,0,0,0,0,0,1,0,0,0,0,0,0,1,0,0
data/external/actions/human_action_recognition/train/012404_drinking.jpg,Bingsu/Human_Action_Recognition,drinking,0,0,0,0,0,0,0,0,0,0,0,0,0,0,1,0,0,0,0,0
data/external/actions/human_action_recognition/train/012405_clapping.jpg,Bingsu/Human_Action_Recognition,clapping,0,0,0,0,1,0,0,0,0,0,0,0,0,0,0,0,0,1,0,0
data/external/actions/human_action_recognition/train/012406_running.jpg,Bingsu/Human_Action_Recognition,running,0,0,0,0,0,0,1,0,0,0,0,0,0,0,0,0,0,1,1,0
data/external/actions/human_action_recognition/train/012407_drinking.jpg,Bingsu/Human_Action_Recognition,drinking,0,0,0,0,0,0,0,0,0,0,0,0,0,0,1,0,0,0,0,0
data/external/actions/human_action_recognition/train/012408_running.jpg,Bingsu/Human_Action_Recognition,running,0,0,0,0,0,0,1,0,0,0,0,0,0,0,0,0,0,1,1,0
data/external/actions/human_action_recognition/train/012409_clapping.jpg,Bingsu/Human_Action_Recognition,clapping,0,0,0,0,1,0,0,0,0,0,0,0,0,0,0,0,0,1,0,0
data/external/actions/human_action_recognition/train/012410_dancing.jpg,Bingsu/Human_Action_Recognition,dancing,0,0,0,0,0,0,0,0,0,0,1,0,0,0,0,0,0,1,0,0
data/external/actions/human_action_recognition/train/012411_texting.jpg,Bingsu/Human_Action_Recognition,texting,0,1,0,0,0,0,0,0,0,0,0,0,0,0,0,0,1,0,0,0
data/external/actions/human_action_recognition/train/012412_using_laptop.jpg,Bingsu/Human_Action_Recognition,using_laptop,0,1,0,0,0,0,0,0,0,0,0,0,1,0,0,0,1,0,0,0
data/external/actions/human_action_recognition/train/012413_texting.jpg,Bingsu/Human_Action_Recognition,texting,0,1,0,0,0,0,0,0,0,0,0,0,0,0,0,0,1,0,0,0
data/external/actions/human_action_recognition/train/012414_clapping.jpg,Bingsu/Human_Action_Recognition,clapping,0,0,0,0,1,0,0,0,0,0,0,0,0,0,0,0,0,1,0,0
data/external/actions/human_action_recognition/train/012415_fighting.jpg,Bingsu/Human_Action_Recognition,fighting,0,0,0,0,0,0,0,0,0,0,0,0,0,0,0,0,0,1,1,0
data/external/actions/human_action_recognition/train/012416_fighting.jpg,Bingsu/Human_Action_Recognition,fighting,0,0,0,0,0,0,0,0,0,0,0,0,0,0,0,0,0,1,1,0
data/external/actions/human_action_recognition/train/012417_laughing.jpg,Bingsu/Human_Action_Recognition,laughing,1,0,0,0,0,0,0,0,0,0,0,0,0,0,0,0,1,0,0,0
data/external/actions/human_action_recognition/train/012418_listening_to_music.jpg,Bingsu/Human_Action_Recognition,listening_to_music,0,1,0,0,0,0,0,0,0,0,0,0,0,0,0,0,1,0,0,0
data/external/actions/human_action_recognition/train/012419_eating.jpg,Bingsu/Human_Action_Recognition,eating,0,0,0,0,0,0,0,0,0,0,0,0,0,1,0,0,0,0,0,0
data/external/actions/human_action_recognition/train/012420_fighting.jpg,Bingsu/Human_Action_Recognition,fighting,0,0,0,0,0,0,0,0,0,0,0,0,0,0,0,0,0,1,1,0
data/external/actions/human_action_recognition/train/012421_clapping.jpg,Bingsu/Human_Action_Recognition,clapping,0,0,0,0,1,0,0,0,0,0,0,0,0,0,0,0,0,1,0,0
data/external/actions/human_action_recognition/train/012422_clapping.jpg,Bingsu/Human_Action_Recognition,clapping,0,0,0,0,1,0,0,0,0,0,0,0,0,0,0,0,0,1,0,0
data/external/actions/human_action_recognition/train/012423_fighting.jpg,Bingsu/Human_Action_Recognition,fighting,0,0,0,0,0,0,0,0,0,0,0,0,0,0,0,0,0,1,1,0
data/external/actions/human_action_recognition/train/012424_fighting.jpg,Bingsu/Human_Action_Recognition,fighting,0,0,0,0,0,0,0,0,0,0,0,0,0,0,0,0,0,1,1,0
data/external/actions/human_action_recognition/train/012425_eating.jpg,Bingsu/Human_Action_Recognition,eating,0,0,0,0,0,0,0,0,0,0,0,0,0,1,0,0,0,0,0,0
data/external/actions/human_action_recognition/train/012426_running.jpg,Bingsu/Human_Action_Recognition,running,0,0,0,0,0,0,1,0,0,0,0,0,0,0,0,0,0,1,1,0
data/external/actions/human_action_recognition/train/012427_calling.jpg,Bingsu/Human_Action_Recognition,calling,1,0,0,0,0,0,0,0,0,0,0,0,0,0,0,0,1,0,0,0
data/external/actions/human_action_recognition/train/012428_eating.jpg,Bingsu/Human_Action_Recognition,eating,0,0,0,0,0,0,0,0,0,0,0,0,0,1,0,0,0,0,0,0
data/external/actions/human_action_recognition/train/012429_using_laptop.jpg,Bingsu/Human_Action_Recognition,using_laptop,0,1,0,0,0,0,0,0,0,0,0,0,1,0,0,0,1,0,0,0
data/external/actions/human_action_recognition/train/012430_sleeping.jpg,Bingsu/Human_Action_Recognition,sleeping,0,0,1,0,0,0,0,0,0,0,0,0,0,0,0,0,1,0,0,0
data/external/actions/human_action_recognition/train/012431_running.jpg,Bingsu/Human_Action_Recognition,running,0,0,0,0,0,0,1,0,0,0,0,0,0,0,0,0,0,1,1,0
data/external/actions/human_action_recognition/train/012432_cycling.jpg,Bingsu/Human_Action_Recognition,cycling,0,0,0,0,0,0,0,0,1,0,0,0,0,0,0,0,0,1,0,0
data/external/actions/human_action_recognition/train/012433_fighting.jpg,Bingsu/Human_Action_Recognition,fighting,0,0,0,0,0,0,0,0,0,0,0,0,0,0,0,0,0,1,1,0
data/external/actions/human_action_recognition/train/012434_texting.jpg,Bingsu/Human_Action_Recognition,texting,0,1,0,0,0,0,0,0,0,0,0,0,0,0,0,0,1,0,0,0
data/external/actions/human_action_recognition/train/012435_eating.jpg,Bingsu/Human_Action_Recognition,eating,0,0,0,0,0,0,0,0,0,0,0,0,0,1,0,0,0,0,0,0
data/external/actions/human_action_recognition/train/012436_sitting.jpg,Bingsu/Human_Action_Recognition,sitting,0,1,0,0,0,0,0,0,0,0,0,0,0,0,0,0,1,0,0,0
data/external/actions/human_action_recognition/train/012437_clapping.jpg,Bingsu/Human_Action_Recognition,clapping,0,0,0,0,1,0,0,0,0,0,0,0,0,0,0,0,0,1,0,0
data/external/actions/human_action_recognition/train/012438_clapping.jpg,Bingsu/Human_Action_Recognition,clapping,0,0,0,0,1,0,0,0,0,0,0,0,0,0,0,0,0,1,0,0
data/external/actions/human_action_recognition/train/012439_listening_to_music.jpg,Bingsu/Human_Action_Recognition,listening_to_music,0,1,0,0,0,0,0,0,0,0,0,0,0,0,0,0,1,0,0,0
data/external/actions/human_action_recognition/train/012440_drinking.jpg,Bingsu/Human_Action_Recognition,drinking,0,0,0,0,0,0,0,0,0,0,0,0,0,0,1,0,0,0,0,0
data/external/actions/human_action_recognition/train/012441_dancing.jpg,Bingsu/Human_Action_Recognition,dancing,0,0,0,0,0,0,0,0,0,0,1,0,0,0,0,0,0,1,0,0
data/external/actions/human_action_recognition/train/012442_listening_to_music.jpg,Bingsu/Human_Action_Recognition,listening_to_music,0,1,0,0,0,0,0,0,0,0,0,0,0,0,0,0,1,0,0,0
data/external/actions/human_action_recognition/train/012443_texting.jpg,Bingsu/Human_Action_Recognition,texting,0,1,0,0,0,0,0,0,0,0,0,0,0,0,0,0,1,0,0,0
data/external/actions/human_action_recognition/train/012444_sitting.jpg,Bingsu/Human_Action_Recognition,sitting,0,1,0,0,0,0,0,0,0,0,0,0,0,0,0,0,1,0,0,0
data/external/actions/human_action_recognition/train/012445_cycling.jpg,Bingsu/Human_Action_Recognition,cycling,0,0,0,0,0,0,0,0,1,0,0,0,0,0,0,0,0,1,0,0
data/external/actions/human_action_recognition/train/012446_cycling.jpg,Bingsu/Human_Action_Recognition,cycling,0,0,0,0,0,0,0,0,1,0,0,0,0,0,0,0,0,1,0,0
data/external/actions/human_action_recognition/train/012447_cycling.jpg,Bingsu/Human_Action_Recognition,cycling,0,0,0,0,0,0,0,0,1,0,0,0,0,0,0,0,0,1,0,0
data/external/actions/human_action_recognition/train/012448_using_laptop.jpg,Bingsu/Human_Action_Recognition,using_laptop,0,1,0,0,0,0,0,0,0,0,0,0,1,0,0,0,1,0,0,0
data/external/actions/human_action_recognition/train/012449_eating.jpg,Bingsu/Human_Action_Recognition,eating,0,0,0,0,0,0,0,0,0,0,0,0,0,1,0,0,0,0,0,0
data/external/actions/human_action_recognition/train/012450_dancing.jpg,Bingsu/Human_Action_Recognition,dancing,0,0,0,0,0,0,0,0,0,0,1,0,0,0,0,0,0,1,0,0
data/external/actions/human_action_recognition/train/012451_cycling.jpg,Bingsu/Human_Action_Recognition,cycling,0,0,0,0,0,0,0,0,1,0,0,0,0,0,0,0,0,1,0,0
data/external/actions/human_action_recognition/train/012452_cycling.jpg,Bingsu/Human_Action_Recognition,cycling,0,0,0,0,0,0,0,0,1,0,0,0,0,0,0,0,0,1,0,0
data/external/actions/human_action_recognition/train/012453_fighting.jpg,Bingsu/Human_Action_Recognition,fighting,0,0,0,0,0,0,0,0,0,0,0,0,0,0,0,0,0,1,1,0
data/external/actions/human_action_recognition/train/012454_texting.jpg,Bingsu/Human_Action_Recognition,texting,0,1,0,0,0,0,0,0,0,0,0,0,0,0,0,0,1,0,0,0
data/external/actions/human_action_recognition/train/012455_calling.jpg,Bingsu/Human_Action_Recognition,calling,1,0,0,0,0,0,0,0,0,0,0,0,0,0,0,0,1,0,0,0
data/external/actions/human_action_recognition/train/012456_sleeping.jpg,Bingsu/Human_Action_Recognition,sleeping,0,0,1,0,0,0,0,0,0,0,0,0,0,0,0,0,1,0,0,0
data/external/actions/human_action_recognition/train/012457_eating.jpg,Bingsu/Human_Action_Recognition,eating,0,0,0,0,0,0,0,0,0,0,0,0,0,1,0,0,0,0,0,0
data/external/actions/human_action_recognition/train/012458_cycling.jpg,Bingsu/Human_Action_Recognition,cycling,0,0,0,0,0,0,0,0,1,0,0,0,0,0,0,0,0,1,0,0
data/external/actions/human_action_recognition/train/012459_clapping.jpg,Bingsu/Human_Action_Recognition,clapping,0,0,0,0,1,0,0,0,0,0,0,0,0,0,0,0,0,1,0,0
data/external/actions/human_action_recognition/train/012460_calling.jpg,Bingsu/Human_Action_Recognition,calling,1,0,0,0,0,0,0,0,0,0,0,0,0,0,0,0,1,0,0,0
data/external/actions/human_action_recognition/train/012461_sleeping.jpg,Bingsu/Human_Action_Recognition,sleeping,0,0,1,0,0,0,0,0,0,0,0,0,0,0,0,0,1,0,0,0
data/external/actions/human_action_recognition/train/012462_drinking.jpg,Bingsu/Human_Action_Recognition,drinking,0,0,0,0,0,0,0,0,0,0,0,0,0,0,1,0,0,0,0,0
data/external/actions/human_action_recognition/train/012463_laughing.jpg,Bingsu/Human_Action_Recognition,laughing,1,0,0,0,0,0,0,0,0,0,0,0,0,0,0,0,1,0,0,0
data/external/actions/human_action_recognition/train/012464_calling.jpg,Bingsu/Human_Action_Recognition,calling,1,0,0,0,0,0,0,0,0,0,0,0,0,0,0,0,1,0,0,0
data/external/actions/human_action_recognition/train/012465_drinking.jpg,Bingsu/Human_Action_Recognition,drinking,0,0,0,0,0,0,0,0,0,0,0,0,0,0,1,0,0,0,0,0
data/external/actions/human_action_recognition/train/012466_clapping.jpg,Bingsu/Human_Action_Recognition,clapping,0,0,0,0,1,0,0,0,0,0,0,0,0,0,0,0,0,1,0,0
data/external/actions/human_action_recognition/train/012467_running.jpg,Bingsu/Human_Action_Recognition,running,0,0,0,0,0,0,1,0,0,0,0,0,0,0,0,0,0,1,1,0
data/external/actions/human_action_recognition/train/012468_calling.jpg,Bingsu/Human_Action_Recognition,calling,1,0,0,0,0,0,0,0,0,0,0,0,0,0,0,0,1,0,0,0
data/external/actions/human_action_recognition/train/012469_laughing.jpg,Bingsu/Human_Action_Recognition,laughing,1,0,0,0,0,0,0,0,0,0,0,0,0,0,0,0,1,0,0,0
data/external/actions/human_action_recognition/train/012470_drinking.jpg,Bingsu/Human_Action_Recognition,drinking,0,0,0,0,0,0,0,0,0,0,0,0,0,0,1,0,0,0,0,0
data/external/actions/human_action_recognition/train/012471_laughing.jpg,Bingsu/Human_Action_Recognition,laughing,1,0,0,0,0,0,0,0,0,0,0,0,0,0,0,0,1,0,0,0
data/external/actions/human_action_recognition/train/012472_sitting.jpg,Bingsu/Human_Action_Recognition,sitting,0,1,0,0,0,0,0,0,0,0,0,0,0,0,0,0,1,0,0,0
data/external/actions/human_action_recognition/train/012473_using_laptop.jpg,Bingsu/Human_Action_Recognition,using_laptop,0,1,0,0,0,0,0,0,0,0,0,0,1,0,0,0,1,0,0,0
data/external/actions/human_action_recognition/train/012474_drinking.jpg,Bingsu/Human_Action_Recognition,drinking,0,0,0,0,0,0,0,0,0,0,0,0,0,0,1,0,0,0,0,0
data/external/actions/human_action_recognition/train/012475_calling.jpg,Bingsu/Human_Action_Recognition,calling,1,0,0,0,0,0,0,0,0,0,0,0,0,0,0,0,1,0,0,0
data/external/actions/human_action_recognition/train/012476_calling.jpg,Bingsu/Human_Action_Recognition,calling,1,0,0,0,0,0,0,0,0,0,0,0,0,0,0,0,1,0,0,0
data/external/actions/human_action_recognition/train/012477_eating.jpg,Bingsu/Human_Action_Recognition,eating,0,0,0,0,0,0,0,0,0,0,0,0,0,1,0,0,0,0,0,0
data/external/actions/human_action_recognition/train/012478_sleeping.jpg,Bingsu/Human_Action_Recognition,sleeping,0,0,1,0,0,0,0,0,0,0,0,0,0,0,0,0,1,0,0,0
data/external/actions/human_action_recognition/train/012479_hugging.jpg,Bingsu/Human_Action_Recognition,hugging,1,0,0,0,0,0,0,0,0,0,0,0,0,0,0,0,1,0,0,0
data/external/actions/human_action_recognition/train/012480_clapping.jpg,Bingsu/Human_Action_Recognition,clapping,0,0,0,0,1,0,0,0,0,0,0,0,0,0,0,0,0,1,0,0
data/external/actions/human_action_recognition/train/012481_listening_to_music.jpg,Bingsu/Human_Action_Recognition,listening_to_music,0,1,0,0,0,0,0,0,0,0,0,0,0,0,0,0,1,0,0,0
data/external/actions/human_action_recognition/train/012482_calling.jpg,Bingsu/Human_Action_Recognition,calling,1,0,0,0,0,0,0,0,0,0,0,0,0,0,0,0,1,0,0,0
data/external/actions/human_action_recognition/train/012483_eating.jpg,Bingsu/Human_Action_Recognition,eating,0,0,0,0,0,0,0,0,0,0,0,0,0,1,0,0,0,0,0,0
data/external/actions/human_action_recognition/train/012484_laughing.jpg,Bingsu/Human_Action_Recognition,laughing,1,0,0,0,0,0,0,0,0,0,0,0,0,0,0,0,1,0,0,0
data/external/actions/human_action_recognition/train/012485_listening_to_music.jpg,Bingsu/Human_Action_Recognition,listening_to_music,0,1,0,0,0,0,0,0,0,0,0,0,0,0,0,0,1,0,0,0
data/external/actions/human_action_recognition/train/012486_drinking.jpg,Bingsu/Human_Action_Recognition,drinking,0,0,0,0,0,0,0,0,0,0,0,0,0,0,1,0,0,0,0,0
data/external/actions/human_action_recognition/train/012487_clapping.jpg,Bingsu/Human_Action_Recognition,clapping,0,0,0,0,1,0,0,0,0,0,0,0,0,0,0,0,0,1,0,0
data/external/actions/human_action_recognition/train/012488_listening_to_music.jpg,Bingsu/Human_Action_Recognition,listening_to_music,0,1,0,0,0,0,0,0,0,0,0,0,0,0,0,0,1,0,0,0
data/external/actions/human_action_recognition/train/012489_sleeping.jpg,Bingsu/Human_Action_Recognition,sleeping,0,0,1,0,0,0,0,0,0,0,0,0,0,0,0,0,1,0,0,0
data/external/actions/human_action_recognition/train/012490_eating.jpg,Bingsu/Human_Action_Recognition,eating,0,0,0,0,0,0,0,0,0,0,0,0,0,1,0,0,0,0,0,0
data/external/actions/human_action_recognition/train/012491_texting.jpg,Bingsu/Human_Action_Recognition,texting,0,1,0,0,0,0,0,0,0,0,0,0,0,0,0,0,1,0,0,0
data/external/actions/human_action_recognition/train/012492_eating.jpg,Bingsu/Human_Action_Recognition,eating,0,0,0,0,0,0,0,0,0,0,0,0,0,1,0,0,0,0,0,0
data/external/actions/human_action_recognition/train/012493_laughing.jpg,Bingsu/Human_Action_Recognition,laughing,1,0,0,0,0,0,0,0,0,0,0,0,0,0,0,0,1,0,0,0
data/external/actions/human_action_recognition/train/012494_fighting.jpg,Bingsu/Human_Action_Recognition,fighting,0,0,0,0,0,0,0,0,0,0,0,0,0,0,0,0,0,1,1,0
data/external/actions/human_action_recognition/train/012495_sleeping.jpg,Bingsu/Human_Action_Recognition,sleeping,0,0,1,0,0,0,0,0,0,0,0,0,0,0,0,0,1,0,0,0
data/external/actions/human_action_recognition/train/012496_cycling.jpg,Bingsu/Human_Action_Recognition,cycling,0,0,0,0,0,0,0,0,1,0,0,0,0,0,0,0,0,1,0,0
data/external/actions/human_action_recognition/train/012497_hugging.jpg,Bingsu/Human_Action_Recognition,hugging,1,0,0,0,0,0,0,0,0,0,0,0,0,0,0,0,1,0,0,0
data/external/actions/human_action_recognition/train/012498_using_laptop.jpg,Bingsu/Human_Action_Recognition,using_laptop,0,1,0,0,0,0,0,0,0,0,0,0,1,0,0,0,1,0,0,0
data/external/actions/human_action_recognition/train/012499_cycling.jpg,Bingsu/Human_Action_Recognition,cycling,0,0,0,0,0,0,0,0,1,0,0,0,0,0,0,0,0,1,0,0
data/external/actions/human_action_recognition/train/012500_dancing.jpg,Bingsu/Human_Action_Recognition,dancing,0,0,0,0,0,0,0,0,0,0,1,0,0,0,0,0,0,1,0,0
data/external/actions/human_action_recognition/train/012501_sitting.jpg,Bingsu/Human_Action_Recognition,sitting,0,1,0,0,0,0,0,0,0,0,0,0,0,0,0,0,1,0,0,0
data/external/actions/human_action_recognition/train/012502_eating.jpg,Bingsu/Human_Action_Recognition,eating,0,0,0,0,0,0,0,0,0,0,0,0,0,1,0,0,0,0,0,0
data/external/actions/human_action_recognition/train/012503_running.jpg,Bingsu/Human_Action_Recognition,running,0,0,0,0,0,0,1,0,0,0,0,0,0,0,0,0,0,1,1,0
data/external/actions/human_action_recognition/train/012504_texting.jpg,Bingsu/Human_Action_Recognition,texting,0,1,0,0,0,0,0,0,0,0,0,0,0,0,0,0,1,0,0,0
data/external/actions/human_action_recognition/train/012505_fighting.jpg,Bingsu/Human_Action_Recognition,fighting,0,0,0,0,0,0,0,0,0,0,0,0,0,0,0,0,0,1,1,0
data/external/actions/human_action_recognition/train/012506_eating.jpg,Bingsu/Human_Action_Recognition,eating,0,0,0,0,0,0,0,0,0,0,0,0,0,1,0,0,0,0,0,0
data/external/actions/human_action_recognition/train/012507_hugging.jpg,Bingsu/Human_Action_Recognition,hugging,1,0,0,0,0,0,0,0,0,0,0,0,0,0,0,0,1,0,0,0
data/external/actions/human_action_recognition/train/012508_listening_to_music.jpg,Bingsu/Human_Action_Recognition,listening_to_music,0,1,0,0,0,0,0,0,0,0,0,0,0,0,0,0,1,0,0,0
data/external/actions/human_action_recognition/train/012509_dancing.jpg,Bingsu/Human_Action_Recognition,dancing,0,0,0,0,0,0,0,0,0,0,1,0,0,0,0,0,0,1,0,0
data/external/actions/human_action_recognition/train/012510_sitting.jpg,Bingsu/Human_Action_Recognition,sitting,0,1,0,0,0,0,0,0,0,0,0,0,0,0,0,0,1,0,0,0
data/external/actions/human_action_recognition/train/012511_listening_to_music.jpg,Bingsu/Human_Action_Recognition,listening_to_music,0,1,0,0,0,0,0,0,0,0,0,0,0,0,0,0,1,0,0,0
data/external/actions/human_action_recognition/train/012512_eating.jpg,Bingsu/Human_Action_Recognition,eating,0,0,0,0,0,0,0,0,0,0,0,0,0,1,0,0,0,0,0,0
data/external/actions/human_action_recognition/train/012513_laughing.jpg,Bingsu/Human_Action_Recognition,laughing,1,0,0,0,0,0,0,0,0,0,0,0,0,0,0,0,1,0,0,0
data/external/actions/human_action_recognition/train/012514_listening_to_music.jpg,Bingsu/Human_Action_Recognition,listening_to_music,0,1,0,0,0,0,0,0,0,0,0,0,0,0,0,0,1,0,0,0
data/external/actions/human_action_recognition/train/012515_texting.jpg,Bingsu/Human_Action_Recognition,texting,0,1,0,0,0,0,0,0,0,0,0,0,0,0,0,0,1,0,0,0
data/external/actions/human_action_recognition/train/012516_cycling.jpg,Bingsu/Human_Action_Recognition,cycling,0,0,0,0,0,0,0,0,1,0,0,0,0,0,0,0,0,1,0,0
data/external/actions/human_action_recognition/train/012517_sitting.jpg,Bingsu/Human_Action_Recognition,sitting,0,1,0,0,0,0,0,0,0,0,0,0,0,0,0,0,1,0,0,0
data/external/actions/human_action_recognition/train/012518_hugging.jpg,Bingsu/Human_Action_Recognition,hugging,1,0,0,0,0,0,0,0,0,0,0,0,0,0,0,0,1,0,0,0
data/external/actions/human_action_recognition/train/012519_listening_to_music.jpg,Bingsu/Human_Action_Recognition,listening_to_music,0,1,0,0,0,0,0,0,0,0,0,0,0,0,0,0,1,0,0,0
data/external/actions/human_action_recognition/train/012520_eating.jpg,Bingsu/Human_Action_Recognition,eating,0,0,0,0,0,0,0,0,0,0,0,0,0,1,0,0,0,0,0,0
data/external/actions/human_action_recognition/train/012521_clapping.jpg,Bingsu/Human_Action_Recognition,clapping,0,0,0,0,1,0,0,0,0,0,0,0,0,0,0,0,0,1,0,0
data/external/actions/human_action_recognition/train/012522_fighting.jpg,Bingsu/Human_Action_Recognition,fighting,0,0,0,0,0,0,0,0,0,0,0,0,0,0,0,0,0,1,1,0
data/external/actions/human_action_recognition/train/012523_listening_to_music.jpg,Bingsu/Human_Action_Recognition,listening_to_music,0,1,0,0,0,0,0,0,0,0,0,0,0,0,0,0,1,0,0,0
data/external/actions/human_action_recognition/train/012524_eating.jpg,Bingsu/Human_Action_Recognition,eating,0,0,0,0,0,0,0,0,0,0,0,0,0,1,0,0,0,0,0,0
data/external/actions/human_action_recognition/train/012525_running.jpg,Bingsu/Human_Action_Recognition,running,0,0,0,0,0,0,1,0,0,0,0,0,0,0,0,0,0,1,1,0
data/external/actions/human_action_recognition/train/012526_running.jpg,Bingsu/Human_Action_Recognition,running,0,0,0,0,0,0,1,0,0,0,0,0,0,0,0,0,0,1,1,0
data/external/actions/human_action_recognition/train/012527_hugging.jpg,Bingsu/Human_Action_Recognition,hugging,1,0,0,0,0,0,0,0,0,0,0,0,0,0,0,0,1,0,0,0
data/external/actions/human_action_recognition/train/012528_sitting.jpg,Bingsu/Human_Action_Recognition,sitting,0,1,0,0,0,0,0,0,0,0,0,0,0,0,0,0,1,0,0,0
data/external/actions/human_action_recognition/train/012529_eating.jpg,Bingsu/Human_Action_Recognition,eating,0,0,0,0,0,0,0,0,0,0,0,0,0,1,0,0,0,0,0,0
data/external/actions/human_action_recognition/train/012530_listening_to_music.jpg,Bingsu/Human_Action_Recognition,listening_to_music,0,1,0,0,0,0,0,0,0,0,0,0,0,0,0,0,1,0,0,0
data/external/actions/human_action_recognition/train/012531_eating.jpg,Bingsu/Human_Action_Recognition,eating,0,0,0,0,0,0,0,0,0,0,0,0,0,1,0,0,0,0,0,0
data/external/actions/human_action_recognition/train/012532_fighting.jpg,Bingsu/Human_Action_Recognition,fighting,0,0,0,0,0,0,0,0,0,0,0,0,0,0,0,0,0,1,1,0
data/external/actions/human_action_recognition/train/012533_calling.jpg,Bingsu/Human_Action_Recognition,calling,1,0,0,0,0,0,0,0,0,0,0,0,0,0,0,0,1,0,0,0
data/external/actions/human_action_recognition/train/012534_texting.jpg,Bingsu/Human_Action_Recognition,texting,0,1,0,0,0,0,0,0,0,0,0,0,0,0,0,0,1,0,0,0
data/external/actions/human_action_recognition/train/012535_hugging.jpg,Bingsu/Human_Action_Recognition,hugging,1,0,0,0,0,0,0,0,0,0,0,0,0,0,0,0,1,0,0,0
data/external/actions/human_action_recognition/train/012536_fighting.jpg,Bingsu/Human_Action_Recognition,fighting,0,0,0,0,0,0,0,0,0,0,0,0,0,0,0,0,0,1,1,0
data/external/actions/human_action_recognition/train/012537_running.jpg,Bingsu/Human_Action_Recognition,running,0,0,0,0,0,0,1,0,0,0,0,0,0,0,0,0,0,1,1,0
data/external/actions/human_action_recognition/train/012538_fighting.jpg,Bingsu/Human_Action_Recognition,fighting,0,0,0,0,0,0,0,0,0,0,0,0,0,0,0,0,0,1,1,0
data/external/actions/human_action_recognition/train/012539_eating.jpg,Bingsu/Human_Action_Recognition,eating,0,0,0,0,0,0,0,0,0,0,0,0,0,1,0,0,0,0,0,0
data/external/actions/human_action_recognition/train/012540_calling.jpg,Bingsu/Human_Action_Recognition,calling,1,0,0,0,0,0,0,0,0,0,0,0,0,0,0,0,1,0,0,0
data/external/actions/human_action_recognition/train/012541_texting.jpg,Bingsu/Human_Action_Recognition,texting,0,1,0,0,0,0,0,0,0,0,0,0,0,0,0,0,1,0,0,0
data/external/actions/human_action_recognition/train/012542_calling.jpg,Bingsu/Human_Action_Recognition,calling,1,0,0,0,0,0,0,0,0,0,0,0,0,0,0,0,1,0,0,0
data/external/actions/human_action_recognition/train/012543_calling.jpg,Bingsu/Human_Action_Recognition,calling,1,0,0,0,0,0,0,0,0,0,0,0,0,0,0,0,1,0,0,0
data/external/actions/human_action_recognition/train/012544_hugging.jpg,Bingsu/Human_Action_Recognition,hugging,1,0,0,0,0,0,0,0,0,0,0,0,0,0,0,0,1,0,0,0
data/external/actions/human_action_recognition/train/012545_dancing.jpg,Bingsu/Human_Action_Recognition,dancing,0,0,0,0,0,0,0,0,0,0,1,0,0,0,0,0,0,1,0,0
data/external/actions/human_action_recognition/train/012546_texting.jpg,Bingsu/Human_Action_Recognition,texting,0,1,0,0,0,0,0,0,0,0,0,0,0,0,0,0,1,0,0,0
data/external/actions/human_action_recognition/train/012547_drinking.jpg,Bingsu/Human_Action_Recognition,drinking,0,0,0,0,0,0,0,0,0,0,0,0,0,0,1,0,0,0,0,0
data/external/actions/human_action_recognition/train/012548_texting.jpg,Bingsu/Human_Action_Recognition,texting,0,1,0,0,0,0,0,0,0,0,0,0,0,0,0,0,1,0,0,0
data/external/actions/human_action_recognition/train/012549_fighting.jpg,Bingsu/Human_Action_Recognition,fighting,0,0,0,0,0,0,0,0,0,0,0,0,0,0,0,0,0,1,1,0
data/external/actions/human_action_recognition/train/012550_dancing.jpg,Bingsu/Human_Action_Recognition,dancing,0,0,0,0,0,0,0,0,0,0,1,0,0,0,0,0,0,1,0,0
data/external/actions/human_action_recognition/train/012551_dancing.jpg,Bingsu/Human_Action_Recognition,dancing,0,0,0,0,0,0,0,0,0,0,1,0,0,0,0,0,0,1,0,0
data/external/actions/human_action_recognition/train/012552_cycling.jpg,Bingsu/Human_Action_Recognition,cycling,0,0,0,0,0,0,0,0,1,0,0,0,0,0,0,0,0,1,0,0
data/external/actions/human_action_recognition/train/012553_texting.jpg,Bingsu/Human_Action_Recognition,texting,0,1,0,0,0,0,0,0,0,0,0,0,0,0,0,0,1,0,0,0
data/external/actions/human_action_recognition/train/012554_fighting.jpg,Bingsu/Human_Action_Recognition,fighting,0,0,0,0,0,0,0,0,0,0,0,0,0,0,0,0,0,1,1,0
data/external/actions/human_action_recognition/train/012555_using_laptop.jpg,Bingsu/Human_Action_Recognition,using_laptop,0,1,0,0,0,0,0,0,0,0,0,0,1,0,0,0,1,0,0,0
data/external/actions/human_action_recognition/train/012556_eating.jpg,Bingsu/Human_Action_Recognition,eating,0,0,0,0,0,0,0,0,0,0,0,0,0,1,0,0,0,0,0,0
data/external/actions/human_action_recognition/train/012557_dancing.jpg,Bingsu/Human_Action_Recognition,dancing,0,0,0,0,0,0,0,0,0,0,1,0,0,0,0,0,0,1,0,0
data/external/actions/human_action_recognition/train/012558_fighting.jpg,Bingsu/Human_Action_Recognition,fighting,0,0,0,0,0,0,0,0,0,0,0,0,0,0,0,0,0,1,1,0
data/external/actions/human_action_recognition/train/012559_dancing.jpg,Bingsu/Human_Action_Recognition,dancing,0,0,0,0,0,0,0,0,0,0,1,0,0,0,0,0,0,1,0,0
data/external/actions/human_action_recognition/train/012560_listening_to_music.jpg,Bingsu/Human_Action_Recognition,listening_to_music,0,1,0,0,0,0,0,0,0,0,0,0,0,0,0,0,1,0,0,0
data/external/actions/human_action_recognition/train/012561_calling.jpg,Bingsu/Human_Action_Recognition,calling,1,0,0,0,0,0,0,0,0,0,0,0,0,0,0,0,1,0,0,0
data/external/actions/human_action_recognition/train/012562_cycling.jpg,Bingsu/Human_Action_Recognition,cycling,0,0,0,0,0,0,0,0,1,0,0,0,0,0,0,0,0,1,0,0
data/external/actions/human_action_recognition/train/012563_texting.jpg,Bingsu/Human_Action_Recognition,texting,0,1,0,0,0,0,0,0,0,0,0,0,0,0,0,0,1,0,0,0
data/external/actions/human_action_recognition/train/012564_calling.jpg,Bingsu/Human_Action_Recognition,calling,1,0,0,0,0,0,0,0,0,0,0,0,0,0,0,0,1,0,0,0
data/external/actions/human_action_recognition/train/012565_fighting.jpg,Bingsu/Human_Action_Recognition,fighting,0,0,0,0,0,0,0,0,0,0,0,0,0,0,0,0,0,1,1,0
data/external/actions/human_action_recognition/train/012566_fighting.jpg,Bingsu/Human_Action_Recognition,fighting,0,0,0,0,0,0,0,0,0,0,0,0,0,0,0,0,0,1,1,0
data/external/actions/human_action_recognition/train/012567_hugging.jpg,Bingsu/Human_Action_Recognition,hugging,1,0,0,0,0,0,0,0,0,0,0,0,0,0,0,0,1,0,0,0
data/external/actions/human_action_recognition/train/012568_drinking.jpg,Bingsu/Human_Action_Recognition,drinking,0,0,0,0,0,0,0,0,0,0,0,0,0,0,1,0,0,0,0,0
data/external/actions/human_action_recognition/train/012569_calling.jpg,Bingsu/Human_Action_Recognition,calling,1,0,0,0,0,0,0,0,0,0,0,0,0,0,0,0,1,0,0,0
data/external/actions/human_action_recognition/train/012570_dancing.jpg,Bingsu/Human_Action_Recognition,dancing,0,0,0,0,0,0,0,0,0,0,1,0,0,0,0,0,0,1,0,0
data/external/actions/human_action_recognition/train/012571_using_laptop.jpg,Bingsu/Human_Action_Recognition,using_laptop,0,1,0,0,0,0,0,0,0,0,0,0,1,0,0,0,1,0,0,0
data/external/actions/human_action_recognition/train/012572_laughing.jpg,Bingsu/Human_Action_Recognition,laughing,1,0,0,0,0,0,0,0,0,0,0,0,0,0,0,0,1,0,0,0
data/external/actions/human_action_recognition/train/012573_drinking.jpg,Bingsu/Human_Action_Recognition,drinking,0,0,0,0,0,0,0,0,0,0,0,0,0,0,1,0,0,0,0,0
data/external/actions/human_action_recognition/train/012574_texting.jpg,Bingsu/Human_Action_Recognition,texting,0,1,0,0,0,0,0,0,0,0,0,0,0,0,0,0,1,0,0,0
data/external/actions/human_action_recognition/train/012575_dancing.jpg,Bingsu/Human_Action_Recognition,dancing,0,0,0,0,0,0,0,0,0,0,1,0,0,0,0,0,0,1,0,0
data/external/actions/human_action_recognition/train/012576_sleeping.jpg,Bingsu/Human_Action_Recognition,sleeping,0,0,1,0,0,0,0,0,0,0,0,0,0,0,0,0,1,0,0,0
data/external/actions/human_action_recognition/train/012577_eating.jpg,Bingsu/Human_Action_Recognition,eating,0,0,0,0,0,0,0,0,0,0,0,0,0,1,0,0,0,0,0,0
data/external/actions/human_action_recognition/train/012578_eating.jpg,Bingsu/Human_Action_Recognition,eating,0,0,0,0,0,0,0,0,0,0,0,0,0,1,0,0,0,0,0,0
data/external/actions/human_action_recognition/train/012579_clapping.jpg,Bingsu/Human_Action_Recognition,clapping,0,0,0,0,1,0,0,0,0,0,0,0,0,0,0,0,0,1,0,0
data/external/actions/human_action_recognition/train/012580_using_laptop.jpg,Bingsu/Human_Action_Recognition,using_laptop,0,1,0,0,0,0,0,0,0,0,0,0,1,0,0,0,1,0,0,0
data/external/actions/human_action_recognition/train/012581_sitting.jpg,Bingsu/Human_Action_Recognition,sitting,0,1,0,0,0,0,0,0,0,0,0,0,0,0,0,0,1,0,0,0
data/external/actions/human_action_recognition/train/012582_dancing.jpg,Bingsu/Human_Action_Recognition,dancing,0,0,0,0,0,0,0,0,0,0,1,0,0,0,0,0,0,1,0,0
data/external/actions/human_action_recognition/train/012583_running.jpg,Bingsu/Human_Action_Recognition,running,0,0,0,0,0,0,1,0,0,0,0,0,0,0,0,0,0,1,1,0
data/external/actions/human_action_recognition/train/012584_drinking.jpg,Bingsu/Human_Action_Recognition,drinking,0,0,0,0,0,0,0,0,0,0,0,0,0,0,1,0,0,0,0,0
data/external/actions/human_action_recognition/train/012585_cycling.jpg,Bingsu/Human_Action_Recognition,cycling,0,0,0,0,0,0,0,0,1,0,0,0,0,0,0,0,0,1,0,0
data/external/actions/human_action_recognition/train/012586_hugging.jpg,Bingsu/Human_Action_Recognition,hugging,1,0,0,0,0,0,0,0,0,0,0,0,0,0,0,0,1,0,0,0
data/external/actions/human_action_recognition/train/012587_hugging.jpg,Bingsu/Human_Action_Recognition,hugging,1,0,0,0,0,0,0,0,0,0,0,0,0,0,0,0,1,0,0,0
data/external/actions/human_action_recognition/train/012588_cycling.jpg,Bingsu/Human_Action_Recognition,cycling,0,0,0,0,0,0,0,0,1,0,0,0,0,0,0,0,0,1,0,0
data/external/actions/human_action_recognition/train/012589_listening_to_music.jpg,Bingsu/Human_Action_Recognition,listening_to_music,0,1,0,0,0,0,0,0,0,0,0,0,0,0,0,0,1,0,0,0
data/external/actions/human_action_recognition/train/012590_drinking.jpg,Bingsu/Human_Action_Recognition,drinking,0,0,0,0,0,0,0,0,0,0,0,0,0,0,1,0,0,0,0,0
data/external/actions/human_action_recognition/train/012591_using_laptop.jpg,Bingsu/Human_Action_Recognition,using_laptop,0,1,0,0,0,0,0,0,0,0,0,0,1,0,0,0,1,0,0,0
data/external/actions/human_action_recognition/train/012592_clapping.jpg,Bingsu/Human_Action_Recognition,clapping,0,0,0,0,1,0,0,0,0,0,0,0,0,0,0,0,0,1,0,0
data/external/actions/human_action_recognition/train/012593_sleeping.jpg,Bingsu/Human_Action_Recognition,sleeping,0,0,1,0,0,0,0,0,0,0,0,0,0,0,0,0,1,0,0,0
data/external/actions/human_action_recognition/train/012594_fighting.jpg,Bingsu/Human_Action_Recognition,fighting,0,0,0,0,0,0,0,0,0,0,0,0,0,0,0,0,0,1,1,0
data/external/actions/human_action_recognition/train/012595_sitting.jpg,Bingsu/Human_Action_Recognition,sitting,0,1,0,0,0,0,0,0,0,0,0,0,0,0,0,0,1,0,0,0
data/external/actions/human_action_recognition/train/012596_clapping.jpg,Bingsu/Human_Action_Recognition,clapping,0,0,0,0,1,0,0,0,0,0,0,0,0,0,0,0,0,1,0,0
data/external/actions/human_action_recognition/train/012597_sitting.jpg,Bingsu/Human_Action_Recognition,sitting,0,1,0,0,0,0,0,0,0,0,0,0,0,0,0,0,1,0,0,0
data/external/actions/human_action_recognition/train/012598_dancing.jpg,Bingsu/Human_Action_Recognition,dancing,0,0,0,0,0,0,0,0,0,0,1,0,0,0,0,0,0,1,0,0
data/external/actions/human_action_recognition/train/012599_listening_to_music.jpg,Bingsu/Human_Action_Recognition,listening_to_music,0,1,0,0,0,0,0,0,0,0,0,0,0,0,0,0,1,0,0,0
data/external/actions/human_action_recognition/test/000000_calling.jpg,Bingsu/Human_Action_Recognition,calling,1,0,0,0,0,0,0,0,0,0,0,0,0,0,0,0,1,0,0,0
data/external/actions/human_action_recognition/test/000001_calling.jpg,Bingsu/Human_Action_Recognition,calling,1,0,0,0,0,0,0,0,0,0,0,0,0,0,0,0,1,0,0,0
data/external/actions/human_action_recognition/test/000002_calling.jpg,Bingsu/Human_Action_Recognition,calling,1,0,0,0,0,0,0,0,0,0,0,0,0,0,0,0,1,0,0,0
data/external/actions/human_action_recognition/test/000003_calling.jpg,Bingsu/Human_Action_Recognition,calling,1,0,0,0,0,0,0,0,0,0,0,0,0,0,0,0,1,0,0,0
data/external/actions/human_action_recognition/test/000004_calling.jpg,Bingsu/Human_Action_Recognition,calling,1,0,0,0,0,0,0,0,0,0,0,0,0,0,0,0,1,0,0,0
data/external/actions/human_action_recognition/test/000005_calling.jpg,Bingsu/Human_Action_Recognition,calling,1,0,0,0,0,0,0,0,0,0,0,0,0,0,0,0,1,0,0,0
data/external/actions/human_action_recognition/test/000006_calling.jpg,Bingsu/Human_Action_Recognition,calling,1,0,0,0,0,0,0,0,0,0,0,0,0,0,0,0,1,0,0,0
data/external/actions/human_action_recognition/test/000007_calling.jpg,Bingsu/Human_Action_Recognition,calling,1,0,0,0,0,0,0,0,0,0,0,0,0,0,0,0,1,0,0,0
data/external/actions/human_action_recognition/test/000008_calling.jpg,Bingsu/Human_Action_Recognition,calling,1,0,0,0,0,0,0,0,0,0,0,0,0,0,0,0,1,0,0,0
data/external/actions/human_action_recognition/test/000009_calling.jpg,Bingsu/Human_Action_Recognition,calling,1,0,0,0,0,0,0,0,0,0,0,0,0,0,0,0,1,0,0,0
data/external/actions/human_action_recognition/test/000010_calling.jpg,Bingsu/Human_Action_Recognition,calling,1,0,0,0,0,0,0,0,0,0,0,0,0,0,0,0,1,0,0,0
data/external/actions/human_action_recognition/test/000011_calling.jpg,Bingsu/Human_Action_Recognition,calling,1,0,0,0,0,0,0,0,0,0,0,0,0,0,0,0,1,0,0,0
data/external/actions/human_action_recognition/test/000012_calling.jpg,Bingsu/Human_Action_Recognition,calling,1,0,0,0,0,0,0,0,0,0,0,0,0,0,0,0,1,0,0,0
data/external/actions/human_action_recognition/test/000013_calling.jpg,Bingsu/Human_Action_Recognition,calling,1,0,0,0,0,0,0,0,0,0,0,0,0,0,0,0,1,0,0,0
data/external/actions/human_action_recognition/test/000014_calling.jpg,Bingsu/Human_Action_Recognition,calling,1,0,0,0,0,0,0,0,0,0,0,0,0,0,0,0,1,0,0,0
data/external/actions/human_action_recognition/test/000015_calling.jpg,Bingsu/Human_Action_Recognition,calling,1,0,0,0,0,0,0,0,0,0,0,0,0,0,0,0,1,0,0,0
data/external/actions/human_action_recognition/test/000016_calling.jpg,Bingsu/Human_Action_Recognition,calling,1,0,0,0,0,0,0,0,0,0,0,0,0,0,0,0,1,0,0,0
data/external/actions/human_action_recognition/test/000017_calling.jpg,Bingsu/Human_Action_Recognition,calling,1,0,0,0,0,0,0,0,0,0,0,0,0,0,0,0,1,0,0,0
data/external/actions/human_action_recognition/test/000018_calling.jpg,Bingsu/Human_Action_Recognition,calling,1,0,0,0,0,0,0,0,0,0,0,0,0,0,0,0,1,0,0,0
data/external/actions/human_action_recognition/test/000019_calling.jpg,Bingsu/Human_Action_Recognition,calling,1,0,0,0,0,0,0,0,0,0,0,0,0,0,0,0,1,0,0,0
data/external/actions/human_action_recognition/test/000020_calling.jpg,Bingsu/Human_Action_Recognition,calling,1,0,0,0,0,0,0,0,0,0,0,0,0,0,0,0,1,0,0,0
data/external/actions/human_action_recognition/test/000021_calling.jpg,Bingsu/Human_Action_Recognition,calling,1,0,0,0,0,0,0,0,0,0,0,0,0,0,0,0,1,0,0,0
data/external/actions/human_action_recognition/test/000022_calling.jpg,Bingsu/Human_Action_Recognition,calling,1,0,0,0,0,0,0,0,0,0,0,0,0,0,0,0,1,0,0,0
data/external/actions/human_action_recognition/test/000023_calling.jpg,Bingsu/Human_Action_Recognition,calling,1,0,0,0,0,0,0,0,0,0,0,0,0,0,0,0,1,0,0,0
data/external/actions/human_action_recognition/test/000024_calling.jpg,Bingsu/Human_Action_Recognition,calling,1,0,0,0,0,0,0,0,0,0,0,0,0,0,0,0,1,0,0,0
data/external/actions/human_action_recognition/test/000025_calling.jpg,Bingsu/Human_Action_Recognition,calling,1,0,0,0,0,0,0,0,0,0,0,0,0,0,0,0,1,0,0,0
data/external/actions/human_action_recognition/test/000026_calling.jpg,Bingsu/Human_Action_Recognition,calling,1,0,0,0,0,0,0,0,0,0,0,0,0,0,0,0,1,0,0,0
data/external/actions/human_action_recognition/test/000027_calling.jpg,Bingsu/Human_Action_Recognition,calling,1,0,0,0,0,0,0,0,0,0,0,0,0,0,0,0,1,0,0,0
data/external/actions/human_action_recognition/test/000028_calling.jpg,Bingsu/Human_Action_Recognition,calling,1,0,0,0,0,0,0,0,0,0,0,0,0,0,0,0,1,0,0,0
data/external/actions/human_action_recognition/test/000029_calling.jpg,Bingsu/Human_Action_Recognition,calling,1,0,0,0,0,0,0,0,0,0,0,0,0,0,0,0,1,0,0,0
data/external/actions/human_action_recognition/test/000030_calling.jpg,Bingsu/Human_Action_Recognition,calling,1,0,0,0,0,0,0,0,0,0,0,0,0,0,0,0,1,0,0,0
data/external/actions/human_action_recognition/test/000031_calling.jpg,Bingsu/Human_Action_Recognition,calling,1,0,0,0,0,0,0,0,0,0,0,0,0,0,0,0,1,0,0,0
data/external/actions/human_action_recognition/test/000032_calling.jpg,Bingsu/Human_Action_Recognition,calling,1,0,0,0,0,0,0,0,0,0,0,0,0,0,0,0,1,0,0,0
data/external/actions/human_action_recognition/test/000033_calling.jpg,Bingsu/Human_Action_Recognition,calling,1,0,0,0,0,0,0,0,0,0,0,0,0,0,0,0,1,0,0,0
data/external/actions/human_action_recognition/test/000034_calling.jpg,Bingsu/Human_Action_Recognition,calling,1,0,0,0,0,0,0,0,0,0,0,0,0,0,0,0,1,0,0,0
data/external/actions/human_action_recognition/test/000035_calling.jpg,Bingsu/Human_Action_Recognition,calling,1,0,0,0,0,0,0,0,0,0,0,0,0,0,0,0,1,0,0,0
data/external/actions/human_action_recognition/test/000036_calling.jpg,Bingsu/Human_Action_Recognition,calling,1,0,0,0,0,0,0,0,0,0,0,0,0,0,0,0,1,0,0,0
data/external/actions/human_action_recognition/test/000037_calling.jpg,Bingsu/Human_Action_Recognition,calling,1,0,0,0,0,0,0,0,0,0,0,0,0,0,0,0,1,0,0,0
data/external/actions/human_action_recognition/test/000038_calling.jpg,Bingsu/Human_Action_Recognition,calling,1,0,0,0,0,0,0,0,0,0,0,0,0,0,0,0,1,0,0,0
data/external/actions/human_action_recognition/test/000039_calling.jpg,Bingsu/Human_Action_Recognition,calling,1,0,0,0,0,0,0,0,0,0,0,0,0,0,0,0,1,0,0,0
data/external/actions/human_action_recognition/test/000040_calling.jpg,Bingsu/Human_Action_Recognition,calling,1,0,0,0,0,0,0,0,0,0,0,0,0,0,0,0,1,0,0,0
data/external/actions/human_action_recognition/test/000041_calling.jpg,Bingsu/Human_Action_Recognition,calling,1,0,0,0,0,0,0,0,0,0,0,0,0,0,0,0,1,0,0,0
data/external/actions/human_action_recognition/test/000042_calling.jpg,Bingsu/Human_Action_Recognition,calling,1,0,0,0,0,0,0,0,0,0,0,0,0,0,0,0,1,0,0,0
data/external/actions/human_action_recognition/test/000043_calling.jpg,Bingsu/Human_Action_Recognition,calling,1,0,0,0,0,0,0,0,0,0,0,0,0,0,0,0,1,0,0,0
data/external/actions/human_action_recognition/test/000044_calling.jpg,Bingsu/Human_Action_Recognition,calling,1,0,0,0,0,0,0,0,0,0,0,0,0,0,0,0,1,0,0,0
data/external/actions/human_action_recognition/test/000045_calling.jpg,Bingsu/Human_Action_Recognition,calling,1,0,0,0,0,0,0,0,0,0,0,0,0,0,0,0,1,0,0,0
data/external/actions/human_action_recognition/test/000046_calling.jpg,Bingsu/Human_Action_Recognition,calling,1,0,0,0,0,0,0,0,0,0,0,0,0,0,0,0,1,0,0,0
data/external/actions/human_action_recognition/test/000047_calling.jpg,Bingsu/Human_Action_Recognition,calling,1,0,0,0,0,0,0,0,0,0,0,0,0,0,0,0,1,0,0,0
data/external/actions/human_action_recognition/test/000048_calling.jpg,Bingsu/Human_Action_Recognition,calling,1,0,0,0,0,0,0,0,0,0,0,0,0,0,0,0,1,0,0,0
data/external/actions/human_action_recognition/test/000049_calling.jpg,Bingsu/Human_Action_Recognition,calling,1,0,0,0,0,0,0,0,0,0,0,0,0,0,0,0,1,0,0,0
data/external/actions/human_action_recognition/test/000050_calling.jpg,Bingsu/Human_Action_Recognition,calling,1,0,0,0,0,0,0,0,0,0,0,0,0,0,0,0,1,0,0,0
data/external/actions/human_action_recognition/test/000051_calling.jpg,Bingsu/Human_Action_Recognition,calling,1,0,0,0,0,0,0,0,0,0,0,0,0,0,0,0,1,0,0,0
data/external/actions/human_action_recognition/test/000052_calling.jpg,Bingsu/Human_Action_Recognition,calling,1,0,0,0,0,0,0,0,0,0,0,0,0,0,0,0,1,0,0,0
data/external/actions/human_action_recognition/test/000053_calling.jpg,Bingsu/Human_Action_Recognition,calling,1,0,0,0,0,0,0,0,0,0,0,0,0,0,0,0,1,0,0,0
data/external/actions/human_action_recognition/test/000054_calling.jpg,Bingsu/Human_Action_Recognition,calling,1,0,0,0,0,0,0,0,0,0,0,0,0,0,0,0,1,0,0,0
data/external/actions/human_action_recognition/test/000055_calling.jpg,Bingsu/Human_Action_Recognition,calling,1,0,0,0,0,0,0,0,0,0,0,0,0,0,0,0,1,0,0,0
data/external/actions/human_action_recognition/test/000056_calling.jpg,Bingsu/Human_Action_Recognition,calling,1,0,0,0,0,0,0,0,0,0,0,0,0,0,0,0,1,0,0,0
data/external/actions/human_action_recognition/test/000057_calling.jpg,Bingsu/Human_Action_Recognition,calling,1,0,0,0,0,0,0,0,0,0,0,0,0,0,0,0,1,0,0,0
data/external/actions/human_action_recognition/test/000058_calling.jpg,Bingsu/Human_Action_Recognition,calling,1,0,0,0,0,0,0,0,0,0,0,0,0,0,0,0,1,0,0,0
data/external/actions/human_action_recognition/test/000059_calling.jpg,Bingsu/Human_Action_Recognition,calling,1,0,0,0,0,0,0,0,0,0,0,0,0,0,0,0,1,0,0,0
data/external/actions/human_action_recognition/test/000060_calling.jpg,Bingsu/Human_Action_Recognition,calling,1,0,0,0,0,0,0,0,0,0,0,0,0,0,0,0,1,0,0,0
data/external/actions/human_action_recognition/test/000061_calling.jpg,Bingsu/Human_Action_Recognition,calling,1,0,0,0,0,0,0,0,0,0,0,0,0,0,0,0,1,0,0,0
data/external/actions/human_action_recognition/test/000062_calling.jpg,Bingsu/Human_Action_Recognition,calling,1,0,0,0,0,0,0,0,0,0,0,0,0,0,0,0,1,0,0,0
data/external/actions/human_action_recognition/test/000063_calling.jpg,Bingsu/Human_Action_Recognition,calling,1,0,0,0,0,0,0,0,0,0,0,0,0,0,0,0,1,0,0,0
data/external/actions/human_action_recognition/test/000064_calling.jpg,Bingsu/Human_Action_Recognition,calling,1,0,0,0,0,0,0,0,0,0,0,0,0,0,0,0,1,0,0,0
data/external/actions/human_action_recognition/test/000065_calling.jpg,Bingsu/Human_Action_Recognition,calling,1,0,0,0,0,0,0,0,0,0,0,0,0,0,0,0,1,0,0,0
data/external/actions/human_action_recognition/test/000066_calling.jpg,Bingsu/Human_Action_Recognition,calling,1,0,0,0,0,0,0,0,0,0,0,0,0,0,0,0,1,0,0,0
data/external/actions/human_action_recognition/test/000067_calling.jpg,Bingsu/Human_Action_Recognition,calling,1,0,0,0,0,0,0,0,0,0,0,0,0,0,0,0,1,0,0,0
data/external/actions/human_action_recognition/test/000068_calling.jpg,Bingsu/Human_Action_Recognition,calling,1,0,0,0,0,0,0,0,0,0,0,0,0,0,0,0,1,0,0,0
data/external/actions/human_action_recognition/test/000069_calling.jpg,Bingsu/Human_Action_Recognition,calling,1,0,0,0,0,0,0,0,0,0,0,0,0,0,0,0,1,0,0,0
data/external/actions/human_action_recognition/test/000070_calling.jpg,Bingsu/Human_Action_Recognition,calling,1,0,0,0,0,0,0,0,0,0,0,0,0,0,0,0,1,0,0,0
data/external/actions/human_action_recognition/test/000071_calling.jpg,Bingsu/Human_Action_Recognition,calling,1,0,0,0,0,0,0,0,0,0,0,0,0,0,0,0,1,0,0,0
data/external/actions/human_action_recognition/test/000072_calling.jpg,Bingsu/Human_Action_Recognition,calling,1,0,0,0,0,0,0,0,0,0,0,0,0,0,0,0,1,0,0,0
data/external/actions/human_action_recognition/test/000073_calling.jpg,Bingsu/Human_Action_Recognition,calling,1,0,0,0,0,0,0,0,0,0,0,0,0,0,0,0,1,0,0,0
data/external/actions/human_action_recognition/test/000074_calling.jpg,Bingsu/Human_Action_Recognition,calling,1,0,0,0,0,0,0,0,0,0,0,0,0,0,0,0,1,0,0,0
data/external/actions/human_action_recognition/test/000075_calling.jpg,Bingsu/Human_Action_Recognition,calling,1,0,0,0,0,0,0,0,0,0,0,0,0,0,0,0,1,0,0,0
data/external/actions/human_action_recognition/test/000076_calling.jpg,Bingsu/Human_Action_Recognition,calling,1,0,0,0,0,0,0,0,0,0,0,0,0,0,0,0,1,0,0,0
data/external/actions/human_action_recognition/test/000077_calling.jpg,Bingsu/Human_Action_Recognition,calling,1,0,0,0,0,0,0,0,0,0,0,0,0,0,0,0,1,0,0,0
data/external/actions/human_action_recognition/test/000078_calling.jpg,Bingsu/Human_Action_Recognition,calling,1,0,0,0,0,0,0,0,0,0,0,0,0,0,0,0,1,0,0,0
data/external/actions/human_action_recognition/test/000079_calling.jpg,Bingsu/Human_Action_Recognition,calling,1,0,0,0,0,0,0,0,0,0,0,0,0,0,0,0,1,0,0,0
data/external/actions/human_action_recognition/test/000080_calling.jpg,Bingsu/Human_Action_Recognition,calling,1,0,0,0,0,0,0,0,0,0,0,0,0,0,0,0,1,0,0,0
data/external/actions/human_action_recognition/test/000081_calling.jpg,Bingsu/Human_Action_Recognition,calling,1,0,0,0,0,0,0,0,0,0,0,0,0,0,0,0,1,0,0,0
data/external/actions/human_action_recognition/test/000082_calling.jpg,Bingsu/Human_Action_Recognition,calling,1,0,0,0,0,0,0,0,0,0,0,0,0,0,0,0,1,0,0,0
data/external/actions/human_action_recognition/test/000083_calling.jpg,Bingsu/Human_Action_Recognition,calling,1,0,0,0,0,0,0,0,0,0,0,0,0,0,0,0,1,0,0,0
data/external/actions/human_action_recognition/test/000084_calling.jpg,Bingsu/Human_Action_Recognition,calling,1,0,0,0,0,0,0,0,0,0,0,0,0,0,0,0,1,0,0,0
data/external/actions/human_action_recognition/test/000085_calling.jpg,Bingsu/Human_Action_Recognition,calling,1,0,0,0,0,0,0,0,0,0,0,0,0,0,0,0,1,0,0,0
data/external/actions/human_action_recognition/test/000086_calling.jpg,Bingsu/Human_Action_Recognition,calling,1,0,0,0,0,0,0,0,0,0,0,0,0,0,0,0,1,0,0,0
data/external/actions/human_action_recognition/test/000087_calling.jpg,Bingsu/Human_Action_Recognition,calling,1,0,0,0,0,0,0,0,0,0,0,0,0,0,0,0,1,0,0,0
data/external/actions/human_action_recognition/test/000088_calling.jpg,Bingsu/Human_Action_Recognition,calling,1,0,0,0,0,0,0,0,0,0,0,0,0,0,0,0,1,0,0,0
data/external/actions/human_action_recognition/test/000089_calling.jpg,Bingsu/Human_Action_Recognition,calling,1,0,0,0,0,0,0,0,0,0,0,0,0,0,0,0,1,0,0,0
data/external/actions/human_action_recognition/test/000090_calling.jpg,Bingsu/Human_Action_Recognition,calling,1,0,0,0,0,0,0,0,0,0,0,0,0,0,0,0,1,0,0,0
data/external/actions/human_action_recognition/test/000091_calling.jpg,Bingsu/Human_Action_Recognition,calling,1,0,0,0,0,0,0,0,0,0,0,0,0,0,0,0,1,0,0,0
data/external/actions/human_action_recognition/test/000092_calling.jpg,Bingsu/Human_Action_Recognition,calling,1,0,0,0,0,0,0,0,0,0,0,0,0,0,0,0,1,0,0,0
data/external/actions/human_action_recognition/test/000093_calling.jpg,Bingsu/Human_Action_Recognition,calling,1,0,0,0,0,0,0,0,0,0,0,0,0,0,0,0,1,0,0,0
data/external/actions/human_action_recognition/test/000094_calling.jpg,Bingsu/Human_Action_Recognition,calling,1,0,0,0,0,0,0,0,0,0,0,0,0,0,0,0,1,0,0,0
data/external/actions/human_action_recognition/test/000095_calling.jpg,Bingsu/Human_Action_Recognition,calling,1,0,0,0,0,0,0,0,0,0,0,0,0,0,0,0,1,0,0,0
data/external/actions/human_action_recognition/test/000096_calling.jpg,Bingsu/Human_Action_Recognition,calling,1,0,0,0,0,0,0,0,0,0,0,0,0,0,0,0,1,0,0,0
data/external/actions/human_action_recognition/test/000097_calling.jpg,Bingsu/Human_Action_Recognition,calling,1,0,0,0,0,0,0,0,0,0,0,0,0,0,0,0,1,0,0,0
data/external/actions/human_action_recognition/test/000098_calling.jpg,Bingsu/Human_Action_Recognition,calling,1,0,0,0,0,0,0,0,0,0,0,0,0,0,0,0,1,0,0,0
data/external/actions/human_action_recognition/test/000099_calling.jpg,Bingsu/Human_Action_Recognition,calling,1,0,0,0,0,0,0,0,0,0,0,0,0,0,0,0,1,0,0,0
data/external/actions/human_action_recognition/test/000100_calling.jpg,Bingsu/Human_Action_Recognition,calling,1,0,0,0,0,0,0,0,0,0,0,0,0,0,0,0,1,0,0,0
data/external/actions/human_action_recognition/test/000101_calling.jpg,Bingsu/Human_Action_Recognition,calling,1,0,0,0,0,0,0,0,0,0,0,0,0,0,0,0,1,0,0,0
data/external/actions/human_action_recognition/test/000102_calling.jpg,Bingsu/Human_Action_Recognition,calling,1,0,0,0,0,0,0,0,0,0,0,0,0,0,0,0,1,0,0,0
data/external/actions/human_action_recognition/test/000103_calling.jpg,Bingsu/Human_Action_Recognition,calling,1,0,0,0,0,0,0,0,0,0,0,0,0,0,0,0,1,0,0,0
data/external/actions/human_action_recognition/test/000104_calling.jpg,Bingsu/Human_Action_Recognition,calling,1,0,0,0,0,0,0,0,0,0,0,0,0,0,0,0,1,0,0,0
data/external/actions/human_action_recognition/test/000105_calling.jpg,Bingsu/Human_Action_Recognition,calling,1,0,0,0,0,0,0,0,0,0,0,0,0,0,0,0,1,0,0,0
data/external/actions/human_action_recognition/test/000106_calling.jpg,Bingsu/Human_Action_Recognition,calling,1,0,0,0,0,0,0,0,0,0,0,0,0,0,0,0,1,0,0,0
data/external/actions/human_action_recognition/test/000107_calling.jpg,Bingsu/Human_Action_Recognition,calling,1,0,0,0,0,0,0,0,0,0,0,0,0,0,0,0,1,0,0,0
data/external/actions/human_action_recognition/test/000108_calling.jpg,Bingsu/Human_Action_Recognition,calling,1,0,0,0,0,0,0,0,0,0,0,0,0,0,0,0,1,0,0,0
data/external/actions/human_action_recognition/test/000109_calling.jpg,Bingsu/Human_Action_Recognition,calling,1,0,0,0,0,0,0,0,0,0,0,0,0,0,0,0,1,0,0,0
data/external/actions/human_action_recognition/test/000110_calling.jpg,Bingsu/Human_Action_Recognition,calling,1,0,0,0,0,0,0,0,0,0,0,0,0,0,0,0,1,0,0,0
data/external/actions/human_action_recognition/test/000111_calling.jpg,Bingsu/Human_Action_Recognition,calling,1,0,0,0,0,0,0,0,0,0,0,0,0,0,0,0,1,0,0,0
data/external/actions/human_action_recognition/test/000112_calling.jpg,Bingsu/Human_Action_Recognition,calling,1,0,0,0,0,0,0,0,0,0,0,0,0,0,0,0,1,0,0,0
data/external/actions/human_action_recognition/test/000113_calling.jpg,Bingsu/Human_Action_Recognition,calling,1,0,0,0,0,0,0,0,0,0,0,0,0,0,0,0,1,0,0,0
data/external/actions/human_action_recognition/test/000114_calling.jpg,Bingsu/Human_Action_Recognition,calling,1,0,0,0,0,0,0,0,0,0,0,0,0,0,0,0,1,0,0,0
data/external/actions/human_action_recognition/test/000115_calling.jpg,Bingsu/Human_Action_Recognition,calling,1,0,0,0,0,0,0,0,0,0,0,0,0,0,0,0,1,0,0,0
data/external/actions/human_action_recognition/test/000116_calling.jpg,Bingsu/Human_Action_Recognition,calling,1,0,0,0,0,0,0,0,0,0,0,0,0,0,0,0,1,0,0,0
data/external/actions/human_action_recognition/test/000117_calling.jpg,Bingsu/Human_Action_Recognition,calling,1,0,0,0,0,0,0,0,0,0,0,0,0,0,0,0,1,0,0,0
data/external/actions/human_action_recognition/test/000118_calling.jpg,Bingsu/Human_Action_Recognition,calling,1,0,0,0,0,0,0,0,0,0,0,0,0,0,0,0,1,0,0,0
data/external/actions/human_action_recognition/test/000119_calling.jpg,Bingsu/Human_Action_Recognition,calling,1,0,0,0,0,0,0,0,0,0,0,0,0,0,0,0,1,0,0,0
data/external/actions/human_action_recognition/test/000120_calling.jpg,Bingsu/Human_Action_Recognition,calling,1,0,0,0,0,0,0,0,0,0,0,0,0,0,0,0,1,0,0,0
data/external/actions/human_action_recognition/test/000121_calling.jpg,Bingsu/Human_Action_Recognition,calling,1,0,0,0,0,0,0,0,0,0,0,0,0,0,0,0,1,0,0,0
data/external/actions/human_action_recognition/test/000122_calling.jpg,Bingsu/Human_Action_Recognition,calling,1,0,0,0,0,0,0,0,0,0,0,0,0,0,0,0,1,0,0,0
data/external/actions/human_action_recognition/test/000123_calling.jpg,Bingsu/Human_Action_Recognition,calling,1,0,0,0,0,0,0,0,0,0,0,0,0,0,0,0,1,0,0,0
data/external/actions/human_action_recognition/test/000124_calling.jpg,Bingsu/Human_Action_Recognition,calling,1,0,0,0,0,0,0,0,0,0,0,0,0,0,0,0,1,0,0,0
data/external/actions/human_action_recognition/test/000125_calling.jpg,Bingsu/Human_Action_Recognition,calling,1,0,0,0,0,0,0,0,0,0,0,0,0,0,0,0,1,0,0,0
data/external/actions/human_action_recognition/test/000126_calling.jpg,Bingsu/Human_Action_Recognition,calling,1,0,0,0,0,0,0,0,0,0,0,0,0,0,0,0,1,0,0,0
data/external/actions/human_action_recognition/test/000127_calling.jpg,Bingsu/Human_Action_Recognition,calling,1,0,0,0,0,0,0,0,0,0,0,0,0,0,0,0,1,0,0,0
data/external/actions/human_action_recognition/test/000128_calling.jpg,Bingsu/Human_Action_Recognition,calling,1,0,0,0,0,0,0,0,0,0,0,0,0,0,0,0,1,0,0,0
data/external/actions/human_action_recognition/test/000129_calling.jpg,Bingsu/Human_Action_Recognition,calling,1,0,0,0,0,0,0,0,0,0,0,0,0,0,0,0,1,0,0,0
data/external/actions/human_action_recognition/test/000130_calling.jpg,Bingsu/Human_Action_Recognition,calling,1,0,0,0,0,0,0,0,0,0,0,0,0,0,0,0,1,0,0,0
data/external/actions/human_action_recognition/test/000131_calling.jpg,Bingsu/Human_Action_Recognition,calling,1,0,0,0,0,0,0,0,0,0,0,0,0,0,0,0,1,0,0,0
data/external/actions/human_action_recognition/test/000132_calling.jpg,Bingsu/Human_Action_Recognition,calling,1,0,0,0,0,0,0,0,0,0,0,0,0,0,0,0,1,0,0,0
data/external/actions/human_action_recognition/test/000133_calling.jpg,Bingsu/Human_Action_Recognition,calling,1,0,0,0,0,0,0,0,0,0,0,0,0,0,0,0,1,0,0,0
data/external/actions/human_action_recognition/test/000134_calling.jpg,Bingsu/Human_Action_Recognition,calling,1,0,0,0,0,0,0,0,0,0,0,0,0,0,0,0,1,0,0,0
data/external/actions/human_action_recognition/test/000135_calling.jpg,Bingsu/Human_Action_Recognition,calling,1,0,0,0,0,0,0,0,0,0,0,0,0,0,0,0,1,0,0,0
data/external/actions/human_action_recognition/test/000136_calling.jpg,Bingsu/Human_Action_Recognition,calling,1,0,0,0,0,0,0,0,0,0,0,0,0,0,0,0,1,0,0,0
data/external/actions/human_action_recognition/test/000137_calling.jpg,Bingsu/Human_Action_Recognition,calling,1,0,0,0,0,0,0,0,0,0,0,0,0,0,0,0,1,0,0,0
data/external/actions/human_action_recognition/test/000138_calling.jpg,Bingsu/Human_Action_Recognition,calling,1,0,0,0,0,0,0,0,0,0,0,0,0,0,0,0,1,0,0,0
data/external/actions/human_action_recognition/test/000139_calling.jpg,Bingsu/Human_Action_Recognition,calling,1,0,0,0,0,0,0,0,0,0,0,0,0,0,0,0,1,0,0,0
data/external/actions/human_action_recognition/test/000140_calling.jpg,Bingsu/Human_Action_Recognition,calling,1,0,0,0,0,0,0,0,0,0,0,0,0,0,0,0,1,0,0,0
data/external/actions/human_action_recognition/test/000141_calling.jpg,Bingsu/Human_Action_Recognition,calling,1,0,0,0,0,0,0,0,0,0,0,0,0,0,0,0,1,0,0,0
data/external/actions/human_action_recognition/test/000142_calling.jpg,Bingsu/Human_Action_Recognition,calling,1,0,0,0,0,0,0,0,0,0,0,0,0,0,0,0,1,0,0,0
data/external/actions/human_action_recognition/test/000143_calling.jpg,Bingsu/Human_Action_Recognition,calling,1,0,0,0,0,0,0,0,0,0,0,0,0,0,0,0,1,0,0,0
data/external/actions/human_action_recognition/test/000144_calling.jpg,Bingsu/Human_Action_Recognition,calling,1,0,0,0,0,0,0,0,0,0,0,0,0,0,0,0,1,0,0,0
data/external/actions/human_action_recognition/test/000145_calling.jpg,Bingsu/Human_Action_Recognition,calling,1,0,0,0,0,0,0,0,0,0,0,0,0,0,0,0,1,0,0,0
data/external/actions/human_action_recognition/test/000146_calling.jpg,Bingsu/Human_Action_Recognition,calling,1,0,0,0,0,0,0,0,0,0,0,0,0,0,0,0,1,0,0,0
data/external/actions/human_action_recognition/test/000147_calling.jpg,Bingsu/Human_Action_Recognition,calling,1,0,0,0,0,0,0,0,0,0,0,0,0,0,0,0,1,0,0,0
data/external/actions/human_action_recognition/test/000148_calling.jpg,Bingsu/Human_Action_Recognition,calling,1,0,0,0,0,0,0,0,0,0,0,0,0,0,0,0,1,0,0,0
data/external/actions/human_action_recognition/test/000149_calling.jpg,Bingsu/Human_Action_Recognition,calling,1,0,0,0,0,0,0,0,0,0,0,0,0,0,0,0,1,0,0,0
data/external/actions/human_action_recognition/test/000150_calling.jpg,Bingsu/Human_Action_Recognition,calling,1,0,0,0,0,0,0,0,0,0,0,0,0,0,0,0,1,0,0,0
data/external/actions/human_action_recognition/test/000151_calling.jpg,Bingsu/Human_Action_Recognition,calling,1,0,0,0,0,0,0,0,0,0,0,0,0,0,0,0,1,0,0,0
data/external/actions/human_action_recognition/test/000152_calling.jpg,Bingsu/Human_Action_Recognition,calling,1,0,0,0,0,0,0,0,0,0,0,0,0,0,0,0,1,0,0,0
data/external/actions/human_action_recognition/test/000153_calling.jpg,Bingsu/Human_Action_Recognition,calling,1,0,0,0,0,0,0,0,0,0,0,0,0,0,0,0,1,0,0,0
data/external/actions/human_action_recognition/test/000154_calling.jpg,Bingsu/Human_Action_Recognition,calling,1,0,0,0,0,0,0,0,0,0,0,0,0,0,0,0,1,0,0,0
data/external/actions/human_action_recognition/test/000155_calling.jpg,Bingsu/Human_Action_Recognition,calling,1,0,0,0,0,0,0,0,0,0,0,0,0,0,0,0,1,0,0,0
data/external/actions/human_action_recognition/test/000156_calling.jpg,Bingsu/Human_Action_Recognition,calling,1,0,0,0,0,0,0,0,0,0,0,0,0,0,0,0,1,0,0,0
data/external/actions/human_action_recognition/test/000157_calling.jpg,Bingsu/Human_Action_Recognition,calling,1,0,0,0,0,0,0,0,0,0,0,0,0,0,0,0,1,0,0,0
data/external/actions/human_action_recognition/test/000158_calling.jpg,Bingsu/Human_Action_Recognition,calling,1,0,0,0,0,0,0,0,0,0,0,0,0,0,0,0,1,0,0,0
data/external/actions/human_action_recognition/test/000159_calling.jpg,Bingsu/Human_Action_Recognition,calling,1,0,0,0,0,0,0,0,0,0,0,0,0,0,0,0,1,0,0,0
data/external/actions/human_action_recognition/test/000160_calling.jpg,Bingsu/Human_Action_Recognition,calling,1,0,0,0,0,0,0,0,0,0,0,0,0,0,0,0,1,0,0,0
data/external/actions/human_action_recognition/test/000161_calling.jpg,Bingsu/Human_Action_Recognition,calling,1,0,0,0,0,0,0,0,0,0,0,0,0,0,0,0,1,0,0,0
data/external/actions/human_action_recognition/test/000162_calling.jpg,Bingsu/Human_Action_Recognition,calling,1,0,0,0,0,0,0,0,0,0,0,0,0,0,0,0,1,0,0,0
data/external/actions/human_action_recognition/test/000163_calling.jpg,Bingsu/Human_Action_Recognition,calling,1,0,0,0,0,0,0,0,0,0,0,0,0,0,0,0,1,0,0,0
data/external/actions/human_action_recognition/test/000164_calling.jpg,Bingsu/Human_Action_Recognition,calling,1,0,0,0,0,0,0,0,0,0,0,0,0,0,0,0,1,0,0,0
data/external/actions/human_action_recognition/test/000165_calling.jpg,Bingsu/Human_Action_Recognition,calling,1,0,0,0,0,0,0,0,0,0,0,0,0,0,0,0,1,0,0,0
data/external/actions/human_action_recognition/test/000166_calling.jpg,Bingsu/Human_Action_Recognition,calling,1,0,0,0,0,0,0,0,0,0,0,0,0,0,0,0,1,0,0,0
data/external/actions/human_action_recognition/test/000167_calling.jpg,Bingsu/Human_Action_Recognition,calling,1,0,0,0,0,0,0,0,0,0,0,0,0,0,0,0,1,0,0,0
data/external/actions/human_action_recognition/test/000168_calling.jpg,Bingsu/Human_Action_Recognition,calling,1,0,0,0,0,0,0,0,0,0,0,0,0,0,0,0,1,0,0,0
data/external/actions/human_action_recognition/test/000169_calling.jpg,Bingsu/Human_Action_Recognition,calling,1,0,0,0,0,0,0,0,0,0,0,0,0,0,0,0,1,0,0,0
data/external/actions/human_action_recognition/test/000170_calling.jpg,Bingsu/Human_Action_Recognition,calling,1,0,0,0,0,0,0,0,0,0,0,0,0,0,0,0,1,0,0,0
data/external/actions/human_action_recognition/test/000171_calling.jpg,Bingsu/Human_Action_Recognition,calling,1,0,0,0,0,0,0,0,0,0,0,0,0,0,0,0,1,0,0,0
data/external/actions/human_action_recognition/test/000172_calling.jpg,Bingsu/Human_Action_Recognition,calling,1,0,0,0,0,0,0,0,0,0,0,0,0,0,0,0,1,0,0,0
data/external/actions/human_action_recognition/test/000173_calling.jpg,Bingsu/Human_Action_Recognition,calling,1,0,0,0,0,0,0,0,0,0,0,0,0,0,0,0,1,0,0,0
data/external/actions/human_action_recognition/test/000174_calling.jpg,Bingsu/Human_Action_Recognition,calling,1,0,0,0,0,0,0,0,0,0,0,0,0,0,0,0,1,0,0,0
data/external/actions/human_action_recognition/test/000175_calling.jpg,Bingsu/Human_Action_Recognition,calling,1,0,0,0,0,0,0,0,0,0,0,0,0,0,0,0,1,0,0,0
data/external/actions/human_action_recognition/test/000176_calling.jpg,Bingsu/Human_Action_Recognition,calling,1,0,0,0,0,0,0,0,0,0,0,0,0,0,0,0,1,0,0,0
data/external/actions/human_action_recognition/test/000177_calling.jpg,Bingsu/Human_Action_Recognition,calling,1,0,0,0,0,0,0,0,0,0,0,0,0,0,0,0,1,0,0,0
data/external/actions/human_action_recognition/test/000178_calling.jpg,Bingsu/Human_Action_Recognition,calling,1,0,0,0,0,0,0,0,0,0,0,0,0,0,0,0,1,0,0,0
data/external/actions/human_action_recognition/test/000179_calling.jpg,Bingsu/Human_Action_Recognition,calling,1,0,0,0,0,0,0,0,0,0,0,0,0,0,0,0,1,0,0,0
data/external/actions/human_action_recognition/test/000180_calling.jpg,Bingsu/Human_Action_Recognition,calling,1,0,0,0,0,0,0,0,0,0,0,0,0,0,0,0,1,0,0,0
data/external/actions/human_action_recognition/test/000181_calling.jpg,Bingsu/Human_Action_Recognition,calling,1,0,0,0,0,0,0,0,0,0,0,0,0,0,0,0,1,0,0,0
data/external/actions/human_action_recognition/test/000182_calling.jpg,Bingsu/Human_Action_Recognition,calling,1,0,0,0,0,0,0,0,0,0,0,0,0,0,0,0,1,0,0,0
data/external/actions/human_action_recognition/test/000183_calling.jpg,Bingsu/Human_Action_Recognition,calling,1,0,0,0,0,0,0,0,0,0,0,0,0,0,0,0,1,0,0,0
data/external/actions/human_action_recognition/test/000184_calling.jpg,Bingsu/Human_Action_Recognition,calling,1,0,0,0,0,0,0,0,0,0,0,0,0,0,0,0,1,0,0,0
data/external/actions/human_action_recognition/test/000185_calling.jpg,Bingsu/Human_Action_Recognition,calling,1,0,0,0,0,0,0,0,0,0,0,0,0,0,0,0,1,0,0,0
data/external/actions/human_action_recognition/test/000186_calling.jpg,Bingsu/Human_Action_Recognition,calling,1,0,0,0,0,0,0,0,0,0,0,0,0,0,0,0,1,0,0,0
data/external/actions/human_action_recognition/test/000187_calling.jpg,Bingsu/Human_Action_Recognition,calling,1,0,0,0,0,0,0,0,0,0,0,0,0,0,0,0,1,0,0,0
data/external/actions/human_action_recognition/test/000188_calling.jpg,Bingsu/Human_Action_Recognition,calling,1,0,0,0,0,0,0,0,0,0,0,0,0,0,0,0,1,0,0,0
data/external/actions/human_action_recognition/test/000189_calling.jpg,Bingsu/Human_Action_Recognition,calling,1,0,0,0,0,0,0,0,0,0,0,0,0,0,0,0,1,0,0,0
data/external/actions/human_action_recognition/test/000190_calling.jpg,Bingsu/Human_Action_Recognition,calling,1,0,0,0,0,0,0,0,0,0,0,0,0,0,0,0,1,0,0,0
data/external/actions/human_action_recognition/test/000191_calling.jpg,Bingsu/Human_Action_Recognition,calling,1,0,0,0,0,0,0,0,0,0,0,0,0,0,0,0,1,0,0,0
data/external/actions/human_action_recognition/test/000192_calling.jpg,Bingsu/Human_Action_Recognition,calling,1,0,0,0,0,0,0,0,0,0,0,0,0,0,0,0,1,0,0,0
data/external/actions/human_action_recognition/test/000193_calling.jpg,Bingsu/Human_Action_Recognition,calling,1,0,0,0,0,0,0,0,0,0,0,0,0,0,0,0,1,0,0,0
data/external/actions/human_action_recognition/test/000194_calling.jpg,Bingsu/Human_Action_Recognition,calling,1,0,0,0,0,0,0,0,0,0,0,0,0,0,0,0,1,0,0,0
data/external/actions/human_action_recognition/test/000195_calling.jpg,Bingsu/Human_Action_Recognition,calling,1,0,0,0,0,0,0,0,0,0,0,0,0,0,0,0,1,0,0,0
data/external/actions/human_action_recognition/test/000196_calling.jpg,Bingsu/Human_Action_Recognition,calling,1,0,0,0,0,0,0,0,0,0,0,0,0,0,0,0,1,0,0,0
data/external/actions/human_action_recognition/test/000197_calling.jpg,Bingsu/Human_Action_Recognition,calling,1,0,0,0,0,0,0,0,0,0,0,0,0,0,0,0,1,0,0,0
data/external/actions/human_action_recognition/test/000198_calling.jpg,Bingsu/Human_Action_Recognition,calling,1,0,0,0,0,0,0,0,0,0,0,0,0,0,0,0,1,0,0,0
data/external/actions/human_action_recognition/test/000199_calling.jpg,Bingsu/Human_Action_Recognition,calling,1,0,0,0,0,0,0,0,0,0,0,0,0,0,0,0,1,0,0,0
data/external/actions/human_action_recognition/test/000200_calling.jpg,Bingsu/Human_Action_Recognition,calling,1,0,0,0,0,0,0,0,0,0,0,0,0,0,0,0,1,0,0,0
data/external/actions/human_action_recognition/test/000201_calling.jpg,Bingsu/Human_Action_Recognition,calling,1,0,0,0,0,0,0,0,0,0,0,0,0,0,0,0,1,0,0,0
data/external/actions/human_action_recognition/test/000202_calling.jpg,Bingsu/Human_Action_Recognition,calling,1,0,0,0,0,0,0,0,0,0,0,0,0,0,0,0,1,0,0,0
data/external/actions/human_action_recognition/test/000203_calling.jpg,Bingsu/Human_Action_Recognition,calling,1,0,0,0,0,0,0,0,0,0,0,0,0,0,0,0,1,0,0,0
data/external/actions/human_action_recognition/test/000204_calling.jpg,Bingsu/Human_Action_Recognition,calling,1,0,0,0,0,0,0,0,0,0,0,0,0,0,0,0,1,0,0,0
data/external/actions/human_action_recognition/test/000205_calling.jpg,Bingsu/Human_Action_Recognition,calling,1,0,0,0,0,0,0,0,0,0,0,0,0,0,0,0,1,0,0,0
data/external/actions/human_action_recognition/test/000206_calling.jpg,Bingsu/Human_Action_Recognition,calling,1,0,0,0,0,0,0,0,0,0,0,0,0,0,0,0,1,0,0,0
data/external/actions/human_action_recognition/test/000207_calling.jpg,Bingsu/Human_Action_Recognition,calling,1,0,0,0,0,0,0,0,0,0,0,0,0,0,0,0,1,0,0,0
data/external/actions/human_action_recognition/test/000208_calling.jpg,Bingsu/Human_Action_Recognition,calling,1,0,0,0,0,0,0,0,0,0,0,0,0,0,0,0,1,0,0,0
data/external/actions/human_action_recognition/test/000209_calling.jpg,Bingsu/Human_Action_Recognition,calling,1,0,0,0,0,0,0,0,0,0,0,0,0,0,0,0,1,0,0,0
data/external/actions/human_action_recognition/test/000210_calling.jpg,Bingsu/Human_Action_Recognition,calling,1,0,0,0,0,0,0,0,0,0,0,0,0,0,0,0,1,0,0,0
data/external/actions/human_action_recognition/test/000211_calling.jpg,Bingsu/Human_Action_Recognition,calling,1,0,0,0,0,0,0,0,0,0,0,0,0,0,0,0,1,0,0,0
data/external/actions/human_action_recognition/test/000212_calling.jpg,Bingsu/Human_Action_Recognition,calling,1,0,0,0,0,0,0,0,0,0,0,0,0,0,0,0,1,0,0,0
data/external/actions/human_action_recognition/test/000213_calling.jpg,Bingsu/Human_Action_Recognition,calling,1,0,0,0,0,0,0,0,0,0,0,0,0,0,0,0,1,0,0,0
data/external/actions/human_action_recognition/test/000214_calling.jpg,Bingsu/Human_Action_Recognition,calling,1,0,0,0,0,0,0,0,0,0,0,0,0,0,0,0,1,0,0,0
data/external/actions/human_action_recognition/test/000215_calling.jpg,Bingsu/Human_Action_Recognition,calling,1,0,0,0,0,0,0,0,0,0,0,0,0,0,0,0,1,0,0,0
data/external/actions/human_action_recognition/test/000216_calling.jpg,Bingsu/Human_Action_Recognition,calling,1,0,0,0,0,0,0,0,0,0,0,0,0,0,0,0,1,0,0,0
data/external/actions/human_action_recognition/test/000217_calling.jpg,Bingsu/Human_Action_Recognition,calling,1,0,0,0,0,0,0,0,0,0,0,0,0,0,0,0,1,0,0,0
data/external/actions/human_action_recognition/test/000218_calling.jpg,Bingsu/Human_Action_Recognition,calling,1,0,0,0,0,0,0,0,0,0,0,0,0,0,0,0,1,0,0,0
data/external/actions/human_action_recognition/test/000219_calling.jpg,Bingsu/Human_Action_Recognition,calling,1,0,0,0,0,0,0,0,0,0,0,0,0,0,0,0,1,0,0,0
data/external/actions/human_action_recognition/test/000220_calling.jpg,Bingsu/Human_Action_Recognition,calling,1,0,0,0,0,0,0,0,0,0,0,0,0,0,0,0,1,0,0,0
data/external/actions/human_action_recognition/test/000221_calling.jpg,Bingsu/Human_Action_Recognition,calling,1,0,0,0,0,0,0,0,0,0,0,0,0,0,0,0,1,0,0,0
data/external/actions/human_action_recognition/test/000222_calling.jpg,Bingsu/Human_Action_Recognition,calling,1,0,0,0,0,0,0,0,0,0,0,0,0,0,0,0,1,0,0,0
data/external/actions/human_action_recognition/test/000223_calling.jpg,Bingsu/Human_Action_Recognition,calling,1,0,0,0,0,0,0,0,0,0,0,0,0,0,0,0,1,0,0,0
data/external/actions/human_action_recognition/test/000224_calling.jpg,Bingsu/Human_Action_Recognition,calling,1,0,0,0,0,0,0,0,0,0,0,0,0,0,0,0,1,0,0,0
data/external/actions/human_action_recognition/test/000225_calling.jpg,Bingsu/Human_Action_Recognition,calling,1,0,0,0,0,0,0,0,0,0,0,0,0,0,0,0,1,0,0,0
data/external/actions/human_action_recognition/test/000226_calling.jpg,Bingsu/Human_Action_Recognition,calling,1,0,0,0,0,0,0,0,0,0,0,0,0,0,0,0,1,0,0,0
data/external/actions/human_action_recognition/test/000227_calling.jpg,Bingsu/Human_Action_Recognition,calling,1,0,0,0,0,0,0,0,0,0,0,0,0,0,0,0,1,0,0,0
data/external/actions/human_action_recognition/test/000228_calling.jpg,Bingsu/Human_Action_Recognition,calling,1,0,0,0,0,0,0,0,0,0,0,0,0,0,0,0,1,0,0,0
data/external/actions/human_action_recognition/test/000229_calling.jpg,Bingsu/Human_Action_Recognition,calling,1,0,0,0,0,0,0,0,0,0,0,0,0,0,0,0,1,0,0,0
data/external/actions/human_action_recognition/test/000230_calling.jpg,Bingsu/Human_Action_Recognition,calling,1,0,0,0,0,0,0,0,0,0,0,0,0,0,0,0,1,0,0,0
data/external/actions/human_action_recognition/test/000231_calling.jpg,Bingsu/Human_Action_Recognition,calling,1,0,0,0,0,0,0,0,0,0,0,0,0,0,0,0,1,0,0,0
data/external/actions/human_action_recognition/test/000232_calling.jpg,Bingsu/Human_Action_Recognition,calling,1,0,0,0,0,0,0,0,0,0,0,0,0,0,0,0,1,0,0,0
data/external/actions/human_action_recognition/test/000233_calling.jpg,Bingsu/Human_Action_Recognition,calling,1,0,0,0,0,0,0,0,0,0,0,0,0,0,0,0,1,0,0,0
data/external/actions/human_action_recognition/test/000234_calling.jpg,Bingsu/Human_Action_Recognition,calling,1,0,0,0,0,0,0,0,0,0,0,0,0,0,0,0,1,0,0,0
data/external/actions/human_action_recognition/test/000235_calling.jpg,Bingsu/Human_Action_Recognition,calling,1,0,0,0,0,0,0,0,0,0,0,0,0,0,0,0,1,0,0,0
data/external/actions/human_action_recognition/test/000236_calling.jpg,Bingsu/Human_Action_Recognition,calling,1,0,0,0,0,0,0,0,0,0,0,0,0,0,0,0,1,0,0,0
data/external/actions/human_action_recognition/test/000237_calling.jpg,Bingsu/Human_Action_Recognition,calling,1,0,0,0,0,0,0,0,0,0,0,0,0,0,0,0,1,0,0,0
data/external/actions/human_action_recognition/test/000238_calling.jpg,Bingsu/Human_Action_Recognition,calling,1,0,0,0,0,0,0,0,0,0,0,0,0,0,0,0,1,0,0,0
data/external/actions/human_action_recognition/test/000239_calling.jpg,Bingsu/Human_Action_Recognition,calling,1,0,0,0,0,0,0,0,0,0,0,0,0,0,0,0,1,0,0,0
data/external/actions/human_action_recognition/test/000240_calling.jpg,Bingsu/Human_Action_Recognition,calling,1,0,0,0,0,0,0,0,0,0,0,0,0,0,0,0,1,0,0,0
data/external/actions/human_action_recognition/test/000241_calling.jpg,Bingsu/Human_Action_Recognition,calling,1,0,0,0,0,0,0,0,0,0,0,0,0,0,0,0,1,0,0,0
data/external/actions/human_action_recognition/test/000242_calling.jpg,Bingsu/Human_Action_Recognition,calling,1,0,0,0,0,0,0,0,0,0,0,0,0,0,0,0,1,0,0,0
data/external/actions/human_action_recognition/test/000243_calling.jpg,Bingsu/Human_Action_Recognition,calling,1,0,0,0,0,0,0,0,0,0,0,0,0,0,0,0,1,0,0,0
data/external/actions/human_action_recognition/test/000244_calling.jpg,Bingsu/Human_Action_Recognition,calling,1,0,0,0,0,0,0,0,0,0,0,0,0,0,0,0,1,0,0,0
data/external/actions/human_action_recognition/test/000245_calling.jpg,Bingsu/Human_Action_Recognition,calling,1,0,0,0,0,0,0,0,0,0,0,0,0,0,0,0,1,0,0,0
data/external/actions/human_action_recognition/test/000246_calling.jpg,Bingsu/Human_Action_Recognition,calling,1,0,0,0,0,0,0,0,0,0,0,0,0,0,0,0,1,0,0,0
data/external/actions/human_action_recognition/test/000247_calling.jpg,Bingsu/Human_Action_Recognition,calling,1,0,0,0,0,0,0,0,0,0,0,0,0,0,0,0,1,0,0,0
data/external/actions/human_action_recognition/test/000248_calling.jpg,Bingsu/Human_Action_Recognition,calling,1,0,0,0,0,0,0,0,0,0,0,0,0,0,0,0,1,0,0,0
data/external/actions/human_action_recognition/test/000249_calling.jpg,Bingsu/Human_Action_Recognition,calling,1,0,0,0,0,0,0,0,0,0,0,0,0,0,0,0,1,0,0,0
data/external/actions/human_action_recognition/test/000250_calling.jpg,Bingsu/Human_Action_Recognition,calling,1,0,0,0,0,0,0,0,0,0,0,0,0,0,0,0,1,0,0,0
data/external/actions/human_action_recognition/test/000251_calling.jpg,Bingsu/Human_Action_Recognition,calling,1,0,0,0,0,0,0,0,0,0,0,0,0,0,0,0,1,0,0,0
data/external/actions/human_action_recognition/test/000252_calling.jpg,Bingsu/Human_Action_Recognition,calling,1,0,0,0,0,0,0,0,0,0,0,0,0,0,0,0,1,0,0,0
data/external/actions/human_action_recognition/test/000253_calling.jpg,Bingsu/Human_Action_Recognition,calling,1,0,0,0,0,0,0,0,0,0,0,0,0,0,0,0,1,0,0,0
data/external/actions/human_action_recognition/test/000254_calling.jpg,Bingsu/Human_Action_Recognition,calling,1,0,0,0,0,0,0,0,0,0,0,0,0,0,0,0,1,0,0,0
data/external/actions/human_action_recognition/test/000255_calling.jpg,Bingsu/Human_Action_Recognition,calling,1,0,0,0,0,0,0,0,0,0,0,0,0,0,0,0,1,0,0,0
data/external/actions/human_action_recognition/test/000256_calling.jpg,Bingsu/Human_Action_Recognition,calling,1,0,0,0,0,0,0,0,0,0,0,0,0,0,0,0,1,0,0,0
data/external/actions/human_action_recognition/test/000257_calling.jpg,Bingsu/Human_Action_Recognition,calling,1,0,0,0,0,0,0,0,0,0,0,0,0,0,0,0,1,0,0,0
data/external/actions/human_action_recognition/test/000258_calling.jpg,Bingsu/Human_Action_Recognition,calling,1,0,0,0,0,0,0,0,0,0,0,0,0,0,0,0,1,0,0,0
data/external/actions/human_action_recognition/test/000259_calling.jpg,Bingsu/Human_Action_Recognition,calling,1,0,0,0,0,0,0,0,0,0,0,0,0,0,0,0,1,0,0,0
data/external/actions/human_action_recognition/test/000260_calling.jpg,Bingsu/Human_Action_Recognition,calling,1,0,0,0,0,0,0,0,0,0,0,0,0,0,0,0,1,0,0,0
data/external/actions/human_action_recognition/test/000261_calling.jpg,Bingsu/Human_Action_Recognition,calling,1,0,0,0,0,0,0,0,0,0,0,0,0,0,0,0,1,0,0,0
data/external/actions/human_action_recognition/test/000262_calling.jpg,Bingsu/Human_Action_Recognition,calling,1,0,0,0,0,0,0,0,0,0,0,0,0,0,0,0,1,0,0,0
data/external/actions/human_action_recognition/test/000263_calling.jpg,Bingsu/Human_Action_Recognition,calling,1,0,0,0,0,0,0,0,0,0,0,0,0,0,0,0,1,0,0,0
data/external/actions/human_action_recognition/test/000264_calling.jpg,Bingsu/Human_Action_Recognition,calling,1,0,0,0,0,0,0,0,0,0,0,0,0,0,0,0,1,0,0,0
data/external/actions/human_action_recognition/test/000265_calling.jpg,Bingsu/Human_Action_Recognition,calling,1,0,0,0,0,0,0,0,0,0,0,0,0,0,0,0,1,0,0,0
data/external/actions/human_action_recognition/test/000266_calling.jpg,Bingsu/Human_Action_Recognition,calling,1,0,0,0,0,0,0,0,0,0,0,0,0,0,0,0,1,0,0,0
data/external/actions/human_action_recognition/test/000267_calling.jpg,Bingsu/Human_Action_Recognition,calling,1,0,0,0,0,0,0,0,0,0,0,0,0,0,0,0,1,0,0,0
data/external/actions/human_action_recognition/test/000268_calling.jpg,Bingsu/Human_Action_Recognition,calling,1,0,0,0,0,0,0,0,0,0,0,0,0,0,0,0,1,0,0,0
data/external/actions/human_action_recognition/test/000269_calling.jpg,Bingsu/Human_Action_Recognition,calling,1,0,0,0,0,0,0,0,0,0,0,0,0,0,0,0,1,0,0,0
data/external/actions/human_action_recognition/test/000270_calling.jpg,Bingsu/Human_Action_Recognition,calling,1,0,0,0,0,0,0,0,0,0,0,0,0,0,0,0,1,0,0,0
data/external/actions/human_action_recognition/test/000271_calling.jpg,Bingsu/Human_Action_Recognition,calling,1,0,0,0,0,0,0,0,0,0,0,0,0,0,0,0,1,0,0,0
data/external/actions/human_action_recognition/test/000272_calling.jpg,Bingsu/Human_Action_Recognition,calling,1,0,0,0,0,0,0,0,0,0,0,0,0,0,0,0,1,0,0,0
data/external/actions/human_action_recognition/test/000273_calling.jpg,Bingsu/Human_Action_Recognition,calling,1,0,0,0,0,0,0,0,0,0,0,0,0,0,0,0,1,0,0,0
data/external/actions/human_action_recognition/test/000274_calling.jpg,Bingsu/Human_Action_Recognition,calling,1,0,0,0,0,0,0,0,0,0,0,0,0,0,0,0,1,0,0,0
data/external/actions/human_action_recognition/test/000275_calling.jpg,Bingsu/Human_Action_Recognition,calling,1,0,0,0,0,0,0,0,0,0,0,0,0,0,0,0,1,0,0,0
data/external/actions/human_action_recognition/test/000276_calling.jpg,Bingsu/Human_Action_Recognition,calling,1,0,0,0,0,0,0,0,0,0,0,0,0,0,0,0,1,0,0,0
data/external/actions/human_action_recognition/test/000277_calling.jpg,Bingsu/Human_Action_Recognition,calling,1,0,0,0,0,0,0,0,0,0,0,0,0,0,0,0,1,0,0,0
data/external/actions/human_action_recognition/test/000278_calling.jpg,Bingsu/Human_Action_Recognition,calling,1,0,0,0,0,0,0,0,0,0,0,0,0,0,0,0,1,0,0,0
data/external/actions/human_action_recognition/test/000279_calling.jpg,Bingsu/Human_Action_Recognition,calling,1,0,0,0,0,0,0,0,0,0,0,0,0,0,0,0,1,0,0,0
data/external/actions/human_action_recognition/test/000280_calling.jpg,Bingsu/Human_Action_Recognition,calling,1,0,0,0,0,0,0,0,0,0,0,0,0,0,0,0,1,0,0,0
data/external/actions/human_action_recognition/test/000281_calling.jpg,Bingsu/Human_Action_Recognition,calling,1,0,0,0,0,0,0,0,0,0,0,0,0,0,0,0,1,0,0,0
data/external/actions/human_action_recognition/test/000282_calling.jpg,Bingsu/Human_Action_Recognition,calling,1,0,0,0,0,0,0,0,0,0,0,0,0,0,0,0,1,0,0,0
data/external/actions/human_action_recognition/test/000283_calling.jpg,Bingsu/Human_Action_Recognition,calling,1,0,0,0,0,0,0,0,0,0,0,0,0,0,0,0,1,0,0,0
data/external/actions/human_action_recognition/test/000284_calling.jpg,Bingsu/Human_Action_Recognition,calling,1,0,0,0,0,0,0,0,0,0,0,0,0,0,0,0,1,0,0,0
data/external/actions/human_action_recognition/test/000285_calling.jpg,Bingsu/Human_Action_Recognition,calling,1,0,0,0,0,0,0,0,0,0,0,0,0,0,0,0,1,0,0,0
data/external/actions/human_action_recognition/test/000286_calling.jpg,Bingsu/Human_Action_Recognition,calling,1,0,0,0,0,0,0,0,0,0,0,0,0,0,0,0,1,0,0,0
data/external/actions/human_action_recognition/test/000287_calling.jpg,Bingsu/Human_Action_Recognition,calling,1,0,0,0,0,0,0,0,0,0,0,0,0,0,0,0,1,0,0,0
data/external/actions/human_action_recognition/test/000288_calling.jpg,Bingsu/Human_Action_Recognition,calling,1,0,0,0,0,0,0,0,0,0,0,0,0,0,0,0,1,0,0,0
data/external/actions/human_action_recognition/test/000289_calling.jpg,Bingsu/Human_Action_Recognition,calling,1,0,0,0,0,0,0,0,0,0,0,0,0,0,0,0,1,0,0,0
data/external/actions/human_action_recognition/test/000290_calling.jpg,Bingsu/Human_Action_Recognition,calling,1,0,0,0,0,0,0,0,0,0,0,0,0,0,0,0,1,0,0,0
data/external/actions/human_action_recognition/test/000291_calling.jpg,Bingsu/Human_Action_Recognition,calling,1,0,0,0,0,0,0,0,0,0,0,0,0,0,0,0,1,0,0,0
data/external/actions/human_action_recognition/test/000292_calling.jpg,Bingsu/Human_Action_Recognition,calling,1,0,0,0,0,0,0,0,0,0,0,0,0,0,0,0,1,0,0,0
data/external/actions/human_action_recognition/test/000293_calling.jpg,Bingsu/Human_Action_Recognition,calling,1,0,0,0,0,0,0,0,0,0,0,0,0,0,0,0,1,0,0,0
data/external/actions/human_action_recognition/test/000294_calling.jpg,Bingsu/Human_Action_Recognition,calling,1,0,0,0,0,0,0,0,0,0,0,0,0,0,0,0,1,0,0,0
data/external/actions/human_action_recognition/test/000295_calling.jpg,Bingsu/Human_Action_Recognition,calling,1,0,0,0,0,0,0,0,0,0,0,0,0,0,0,0,1,0,0,0
data/external/actions/human_action_recognition/test/000296_calling.jpg,Bingsu/Human_Action_Recognition,calling,1,0,0,0,0,0,0,0,0,0,0,0,0,0,0,0,1,0,0,0
data/external/actions/human_action_recognition/test/000297_calling.jpg,Bingsu/Human_Action_Recognition,calling,1,0,0,0,0,0,0,0,0,0,0,0,0,0,0,0,1,0,0,0
data/external/actions/human_action_recognition/test/000298_calling.jpg,Bingsu/Human_Action_Recognition,calling,1,0,0,0,0,0,0,0,0,0,0,0,0,0,0,0,1,0,0,0
data/external/actions/human_action_recognition/test/000299_calling.jpg,Bingsu/Human_Action_Recognition,calling,1,0,0,0,0,0,0,0,0,0,0,0,0,0,0,0,1,0,0,0
data/external/actions/human_action_recognition/test/000300_calling.jpg,Bingsu/Human_Action_Recognition,calling,1,0,0,0,0,0,0,0,0,0,0,0,0,0,0,0,1,0,0,0
data/external/actions/human_action_recognition/test/000301_calling.jpg,Bingsu/Human_Action_Recognition,calling,1,0,0,0,0,0,0,0,0,0,0,0,0,0,0,0,1,0,0,0
data/external/actions/human_action_recognition/test/000302_calling.jpg,Bingsu/Human_Action_Recognition,calling,1,0,0,0,0,0,0,0,0,0,0,0,0,0,0,0,1,0,0,0
data/external/actions/human_action_recognition/test/000303_calling.jpg,Bingsu/Human_Action_Recognition,calling,1,0,0,0,0,0,0,0,0,0,0,0,0,0,0,0,1,0,0,0
data/external/actions/human_action_recognition/test/000304_calling.jpg,Bingsu/Human_Action_Recognition,calling,1,0,0,0,0,0,0,0,0,0,0,0,0,0,0,0,1,0,0,0
data/external/actions/human_action_recognition/test/000305_calling.jpg,Bingsu/Human_Action_Recognition,calling,1,0,0,0,0,0,0,0,0,0,0,0,0,0,0,0,1,0,0,0
data/external/actions/human_action_recognition/test/000306_calling.jpg,Bingsu/Human_Action_Recognition,calling,1,0,0,0,0,0,0,0,0,0,0,0,0,0,0,0,1,0,0,0
data/external/actions/human_action_recognition/test/000307_calling.jpg,Bingsu/Human_Action_Recognition,calling,1,0,0,0,0,0,0,0,0,0,0,0,0,0,0,0,1,0,0,0
data/external/actions/human_action_recognition/test/000308_calling.jpg,Bingsu/Human_Action_Recognition,calling,1,0,0,0,0,0,0,0,0,0,0,0,0,0,0,0,1,0,0,0
data/external/actions/human_action_recognition/test/000309_calling.jpg,Bingsu/Human_Action_Recognition,calling,1,0,0,0,0,0,0,0,0,0,0,0,0,0,0,0,1,0,0,0
data/external/actions/human_action_recognition/test/000310_calling.jpg,Bingsu/Human_Action_Recognition,calling,1,0,0,0,0,0,0,0,0,0,0,0,0,0,0,0,1,0,0,0
data/external/actions/human_action_recognition/test/000311_calling.jpg,Bingsu/Human_Action_Recognition,calling,1,0,0,0,0,0,0,0,0,0,0,0,0,0,0,0,1,0,0,0
data/external/actions/human_action_recognition/test/000312_calling.jpg,Bingsu/Human_Action_Recognition,calling,1,0,0,0,0,0,0,0,0,0,0,0,0,0,0,0,1,0,0,0
data/external/actions/human_action_recognition/test/000313_calling.jpg,Bingsu/Human_Action_Recognition,calling,1,0,0,0,0,0,0,0,0,0,0,0,0,0,0,0,1,0,0,0
data/external/actions/human_action_recognition/test/000314_calling.jpg,Bingsu/Human_Action_Recognition,calling,1,0,0,0,0,0,0,0,0,0,0,0,0,0,0,0,1,0,0,0
data/external/actions/human_action_recognition/test/000315_calling.jpg,Bingsu/Human_Action_Recognition,calling,1,0,0,0,0,0,0,0,0,0,0,0,0,0,0,0,1,0,0,0
data/external/actions/human_action_recognition/test/000316_calling.jpg,Bingsu/Human_Action_Recognition,calling,1,0,0,0,0,0,0,0,0,0,0,0,0,0,0,0,1,0,0,0
data/external/actions/human_action_recognition/test/000317_calling.jpg,Bingsu/Human_Action_Recognition,calling,1,0,0,0,0,0,0,0,0,0,0,0,0,0,0,0,1,0,0,0
data/external/actions/human_action_recognition/test/000318_calling.jpg,Bingsu/Human_Action_Recognition,calling,1,0,0,0,0,0,0,0,0,0,0,0,0,0,0,0,1,0,0,0
data/external/actions/human_action_recognition/test/000319_calling.jpg,Bingsu/Human_Action_Recognition,calling,1,0,0,0,0,0,0,0,0,0,0,0,0,0,0,0,1,0,0,0
data/external/actions/human_action_recognition/test/000320_calling.jpg,Bingsu/Human_Action_Recognition,calling,1,0,0,0,0,0,0,0,0,0,0,0,0,0,0,0,1,0,0,0
data/external/actions/human_action_recognition/test/000321_calling.jpg,Bingsu/Human_Action_Recognition,calling,1,0,0,0,0,0,0,0,0,0,0,0,0,0,0,0,1,0,0,0
data/external/actions/human_action_recognition/test/000322_calling.jpg,Bingsu/Human_Action_Recognition,calling,1,0,0,0,0,0,0,0,0,0,0,0,0,0,0,0,1,0,0,0
data/external/actions/human_action_recognition/test/000323_calling.jpg,Bingsu/Human_Action_Recognition,calling,1,0,0,0,0,0,0,0,0,0,0,0,0,0,0,0,1,0,0,0
data/external/actions/human_action_recognition/test/000324_calling.jpg,Bingsu/Human_Action_Recognition,calling,1,0,0,0,0,0,0,0,0,0,0,0,0,0,0,0,1,0,0,0
data/external/actions/human_action_recognition/test/000325_calling.jpg,Bingsu/Human_Action_Recognition,calling,1,0,0,0,0,0,0,0,0,0,0,0,0,0,0,0,1,0,0,0
data/external/actions/human_action_recognition/test/000326_calling.jpg,Bingsu/Human_Action_Recognition,calling,1,0,0,0,0,0,0,0,0,0,0,0,0,0,0,0,1,0,0,0
data/external/actions/human_action_recognition/test/000327_calling.jpg,Bingsu/Human_Action_Recognition,calling,1,0,0,0,0,0,0,0,0,0,0,0,0,0,0,0,1,0,0,0
data/external/actions/human_action_recognition/test/000328_calling.jpg,Bingsu/Human_Action_Recognition,calling,1,0,0,0,0,0,0,0,0,0,0,0,0,0,0,0,1,0,0,0
data/external/actions/human_action_recognition/test/000329_calling.jpg,Bingsu/Human_Action_Recognition,calling,1,0,0,0,0,0,0,0,0,0,0,0,0,0,0,0,1,0,0,0
data/external/actions/human_action_recognition/test/000330_calling.jpg,Bingsu/Human_Action_Recognition,calling,1,0,0,0,0,0,0,0,0,0,0,0,0,0,0,0,1,0,0,0
data/external/actions/human_action_recognition/test/000331_calling.jpg,Bingsu/Human_Action_Recognition,calling,1,0,0,0,0,0,0,0,0,0,0,0,0,0,0,0,1,0,0,0
data/external/actions/human_action_recognition/test/000332_calling.jpg,Bingsu/Human_Action_Recognition,calling,1,0,0,0,0,0,0,0,0,0,0,0,0,0,0,0,1,0,0,0
data/external/actions/human_action_recognition/test/000333_calling.jpg,Bingsu/Human_Action_Recognition,calling,1,0,0,0,0,0,0,0,0,0,0,0,0,0,0,0,1,0,0,0
data/external/actions/human_action_recognition/test/000334_calling.jpg,Bingsu/Human_Action_Recognition,calling,1,0,0,0,0,0,0,0,0,0,0,0,0,0,0,0,1,0,0,0
data/external/actions/human_action_recognition/test/000335_calling.jpg,Bingsu/Human_Action_Recognition,calling,1,0,0,0,0,0,0,0,0,0,0,0,0,0,0,0,1,0,0,0
data/external/actions/human_action_recognition/test/000336_calling.jpg,Bingsu/Human_Action_Recognition,calling,1,0,0,0,0,0,0,0,0,0,0,0,0,0,0,0,1,0,0,0
data/external/actions/human_action_recognition/test/000337_calling.jpg,Bingsu/Human_Action_Recognition,calling,1,0,0,0,0,0,0,0,0,0,0,0,0,0,0,0,1,0,0,0
data/external/actions/human_action_recognition/test/000338_calling.jpg,Bingsu/Human_Action_Recognition,calling,1,0,0,0,0,0,0,0,0,0,0,0,0,0,0,0,1,0,0,0
data/external/actions/human_action_recognition/test/000339_calling.jpg,Bingsu/Human_Action_Recognition,calling,1,0,0,0,0,0,0,0,0,0,0,0,0,0,0,0,1,0,0,0
data/external/actions/human_action_recognition/test/000340_calling.jpg,Bingsu/Human_Action_Recognition,calling,1,0,0,0,0,0,0,0,0,0,0,0,0,0,0,0,1,0,0,0
data/external/actions/human_action_recognition/test/000341_calling.jpg,Bingsu/Human_Action_Recognition,calling,1,0,0,0,0,0,0,0,0,0,0,0,0,0,0,0,1,0,0,0
data/external/actions/human_action_recognition/test/000342_calling.jpg,Bingsu/Human_Action_Recognition,calling,1,0,0,0,0,0,0,0,0,0,0,0,0,0,0,0,1,0,0,0
data/external/actions/human_action_recognition/test/000343_calling.jpg,Bingsu/Human_Action_Recognition,calling,1,0,0,0,0,0,0,0,0,0,0,0,0,0,0,0,1,0,0,0
data/external/actions/human_action_recognition/test/000344_calling.jpg,Bingsu/Human_Action_Recognition,calling,1,0,0,0,0,0,0,0,0,0,0,0,0,0,0,0,1,0,0,0
data/external/actions/human_action_recognition/test/000345_calling.jpg,Bingsu/Human_Action_Recognition,calling,1,0,0,0,0,0,0,0,0,0,0,0,0,0,0,0,1,0,0,0
data/external/actions/human_action_recognition/test/000346_calling.jpg,Bingsu/Human_Action_Recognition,calling,1,0,0,0,0,0,0,0,0,0,0,0,0,0,0,0,1,0,0,0
data/external/actions/human_action_recognition/test/000347_calling.jpg,Bingsu/Human_Action_Recognition,calling,1,0,0,0,0,0,0,0,0,0,0,0,0,0,0,0,1,0,0,0
data/external/actions/human_action_recognition/test/000348_calling.jpg,Bingsu/Human_Action_Recognition,calling,1,0,0,0,0,0,0,0,0,0,0,0,0,0,0,0,1,0,0,0
data/external/actions/human_action_recognition/test/000349_calling.jpg,Bingsu/Human_Action_Recognition,calling,1,0,0,0,0,0,0,0,0,0,0,0,0,0,0,0,1,0,0,0
data/external/actions/human_action_recognition/test/000350_calling.jpg,Bingsu/Human_Action_Recognition,calling,1,0,0,0,0,0,0,0,0,0,0,0,0,0,0,0,1,0,0,0
data/external/actions/human_action_recognition/test/000351_calling.jpg,Bingsu/Human_Action_Recognition,calling,1,0,0,0,0,0,0,0,0,0,0,0,0,0,0,0,1,0,0,0
data/external/actions/human_action_recognition/test/000352_calling.jpg,Bingsu/Human_Action_Recognition,calling,1,0,0,0,0,0,0,0,0,0,0,0,0,0,0,0,1,0,0,0
data/external/actions/human_action_recognition/test/000353_calling.jpg,Bingsu/Human_Action_Recognition,calling,1,0,0,0,0,0,0,0,0,0,0,0,0,0,0,0,1,0,0,0
data/external/actions/human_action_recognition/test/000354_calling.jpg,Bingsu/Human_Action_Recognition,calling,1,0,0,0,0,0,0,0,0,0,0,0,0,0,0,0,1,0,0,0
data/external/actions/human_action_recognition/test/000355_calling.jpg,Bingsu/Human_Action_Recognition,calling,1,0,0,0,0,0,0,0,0,0,0,0,0,0,0,0,1,0,0,0
data/external/actions/human_action_recognition/test/000356_calling.jpg,Bingsu/Human_Action_Recognition,calling,1,0,0,0,0,0,0,0,0,0,0,0,0,0,0,0,1,0,0,0
data/external/actions/human_action_recognition/test/000357_calling.jpg,Bingsu/Human_Action_Recognition,calling,1,0,0,0,0,0,0,0,0,0,0,0,0,0,0,0,1,0,0,0
data/external/actions/human_action_recognition/test/000358_calling.jpg,Bingsu/Human_Action_Recognition,calling,1,0,0,0,0,0,0,0,0,0,0,0,0,0,0,0,1,0,0,0
data/external/actions/human_action_recognition/test/000359_calling.jpg,Bingsu/Human_Action_Recognition,calling,1,0,0,0,0,0,0,0,0,0,0,0,0,0,0,0,1,0,0,0
data/external/actions/human_action_recognition/test/000360_calling.jpg,Bingsu/Human_Action_Recognition,calling,1,0,0,0,0,0,0,0,0,0,0,0,0,0,0,0,1,0,0,0
data/external/actions/human_action_recognition/test/000361_calling.jpg,Bingsu/Human_Action_Recognition,calling,1,0,0,0,0,0,0,0,0,0,0,0,0,0,0,0,1,0,0,0
data/external/actions/human_action_recognition/test/000362_calling.jpg,Bingsu/Human_Action_Recognition,calling,1,0,0,0,0,0,0,0,0,0,0,0,0,0,0,0,1,0,0,0
data/external/actions/human_action_recognition/test/000363_calling.jpg,Bingsu/Human_Action_Recognition,calling,1,0,0,0,0,0,0,0,0,0,0,0,0,0,0,0,1,0,0,0
data/external/actions/human_action_recognition/test/000364_calling.jpg,Bingsu/Human_Action_Recognition,calling,1,0,0,0,0,0,0,0,0,0,0,0,0,0,0,0,1,0,0,0
data/external/actions/human_action_recognition/test/000365_calling.jpg,Bingsu/Human_Action_Recognition,calling,1,0,0,0,0,0,0,0,0,0,0,0,0,0,0,0,1,0,0,0
data/external/actions/human_action_recognition/test/000366_calling.jpg,Bingsu/Human_Action_Recognition,calling,1,0,0,0,0,0,0,0,0,0,0,0,0,0,0,0,1,0,0,0
data/external/actions/human_action_recognition/test/000367_calling.jpg,Bingsu/Human_Action_Recognition,calling,1,0,0,0,0,0,0,0,0,0,0,0,0,0,0,0,1,0,0,0
data/external/actions/human_action_recognition/test/000368_calling.jpg,Bingsu/Human_Action_Recognition,calling,1,0,0,0,0,0,0,0,0,0,0,0,0,0,0,0,1,0,0,0
data/external/actions/human_action_recognition/test/000369_calling.jpg,Bingsu/Human_Action_Recognition,calling,1,0,0,0,0,0,0,0,0,0,0,0,0,0,0,0,1,0,0,0
data/external/actions/human_action_recognition/test/000370_calling.jpg,Bingsu/Human_Action_Recognition,calling,1,0,0,0,0,0,0,0,0,0,0,0,0,0,0,0,1,0,0,0
data/external/actions/human_action_recognition/test/000371_calling.jpg,Bingsu/Human_Action_Recognition,calling,1,0,0,0,0,0,0,0,0,0,0,0,0,0,0,0,1,0,0,0
data/external/actions/human_action_recognition/test/000372_calling.jpg,Bingsu/Human_Action_Recognition,calling,1,0,0,0,0,0,0,0,0,0,0,0,0,0,0,0,1,0,0,0
data/external/actions/human_action_recognition/test/000373_calling.jpg,Bingsu/Human_Action_Recognition,calling,1,0,0,0,0,0,0,0,0,0,0,0,0,0,0,0,1,0,0,0
data/external/actions/human_action_recognition/test/000374_calling.jpg,Bingsu/Human_Action_Recognition,calling,1,0,0,0,0,0,0,0,0,0,0,0,0,0,0,0,1,0,0,0
data/external/actions/human_action_recognition/test/000375_calling.jpg,Bingsu/Human_Action_Recognition,calling,1,0,0,0,0,0,0,0,0,0,0,0,0,0,0,0,1,0,0,0
data/external/actions/human_action_recognition/test/000376_calling.jpg,Bingsu/Human_Action_Recognition,calling,1,0,0,0,0,0,0,0,0,0,0,0,0,0,0,0,1,0,0,0
data/external/actions/human_action_recognition/test/000377_calling.jpg,Bingsu/Human_Action_Recognition,calling,1,0,0,0,0,0,0,0,0,0,0,0,0,0,0,0,1,0,0,0
data/external/actions/human_action_recognition/test/000378_calling.jpg,Bingsu/Human_Action_Recognition,calling,1,0,0,0,0,0,0,0,0,0,0,0,0,0,0,0,1,0,0,0
data/external/actions/human_action_recognition/test/000379_calling.jpg,Bingsu/Human_Action_Recognition,calling,1,0,0,0,0,0,0,0,0,0,0,0,0,0,0,0,1,0,0,0
data/external/actions/human_action_recognition/test/000380_calling.jpg,Bingsu/Human_Action_Recognition,calling,1,0,0,0,0,0,0,0,0,0,0,0,0,0,0,0,1,0,0,0
data/external/actions/human_action_recognition/test/000381_calling.jpg,Bingsu/Human_Action_Recognition,calling,1,0,0,0,0,0,0,0,0,0,0,0,0,0,0,0,1,0,0,0
data/external/actions/human_action_recognition/test/000382_calling.jpg,Bingsu/Human_Action_Recognition,calling,1,0,0,0,0,0,0,0,0,0,0,0,0,0,0,0,1,0,0,0
data/external/actions/human_action_recognition/test/000383_calling.jpg,Bingsu/Human_Action_Recognition,calling,1,0,0,0,0,0,0,0,0,0,0,0,0,0,0,0,1,0,0,0
data/external/actions/human_action_recognition/test/000384_calling.jpg,Bingsu/Human_Action_Recognition,calling,1,0,0,0,0,0,0,0,0,0,0,0,0,0,0,0,1,0,0,0
data/external/actions/human_action_recognition/test/000385_calling.jpg,Bingsu/Human_Action_Recognition,calling,1,0,0,0,0,0,0,0,0,0,0,0,0,0,0,0,1,0,0,0
data/external/actions/human_action_recognition/test/000386_calling.jpg,Bingsu/Human_Action_Recognition,calling,1,0,0,0,0,0,0,0,0,0,0,0,0,0,0,0,1,0,0,0
data/external/actions/human_action_recognition/test/000387_calling.jpg,Bingsu/Human_Action_Recognition,calling,1,0,0,0,0,0,0,0,0,0,0,0,0,0,0,0,1,0,0,0
data/external/actions/human_action_recognition/test/000388_calling.jpg,Bingsu/Human_Action_Recognition,calling,1,0,0,0,0,0,0,0,0,0,0,0,0,0,0,0,1,0,0,0
data/external/actions/human_action_recognition/test/000389_calling.jpg,Bingsu/Human_Action_Recognition,calling,1,0,0,0,0,0,0,0,0,0,0,0,0,0,0,0,1,0,0,0
data/external/actions/human_action_recognition/test/000390_calling.jpg,Bingsu/Human_Action_Recognition,calling,1,0,0,0,0,0,0,0,0,0,0,0,0,0,0,0,1,0,0,0
data/external/actions/human_action_recognition/test/000391_calling.jpg,Bingsu/Human_Action_Recognition,calling,1,0,0,0,0,0,0,0,0,0,0,0,0,0,0,0,1,0,0,0
data/external/actions/human_action_recognition/test/000392_calling.jpg,Bingsu/Human_Action_Recognition,calling,1,0,0,0,0,0,0,0,0,0,0,0,0,0,0,0,1,0,0,0
data/external/actions/human_action_recognition/test/000393_calling.jpg,Bingsu/Human_Action_Recognition,calling,1,0,0,0,0,0,0,0,0,0,0,0,0,0,0,0,1,0,0,0
data/external/actions/human_action_recognition/test/000394_calling.jpg,Bingsu/Human_Action_Recognition,calling,1,0,0,0,0,0,0,0,0,0,0,0,0,0,0,0,1,0,0,0
data/external/actions/human_action_recognition/test/000395_calling.jpg,Bingsu/Human_Action_Recognition,calling,1,0,0,0,0,0,0,0,0,0,0,0,0,0,0,0,1,0,0,0
data/external/actions/human_action_recognition/test/000396_calling.jpg,Bingsu/Human_Action_Recognition,calling,1,0,0,0,0,0,0,0,0,0,0,0,0,0,0,0,1,0,0,0
data/external/actions/human_action_recognition/test/000397_calling.jpg,Bingsu/Human_Action_Recognition,calling,1,0,0,0,0,0,0,0,0,0,0,0,0,0,0,0,1,0,0,0
data/external/actions/human_action_recognition/test/000398_calling.jpg,Bingsu/Human_Action_Recognition,calling,1,0,0,0,0,0,0,0,0,0,0,0,0,0,0,0,1,0,0,0
data/external/actions/human_action_recognition/test/000399_calling.jpg,Bingsu/Human_Action_Recognition,calling,1,0,0,0,0,0,0,0,0,0,0,0,0,0,0,0,1,0,0,0
data/external/actions/human_action_recognition/test/000400_calling.jpg,Bingsu/Human_Action_Recognition,calling,1,0,0,0,0,0,0,0,0,0,0,0,0,0,0,0,1,0,0,0
data/external/actions/human_action_recognition/test/000401_calling.jpg,Bingsu/Human_Action_Recognition,calling,1,0,0,0,0,0,0,0,0,0,0,0,0,0,0,0,1,0,0,0
data/external/actions/human_action_recognition/test/000402_calling.jpg,Bingsu/Human_Action_Recognition,calling,1,0,0,0,0,0,0,0,0,0,0,0,0,0,0,0,1,0,0,0
data/external/actions/human_action_recognition/test/000403_calling.jpg,Bingsu/Human_Action_Recognition,calling,1,0,0,0,0,0,0,0,0,0,0,0,0,0,0,0,1,0,0,0
data/external/actions/human_action_recognition/test/000404_calling.jpg,Bingsu/Human_Action_Recognition,calling,1,0,0,0,0,0,0,0,0,0,0,0,0,0,0,0,1,0,0,0
data/external/actions/human_action_recognition/test/000405_calling.jpg,Bingsu/Human_Action_Recognition,calling,1,0,0,0,0,0,0,0,0,0,0,0,0,0,0,0,1,0,0,0
data/external/actions/human_action_recognition/test/000406_calling.jpg,Bingsu/Human_Action_Recognition,calling,1,0,0,0,0,0,0,0,0,0,0,0,0,0,0,0,1,0,0,0
data/external/actions/human_action_recognition/test/000407_calling.jpg,Bingsu/Human_Action_Recognition,calling,1,0,0,0,0,0,0,0,0,0,0,0,0,0,0,0,1,0,0,0
data/external/actions/human_action_recognition/test/000408_calling.jpg,Bingsu/Human_Action_Recognition,calling,1,0,0,0,0,0,0,0,0,0,0,0,0,0,0,0,1,0,0,0
data/external/actions/human_action_recognition/test/000409_calling.jpg,Bingsu/Human_Action_Recognition,calling,1,0,0,0,0,0,0,0,0,0,0,0,0,0,0,0,1,0,0,0
data/external/actions/human_action_recognition/test/000410_calling.jpg,Bingsu/Human_Action_Recognition,calling,1,0,0,0,0,0,0,0,0,0,0,0,0,0,0,0,1,0,0,0
data/external/actions/human_action_recognition/test/000411_calling.jpg,Bingsu/Human_Action_Recognition,calling,1,0,0,0,0,0,0,0,0,0,0,0,0,0,0,0,1,0,0,0
data/external/actions/human_action_recognition/test/000412_calling.jpg,Bingsu/Human_Action_Recognition,calling,1,0,0,0,0,0,0,0,0,0,0,0,0,0,0,0,1,0,0,0
data/external/actions/human_action_recognition/test/000413_calling.jpg,Bingsu/Human_Action_Recognition,calling,1,0,0,0,0,0,0,0,0,0,0,0,0,0,0,0,1,0,0,0
data/external/actions/human_action_recognition/test/000414_calling.jpg,Bingsu/Human_Action_Recognition,calling,1,0,0,0,0,0,0,0,0,0,0,0,0,0,0,0,1,0,0,0
data/external/actions/human_action_recognition/test/000415_calling.jpg,Bingsu/Human_Action_Recognition,calling,1,0,0,0,0,0,0,0,0,0,0,0,0,0,0,0,1,0,0,0
data/external/actions/human_action_recognition/test/000416_calling.jpg,Bingsu/Human_Action_Recognition,calling,1,0,0,0,0,0,0,0,0,0,0,0,0,0,0,0,1,0,0,0
data/external/actions/human_action_recognition/test/000417_calling.jpg,Bingsu/Human_Action_Recognition,calling,1,0,0,0,0,0,0,0,0,0,0,0,0,0,0,0,1,0,0,0
data/external/actions/human_action_recognition/test/000418_calling.jpg,Bingsu/Human_Action_Recognition,calling,1,0,0,0,0,0,0,0,0,0,0,0,0,0,0,0,1,0,0,0
data/external/actions/human_action_recognition/test/000419_calling.jpg,Bingsu/Human_Action_Recognition,calling,1,0,0,0,0,0,0,0,0,0,0,0,0,0,0,0,1,0,0,0
data/external/actions/human_action_recognition/test/000420_calling.jpg,Bingsu/Human_Action_Recognition,calling,1,0,0,0,0,0,0,0,0,0,0,0,0,0,0,0,1,0,0,0
data/external/actions/human_action_recognition/test/000421_calling.jpg,Bingsu/Human_Action_Recognition,calling,1,0,0,0,0,0,0,0,0,0,0,0,0,0,0,0,1,0,0,0
data/external/actions/human_action_recognition/test/000422_calling.jpg,Bingsu/Human_Action_Recognition,calling,1,0,0,0,0,0,0,0,0,0,0,0,0,0,0,0,1,0,0,0
data/external/actions/human_action_recognition/test/000423_calling.jpg,Bingsu/Human_Action_Recognition,calling,1,0,0,0,0,0,0,0,0,0,0,0,0,0,0,0,1,0,0,0
data/external/actions/human_action_recognition/test/000424_calling.jpg,Bingsu/Human_Action_Recognition,calling,1,0,0,0,0,0,0,0,0,0,0,0,0,0,0,0,1,0,0,0
data/external/actions/human_action_recognition/test/000425_calling.jpg,Bingsu/Human_Action_Recognition,calling,1,0,0,0,0,0,0,0,0,0,0,0,0,0,0,0,1,0,0,0
data/external/actions/human_action_recognition/test/000426_calling.jpg,Bingsu/Human_Action_Recognition,calling,1,0,0,0,0,0,0,0,0,0,0,0,0,0,0,0,1,0,0,0
data/external/actions/human_action_recognition/test/000427_calling.jpg,Bingsu/Human_Action_Recognition,calling,1,0,0,0,0,0,0,0,0,0,0,0,0,0,0,0,1,0,0,0
data/external/actions/human_action_recognition/test/000428_calling.jpg,Bingsu/Human_Action_Recognition,calling,1,0,0,0,0,0,0,0,0,0,0,0,0,0,0,0,1,0,0,0
data/external/actions/human_action_recognition/test/000429_calling.jpg,Bingsu/Human_Action_Recognition,calling,1,0,0,0,0,0,0,0,0,0,0,0,0,0,0,0,1,0,0,0
data/external/actions/human_action_recognition/test/000430_calling.jpg,Bingsu/Human_Action_Recognition,calling,1,0,0,0,0,0,0,0,0,0,0,0,0,0,0,0,1,0,0,0
data/external/actions/human_action_recognition/test/000431_calling.jpg,Bingsu/Human_Action_Recognition,calling,1,0,0,0,0,0,0,0,0,0,0,0,0,0,0,0,1,0,0,0
data/external/actions/human_action_recognition/test/000432_calling.jpg,Bingsu/Human_Action_Recognition,calling,1,0,0,0,0,0,0,0,0,0,0,0,0,0,0,0,1,0,0,0
data/external/actions/human_action_recognition/test/000433_calling.jpg,Bingsu/Human_Action_Recognition,calling,1,0,0,0,0,0,0,0,0,0,0,0,0,0,0,0,1,0,0,0
data/external/actions/human_action_recognition/test/000434_calling.jpg,Bingsu/Human_Action_Recognition,calling,1,0,0,0,0,0,0,0,0,0,0,0,0,0,0,0,1,0,0,0
data/external/actions/human_action_recognition/test/000435_calling.jpg,Bingsu/Human_Action_Recognition,calling,1,0,0,0,0,0,0,0,0,0,0,0,0,0,0,0,1,0,0,0
data/external/actions/human_action_recognition/test/000436_calling.jpg,Bingsu/Human_Action_Recognition,calling,1,0,0,0,0,0,0,0,0,0,0,0,0,0,0,0,1,0,0,0
data/external/actions/human_action_recognition/test/000437_calling.jpg,Bingsu/Human_Action_Recognition,calling,1,0,0,0,0,0,0,0,0,0,0,0,0,0,0,0,1,0,0,0
data/external/actions/human_action_recognition/test/000438_calling.jpg,Bingsu/Human_Action_Recognition,calling,1,0,0,0,0,0,0,0,0,0,0,0,0,0,0,0,1,0,0,0
data/external/actions/human_action_recognition/test/000439_calling.jpg,Bingsu/Human_Action_Recognition,calling,1,0,0,0,0,0,0,0,0,0,0,0,0,0,0,0,1,0,0,0
data/external/actions/human_action_recognition/test/000440_calling.jpg,Bingsu/Human_Action_Recognition,calling,1,0,0,0,0,0,0,0,0,0,0,0,0,0,0,0,1,0,0,0
data/external/actions/human_action_recognition/test/000441_calling.jpg,Bingsu/Human_Action_Recognition,calling,1,0,0,0,0,0,0,0,0,0,0,0,0,0,0,0,1,0,0,0
data/external/actions/human_action_recognition/test/000442_calling.jpg,Bingsu/Human_Action_Recognition,calling,1,0,0,0,0,0,0,0,0,0,0,0,0,0,0,0,1,0,0,0
data/external/actions/human_action_recognition/test/000443_calling.jpg,Bingsu/Human_Action_Recognition,calling,1,0,0,0,0,0,0,0,0,0,0,0,0,0,0,0,1,0,0,0
data/external/actions/human_action_recognition/test/000444_calling.jpg,Bingsu/Human_Action_Recognition,calling,1,0,0,0,0,0,0,0,0,0,0,0,0,0,0,0,1,0,0,0
data/external/actions/human_action_recognition/test/000445_calling.jpg,Bingsu/Human_Action_Recognition,calling,1,0,0,0,0,0,0,0,0,0,0,0,0,0,0,0,1,0,0,0
data/external/actions/human_action_recognition/test/000446_calling.jpg,Bingsu/Human_Action_Recognition,calling,1,0,0,0,0,0,0,0,0,0,0,0,0,0,0,0,1,0,0,0
data/external/actions/human_action_recognition/test/000447_calling.jpg,Bingsu/Human_Action_Recognition,calling,1,0,0,0,0,0,0,0,0,0,0,0,0,0,0,0,1,0,0,0
data/external/actions/human_action_recognition/test/000448_calling.jpg,Bingsu/Human_Action_Recognition,calling,1,0,0,0,0,0,0,0,0,0,0,0,0,0,0,0,1,0,0,0
data/external/actions/human_action_recognition/test/000449_calling.jpg,Bingsu/Human_Action_Recognition,calling,1,0,0,0,0,0,0,0,0,0,0,0,0,0,0,0,1,0,0,0
data/external/actions/human_action_recognition/test/000450_calling.jpg,Bingsu/Human_Action_Recognition,calling,1,0,0,0,0,0,0,0,0,0,0,0,0,0,0,0,1,0,0,0
data/external/actions/human_action_recognition/test/000451_calling.jpg,Bingsu/Human_Action_Recognition,calling,1,0,0,0,0,0,0,0,0,0,0,0,0,0,0,0,1,0,0,0
data/external/actions/human_action_recognition/test/000452_calling.jpg,Bingsu/Human_Action_Recognition,calling,1,0,0,0,0,0,0,0,0,0,0,0,0,0,0,0,1,0,0,0
data/external/actions/human_action_recognition/test/000453_calling.jpg,Bingsu/Human_Action_Recognition,calling,1,0,0,0,0,0,0,0,0,0,0,0,0,0,0,0,1,0,0,0
data/external/actions/human_action_recognition/test/000454_calling.jpg,Bingsu/Human_Action_Recognition,calling,1,0,0,0,0,0,0,0,0,0,0,0,0,0,0,0,1,0,0,0
data/external/actions/human_action_recognition/test/000455_calling.jpg,Bingsu/Human_Action_Recognition,calling,1,0,0,0,0,0,0,0,0,0,0,0,0,0,0,0,1,0,0,0
data/external/actions/human_action_recognition/test/000456_calling.jpg,Bingsu/Human_Action_Recognition,calling,1,0,0,0,0,0,0,0,0,0,0,0,0,0,0,0,1,0,0,0
data/external/actions/human_action_recognition/test/000457_calling.jpg,Bingsu/Human_Action_Recognition,calling,1,0,0,0,0,0,0,0,0,0,0,0,0,0,0,0,1,0,0,0
data/external/actions/human_action_recognition/test/000458_calling.jpg,Bingsu/Human_Action_Recognition,calling,1,0,0,0,0,0,0,0,0,0,0,0,0,0,0,0,1,0,0,0
data/external/actions/human_action_recognition/test/000459_calling.jpg,Bingsu/Human_Action_Recognition,calling,1,0,0,0,0,0,0,0,0,0,0,0,0,0,0,0,1,0,0,0
data/external/actions/human_action_recognition/test/000460_calling.jpg,Bingsu/Human_Action_Recognition,calling,1,0,0,0,0,0,0,0,0,0,0,0,0,0,0,0,1,0,0,0
data/external/actions/human_action_recognition/test/000461_calling.jpg,Bingsu/Human_Action_Recognition,calling,1,0,0,0,0,0,0,0,0,0,0,0,0,0,0,0,1,0,0,0
data/external/actions/human_action_recognition/test/000462_calling.jpg,Bingsu/Human_Action_Recognition,calling,1,0,0,0,0,0,0,0,0,0,0,0,0,0,0,0,1,0,0,0
data/external/actions/human_action_recognition/test/000463_calling.jpg,Bingsu/Human_Action_Recognition,calling,1,0,0,0,0,0,0,0,0,0,0,0,0,0,0,0,1,0,0,0
data/external/actions/human_action_recognition/test/000464_calling.jpg,Bingsu/Human_Action_Recognition,calling,1,0,0,0,0,0,0,0,0,0,0,0,0,0,0,0,1,0,0,0
data/external/actions/human_action_recognition/test/000465_calling.jpg,Bingsu/Human_Action_Recognition,calling,1,0,0,0,0,0,0,0,0,0,0,0,0,0,0,0,1,0,0,0
data/external/actions/human_action_recognition/test/000466_calling.jpg,Bingsu/Human_Action_Recognition,calling,1,0,0,0,0,0,0,0,0,0,0,0,0,0,0,0,1,0,0,0
data/external/actions/human_action_recognition/test/000467_calling.jpg,Bingsu/Human_Action_Recognition,calling,1,0,0,0,0,0,0,0,0,0,0,0,0,0,0,0,1,0,0,0
data/external/actions/human_action_recognition/test/000468_calling.jpg,Bingsu/Human_Action_Recognition,calling,1,0,0,0,0,0,0,0,0,0,0,0,0,0,0,0,1,0,0,0
data/external/actions/human_action_recognition/test/000469_calling.jpg,Bingsu/Human_Action_Recognition,calling,1,0,0,0,0,0,0,0,0,0,0,0,0,0,0,0,1,0,0,0
data/external/actions/human_action_recognition/test/000470_calling.jpg,Bingsu/Human_Action_Recognition,calling,1,0,0,0,0,0,0,0,0,0,0,0,0,0,0,0,1,0,0,0
data/external/actions/human_action_recognition/test/000471_calling.jpg,Bingsu/Human_Action_Recognition,calling,1,0,0,0,0,0,0,0,0,0,0,0,0,0,0,0,1,0,0,0
data/external/actions/human_action_recognition/test/000472_calling.jpg,Bingsu/Human_Action_Recognition,calling,1,0,0,0,0,0,0,0,0,0,0,0,0,0,0,0,1,0,0,0
data/external/actions/human_action_recognition/test/000473_calling.jpg,Bingsu/Human_Action_Recognition,calling,1,0,0,0,0,0,0,0,0,0,0,0,0,0,0,0,1,0,0,0
data/external/actions/human_action_recognition/test/000474_calling.jpg,Bingsu/Human_Action_Recognition,calling,1,0,0,0,0,0,0,0,0,0,0,0,0,0,0,0,1,0,0,0
data/external/actions/human_action_recognition/test/000475_calling.jpg,Bingsu/Human_Action_Recognition,calling,1,0,0,0,0,0,0,0,0,0,0,0,0,0,0,0,1,0,0,0
data/external/actions/human_action_recognition/test/000476_calling.jpg,Bingsu/Human_Action_Recognition,calling,1,0,0,0,0,0,0,0,0,0,0,0,0,0,0,0,1,0,0,0
data/external/actions/human_action_recognition/test/000477_calling.jpg,Bingsu/Human_Action_Recognition,calling,1,0,0,0,0,0,0,0,0,0,0,0,0,0,0,0,1,0,0,0
data/external/actions/human_action_recognition/test/000478_calling.jpg,Bingsu/Human_Action_Recognition,calling,1,0,0,0,0,0,0,0,0,0,0,0,0,0,0,0,1,0,0,0
data/external/actions/human_action_recognition/test/000479_calling.jpg,Bingsu/Human_Action_Recognition,calling,1,0,0,0,0,0,0,0,0,0,0,0,0,0,0,0,1,0,0,0
data/external/actions/human_action_recognition/test/000480_calling.jpg,Bingsu/Human_Action_Recognition,calling,1,0,0,0,0,0,0,0,0,0,0,0,0,0,0,0,1,0,0,0
data/external/actions/human_action_recognition/test/000481_calling.jpg,Bingsu/Human_Action_Recognition,calling,1,0,0,0,0,0,0,0,0,0,0,0,0,0,0,0,1,0,0,0
data/external/actions/human_action_recognition/test/000482_calling.jpg,Bingsu/Human_Action_Recognition,calling,1,0,0,0,0,0,0,0,0,0,0,0,0,0,0,0,1,0,0,0
data/external/actions/human_action_recognition/test/000483_calling.jpg,Bingsu/Human_Action_Recognition,calling,1,0,0,0,0,0,0,0,0,0,0,0,0,0,0,0,1,0,0,0
data/external/actions/human_action_recognition/test/000484_calling.jpg,Bingsu/Human_Action_Recognition,calling,1,0,0,0,0,0,0,0,0,0,0,0,0,0,0,0,1,0,0,0
data/external/actions/human_action_recognition/test/000485_calling.jpg,Bingsu/Human_Action_Recognition,calling,1,0,0,0,0,0,0,0,0,0,0,0,0,0,0,0,1,0,0,0
data/external/actions/human_action_recognition/test/000486_calling.jpg,Bingsu/Human_Action_Recognition,calling,1,0,0,0,0,0,0,0,0,0,0,0,0,0,0,0,1,0,0,0
data/external/actions/human_action_recognition/test/000487_calling.jpg,Bingsu/Human_Action_Recognition,calling,1,0,0,0,0,0,0,0,0,0,0,0,0,0,0,0,1,0,0,0
data/external/actions/human_action_recognition/test/000488_calling.jpg,Bingsu/Human_Action_Recognition,calling,1,0,0,0,0,0,0,0,0,0,0,0,0,0,0,0,1,0,0,0
data/external/actions/human_action_recognition/test/000489_calling.jpg,Bingsu/Human_Action_Recognition,calling,1,0,0,0,0,0,0,0,0,0,0,0,0,0,0,0,1,0,0,0
data/external/actions/human_action_recognition/test/000490_calling.jpg,Bingsu/Human_Action_Recognition,calling,1,0,0,0,0,0,0,0,0,0,0,0,0,0,0,0,1,0,0,0
data/external/actions/human_action_recognition/test/000491_calling.jpg,Bingsu/Human_Action_Recognition,calling,1,0,0,0,0,0,0,0,0,0,0,0,0,0,0,0,1,0,0,0
data/external/actions/human_action_recognition/test/000492_calling.jpg,Bingsu/Human_Action_Recognition,calling,1,0,0,0,0,0,0,0,0,0,0,0,0,0,0,0,1,0,0,0
data/external/actions/human_action_recognition/test/000493_calling.jpg,Bingsu/Human_Action_Recognition,calling,1,0,0,0,0,0,0,0,0,0,0,0,0,0,0,0,1,0,0,0
data/external/actions/human_action_recognition/test/000494_calling.jpg,Bingsu/Human_Action_Recognition,calling,1,0,0,0,0,0,0,0,0,0,0,0,0,0,0,0,1,0,0,0
data/external/actions/human_action_recognition/test/000495_calling.jpg,Bingsu/Human_Action_Recognition,calling,1,0,0,0,0,0,0,0,0,0,0,0,0,0,0,0,1,0,0,0
data/external/actions/human_action_recognition/test/000496_calling.jpg,Bingsu/Human_Action_Recognition,calling,1,0,0,0,0,0,0,0,0,0,0,0,0,0,0,0,1,0,0,0
data/external/actions/human_action_recognition/test/000497_calling.jpg,Bingsu/Human_Action_Recognition,calling,1,0,0,0,0,0,0,0,0,0,0,0,0,0,0,0,1,0,0,0
data/external/actions/human_action_recognition/test/000498_calling.jpg,Bingsu/Human_Action_Recognition,calling,1,0,0,0,0,0,0,0,0,0,0,0,0,0,0,0,1,0,0,0
data/external/actions/human_action_recognition/test/000499_calling.jpg,Bingsu/Human_Action_Recognition,calling,1,0,0,0,0,0,0,0,0,0,0,0,0,0,0,0,1,0,0,0
data/external/actions/human_action_recognition/test/000500_calling.jpg,Bingsu/Human_Action_Recognition,calling,1,0,0,0,0,0,0,0,0,0,0,0,0,0,0,0,1,0,0,0
data/external/actions/human_action_recognition/test/000501_calling.jpg,Bingsu/Human_Action_Recognition,calling,1,0,0,0,0,0,0,0,0,0,0,0,0,0,0,0,1,0,0,0
data/external/actions/human_action_recognition/test/000502_calling.jpg,Bingsu/Human_Action_Recognition,calling,1,0,0,0,0,0,0,0,0,0,0,0,0,0,0,0,1,0,0,0
data/external/actions/human_action_recognition/test/000503_calling.jpg,Bingsu/Human_Action_Recognition,calling,1,0,0,0,0,0,0,0,0,0,0,0,0,0,0,0,1,0,0,0
data/external/actions/human_action_recognition/test/000504_calling.jpg,Bingsu/Human_Action_Recognition,calling,1,0,0,0,0,0,0,0,0,0,0,0,0,0,0,0,1,0,0,0
data/external/actions/human_action_recognition/test/000505_calling.jpg,Bingsu/Human_Action_Recognition,calling,1,0,0,0,0,0,0,0,0,0,0,0,0,0,0,0,1,0,0,0
data/external/actions/human_action_recognition/test/000506_calling.jpg,Bingsu/Human_Action_Recognition,calling,1,0,0,0,0,0,0,0,0,0,0,0,0,0,0,0,1,0,0,0
data/external/actions/human_action_recognition/test/000507_calling.jpg,Bingsu/Human_Action_Recognition,calling,1,0,0,0,0,0,0,0,0,0,0,0,0,0,0,0,1,0,0,0
data/external/actions/human_action_recognition/test/000508_calling.jpg,Bingsu/Human_Action_Recognition,calling,1,0,0,0,0,0,0,0,0,0,0,0,0,0,0,0,1,0,0,0
data/external/actions/human_action_recognition/test/000509_calling.jpg,Bingsu/Human_Action_Recognition,calling,1,0,0,0,0,0,0,0,0,0,0,0,0,0,0,0,1,0,0,0
data/external/actions/human_action_recognition/test/000510_calling.jpg,Bingsu/Human_Action_Recognition,calling,1,0,0,0,0,0,0,0,0,0,0,0,0,0,0,0,1,0,0,0
data/external/actions/human_action_recognition/test/000511_calling.jpg,Bingsu/Human_Action_Recognition,calling,1,0,0,0,0,0,0,0,0,0,0,0,0,0,0,0,1,0,0,0
data/external/actions/human_action_recognition/test/000512_calling.jpg,Bingsu/Human_Action_Recognition,calling,1,0,0,0,0,0,0,0,0,0,0,0,0,0,0,0,1,0,0,0
data/external/actions/human_action_recognition/test/000513_calling.jpg,Bingsu/Human_Action_Recognition,calling,1,0,0,0,0,0,0,0,0,0,0,0,0,0,0,0,1,0,0,0
data/external/actions/human_action_recognition/test/000514_calling.jpg,Bingsu/Human_Action_Recognition,calling,1,0,0,0,0,0,0,0,0,0,0,0,0,0,0,0,1,0,0,0
data/external/actions/human_action_recognition/test/000515_calling.jpg,Bingsu/Human_Action_Recognition,calling,1,0,0,0,0,0,0,0,0,0,0,0,0,0,0,0,1,0,0,0
data/external/actions/human_action_recognition/test/000516_calling.jpg,Bingsu/Human_Action_Recognition,calling,1,0,0,0,0,0,0,0,0,0,0,0,0,0,0,0,1,0,0,0
data/external/actions/human_action_recognition/test/000517_calling.jpg,Bingsu/Human_Action_Recognition,calling,1,0,0,0,0,0,0,0,0,0,0,0,0,0,0,0,1,0,0,0
data/external/actions/human_action_recognition/test/000518_calling.jpg,Bingsu/Human_Action_Recognition,calling,1,0,0,0,0,0,0,0,0,0,0,0,0,0,0,0,1,0,0,0
data/external/actions/human_action_recognition/test/000519_calling.jpg,Bingsu/Human_Action_Recognition,calling,1,0,0,0,0,0,0,0,0,0,0,0,0,0,0,0,1,0,0,0
data/external/actions/human_action_recognition/test/000520_calling.jpg,Bingsu/Human_Action_Recognition,calling,1,0,0,0,0,0,0,0,0,0,0,0,0,0,0,0,1,0,0,0
data/external/actions/human_action_recognition/test/000521_calling.jpg,Bingsu/Human_Action_Recognition,calling,1,0,0,0,0,0,0,0,0,0,0,0,0,0,0,0,1,0,0,0
data/external/actions/human_action_recognition/test/000522_calling.jpg,Bingsu/Human_Action_Recognition,calling,1,0,0,0,0,0,0,0,0,0,0,0,0,0,0,0,1,0,0,0
data/external/actions/human_action_recognition/test/000523_calling.jpg,Bingsu/Human_Action_Recognition,calling,1,0,0,0,0,0,0,0,0,0,0,0,0,0,0,0,1,0,0,0
data/external/actions/human_action_recognition/test/000524_calling.jpg,Bingsu/Human_Action_Recognition,calling,1,0,0,0,0,0,0,0,0,0,0,0,0,0,0,0,1,0,0,0
data/external/actions/human_action_recognition/test/000525_calling.jpg,Bingsu/Human_Action_Recognition,calling,1,0,0,0,0,0,0,0,0,0,0,0,0,0,0,0,1,0,0,0
data/external/actions/human_action_recognition/test/000526_calling.jpg,Bingsu/Human_Action_Recognition,calling,1,0,0,0,0,0,0,0,0,0,0,0,0,0,0,0,1,0,0,0
data/external/actions/human_action_recognition/test/000527_calling.jpg,Bingsu/Human_Action_Recognition,calling,1,0,0,0,0,0,0,0,0,0,0,0,0,0,0,0,1,0,0,0
data/external/actions/human_action_recognition/test/000528_calling.jpg,Bingsu/Human_Action_Recognition,calling,1,0,0,0,0,0,0,0,0,0,0,0,0,0,0,0,1,0,0,0
data/external/actions/human_action_recognition/test/000529_calling.jpg,Bingsu/Human_Action_Recognition,calling,1,0,0,0,0,0,0,0,0,0,0,0,0,0,0,0,1,0,0,0
data/external/actions/human_action_recognition/test/000530_calling.jpg,Bingsu/Human_Action_Recognition,calling,1,0,0,0,0,0,0,0,0,0,0,0,0,0,0,0,1,0,0,0
data/external/actions/human_action_recognition/test/000531_calling.jpg,Bingsu/Human_Action_Recognition,calling,1,0,0,0,0,0,0,0,0,0,0,0,0,0,0,0,1,0,0,0
data/external/actions/human_action_recognition/test/000532_calling.jpg,Bingsu/Human_Action_Recognition,calling,1,0,0,0,0,0,0,0,0,0,0,0,0,0,0,0,1,0,0,0
data/external/actions/human_action_recognition/test/000533_calling.jpg,Bingsu/Human_Action_Recognition,calling,1,0,0,0,0,0,0,0,0,0,0,0,0,0,0,0,1,0,0,0
data/external/actions/human_action_recognition/test/000534_calling.jpg,Bingsu/Human_Action_Recognition,calling,1,0,0,0,0,0,0,0,0,0,0,0,0,0,0,0,1,0,0,0
data/external/actions/human_action_recognition/test/000535_calling.jpg,Bingsu/Human_Action_Recognition,calling,1,0,0,0,0,0,0,0,0,0,0,0,0,0,0,0,1,0,0,0
data/external/actions/human_action_recognition/test/000536_calling.jpg,Bingsu/Human_Action_Recognition,calling,1,0,0,0,0,0,0,0,0,0,0,0,0,0,0,0,1,0,0,0
data/external/actions/human_action_recognition/test/000537_calling.jpg,Bingsu/Human_Action_Recognition,calling,1,0,0,0,0,0,0,0,0,0,0,0,0,0,0,0,1,0,0,0
data/external/actions/human_action_recognition/test/000538_calling.jpg,Bingsu/Human_Action_Recognition,calling,1,0,0,0,0,0,0,0,0,0,0,0,0,0,0,0,1,0,0,0
data/external/actions/human_action_recognition/test/000539_calling.jpg,Bingsu/Human_Action_Recognition,calling,1,0,0,0,0,0,0,0,0,0,0,0,0,0,0,0,1,0,0,0
data/external/actions/human_action_recognition/test/000540_calling.jpg,Bingsu/Human_Action_Recognition,calling,1,0,0,0,0,0,0,0,0,0,0,0,0,0,0,0,1,0,0,0
data/external/actions/human_action_recognition/test/000541_calling.jpg,Bingsu/Human_Action_Recognition,calling,1,0,0,0,0,0,0,0,0,0,0,0,0,0,0,0,1,0,0,0
data/external/actions/human_action_recognition/test/000542_calling.jpg,Bingsu/Human_Action_Recognition,calling,1,0,0,0,0,0,0,0,0,0,0,0,0,0,0,0,1,0,0,0
data/external/actions/human_action_recognition/test/000543_calling.jpg,Bingsu/Human_Action_Recognition,calling,1,0,0,0,0,0,0,0,0,0,0,0,0,0,0,0,1,0,0,0
data/external/actions/human_action_recognition/test/000544_calling.jpg,Bingsu/Human_Action_Recognition,calling,1,0,0,0,0,0,0,0,0,0,0,0,0,0,0,0,1,0,0,0
data/external/actions/human_action_recognition/test/000545_calling.jpg,Bingsu/Human_Action_Recognition,calling,1,0,0,0,0,0,0,0,0,0,0,0,0,0,0,0,1,0,0,0
data/external/actions/human_action_recognition/test/000546_calling.jpg,Bingsu/Human_Action_Recognition,calling,1,0,0,0,0,0,0,0,0,0,0,0,0,0,0,0,1,0,0,0
data/external/actions/human_action_recognition/test/000547_calling.jpg,Bingsu/Human_Action_Recognition,calling,1,0,0,0,0,0,0,0,0,0,0,0,0,0,0,0,1,0,0,0
data/external/actions/human_action_recognition/test/000548_calling.jpg,Bingsu/Human_Action_Recognition,calling,1,0,0,0,0,0,0,0,0,0,0,0,0,0,0,0,1,0,0,0
data/external/actions/human_action_recognition/test/000549_calling.jpg,Bingsu/Human_Action_Recognition,calling,1,0,0,0,0,0,0,0,0,0,0,0,0,0,0,0,1,0,0,0
data/external/actions/human_action_recognition/test/000550_calling.jpg,Bingsu/Human_Action_Recognition,calling,1,0,0,0,0,0,0,0,0,0,0,0,0,0,0,0,1,0,0,0
data/external/actions/human_action_recognition/test/000551_calling.jpg,Bingsu/Human_Action_Recognition,calling,1,0,0,0,0,0,0,0,0,0,0,0,0,0,0,0,1,0,0,0
data/external/actions/human_action_recognition/test/000552_calling.jpg,Bingsu/Human_Action_Recognition,calling,1,0,0,0,0,0,0,0,0,0,0,0,0,0,0,0,1,0,0,0
data/external/actions/human_action_recognition/test/000553_calling.jpg,Bingsu/Human_Action_Recognition,calling,1,0,0,0,0,0,0,0,0,0,0,0,0,0,0,0,1,0,0,0
data/external/actions/human_action_recognition/test/000554_calling.jpg,Bingsu/Human_Action_Recognition,calling,1,0,0,0,0,0,0,0,0,0,0,0,0,0,0,0,1,0,0,0
data/external/actions/human_action_recognition/test/000555_calling.jpg,Bingsu/Human_Action_Recognition,calling,1,0,0,0,0,0,0,0,0,0,0,0,0,0,0,0,1,0,0,0
data/external/actions/human_action_recognition/test/000556_calling.jpg,Bingsu/Human_Action_Recognition,calling,1,0,0,0,0,0,0,0,0,0,0,0,0,0,0,0,1,0,0,0
data/external/actions/human_action_recognition/test/000557_calling.jpg,Bingsu/Human_Action_Recognition,calling,1,0,0,0,0,0,0,0,0,0,0,0,0,0,0,0,1,0,0,0
data/external/actions/human_action_recognition/test/000558_calling.jpg,Bingsu/Human_Action_Recognition,calling,1,0,0,0,0,0,0,0,0,0,0,0,0,0,0,0,1,0,0,0
data/external/actions/human_action_recognition/test/000559_calling.jpg,Bingsu/Human_Action_Recognition,calling,1,0,0,0,0,0,0,0,0,0,0,0,0,0,0,0,1,0,0,0
data/external/actions/human_action_recognition/test/000560_calling.jpg,Bingsu/Human_Action_Recognition,calling,1,0,0,0,0,0,0,0,0,0,0,0,0,0,0,0,1,0,0,0
data/external/actions/human_action_recognition/test/000561_calling.jpg,Bingsu/Human_Action_Recognition,calling,1,0,0,0,0,0,0,0,0,0,0,0,0,0,0,0,1,0,0,0
data/external/actions/human_action_recognition/test/000562_calling.jpg,Bingsu/Human_Action_Recognition,calling,1,0,0,0,0,0,0,0,0,0,0,0,0,0,0,0,1,0,0,0
data/external/actions/human_action_recognition/test/000563_calling.jpg,Bingsu/Human_Action_Recognition,calling,1,0,0,0,0,0,0,0,0,0,0,0,0,0,0,0,1,0,0,0
data/external/actions/human_action_recognition/test/000564_calling.jpg,Bingsu/Human_Action_Recognition,calling,1,0,0,0,0,0,0,0,0,0,0,0,0,0,0,0,1,0,0,0
data/external/actions/human_action_recognition/test/000565_calling.jpg,Bingsu/Human_Action_Recognition,calling,1,0,0,0,0,0,0,0,0,0,0,0,0,0,0,0,1,0,0,0
data/external/actions/human_action_recognition/test/000566_calling.jpg,Bingsu/Human_Action_Recognition,calling,1,0,0,0,0,0,0,0,0,0,0,0,0,0,0,0,1,0,0,0
data/external/actions/human_action_recognition/test/000567_calling.jpg,Bingsu/Human_Action_Recognition,calling,1,0,0,0,0,0,0,0,0,0,0,0,0,0,0,0,1,0,0,0
data/external/actions/human_action_recognition/test/000568_calling.jpg,Bingsu/Human_Action_Recognition,calling,1,0,0,0,0,0,0,0,0,0,0,0,0,0,0,0,1,0,0,0
data/external/actions/human_action_recognition/test/000569_calling.jpg,Bingsu/Human_Action_Recognition,calling,1,0,0,0,0,0,0,0,0,0,0,0,0,0,0,0,1,0,0,0
data/external/actions/human_action_recognition/test/000570_calling.jpg,Bingsu/Human_Action_Recognition,calling,1,0,0,0,0,0,0,0,0,0,0,0,0,0,0,0,1,0,0,0
data/external/actions/human_action_recognition/test/000571_calling.jpg,Bingsu/Human_Action_Recognition,calling,1,0,0,0,0,0,0,0,0,0,0,0,0,0,0,0,1,0,0,0
data/external/actions/human_action_recognition/test/000572_calling.jpg,Bingsu/Human_Action_Recognition,calling,1,0,0,0,0,0,0,0,0,0,0,0,0,0,0,0,1,0,0,0
data/external/actions/human_action_recognition/test/000573_calling.jpg,Bingsu/Human_Action_Recognition,calling,1,0,0,0,0,0,0,0,0,0,0,0,0,0,0,0,1,0,0,0
data/external/actions/human_action_recognition/test/000574_calling.jpg,Bingsu/Human_Action_Recognition,calling,1,0,0,0,0,0,0,0,0,0,0,0,0,0,0,0,1,0,0,0
data/external/actions/human_action_recognition/test/000575_calling.jpg,Bingsu/Human_Action_Recognition,calling,1,0,0,0,0,0,0,0,0,0,0,0,0,0,0,0,1,0,0,0
data/external/actions/human_action_recognition/test/000576_calling.jpg,Bingsu/Human_Action_Recognition,calling,1,0,0,0,0,0,0,0,0,0,0,0,0,0,0,0,1,0,0,0
data/external/actions/human_action_recognition/test/000577_calling.jpg,Bingsu/Human_Action_Recognition,calling,1,0,0,0,0,0,0,0,0,0,0,0,0,0,0,0,1,0,0,0
data/external/actions/human_action_recognition/test/000578_calling.jpg,Bingsu/Human_Action_Recognition,calling,1,0,0,0,0,0,0,0,0,0,0,0,0,0,0,0,1,0,0,0
data/external/actions/human_action_recognition/test/000579_calling.jpg,Bingsu/Human_Action_Recognition,calling,1,0,0,0,0,0,0,0,0,0,0,0,0,0,0,0,1,0,0,0
data/external/actions/human_action_recognition/test/000580_calling.jpg,Bingsu/Human_Action_Recognition,calling,1,0,0,0,0,0,0,0,0,0,0,0,0,0,0,0,1,0,0,0
data/external/actions/human_action_recognition/test/000581_calling.jpg,Bingsu/Human_Action_Recognition,calling,1,0,0,0,0,0,0,0,0,0,0,0,0,0,0,0,1,0,0,0
data/external/actions/human_action_recognition/test/000582_calling.jpg,Bingsu/Human_Action_Recognition,calling,1,0,0,0,0,0,0,0,0,0,0,0,0,0,0,0,1,0,0,0
data/external/actions/human_action_recognition/test/000583_calling.jpg,Bingsu/Human_Action_Recognition,calling,1,0,0,0,0,0,0,0,0,0,0,0,0,0,0,0,1,0,0,0
data/external/actions/human_action_recognition/test/000584_calling.jpg,Bingsu/Human_Action_Recognition,calling,1,0,0,0,0,0,0,0,0,0,0,0,0,0,0,0,1,0,0,0
data/external/actions/human_action_recognition/test/000585_calling.jpg,Bingsu/Human_Action_Recognition,calling,1,0,0,0,0,0,0,0,0,0,0,0,0,0,0,0,1,0,0,0
data/external/actions/human_action_recognition/test/000586_calling.jpg,Bingsu/Human_Action_Recognition,calling,1,0,0,0,0,0,0,0,0,0,0,0,0,0,0,0,1,0,0,0
data/external/actions/human_action_recognition/test/000587_calling.jpg,Bingsu/Human_Action_Recognition,calling,1,0,0,0,0,0,0,0,0,0,0,0,0,0,0,0,1,0,0,0
data/external/actions/human_action_recognition/test/000588_calling.jpg,Bingsu/Human_Action_Recognition,calling,1,0,0,0,0,0,0,0,0,0,0,0,0,0,0,0,1,0,0,0
data/external/actions/human_action_recognition/test/000589_calling.jpg,Bingsu/Human_Action_Recognition,calling,1,0,0,0,0,0,0,0,0,0,0,0,0,0,0,0,1,0,0,0
data/external/actions/human_action_recognition/test/000590_calling.jpg,Bingsu/Human_Action_Recognition,calling,1,0,0,0,0,0,0,0,0,0,0,0,0,0,0,0,1,0,0,0
data/external/actions/human_action_recognition/test/000591_calling.jpg,Bingsu/Human_Action_Recognition,calling,1,0,0,0,0,0,0,0,0,0,0,0,0,0,0,0,1,0,0,0
data/external/actions/human_action_recognition/test/000592_calling.jpg,Bingsu/Human_Action_Recognition,calling,1,0,0,0,0,0,0,0,0,0,0,0,0,0,0,0,1,0,0,0
data/external/actions/human_action_recognition/test/000593_calling.jpg,Bingsu/Human_Action_Recognition,calling,1,0,0,0,0,0,0,0,0,0,0,0,0,0,0,0,1,0,0,0
data/external/actions/human_action_recognition/test/000594_calling.jpg,Bingsu/Human_Action_Recognition,calling,1,0,0,0,0,0,0,0,0,0,0,0,0,0,0,0,1,0,0,0
data/external/actions/human_action_recognition/test/000595_calling.jpg,Bingsu/Human_Action_Recognition,calling,1,0,0,0,0,0,0,0,0,0,0,0,0,0,0,0,1,0,0,0
data/external/actions/human_action_recognition/test/000596_calling.jpg,Bingsu/Human_Action_Recognition,calling,1,0,0,0,0,0,0,0,0,0,0,0,0,0,0,0,1,0,0,0
data/external/actions/human_action_recognition/test/000597_calling.jpg,Bingsu/Human_Action_Recognition,calling,1,0,0,0,0,0,0,0,0,0,0,0,0,0,0,0,1,0,0,0
data/external/actions/human_action_recognition/test/000598_calling.jpg,Bingsu/Human_Action_Recognition,calling,1,0,0,0,0,0,0,0,0,0,0,0,0,0,0,0,1,0,0,0
data/external/actions/human_action_recognition/test/000599_calling.jpg,Bingsu/Human_Action_Recognition,calling,1,0,0,0,0,0,0,0,0,0,0,0,0,0,0,0,1,0,0,0
data/external/actions/human_action_recognition/test/000600_calling.jpg,Bingsu/Human_Action_Recognition,calling,1,0,0,0,0,0,0,0,0,0,0,0,0,0,0,0,1,0,0,0
data/external/actions/human_action_recognition/test/000601_calling.jpg,Bingsu/Human_Action_Recognition,calling,1,0,0,0,0,0,0,0,0,0,0,0,0,0,0,0,1,0,0,0
data/external/actions/human_action_recognition/test/000602_calling.jpg,Bingsu/Human_Action_Recognition,calling,1,0,0,0,0,0,0,0,0,0,0,0,0,0,0,0,1,0,0,0
data/external/actions/human_action_recognition/test/000603_calling.jpg,Bingsu/Human_Action_Recognition,calling,1,0,0,0,0,0,0,0,0,0,0,0,0,0,0,0,1,0,0,0
data/external/actions/human_action_recognition/test/000604_calling.jpg,Bingsu/Human_Action_Recognition,calling,1,0,0,0,0,0,0,0,0,0,0,0,0,0,0,0,1,0,0,0
data/external/actions/human_action_recognition/test/000605_calling.jpg,Bingsu/Human_Action_Recognition,calling,1,0,0,0,0,0,0,0,0,0,0,0,0,0,0,0,1,0,0,0
data/external/actions/human_action_recognition/test/000606_calling.jpg,Bingsu/Human_Action_Recognition,calling,1,0,0,0,0,0,0,0,0,0,0,0,0,0,0,0,1,0,0,0
data/external/actions/human_action_recognition/test/000607_calling.jpg,Bingsu/Human_Action_Recognition,calling,1,0,0,0,0,0,0,0,0,0,0,0,0,0,0,0,1,0,0,0
data/external/actions/human_action_recognition/test/000608_calling.jpg,Bingsu/Human_Action_Recognition,calling,1,0,0,0,0,0,0,0,0,0,0,0,0,0,0,0,1,0,0,0
data/external/actions/human_action_recognition/test/000609_calling.jpg,Bingsu/Human_Action_Recognition,calling,1,0,0,0,0,0,0,0,0,0,0,0,0,0,0,0,1,0,0,0
data/external/actions/human_action_recognition/test/000610_calling.jpg,Bingsu/Human_Action_Recognition,calling,1,0,0,0,0,0,0,0,0,0,0,0,0,0,0,0,1,0,0,0
data/external/actions/human_action_recognition/test/000611_calling.jpg,Bingsu/Human_Action_Recognition,calling,1,0,0,0,0,0,0,0,0,0,0,0,0,0,0,0,1,0,0,0
data/external/actions/human_action_recognition/test/000612_calling.jpg,Bingsu/Human_Action_Recognition,calling,1,0,0,0,0,0,0,0,0,0,0,0,0,0,0,0,1,0,0,0
data/external/actions/human_action_recognition/test/000613_calling.jpg,Bingsu/Human_Action_Recognition,calling,1,0,0,0,0,0,0,0,0,0,0,0,0,0,0,0,1,0,0,0
data/external/actions/human_action_recognition/test/000614_calling.jpg,Bingsu/Human_Action_Recognition,calling,1,0,0,0,0,0,0,0,0,0,0,0,0,0,0,0,1,0,0,0
data/external/actions/human_action_recognition/test/000615_calling.jpg,Bingsu/Human_Action_Recognition,calling,1,0,0,0,0,0,0,0,0,0,0,0,0,0,0,0,1,0,0,0
data/external/actions/human_action_recognition/test/000616_calling.jpg,Bingsu/Human_Action_Recognition,calling,1,0,0,0,0,0,0,0,0,0,0,0,0,0,0,0,1,0,0,0
data/external/actions/human_action_recognition/test/000617_calling.jpg,Bingsu/Human_Action_Recognition,calling,1,0,0,0,0,0,0,0,0,0,0,0,0,0,0,0,1,0,0,0
data/external/actions/human_action_recognition/test/000618_calling.jpg,Bingsu/Human_Action_Recognition,calling,1,0,0,0,0,0,0,0,0,0,0,0,0,0,0,0,1,0,0,0
data/external/actions/human_action_recognition/test/000619_calling.jpg,Bingsu/Human_Action_Recognition,calling,1,0,0,0,0,0,0,0,0,0,0,0,0,0,0,0,1,0,0,0
data/external/actions/human_action_recognition/test/000620_calling.jpg,Bingsu/Human_Action_Recognition,calling,1,0,0,0,0,0,0,0,0,0,0,0,0,0,0,0,1,0,0,0
data/external/actions/human_action_recognition/test/000621_calling.jpg,Bingsu/Human_Action_Recognition,calling,1,0,0,0,0,0,0,0,0,0,0,0,0,0,0,0,1,0,0,0
data/external/actions/human_action_recognition/test/000622_calling.jpg,Bingsu/Human_Action_Recognition,calling,1,0,0,0,0,0,0,0,0,0,0,0,0,0,0,0,1,0,0,0
data/external/actions/human_action_recognition/test/000623_calling.jpg,Bingsu/Human_Action_Recognition,calling,1,0,0,0,0,0,0,0,0,0,0,0,0,0,0,0,1,0,0,0
data/external/actions/human_action_recognition/test/000624_calling.jpg,Bingsu/Human_Action_Recognition,calling,1,0,0,0,0,0,0,0,0,0,0,0,0,0,0,0,1,0,0,0
data/external/actions/human_action_recognition/test/000625_calling.jpg,Bingsu/Human_Action_Recognition,calling,1,0,0,0,0,0,0,0,0,0,0,0,0,0,0,0,1,0,0,0
data/external/actions/human_action_recognition/test/000626_calling.jpg,Bingsu/Human_Action_Recognition,calling,1,0,0,0,0,0,0,0,0,0,0,0,0,0,0,0,1,0,0,0
data/external/actions/human_action_recognition/test/000627_calling.jpg,Bingsu/Human_Action_Recognition,calling,1,0,0,0,0,0,0,0,0,0,0,0,0,0,0,0,1,0,0,0
data/external/actions/human_action_recognition/test/000628_calling.jpg,Bingsu/Human_Action_Recognition,calling,1,0,0,0,0,0,0,0,0,0,0,0,0,0,0,0,1,0,0,0
data/external/actions/human_action_recognition/test/000629_calling.jpg,Bingsu/Human_Action_Recognition,calling,1,0,0,0,0,0,0,0,0,0,0,0,0,0,0,0,1,0,0,0
data/external/actions/human_action_recognition/test/000630_calling.jpg,Bingsu/Human_Action_Recognition,calling,1,0,0,0,0,0,0,0,0,0,0,0,0,0,0,0,1,0,0,0
data/external/actions/human_action_recognition/test/000631_calling.jpg,Bingsu/Human_Action_Recognition,calling,1,0,0,0,0,0,0,0,0,0,0,0,0,0,0,0,1,0,0,0
data/external/actions/human_action_recognition/test/000632_calling.jpg,Bingsu/Human_Action_Recognition,calling,1,0,0,0,0,0,0,0,0,0,0,0,0,0,0,0,1,0,0,0
data/external/actions/human_action_recognition/test/000633_calling.jpg,Bingsu/Human_Action_Recognition,calling,1,0,0,0,0,0,0,0,0,0,0,0,0,0,0,0,1,0,0,0
data/external/actions/human_action_recognition/test/000634_calling.jpg,Bingsu/Human_Action_Recognition,calling,1,0,0,0,0,0,0,0,0,0,0,0,0,0,0,0,1,0,0,0
data/external/actions/human_action_recognition/test/000635_calling.jpg,Bingsu/Human_Action_Recognition,calling,1,0,0,0,0,0,0,0,0,0,0,0,0,0,0,0,1,0,0,0
data/external/actions/human_action_recognition/test/000636_calling.jpg,Bingsu/Human_Action_Recognition,calling,1,0,0,0,0,0,0,0,0,0,0,0,0,0,0,0,1,0,0,0
data/external/actions/human_action_recognition/test/000637_calling.jpg,Bingsu/Human_Action_Recognition,calling,1,0,0,0,0,0,0,0,0,0,0,0,0,0,0,0,1,0,0,0
data/external/actions/human_action_recognition/test/000638_calling.jpg,Bingsu/Human_Action_Recognition,calling,1,0,0,0,0,0,0,0,0,0,0,0,0,0,0,0,1,0,0,0
data/external/actions/human_action_recognition/test/000639_calling.jpg,Bingsu/Human_Action_Recognition,calling,1,0,0,0,0,0,0,0,0,0,0,0,0,0,0,0,1,0,0,0
data/external/actions/human_action_recognition/test/000640_calling.jpg,Bingsu/Human_Action_Recognition,calling,1,0,0,0,0,0,0,0,0,0,0,0,0,0,0,0,1,0,0,0
data/external/actions/human_action_recognition/test/000641_calling.jpg,Bingsu/Human_Action_Recognition,calling,1,0,0,0,0,0,0,0,0,0,0,0,0,0,0,0,1,0,0,0
data/external/actions/human_action_recognition/test/000642_calling.jpg,Bingsu/Human_Action_Recognition,calling,1,0,0,0,0,0,0,0,0,0,0,0,0,0,0,0,1,0,0,0
data/external/actions/human_action_recognition/test/000643_calling.jpg,Bingsu/Human_Action_Recognition,calling,1,0,0,0,0,0,0,0,0,0,0,0,0,0,0,0,1,0,0,0
data/external/actions/human_action_recognition/test/000644_calling.jpg,Bingsu/Human_Action_Recognition,calling,1,0,0,0,0,0,0,0,0,0,0,0,0,0,0,0,1,0,0,0
data/external/actions/human_action_recognition/test/000645_calling.jpg,Bingsu/Human_Action_Recognition,calling,1,0,0,0,0,0,0,0,0,0,0,0,0,0,0,0,1,0,0,0
data/external/actions/human_action_recognition/test/000646_calling.jpg,Bingsu/Human_Action_Recognition,calling,1,0,0,0,0,0,0,0,0,0,0,0,0,0,0,0,1,0,0,0
data/external/actions/human_action_recognition/test/000647_calling.jpg,Bingsu/Human_Action_Recognition,calling,1,0,0,0,0,0,0,0,0,0,0,0,0,0,0,0,1,0,0,0
data/external/actions/human_action_recognition/test/000648_calling.jpg,Bingsu/Human_Action_Recognition,calling,1,0,0,0,0,0,0,0,0,0,0,0,0,0,0,0,1,0,0,0
data/external/actions/human_action_recognition/test/000649_calling.jpg,Bingsu/Human_Action_Recognition,calling,1,0,0,0,0,0,0,0,0,0,0,0,0,0,0,0,1,0,0,0
data/external/actions/human_action_recognition/test/000650_calling.jpg,Bingsu/Human_Action_Recognition,calling,1,0,0,0,0,0,0,0,0,0,0,0,0,0,0,0,1,0,0,0
data/external/actions/human_action_recognition/test/000651_calling.jpg,Bingsu/Human_Action_Recognition,calling,1,0,0,0,0,0,0,0,0,0,0,0,0,0,0,0,1,0,0,0
data/external/actions/human_action_recognition/test/000652_calling.jpg,Bingsu/Human_Action_Recognition,calling,1,0,0,0,0,0,0,0,0,0,0,0,0,0,0,0,1,0,0,0
data/external/actions/human_action_recognition/test/000653_calling.jpg,Bingsu/Human_Action_Recognition,calling,1,0,0,0,0,0,0,0,0,0,0,0,0,0,0,0,1,0,0,0
data/external/actions/human_action_recognition/test/000654_calling.jpg,Bingsu/Human_Action_Recognition,calling,1,0,0,0,0,0,0,0,0,0,0,0,0,0,0,0,1,0,0,0
data/external/actions/human_action_recognition/test/000655_calling.jpg,Bingsu/Human_Action_Recognition,calling,1,0,0,0,0,0,0,0,0,0,0,0,0,0,0,0,1,0,0,0
data/external/actions/human_action_recognition/test/000656_calling.jpg,Bingsu/Human_Action_Recognition,calling,1,0,0,0,0,0,0,0,0,0,0,0,0,0,0,0,1,0,0,0
data/external/actions/human_action_recognition/test/000657_calling.jpg,Bingsu/Human_Action_Recognition,calling,1,0,0,0,0,0,0,0,0,0,0,0,0,0,0,0,1,0,0,0
data/external/actions/human_action_recognition/test/000658_calling.jpg,Bingsu/Human_Action_Recognition,calling,1,0,0,0,0,0,0,0,0,0,0,0,0,0,0,0,1,0,0,0
data/external/actions/human_action_recognition/test/000659_calling.jpg,Bingsu/Human_Action_Recognition,calling,1,0,0,0,0,0,0,0,0,0,0,0,0,0,0,0,1,0,0,0
data/external/actions/human_action_recognition/test/000660_calling.jpg,Bingsu/Human_Action_Recognition,calling,1,0,0,0,0,0,0,0,0,0,0,0,0,0,0,0,1,0,0,0
data/external/actions/human_action_recognition/test/000661_calling.jpg,Bingsu/Human_Action_Recognition,calling,1,0,0,0,0,0,0,0,0,0,0,0,0,0,0,0,1,0,0,0
data/external/actions/human_action_recognition/test/000662_calling.jpg,Bingsu/Human_Action_Recognition,calling,1,0,0,0,0,0,0,0,0,0,0,0,0,0,0,0,1,0,0,0
data/external/actions/human_action_recognition/test/000663_calling.jpg,Bingsu/Human_Action_Recognition,calling,1,0,0,0,0,0,0,0,0,0,0,0,0,0,0,0,1,0,0,0
data/external/actions/human_action_recognition/test/000664_calling.jpg,Bingsu/Human_Action_Recognition,calling,1,0,0,0,0,0,0,0,0,0,0,0,0,0,0,0,1,0,0,0
data/external/actions/human_action_recognition/test/000665_calling.jpg,Bingsu/Human_Action_Recognition,calling,1,0,0,0,0,0,0,0,0,0,0,0,0,0,0,0,1,0,0,0
data/external/actions/human_action_recognition/test/000666_calling.jpg,Bingsu/Human_Action_Recognition,calling,1,0,0,0,0,0,0,0,0,0,0,0,0,0,0,0,1,0,0,0
data/external/actions/human_action_recognition/test/000667_calling.jpg,Bingsu/Human_Action_Recognition,calling,1,0,0,0,0,0,0,0,0,0,0,0,0,0,0,0,1,0,0,0
data/external/actions/human_action_recognition/test/000668_calling.jpg,Bingsu/Human_Action_Recognition,calling,1,0,0,0,0,0,0,0,0,0,0,0,0,0,0,0,1,0,0,0
data/external/actions/human_action_recognition/test/000669_calling.jpg,Bingsu/Human_Action_Recognition,calling,1,0,0,0,0,0,0,0,0,0,0,0,0,0,0,0,1,0,0,0
data/external/actions/human_action_recognition/test/000670_calling.jpg,Bingsu/Human_Action_Recognition,calling,1,0,0,0,0,0,0,0,0,0,0,0,0,0,0,0,1,0,0,0
data/external/actions/human_action_recognition/test/000671_calling.jpg,Bingsu/Human_Action_Recognition,calling,1,0,0,0,0,0,0,0,0,0,0,0,0,0,0,0,1,0,0,0
data/external/actions/human_action_recognition/test/000672_calling.jpg,Bingsu/Human_Action_Recognition,calling,1,0,0,0,0,0,0,0,0,0,0,0,0,0,0,0,1,0,0,0
data/external/actions/human_action_recognition/test/000673_calling.jpg,Bingsu/Human_Action_Recognition,calling,1,0,0,0,0,0,0,0,0,0,0,0,0,0,0,0,1,0,0,0
data/external/actions/human_action_recognition/test/000674_calling.jpg,Bingsu/Human_Action_Recognition,calling,1,0,0,0,0,0,0,0,0,0,0,0,0,0,0,0,1,0,0,0
data/external/actions/human_action_recognition/test/000675_calling.jpg,Bingsu/Human_Action_Recognition,calling,1,0,0,0,0,0,0,0,0,0,0,0,0,0,0,0,1,0,0,0
data/external/actions/human_action_recognition/test/000676_calling.jpg,Bingsu/Human_Action_Recognition,calling,1,0,0,0,0,0,0,0,0,0,0,0,0,0,0,0,1,0,0,0
data/external/actions/human_action_recognition/test/000677_calling.jpg,Bingsu/Human_Action_Recognition,calling,1,0,0,0,0,0,0,0,0,0,0,0,0,0,0,0,1,0,0,0
data/external/actions/human_action_recognition/test/000678_calling.jpg,Bingsu/Human_Action_Recognition,calling,1,0,0,0,0,0,0,0,0,0,0,0,0,0,0,0,1,0,0,0
data/external/actions/human_action_recognition/test/000679_calling.jpg,Bingsu/Human_Action_Recognition,calling,1,0,0,0,0,0,0,0,0,0,0,0,0,0,0,0,1,0,0,0
data/external/actions/human_action_recognition/test/000680_calling.jpg,Bingsu/Human_Action_Recognition,calling,1,0,0,0,0,0,0,0,0,0,0,0,0,0,0,0,1,0,0,0
data/external/actions/human_action_recognition/test/000681_calling.jpg,Bingsu/Human_Action_Recognition,calling,1,0,0,0,0,0,0,0,0,0,0,0,0,0,0,0,1,0,0,0
data/external/actions/human_action_recognition/test/000682_calling.jpg,Bingsu/Human_Action_Recognition,calling,1,0,0,0,0,0,0,0,0,0,0,0,0,0,0,0,1,0,0,0
data/external/actions/human_action_recognition/test/000683_calling.jpg,Bingsu/Human_Action_Recognition,calling,1,0,0,0,0,0,0,0,0,0,0,0,0,0,0,0,1,0,0,0
data/external/actions/human_action_recognition/test/000684_calling.jpg,Bingsu/Human_Action_Recognition,calling,1,0,0,0,0,0,0,0,0,0,0,0,0,0,0,0,1,0,0,0
data/external/actions/human_action_recognition/test/000685_calling.jpg,Bingsu/Human_Action_Recognition,calling,1,0,0,0,0,0,0,0,0,0,0,0,0,0,0,0,1,0,0,0
data/external/actions/human_action_recognition/test/000686_calling.jpg,Bingsu/Human_Action_Recognition,calling,1,0,0,0,0,0,0,0,0,0,0,0,0,0,0,0,1,0,0,0
data/external/actions/human_action_recognition/test/000687_calling.jpg,Bingsu/Human_Action_Recognition,calling,1,0,0,0,0,0,0,0,0,0,0,0,0,0,0,0,1,0,0,0
data/external/actions/human_action_recognition/test/000688_calling.jpg,Bingsu/Human_Action_Recognition,calling,1,0,0,0,0,0,0,0,0,0,0,0,0,0,0,0,1,0,0,0
data/external/actions/human_action_recognition/test/000689_calling.jpg,Bingsu/Human_Action_Recognition,calling,1,0,0,0,0,0,0,0,0,0,0,0,0,0,0,0,1,0,0,0
data/external/actions/human_action_recognition/test/000690_calling.jpg,Bingsu/Human_Action_Recognition,calling,1,0,0,0,0,0,0,0,0,0,0,0,0,0,0,0,1,0,0,0
data/external/actions/human_action_recognition/test/000691_calling.jpg,Bingsu/Human_Action_Recognition,calling,1,0,0,0,0,0,0,0,0,0,0,0,0,0,0,0,1,0,0,0
data/external/actions/human_action_recognition/test/000692_calling.jpg,Bingsu/Human_Action_Recognition,calling,1,0,0,0,0,0,0,0,0,0,0,0,0,0,0,0,1,0,0,0
data/external/actions/human_action_recognition/test/000693_calling.jpg,Bingsu/Human_Action_Recognition,calling,1,0,0,0,0,0,0,0,0,0,0,0,0,0,0,0,1,0,0,0
data/external/actions/human_action_recognition/test/000694_calling.jpg,Bingsu/Human_Action_Recognition,calling,1,0,0,0,0,0,0,0,0,0,0,0,0,0,0,0,1,0,0,0
data/external/actions/human_action_recognition/test/000695_calling.jpg,Bingsu/Human_Action_Recognition,calling,1,0,0,0,0,0,0,0,0,0,0,0,0,0,0,0,1,0,0,0
data/external/actions/human_action_recognition/test/000696_calling.jpg,Bingsu/Human_Action_Recognition,calling,1,0,0,0,0,0,0,0,0,0,0,0,0,0,0,0,1,0,0,0
data/external/actions/human_action_recognition/test/000697_calling.jpg,Bingsu/Human_Action_Recognition,calling,1,0,0,0,0,0,0,0,0,0,0,0,0,0,0,0,1,0,0,0
data/external/actions/human_action_recognition/test/000698_calling.jpg,Bingsu/Human_Action_Recognition,calling,1,0,0,0,0,0,0,0,0,0,0,0,0,0,0,0,1,0,0,0
data/external/actions/human_action_recognition/test/000699_calling.jpg,Bingsu/Human_Action_Recognition,calling,1,0,0,0,0,0,0,0,0,0,0,0,0,0,0,0,1,0,0,0
data/external/actions/human_action_recognition/test/000700_calling.jpg,Bingsu/Human_Action_Recognition,calling,1,0,0,0,0,0,0,0,0,0,0,0,0,0,0,0,1,0,0,0
data/external/actions/human_action_recognition/test/000701_calling.jpg,Bingsu/Human_Action_Recognition,calling,1,0,0,0,0,0,0,0,0,0,0,0,0,0,0,0,1,0,0,0
data/external/actions/human_action_recognition/test/000702_calling.jpg,Bingsu/Human_Action_Recognition,calling,1,0,0,0,0,0,0,0,0,0,0,0,0,0,0,0,1,0,0,0
data/external/actions/human_action_recognition/test/000703_calling.jpg,Bingsu/Human_Action_Recognition,calling,1,0,0,0,0,0,0,0,0,0,0,0,0,0,0,0,1,0,0,0
data/external/actions/human_action_recognition/test/000704_calling.jpg,Bingsu/Human_Action_Recognition,calling,1,0,0,0,0,0,0,0,0,0,0,0,0,0,0,0,1,0,0,0
data/external/actions/human_action_recognition/test/000705_calling.jpg,Bingsu/Human_Action_Recognition,calling,1,0,0,0,0,0,0,0,0,0,0,0,0,0,0,0,1,0,0,0
data/external/actions/human_action_recognition/test/000706_calling.jpg,Bingsu/Human_Action_Recognition,calling,1,0,0,0,0,0,0,0,0,0,0,0,0,0,0,0,1,0,0,0
data/external/actions/human_action_recognition/test/000707_calling.jpg,Bingsu/Human_Action_Recognition,calling,1,0,0,0,0,0,0,0,0,0,0,0,0,0,0,0,1,0,0,0
data/external/actions/human_action_recognition/test/000708_calling.jpg,Bingsu/Human_Action_Recognition,calling,1,0,0,0,0,0,0,0,0,0,0,0,0,0,0,0,1,0,0,0
data/external/actions/human_action_recognition/test/000709_calling.jpg,Bingsu/Human_Action_Recognition,calling,1,0,0,0,0,0,0,0,0,0,0,0,0,0,0,0,1,0,0,0
data/external/actions/human_action_recognition/test/000710_calling.jpg,Bingsu/Human_Action_Recognition,calling,1,0,0,0,0,0,0,0,0,0,0,0,0,0,0,0,1,0,0,0
data/external/actions/human_action_recognition/test/000711_calling.jpg,Bingsu/Human_Action_Recognition,calling,1,0,0,0,0,0,0,0,0,0,0,0,0,0,0,0,1,0,0,0
data/external/actions/human_action_recognition/test/000712_calling.jpg,Bingsu/Human_Action_Recognition,calling,1,0,0,0,0,0,0,0,0,0,0,0,0,0,0,0,1,0,0,0
data/external/actions/human_action_recognition/test/000713_calling.jpg,Bingsu/Human_Action_Recognition,calling,1,0,0,0,0,0,0,0,0,0,0,0,0,0,0,0,1,0,0,0
data/external/actions/human_action_recognition/test/000714_calling.jpg,Bingsu/Human_Action_Recognition,calling,1,0,0,0,0,0,0,0,0,0,0,0,0,0,0,0,1,0,0,0
data/external/actions/human_action_recognition/test/000715_calling.jpg,Bingsu/Human_Action_Recognition,calling,1,0,0,0,0,0,0,0,0,0,0,0,0,0,0,0,1,0,0,0
data/external/actions/human_action_recognition/test/000716_calling.jpg,Bingsu/Human_Action_Recognition,calling,1,0,0,0,0,0,0,0,0,0,0,0,0,0,0,0,1,0,0,0
data/external/actions/human_action_recognition/test/000717_calling.jpg,Bingsu/Human_Action_Recognition,calling,1,0,0,0,0,0,0,0,0,0,0,0,0,0,0,0,1,0,0,0
data/external/actions/human_action_recognition/test/000718_calling.jpg,Bingsu/Human_Action_Recognition,calling,1,0,0,0,0,0,0,0,0,0,0,0,0,0,0,0,1,0,0,0
data/external/actions/human_action_recognition/test/000719_calling.jpg,Bingsu/Human_Action_Recognition,calling,1,0,0,0,0,0,0,0,0,0,0,0,0,0,0,0,1,0,0,0
data/external/actions/human_action_recognition/test/000720_calling.jpg,Bingsu/Human_Action_Recognition,calling,1,0,0,0,0,0,0,0,0,0,0,0,0,0,0,0,1,0,0,0
data/external/actions/human_action_recognition/test/000721_calling.jpg,Bingsu/Human_Action_Recognition,calling,1,0,0,0,0,0,0,0,0,0,0,0,0,0,0,0,1,0,0,0
data/external/actions/human_action_recognition/test/000722_calling.jpg,Bingsu/Human_Action_Recognition,calling,1,0,0,0,0,0,0,0,0,0,0,0,0,0,0,0,1,0,0,0
data/external/actions/human_action_recognition/test/000723_calling.jpg,Bingsu/Human_Action_Recognition,calling,1,0,0,0,0,0,0,0,0,0,0,0,0,0,0,0,1,0,0,0
data/external/actions/human_action_recognition/test/000724_calling.jpg,Bingsu/Human_Action_Recognition,calling,1,0,0,0,0,0,0,0,0,0,0,0,0,0,0,0,1,0,0,0
data/external/actions/human_action_recognition/test/000725_calling.jpg,Bingsu/Human_Action_Recognition,calling,1,0,0,0,0,0,0,0,0,0,0,0,0,0,0,0,1,0,0,0
data/external/actions/human_action_recognition/test/000726_calling.jpg,Bingsu/Human_Action_Recognition,calling,1,0,0,0,0,0,0,0,0,0,0,0,0,0,0,0,1,0,0,0
data/external/actions/human_action_recognition/test/000727_calling.jpg,Bingsu/Human_Action_Recognition,calling,1,0,0,0,0,0,0,0,0,0,0,0,0,0,0,0,1,0,0,0
data/external/actions/human_action_recognition/test/000728_calling.jpg,Bingsu/Human_Action_Recognition,calling,1,0,0,0,0,0,0,0,0,0,0,0,0,0,0,0,1,0,0,0
data/external/actions/human_action_recognition/test/000729_calling.jpg,Bingsu/Human_Action_Recognition,calling,1,0,0,0,0,0,0,0,0,0,0,0,0,0,0,0,1,0,0,0
data/external/actions/human_action_recognition/test/000730_calling.jpg,Bingsu/Human_Action_Recognition,calling,1,0,0,0,0,0,0,0,0,0,0,0,0,0,0,0,1,0,0,0
data/external/actions/human_action_recognition/test/000731_calling.jpg,Bingsu/Human_Action_Recognition,calling,1,0,0,0,0,0,0,0,0,0,0,0,0,0,0,0,1,0,0,0
data/external/actions/human_action_recognition/test/000732_calling.jpg,Bingsu/Human_Action_Recognition,calling,1,0,0,0,0,0,0,0,0,0,0,0,0,0,0,0,1,0,0,0
data/external/actions/human_action_recognition/test/000733_calling.jpg,Bingsu/Human_Action_Recognition,calling,1,0,0,0,0,0,0,0,0,0,0,0,0,0,0,0,1,0,0,0
data/external/actions/human_action_recognition/test/000734_calling.jpg,Bingsu/Human_Action_Recognition,calling,1,0,0,0,0,0,0,0,0,0,0,0,0,0,0,0,1,0,0,0
data/external/actions/human_action_recognition/test/000735_calling.jpg,Bingsu/Human_Action_Recognition,calling,1,0,0,0,0,0,0,0,0,0,0,0,0,0,0,0,1,0,0,0
data/external/actions/human_action_recognition/test/000736_calling.jpg,Bingsu/Human_Action_Recognition,calling,1,0,0,0,0,0,0,0,0,0,0,0,0,0,0,0,1,0,0,0
data/external/actions/human_action_recognition/test/000737_calling.jpg,Bingsu/Human_Action_Recognition,calling,1,0,0,0,0,0,0,0,0,0,0,0,0,0,0,0,1,0,0,0
data/external/actions/human_action_recognition/test/000738_calling.jpg,Bingsu/Human_Action_Recognition,calling,1,0,0,0,0,0,0,0,0,0,0,0,0,0,0,0,1,0,0,0
data/external/actions/human_action_recognition/test/000739_calling.jpg,Bingsu/Human_Action_Recognition,calling,1,0,0,0,0,0,0,0,0,0,0,0,0,0,0,0,1,0,0,0
data/external/actions/human_action_recognition/test/000740_calling.jpg,Bingsu/Human_Action_Recognition,calling,1,0,0,0,0,0,0,0,0,0,0,0,0,0,0,0,1,0,0,0
data/external/actions/human_action_recognition/test/000741_calling.jpg,Bingsu/Human_Action_Recognition,calling,1,0,0,0,0,0,0,0,0,0,0,0,0,0,0,0,1,0,0,0
data/external/actions/human_action_recognition/test/000742_calling.jpg,Bingsu/Human_Action_Recognition,calling,1,0,0,0,0,0,0,0,0,0,0,0,0,0,0,0,1,0,0,0
data/external/actions/human_action_recognition/test/000743_calling.jpg,Bingsu/Human_Action_Recognition,calling,1,0,0,0,0,0,0,0,0,0,0,0,0,0,0,0,1,0,0,0
data/external/actions/human_action_recognition/test/000744_calling.jpg,Bingsu/Human_Action_Recognition,calling,1,0,0,0,0,0,0,0,0,0,0,0,0,0,0,0,1,0,0,0
data/external/actions/human_action_recognition/test/000745_calling.jpg,Bingsu/Human_Action_Recognition,calling,1,0,0,0,0,0,0,0,0,0,0,0,0,0,0,0,1,0,0,0
data/external/actions/human_action_recognition/test/000746_calling.jpg,Bingsu/Human_Action_Recognition,calling,1,0,0,0,0,0,0,0,0,0,0,0,0,0,0,0,1,0,0,0
data/external/actions/human_action_recognition/test/000747_calling.jpg,Bingsu/Human_Action_Recognition,calling,1,0,0,0,0,0,0,0,0,0,0,0,0,0,0,0,1,0,0,0
data/external/actions/human_action_recognition/test/000748_calling.jpg,Bingsu/Human_Action_Recognition,calling,1,0,0,0,0,0,0,0,0,0,0,0,0,0,0,0,1,0,0,0
data/external/actions/human_action_recognition/test/000749_calling.jpg,Bingsu/Human_Action_Recognition,calling,1,0,0,0,0,0,0,0,0,0,0,0,0,0,0,0,1,0,0,0
data/external/actions/human_action_recognition/test/000750_calling.jpg,Bingsu/Human_Action_Recognition,calling,1,0,0,0,0,0,0,0,0,0,0,0,0,0,0,0,1,0,0,0
data/external/actions/human_action_recognition/test/000751_calling.jpg,Bingsu/Human_Action_Recognition,calling,1,0,0,0,0,0,0,0,0,0,0,0,0,0,0,0,1,0,0,0
data/external/actions/human_action_recognition/test/000752_calling.jpg,Bingsu/Human_Action_Recognition,calling,1,0,0,0,0,0,0,0,0,0,0,0,0,0,0,0,1,0,0,0
data/external/actions/human_action_recognition/test/000753_calling.jpg,Bingsu/Human_Action_Recognition,calling,1,0,0,0,0,0,0,0,0,0,0,0,0,0,0,0,1,0,0,0
data/external/actions/human_action_recognition/test/000754_calling.jpg,Bingsu/Human_Action_Recognition,calling,1,0,0,0,0,0,0,0,0,0,0,0,0,0,0,0,1,0,0,0
data/external/actions/human_action_recognition/test/000755_calling.jpg,Bingsu/Human_Action_Recognition,calling,1,0,0,0,0,0,0,0,0,0,0,0,0,0,0,0,1,0,0,0
data/external/actions/human_action_recognition/test/000756_calling.jpg,Bingsu/Human_Action_Recognition,calling,1,0,0,0,0,0,0,0,0,0,0,0,0,0,0,0,1,0,0,0
data/external/actions/human_action_recognition/test/000757_calling.jpg,Bingsu/Human_Action_Recognition,calling,1,0,0,0,0,0,0,0,0,0,0,0,0,0,0,0,1,0,0,0
data/external/actions/human_action_recognition/test/000758_calling.jpg,Bingsu/Human_Action_Recognition,calling,1,0,0,0,0,0,0,0,0,0,0,0,0,0,0,0,1,0,0,0
data/external/actions/human_action_recognition/test/000759_calling.jpg,Bingsu/Human_Action_Recognition,calling,1,0,0,0,0,0,0,0,0,0,0,0,0,0,0,0,1,0,0,0
data/external/actions/human_action_recognition/test/000760_calling.jpg,Bingsu/Human_Action_Recognition,calling,1,0,0,0,0,0,0,0,0,0,0,0,0,0,0,0,1,0,0,0
data/external/actions/human_action_recognition/test/000761_calling.jpg,Bingsu/Human_Action_Recognition,calling,1,0,0,0,0,0,0,0,0,0,0,0,0,0,0,0,1,0,0,0
data/external/actions/human_action_recognition/test/000762_calling.jpg,Bingsu/Human_Action_Recognition,calling,1,0,0,0,0,0,0,0,0,0,0,0,0,0,0,0,1,0,0,0
data/external/actions/human_action_recognition/test/000763_calling.jpg,Bingsu/Human_Action_Recognition,calling,1,0,0,0,0,0,0,0,0,0,0,0,0,0,0,0,1,0,0,0
data/external/actions/human_action_recognition/test/000764_calling.jpg,Bingsu/Human_Action_Recognition,calling,1,0,0,0,0,0,0,0,0,0,0,0,0,0,0,0,1,0,0,0
data/external/actions/human_action_recognition/test/000765_calling.jpg,Bingsu/Human_Action_Recognition,calling,1,0,0,0,0,0,0,0,0,0,0,0,0,0,0,0,1,0,0,0
data/external/actions/human_action_recognition/test/000766_calling.jpg,Bingsu/Human_Action_Recognition,calling,1,0,0,0,0,0,0,0,0,0,0,0,0,0,0,0,1,0,0,0
data/external/actions/human_action_recognition/test/000767_calling.jpg,Bingsu/Human_Action_Recognition,calling,1,0,0,0,0,0,0,0,0,0,0,0,0,0,0,0,1,0,0,0
data/external/actions/human_action_recognition/test/000768_calling.jpg,Bingsu/Human_Action_Recognition,calling,1,0,0,0,0,0,0,0,0,0,0,0,0,0,0,0,1,0,0,0
data/external/actions/human_action_recognition/test/000769_calling.jpg,Bingsu/Human_Action_Recognition,calling,1,0,0,0,0,0,0,0,0,0,0,0,0,0,0,0,1,0,0,0
data/external/actions/human_action_recognition/test/000770_calling.jpg,Bingsu/Human_Action_Recognition,calling,1,0,0,0,0,0,0,0,0,0,0,0,0,0,0,0,1,0,0,0
data/external/actions/human_action_recognition/test/000771_calling.jpg,Bingsu/Human_Action_Recognition,calling,1,0,0,0,0,0,0,0,0,0,0,0,0,0,0,0,1,0,0,0
data/external/actions/human_action_recognition/test/000772_calling.jpg,Bingsu/Human_Action_Recognition,calling,1,0,0,0,0,0,0,0,0,0,0,0,0,0,0,0,1,0,0,0
data/external/actions/human_action_recognition/test/000773_calling.jpg,Bingsu/Human_Action_Recognition,calling,1,0,0,0,0,0,0,0,0,0,0,0,0,0,0,0,1,0,0,0
data/external/actions/human_action_recognition/test/000774_calling.jpg,Bingsu/Human_Action_Recognition,calling,1,0,0,0,0,0,0,0,0,0,0,0,0,0,0,0,1,0,0,0
data/external/actions/human_action_recognition/test/000775_calling.jpg,Bingsu/Human_Action_Recognition,calling,1,0,0,0,0,0,0,0,0,0,0,0,0,0,0,0,1,0,0,0
data/external/actions/human_action_recognition/test/000776_calling.jpg,Bingsu/Human_Action_Recognition,calling,1,0,0,0,0,0,0,0,0,0,0,0,0,0,0,0,1,0,0,0
data/external/actions/human_action_recognition/test/000777_calling.jpg,Bingsu/Human_Action_Recognition,calling,1,0,0,0,0,0,0,0,0,0,0,0,0,0,0,0,1,0,0,0
data/external/actions/human_action_recognition/test/000778_calling.jpg,Bingsu/Human_Action_Recognition,calling,1,0,0,0,0,0,0,0,0,0,0,0,0,0,0,0,1,0,0,0
data/external/actions/human_action_recognition/test/000779_calling.jpg,Bingsu/Human_Action_Recognition,calling,1,0,0,0,0,0,0,0,0,0,0,0,0,0,0,0,1,0,0,0
data/external/actions/human_action_recognition/test/000780_calling.jpg,Bingsu/Human_Action_Recognition,calling,1,0,0,0,0,0,0,0,0,0,0,0,0,0,0,0,1,0,0,0
data/external/actions/human_action_recognition/test/000781_calling.jpg,Bingsu/Human_Action_Recognition,calling,1,0,0,0,0,0,0,0,0,0,0,0,0,0,0,0,1,0,0,0
data/external/actions/human_action_recognition/test/000782_calling.jpg,Bingsu/Human_Action_Recognition,calling,1,0,0,0,0,0,0,0,0,0,0,0,0,0,0,0,1,0,0,0
data/external/actions/human_action_recognition/test/000783_calling.jpg,Bingsu/Human_Action_Recognition,calling,1,0,0,0,0,0,0,0,0,0,0,0,0,0,0,0,1,0,0,0
data/external/actions/human_action_recognition/test/000784_calling.jpg,Bingsu/Human_Action_Recognition,calling,1,0,0,0,0,0,0,0,0,0,0,0,0,0,0,0,1,0,0,0
data/external/actions/human_action_recognition/test/000785_calling.jpg,Bingsu/Human_Action_Recognition,calling,1,0,0,0,0,0,0,0,0,0,0,0,0,0,0,0,1,0,0,0
data/external/actions/human_action_recognition/test/000786_calling.jpg,Bingsu/Human_Action_Recognition,calling,1,0,0,0,0,0,0,0,0,0,0,0,0,0,0,0,1,0,0,0
data/external/actions/human_action_recognition/test/000787_calling.jpg,Bingsu/Human_Action_Recognition,calling,1,0,0,0,0,0,0,0,0,0,0,0,0,0,0,0,1,0,0,0
data/external/actions/human_action_recognition/test/000788_calling.jpg,Bingsu/Human_Action_Recognition,calling,1,0,0,0,0,0,0,0,0,0,0,0,0,0,0,0,1,0,0,0
data/external/actions/human_action_recognition/test/000789_calling.jpg,Bingsu/Human_Action_Recognition,calling,1,0,0,0,0,0,0,0,0,0,0,0,0,0,0,0,1,0,0,0
data/external/actions/human_action_recognition/test/000790_calling.jpg,Bingsu/Human_Action_Recognition,calling,1,0,0,0,0,0,0,0,0,0,0,0,0,0,0,0,1,0,0,0
data/external/actions/human_action_recognition/test/000791_calling.jpg,Bingsu/Human_Action_Recognition,calling,1,0,0,0,0,0,0,0,0,0,0,0,0,0,0,0,1,0,0,0
data/external/actions/human_action_recognition/test/000792_calling.jpg,Bingsu/Human_Action_Recognition,calling,1,0,0,0,0,0,0,0,0,0,0,0,0,0,0,0,1,0,0,0
data/external/actions/human_action_recognition/test/000793_calling.jpg,Bingsu/Human_Action_Recognition,calling,1,0,0,0,0,0,0,0,0,0,0,0,0,0,0,0,1,0,0,0
data/external/actions/human_action_recognition/test/000794_calling.jpg,Bingsu/Human_Action_Recognition,calling,1,0,0,0,0,0,0,0,0,0,0,0,0,0,0,0,1,0,0,0
data/external/actions/human_action_recognition/test/000795_calling.jpg,Bingsu/Human_Action_Recognition,calling,1,0,0,0,0,0,0,0,0,0,0,0,0,0,0,0,1,0,0,0
data/external/actions/human_action_recognition/test/000796_calling.jpg,Bingsu/Human_Action_Recognition,calling,1,0,0,0,0,0,0,0,0,0,0,0,0,0,0,0,1,0,0,0
data/external/actions/human_action_recognition/test/000797_calling.jpg,Bingsu/Human_Action_Recognition,calling,1,0,0,0,0,0,0,0,0,0,0,0,0,0,0,0,1,0,0,0
data/external/actions/human_action_recognition/test/000798_calling.jpg,Bingsu/Human_Action_Recognition,calling,1,0,0,0,0,0,0,0,0,0,0,0,0,0,0,0,1,0,0,0
data/external/actions/human_action_recognition/test/000799_calling.jpg,Bingsu/Human_Action_Recognition,calling,1,0,0,0,0,0,0,0,0,0,0,0,0,0,0,0,1,0,0,0
data/external/actions/human_action_recognition/test/000800_calling.jpg,Bingsu/Human_Action_Recognition,calling,1,0,0,0,0,0,0,0,0,0,0,0,0,0,0,0,1,0,0,0
data/external/actions/human_action_recognition/test/000801_calling.jpg,Bingsu/Human_Action_Recognition,calling,1,0,0,0,0,0,0,0,0,0,0,0,0,0,0,0,1,0,0,0
data/external/actions/human_action_recognition/test/000802_calling.jpg,Bingsu/Human_Action_Recognition,calling,1,0,0,0,0,0,0,0,0,0,0,0,0,0,0,0,1,0,0,0
data/external/actions/human_action_recognition/test/000803_calling.jpg,Bingsu/Human_Action_Recognition,calling,1,0,0,0,0,0,0,0,0,0,0,0,0,0,0,0,1,0,0,0
data/external/actions/human_action_recognition/test/000804_calling.jpg,Bingsu/Human_Action_Recognition,calling,1,0,0,0,0,0,0,0,0,0,0,0,0,0,0,0,1,0,0,0
data/external/actions/human_action_recognition/test/000805_calling.jpg,Bingsu/Human_Action_Recognition,calling,1,0,0,0,0,0,0,0,0,0,0,0,0,0,0,0,1,0,0,0
data/external/actions/human_action_recognition/test/000806_calling.jpg,Bingsu/Human_Action_Recognition,calling,1,0,0,0,0,0,0,0,0,0,0,0,0,0,0,0,1,0,0,0
data/external/actions/human_action_recognition/test/000807_calling.jpg,Bingsu/Human_Action_Recognition,calling,1,0,0,0,0,0,0,0,0,0,0,0,0,0,0,0,1,0,0,0
data/external/actions/human_action_recognition/test/000808_calling.jpg,Bingsu/Human_Action_Recognition,calling,1,0,0,0,0,0,0,0,0,0,0,0,0,0,0,0,1,0,0,0
data/external/actions/human_action_recognition/test/000809_calling.jpg,Bingsu/Human_Action_Recognition,calling,1,0,0,0,0,0,0,0,0,0,0,0,0,0,0,0,1,0,0,0
data/external/actions/human_action_recognition/test/000810_calling.jpg,Bingsu/Human_Action_Recognition,calling,1,0,0,0,0,0,0,0,0,0,0,0,0,0,0,0,1,0,0,0
data/external/actions/human_action_recognition/test/000811_calling.jpg,Bingsu/Human_Action_Recognition,calling,1,0,0,0,0,0,0,0,0,0,0,0,0,0,0,0,1,0,0,0
data/external/actions/human_action_recognition/test/000812_calling.jpg,Bingsu/Human_Action_Recognition,calling,1,0,0,0,0,0,0,0,0,0,0,0,0,0,0,0,1,0,0,0
data/external/actions/human_action_recognition/test/000813_calling.jpg,Bingsu/Human_Action_Recognition,calling,1,0,0,0,0,0,0,0,0,0,0,0,0,0,0,0,1,0,0,0
data/external/actions/human_action_recognition/test/000814_calling.jpg,Bingsu/Human_Action_Recognition,calling,1,0,0,0,0,0,0,0,0,0,0,0,0,0,0,0,1,0,0,0
data/external/actions/human_action_recognition/test/000815_calling.jpg,Bingsu/Human_Action_Recognition,calling,1,0,0,0,0,0,0,0,0,0,0,0,0,0,0,0,1,0,0,0
data/external/actions/human_action_recognition/test/000816_calling.jpg,Bingsu/Human_Action_Recognition,calling,1,0,0,0,0,0,0,0,0,0,0,0,0,0,0,0,1,0,0,0
data/external/actions/human_action_recognition/test/000817_calling.jpg,Bingsu/Human_Action_Recognition,calling,1,0,0,0,0,0,0,0,0,0,0,0,0,0,0,0,1,0,0,0
data/external/actions/human_action_recognition/test/000818_calling.jpg,Bingsu/Human_Action_Recognition,calling,1,0,0,0,0,0,0,0,0,0,0,0,0,0,0,0,1,0,0,0
data/external/actions/human_action_recognition/test/000819_calling.jpg,Bingsu/Human_Action_Recognition,calling,1,0,0,0,0,0,0,0,0,0,0,0,0,0,0,0,1,0,0,0
data/external/actions/human_action_recognition/test/000820_calling.jpg,Bingsu/Human_Action_Recognition,calling,1,0,0,0,0,0,0,0,0,0,0,0,0,0,0,0,1,0,0,0
data/external/actions/human_action_recognition/test/000821_calling.jpg,Bingsu/Human_Action_Recognition,calling,1,0,0,0,0,0,0,0,0,0,0,0,0,0,0,0,1,0,0,0
data/external/actions/human_action_recognition/test/000822_calling.jpg,Bingsu/Human_Action_Recognition,calling,1,0,0,0,0,0,0,0,0,0,0,0,0,0,0,0,1,0,0,0
data/external/actions/human_action_recognition/test/000823_calling.jpg,Bingsu/Human_Action_Recognition,calling,1,0,0,0,0,0,0,0,0,0,0,0,0,0,0,0,1,0,0,0
data/external/actions/human_action_recognition/test/000824_calling.jpg,Bingsu/Human_Action_Recognition,calling,1,0,0,0,0,0,0,0,0,0,0,0,0,0,0,0,1,0,0,0
data/external/actions/human_action_recognition/test/000825_calling.jpg,Bingsu/Human_Action_Recognition,calling,1,0,0,0,0,0,0,0,0,0,0,0,0,0,0,0,1,0,0,0
data/external/actions/human_action_recognition/test/000826_calling.jpg,Bingsu/Human_Action_Recognition,calling,1,0,0,0,0,0,0,0,0,0,0,0,0,0,0,0,1,0,0,0
data/external/actions/human_action_recognition/test/000827_calling.jpg,Bingsu/Human_Action_Recognition,calling,1,0,0,0,0,0,0,0,0,0,0,0,0,0,0,0,1,0,0,0
data/external/actions/human_action_recognition/test/000828_calling.jpg,Bingsu/Human_Action_Recognition,calling,1,0,0,0,0,0,0,0,0,0,0,0,0,0,0,0,1,0,0,0
data/external/actions/human_action_recognition/test/000829_calling.jpg,Bingsu/Human_Action_Recognition,calling,1,0,0,0,0,0,0,0,0,0,0,0,0,0,0,0,1,0,0,0
data/external/actions/human_action_recognition/test/000830_calling.jpg,Bingsu/Human_Action_Recognition,calling,1,0,0,0,0,0,0,0,0,0,0,0,0,0,0,0,1,0,0,0
data/external/actions/human_action_recognition/test/000831_calling.jpg,Bingsu/Human_Action_Recognition,calling,1,0,0,0,0,0,0,0,0,0,0,0,0,0,0,0,1,0,0,0
data/external/actions/human_action_recognition/test/000832_calling.jpg,Bingsu/Human_Action_Recognition,calling,1,0,0,0,0,0,0,0,0,0,0,0,0,0,0,0,1,0,0,0
data/external/actions/human_action_recognition/test/000833_calling.jpg,Bingsu/Human_Action_Recognition,calling,1,0,0,0,0,0,0,0,0,0,0,0,0,0,0,0,1,0,0,0
data/external/actions/human_action_recognition/test/000834_calling.jpg,Bingsu/Human_Action_Recognition,calling,1,0,0,0,0,0,0,0,0,0,0,0,0,0,0,0,1,0,0,0
data/external/actions/human_action_recognition/test/000835_calling.jpg,Bingsu/Human_Action_Recognition,calling,1,0,0,0,0,0,0,0,0,0,0,0,0,0,0,0,1,0,0,0
data/external/actions/human_action_recognition/test/000836_calling.jpg,Bingsu/Human_Action_Recognition,calling,1,0,0,0,0,0,0,0,0,0,0,0,0,0,0,0,1,0,0,0
data/external/actions/human_action_recognition/test/000837_calling.jpg,Bingsu/Human_Action_Recognition,calling,1,0,0,0,0,0,0,0,0,0,0,0,0,0,0,0,1,0,0,0
data/external/actions/human_action_recognition/test/000838_calling.jpg,Bingsu/Human_Action_Recognition,calling,1,0,0,0,0,0,0,0,0,0,0,0,0,0,0,0,1,0,0,0
data/external/actions/human_action_recognition/test/000839_calling.jpg,Bingsu/Human_Action_Recognition,calling,1,0,0,0,0,0,0,0,0,0,0,0,0,0,0,0,1,0,0,0
data/external/actions/human_action_recognition/test/000840_calling.jpg,Bingsu/Human_Action_Recognition,calling,1,0,0,0,0,0,0,0,0,0,0,0,0,0,0,0,1,0,0,0
data/external/actions/human_action_recognition/test/000841_calling.jpg,Bingsu/Human_Action_Recognition,calling,1,0,0,0,0,0,0,0,0,0,0,0,0,0,0,0,1,0,0,0
data/external/actions/human_action_recognition/test/000842_calling.jpg,Bingsu/Human_Action_Recognition,calling,1,0,0,0,0,0,0,0,0,0,0,0,0,0,0,0,1,0,0,0
data/external/actions/human_action_recognition/test/000843_calling.jpg,Bingsu/Human_Action_Recognition,calling,1,0,0,0,0,0,0,0,0,0,0,0,0,0,0,0,1,0,0,0
data/external/actions/human_action_recognition/test/000844_calling.jpg,Bingsu/Human_Action_Recognition,calling,1,0,0,0,0,0,0,0,0,0,0,0,0,0,0,0,1,0,0,0
data/external/actions/human_action_recognition/test/000845_calling.jpg,Bingsu/Human_Action_Recognition,calling,1,0,0,0,0,0,0,0,0,0,0,0,0,0,0,0,1,0,0,0
data/external/actions/human_action_recognition/test/000846_calling.jpg,Bingsu/Human_Action_Recognition,calling,1,0,0,0,0,0,0,0,0,0,0,0,0,0,0,0,1,0,0,0
data/external/actions/human_action_recognition/test/000847_calling.jpg,Bingsu/Human_Action_Recognition,calling,1,0,0,0,0,0,0,0,0,0,0,0,0,0,0,0,1,0,0,0
data/external/actions/human_action_recognition/test/000848_calling.jpg,Bingsu/Human_Action_Recognition,calling,1,0,0,0,0,0,0,0,0,0,0,0,0,0,0,0,1,0,0,0
data/external/actions/human_action_recognition/test/000849_calling.jpg,Bingsu/Human_Action_Recognition,calling,1,0,0,0,0,0,0,0,0,0,0,0,0,0,0,0,1,0,0,0
data/external/actions/human_action_recognition/test/000850_calling.jpg,Bingsu/Human_Action_Recognition,calling,1,0,0,0,0,0,0,0,0,0,0,0,0,0,0,0,1,0,0,0
data/external/actions/human_action_recognition/test/000851_calling.jpg,Bingsu/Human_Action_Recognition,calling,1,0,0,0,0,0,0,0,0,0,0,0,0,0,0,0,1,0,0,0
data/external/actions/human_action_recognition/test/000852_calling.jpg,Bingsu/Human_Action_Recognition,calling,1,0,0,0,0,0,0,0,0,0,0,0,0,0,0,0,1,0,0,0
data/external/actions/human_action_recognition/test/000853_calling.jpg,Bingsu/Human_Action_Recognition,calling,1,0,0,0,0,0,0,0,0,0,0,0,0,0,0,0,1,0,0,0
data/external/actions/human_action_recognition/test/000854_calling.jpg,Bingsu/Human_Action_Recognition,calling,1,0,0,0,0,0,0,0,0,0,0,0,0,0,0,0,1,0,0,0
data/external/actions/human_action_recognition/test/000855_calling.jpg,Bingsu/Human_Action_Recognition,calling,1,0,0,0,0,0,0,0,0,0,0,0,0,0,0,0,1,0,0,0
data/external/actions/human_action_recognition/test/000856_calling.jpg,Bingsu/Human_Action_Recognition,calling,1,0,0,0,0,0,0,0,0,0,0,0,0,0,0,0,1,0,0,0
data/external/actions/human_action_recognition/test/000857_calling.jpg,Bingsu/Human_Action_Recognition,calling,1,0,0,0,0,0,0,0,0,0,0,0,0,0,0,0,1,0,0,0
data/external/actions/human_action_recognition/test/000858_calling.jpg,Bingsu/Human_Action_Recognition,calling,1,0,0,0,0,0,0,0,0,0,0,0,0,0,0,0,1,0,0,0
data/external/actions/human_action_recognition/test/000859_calling.jpg,Bingsu/Human_Action_Recognition,calling,1,0,0,0,0,0,0,0,0,0,0,0,0,0,0,0,1,0,0,0
data/external/actions/human_action_recognition/test/000860_calling.jpg,Bingsu/Human_Action_Recognition,calling,1,0,0,0,0,0,0,0,0,0,0,0,0,0,0,0,1,0,0,0
data/external/actions/human_action_recognition/test/000861_calling.jpg,Bingsu/Human_Action_Recognition,calling,1,0,0,0,0,0,0,0,0,0,0,0,0,0,0,0,1,0,0,0
data/external/actions/human_action_recognition/test/000862_calling.jpg,Bingsu/Human_Action_Recognition,calling,1,0,0,0,0,0,0,0,0,0,0,0,0,0,0,0,1,0,0,0
data/external/actions/human_action_recognition/test/000863_calling.jpg,Bingsu/Human_Action_Recognition,calling,1,0,0,0,0,0,0,0,0,0,0,0,0,0,0,0,1,0,0,0
data/external/actions/human_action_recognition/test/000864_calling.jpg,Bingsu/Human_Action_Recognition,calling,1,0,0,0,0,0,0,0,0,0,0,0,0,0,0,0,1,0,0,0
data/external/actions/human_action_recognition/test/000865_calling.jpg,Bingsu/Human_Action_Recognition,calling,1,0,0,0,0,0,0,0,0,0,0,0,0,0,0,0,1,0,0,0
data/external/actions/human_action_recognition/test/000866_calling.jpg,Bingsu/Human_Action_Recognition,calling,1,0,0,0,0,0,0,0,0,0,0,0,0,0,0,0,1,0,0,0
data/external/actions/human_action_recognition/test/000867_calling.jpg,Bingsu/Human_Action_Recognition,calling,1,0,0,0,0,0,0,0,0,0,0,0,0,0,0,0,1,0,0,0
data/external/actions/human_action_recognition/test/000868_calling.jpg,Bingsu/Human_Action_Recognition,calling,1,0,0,0,0,0,0,0,0,0,0,0,0,0,0,0,1,0,0,0
data/external/actions/human_action_recognition/test/000869_calling.jpg,Bingsu/Human_Action_Recognition,calling,1,0,0,0,0,0,0,0,0,0,0,0,0,0,0,0,1,0,0,0
data/external/actions/human_action_recognition/test/000870_calling.jpg,Bingsu/Human_Action_Recognition,calling,1,0,0,0,0,0,0,0,0,0,0,0,0,0,0,0,1,0,0,0
data/external/actions/human_action_recognition/test/000871_calling.jpg,Bingsu/Human_Action_Recognition,calling,1,0,0,0,0,0,0,0,0,0,0,0,0,0,0,0,1,0,0,0
data/external/actions/human_action_recognition/test/000872_calling.jpg,Bingsu/Human_Action_Recognition,calling,1,0,0,0,0,0,0,0,0,0,0,0,0,0,0,0,1,0,0,0
data/external/actions/human_action_recognition/test/000873_calling.jpg,Bingsu/Human_Action_Recognition,calling,1,0,0,0,0,0,0,0,0,0,0,0,0,0,0,0,1,0,0,0
data/external/actions/human_action_recognition/test/000874_calling.jpg,Bingsu/Human_Action_Recognition,calling,1,0,0,0,0,0,0,0,0,0,0,0,0,0,0,0,1,0,0,0
data/external/actions/human_action_recognition/test/000875_calling.jpg,Bingsu/Human_Action_Recognition,calling,1,0,0,0,0,0,0,0,0,0,0,0,0,0,0,0,1,0,0,0
data/external/actions/human_action_recognition/test/000876_calling.jpg,Bingsu/Human_Action_Recognition,calling,1,0,0,0,0,0,0,0,0,0,0,0,0,0,0,0,1,0,0,0
data/external/actions/human_action_recognition/test/000877_calling.jpg,Bingsu/Human_Action_Recognition,calling,1,0,0,0,0,0,0,0,0,0,0,0,0,0,0,0,1,0,0,0
data/external/actions/human_action_recognition/test/000878_calling.jpg,Bingsu/Human_Action_Recognition,calling,1,0,0,0,0,0,0,0,0,0,0,0,0,0,0,0,1,0,0,0
data/external/actions/human_action_recognition/test/000879_calling.jpg,Bingsu/Human_Action_Recognition,calling,1,0,0,0,0,0,0,0,0,0,0,0,0,0,0,0,1,0,0,0
data/external/actions/human_action_recognition/test/000880_calling.jpg,Bingsu/Human_Action_Recognition,calling,1,0,0,0,0,0,0,0,0,0,0,0,0,0,0,0,1,0,0,0
data/external/actions/human_action_recognition/test/000881_calling.jpg,Bingsu/Human_Action_Recognition,calling,1,0,0,0,0,0,0,0,0,0,0,0,0,0,0,0,1,0,0,0
data/external/actions/human_action_recognition/test/000882_calling.jpg,Bingsu/Human_Action_Recognition,calling,1,0,0,0,0,0,0,0,0,0,0,0,0,0,0,0,1,0,0,0
data/external/actions/human_action_recognition/test/000883_calling.jpg,Bingsu/Human_Action_Recognition,calling,1,0,0,0,0,0,0,0,0,0,0,0,0,0,0,0,1,0,0,0
data/external/actions/human_action_recognition/test/000884_calling.jpg,Bingsu/Human_Action_Recognition,calling,1,0,0,0,0,0,0,0,0,0,0,0,0,0,0,0,1,0,0,0
data/external/actions/human_action_recognition/test/000885_calling.jpg,Bingsu/Human_Action_Recognition,calling,1,0,0,0,0,0,0,0,0,0,0,0,0,0,0,0,1,0,0,0
data/external/actions/human_action_recognition/test/000886_calling.jpg,Bingsu/Human_Action_Recognition,calling,1,0,0,0,0,0,0,0,0,0,0,0,0,0,0,0,1,0,0,0
data/external/actions/human_action_recognition/test/000887_calling.jpg,Bingsu/Human_Action_Recognition,calling,1,0,0,0,0,0,0,0,0,0,0,0,0,0,0,0,1,0,0,0
data/external/actions/human_action_recognition/test/000888_calling.jpg,Bingsu/Human_Action_Recognition,calling,1,0,0,0,0,0,0,0,0,0,0,0,0,0,0,0,1,0,0,0
data/external/actions/human_action_recognition/test/000889_calling.jpg,Bingsu/Human_Action_Recognition,calling,1,0,0,0,0,0,0,0,0,0,0,0,0,0,0,0,1,0,0,0
data/external/actions/human_action_recognition/test/000890_calling.jpg,Bingsu/Human_Action_Recognition,calling,1,0,0,0,0,0,0,0,0,0,0,0,0,0,0,0,1,0,0,0
data/external/actions/human_action_recognition/test/000891_calling.jpg,Bingsu/Human_Action_Recognition,calling,1,0,0,0,0,0,0,0,0,0,0,0,0,0,0,0,1,0,0,0
data/external/actions/human_action_recognition/test/000892_calling.jpg,Bingsu/Human_Action_Recognition,calling,1,0,0,0,0,0,0,0,0,0,0,0,0,0,0,0,1,0,0,0
data/external/actions/human_action_recognition/test/000893_calling.jpg,Bingsu/Human_Action_Recognition,calling,1,0,0,0,0,0,0,0,0,0,0,0,0,0,0,0,1,0,0,0
data/external/actions/human_action_recognition/test/000894_calling.jpg,Bingsu/Human_Action_Recognition,calling,1,0,0,0,0,0,0,0,0,0,0,0,0,0,0,0,1,0,0,0
data/external/actions/human_action_recognition/test/000895_calling.jpg,Bingsu/Human_Action_Recognition,calling,1,0,0,0,0,0,0,0,0,0,0,0,0,0,0,0,1,0,0,0
data/external/actions/human_action_recognition/test/000896_calling.jpg,Bingsu/Human_Action_Recognition,calling,1,0,0,0,0,0,0,0,0,0,0,0,0,0,0,0,1,0,0,0
data/external/actions/human_action_recognition/test/000897_calling.jpg,Bingsu/Human_Action_Recognition,calling,1,0,0,0,0,0,0,0,0,0,0,0,0,0,0,0,1,0,0,0
data/external/actions/human_action_recognition/test/000898_calling.jpg,Bingsu/Human_Action_Recognition,calling,1,0,0,0,0,0,0,0,0,0,0,0,0,0,0,0,1,0,0,0
data/external/actions/human_action_recognition/test/000899_calling.jpg,Bingsu/Human_Action_Recognition,calling,1,0,0,0,0,0,0,0,0,0,0,0,0,0,0,0,1,0,0,0
data/external/actions/human_action_recognition/test/000900_calling.jpg,Bingsu/Human_Action_Recognition,calling,1,0,0,0,0,0,0,0,0,0,0,0,0,0,0,0,1,0,0,0
data/external/actions/human_action_recognition/test/000901_calling.jpg,Bingsu/Human_Action_Recognition,calling,1,0,0,0,0,0,0,0,0,0,0,0,0,0,0,0,1,0,0,0
data/external/actions/human_action_recognition/test/000902_calling.jpg,Bingsu/Human_Action_Recognition,calling,1,0,0,0,0,0,0,0,0,0,0,0,0,0,0,0,1,0,0,0
data/external/actions/human_action_recognition/test/000903_calling.jpg,Bingsu/Human_Action_Recognition,calling,1,0,0,0,0,0,0,0,0,0,0,0,0,0,0,0,1,0,0,0
data/external/actions/human_action_recognition/test/000904_calling.jpg,Bingsu/Human_Action_Recognition,calling,1,0,0,0,0,0,0,0,0,0,0,0,0,0,0,0,1,0,0,0
data/external/actions/human_action_recognition/test/000905_calling.jpg,Bingsu/Human_Action_Recognition,calling,1,0,0,0,0,0,0,0,0,0,0,0,0,0,0,0,1,0,0,0
data/external/actions/human_action_recognition/test/000906_calling.jpg,Bingsu/Human_Action_Recognition,calling,1,0,0,0,0,0,0,0,0,0,0,0,0,0,0,0,1,0,0,0
data/external/actions/human_action_recognition/test/000907_calling.jpg,Bingsu/Human_Action_Recognition,calling,1,0,0,0,0,0,0,0,0,0,0,0,0,0,0,0,1,0,0,0
data/external/actions/human_action_recognition/test/000908_calling.jpg,Bingsu/Human_Action_Recognition,calling,1,0,0,0,0,0,0,0,0,0,0,0,0,0,0,0,1,0,0,0
data/external/actions/human_action_recognition/test/000909_calling.jpg,Bingsu/Human_Action_Recognition,calling,1,0,0,0,0,0,0,0,0,0,0,0,0,0,0,0,1,0,0,0
data/external/actions/human_action_recognition/test/000910_calling.jpg,Bingsu/Human_Action_Recognition,calling,1,0,0,0,0,0,0,0,0,0,0,0,0,0,0,0,1,0,0,0
data/external/actions/human_action_recognition/test/000911_calling.jpg,Bingsu/Human_Action_Recognition,calling,1,0,0,0,0,0,0,0,0,0,0,0,0,0,0,0,1,0,0,0
data/external/actions/human_action_recognition/test/000912_calling.jpg,Bingsu/Human_Action_Recognition,calling,1,0,0,0,0,0,0,0,0,0,0,0,0,0,0,0,1,0,0,0
data/external/actions/human_action_recognition/test/000913_calling.jpg,Bingsu/Human_Action_Recognition,calling,1,0,0,0,0,0,0,0,0,0,0,0,0,0,0,0,1,0,0,0
data/external/actions/human_action_recognition/test/000914_calling.jpg,Bingsu/Human_Action_Recognition,calling,1,0,0,0,0,0,0,0,0,0,0,0,0,0,0,0,1,0,0,0
data/external/actions/human_action_recognition/test/000915_calling.jpg,Bingsu/Human_Action_Recognition,calling,1,0,0,0,0,0,0,0,0,0,0,0,0,0,0,0,1,0,0,0
data/external/actions/human_action_recognition/test/000916_calling.jpg,Bingsu/Human_Action_Recognition,calling,1,0,0,0,0,0,0,0,0,0,0,0,0,0,0,0,1,0,0,0
data/external/actions/human_action_recognition/test/000917_calling.jpg,Bingsu/Human_Action_Recognition,calling,1,0,0,0,0,0,0,0,0,0,0,0,0,0,0,0,1,0,0,0
data/external/actions/human_action_recognition/test/000918_calling.jpg,Bingsu/Human_Action_Recognition,calling,1,0,0,0,0,0,0,0,0,0,0,0,0,0,0,0,1,0,0,0
data/external/actions/human_action_recognition/test/000919_calling.jpg,Bingsu/Human_Action_Recognition,calling,1,0,0,0,0,0,0,0,0,0,0,0,0,0,0,0,1,0,0,0
data/external/actions/human_action_recognition/test/000920_calling.jpg,Bingsu/Human_Action_Recognition,calling,1,0,0,0,0,0,0,0,0,0,0,0,0,0,0,0,1,0,0,0
data/external/actions/human_action_recognition/test/000921_calling.jpg,Bingsu/Human_Action_Recognition,calling,1,0,0,0,0,0,0,0,0,0,0,0,0,0,0,0,1,0,0,0
data/external/actions/human_action_recognition/test/000922_calling.jpg,Bingsu/Human_Action_Recognition,calling,1,0,0,0,0,0,0,0,0,0,0,0,0,0,0,0,1,0,0,0
data/external/actions/human_action_recognition/test/000923_calling.jpg,Bingsu/Human_Action_Recognition,calling,1,0,0,0,0,0,0,0,0,0,0,0,0,0,0,0,1,0,0,0
data/external/actions/human_action_recognition/test/000924_calling.jpg,Bingsu/Human_Action_Recognition,calling,1,0,0,0,0,0,0,0,0,0,0,0,0,0,0,0,1,0,0,0
data/external/actions/human_action_recognition/test/000925_calling.jpg,Bingsu/Human_Action_Recognition,calling,1,0,0,0,0,0,0,0,0,0,0,0,0,0,0,0,1,0,0,0
data/external/actions/human_action_recognition/test/000926_calling.jpg,Bingsu/Human_Action_Recognition,calling,1,0,0,0,0,0,0,0,0,0,0,0,0,0,0,0,1,0,0,0
data/external/actions/human_action_recognition/test/000927_calling.jpg,Bingsu/Human_Action_Recognition,calling,1,0,0,0,0,0,0,0,0,0,0,0,0,0,0,0,1,0,0,0
data/external/actions/human_action_recognition/test/000928_calling.jpg,Bingsu/Human_Action_Recognition,calling,1,0,0,0,0,0,0,0,0,0,0,0,0,0,0,0,1,0,0,0
data/external/actions/human_action_recognition/test/000929_calling.jpg,Bingsu/Human_Action_Recognition,calling,1,0,0,0,0,0,0,0,0,0,0,0,0,0,0,0,1,0,0,0
data/external/actions/human_action_recognition/test/000930_calling.jpg,Bingsu/Human_Action_Recognition,calling,1,0,0,0,0,0,0,0,0,0,0,0,0,0,0,0,1,0,0,0
data/external/actions/human_action_recognition/test/000931_calling.jpg,Bingsu/Human_Action_Recognition,calling,1,0,0,0,0,0,0,0,0,0,0,0,0,0,0,0,1,0,0,0
data/external/actions/human_action_recognition/test/000932_calling.jpg,Bingsu/Human_Action_Recognition,calling,1,0,0,0,0,0,0,0,0,0,0,0,0,0,0,0,1,0,0,0
data/external/actions/human_action_recognition/test/000933_calling.jpg,Bingsu/Human_Action_Recognition,calling,1,0,0,0,0,0,0,0,0,0,0,0,0,0,0,0,1,0,0,0
data/external/actions/human_action_recognition/test/000934_calling.jpg,Bingsu/Human_Action_Recognition,calling,1,0,0,0,0,0,0,0,0,0,0,0,0,0,0,0,1,0,0,0
data/external/actions/human_action_recognition/test/000935_calling.jpg,Bingsu/Human_Action_Recognition,calling,1,0,0,0,0,0,0,0,0,0,0,0,0,0,0,0,1,0,0,0
data/external/actions/human_action_recognition/test/000936_calling.jpg,Bingsu/Human_Action_Recognition,calling,1,0,0,0,0,0,0,0,0,0,0,0,0,0,0,0,1,0,0,0
data/external/actions/human_action_recognition/test/000937_calling.jpg,Bingsu/Human_Action_Recognition,calling,1,0,0,0,0,0,0,0,0,0,0,0,0,0,0,0,1,0,0,0
data/external/actions/human_action_recognition/test/000938_calling.jpg,Bingsu/Human_Action_Recognition,calling,1,0,0,0,0,0,0,0,0,0,0,0,0,0,0,0,1,0,0,0
data/external/actions/human_action_recognition/test/000939_calling.jpg,Bingsu/Human_Action_Recognition,calling,1,0,0,0,0,0,0,0,0,0,0,0,0,0,0,0,1,0,0,0
data/external/actions/human_action_recognition/test/000940_calling.jpg,Bingsu/Human_Action_Recognition,calling,1,0,0,0,0,0,0,0,0,0,0,0,0,0,0,0,1,0,0,0
data/external/actions/human_action_recognition/test/000941_calling.jpg,Bingsu/Human_Action_Recognition,calling,1,0,0,0,0,0,0,0,0,0,0,0,0,0,0,0,1,0,0,0
data/external/actions/human_action_recognition/test/000942_calling.jpg,Bingsu/Human_Action_Recognition,calling,1,0,0,0,0,0,0,0,0,0,0,0,0,0,0,0,1,0,0,0
data/external/actions/human_action_recognition/test/000943_calling.jpg,Bingsu/Human_Action_Recognition,calling,1,0,0,0,0,0,0,0,0,0,0,0,0,0,0,0,1,0,0,0
data/external/actions/human_action_recognition/test/000944_calling.jpg,Bingsu/Human_Action_Recognition,calling,1,0,0,0,0,0,0,0,0,0,0,0,0,0,0,0,1,0,0,0
data/external/actions/human_action_recognition/test/000945_calling.jpg,Bingsu/Human_Action_Recognition,calling,1,0,0,0,0,0,0,0,0,0,0,0,0,0,0,0,1,0,0,0
data/external/actions/human_action_recognition/test/000946_calling.jpg,Bingsu/Human_Action_Recognition,calling,1,0,0,0,0,0,0,0,0,0,0,0,0,0,0,0,1,0,0,0
data/external/actions/human_action_recognition/test/000947_calling.jpg,Bingsu/Human_Action_Recognition,calling,1,0,0,0,0,0,0,0,0,0,0,0,0,0,0,0,1,0,0,0
data/external/actions/human_action_recognition/test/000948_calling.jpg,Bingsu/Human_Action_Recognition,calling,1,0,0,0,0,0,0,0,0,0,0,0,0,0,0,0,1,0,0,0
data/external/actions/human_action_recognition/test/000949_calling.jpg,Bingsu/Human_Action_Recognition,calling,1,0,0,0,0,0,0,0,0,0,0,0,0,0,0,0,1,0,0,0
data/external/actions/human_action_recognition/test/000950_calling.jpg,Bingsu/Human_Action_Recognition,calling,1,0,0,0,0,0,0,0,0,0,0,0,0,0,0,0,1,0,0,0
data/external/actions/human_action_recognition/test/000951_calling.jpg,Bingsu/Human_Action_Recognition,calling,1,0,0,0,0,0,0,0,0,0,0,0,0,0,0,0,1,0,0,0
data/external/actions/human_action_recognition/test/000952_calling.jpg,Bingsu/Human_Action_Recognition,calling,1,0,0,0,0,0,0,0,0,0,0,0,0,0,0,0,1,0,0,0
data/external/actions/human_action_recognition/test/000953_calling.jpg,Bingsu/Human_Action_Recognition,calling,1,0,0,0,0,0,0,0,0,0,0,0,0,0,0,0,1,0,0,0
data/external/actions/human_action_recognition/test/000954_calling.jpg,Bingsu/Human_Action_Recognition,calling,1,0,0,0,0,0,0,0,0,0,0,0,0,0,0,0,1,0,0,0
data/external/actions/human_action_recognition/test/000955_calling.jpg,Bingsu/Human_Action_Recognition,calling,1,0,0,0,0,0,0,0,0,0,0,0,0,0,0,0,1,0,0,0
data/external/actions/human_action_recognition/test/000956_calling.jpg,Bingsu/Human_Action_Recognition,calling,1,0,0,0,0,0,0,0,0,0,0,0,0,0,0,0,1,0,0,0
data/external/actions/human_action_recognition/test/000957_calling.jpg,Bingsu/Human_Action_Recognition,calling,1,0,0,0,0,0,0,0,0,0,0,0,0,0,0,0,1,0,0,0
data/external/actions/human_action_recognition/test/000958_calling.jpg,Bingsu/Human_Action_Recognition,calling,1,0,0,0,0,0,0,0,0,0,0,0,0,0,0,0,1,0,0,0
data/external/actions/human_action_recognition/test/000959_calling.jpg,Bingsu/Human_Action_Recognition,calling,1,0,0,0,0,0,0,0,0,0,0,0,0,0,0,0,1,0,0,0
data/external/actions/human_action_recognition/test/000960_calling.jpg,Bingsu/Human_Action_Recognition,calling,1,0,0,0,0,0,0,0,0,0,0,0,0,0,0,0,1,0,0,0
data/external/actions/human_action_recognition/test/000961_calling.jpg,Bingsu/Human_Action_Recognition,calling,1,0,0,0,0,0,0,0,0,0,0,0,0,0,0,0,1,0,0,0
data/external/actions/human_action_recognition/test/000962_calling.jpg,Bingsu/Human_Action_Recognition,calling,1,0,0,0,0,0,0,0,0,0,0,0,0,0,0,0,1,0,0,0
data/external/actions/human_action_recognition/test/000963_calling.jpg,Bingsu/Human_Action_Recognition,calling,1,0,0,0,0,0,0,0,0,0,0,0,0,0,0,0,1,0,0,0
data/external/actions/human_action_recognition/test/000964_calling.jpg,Bingsu/Human_Action_Recognition,calling,1,0,0,0,0,0,0,0,0,0,0,0,0,0,0,0,1,0,0,0
data/external/actions/human_action_recognition/test/000965_calling.jpg,Bingsu/Human_Action_Recognition,calling,1,0,0,0,0,0,0,0,0,0,0,0,0,0,0,0,1,0,0,0
data/external/actions/human_action_recognition/test/000966_calling.jpg,Bingsu/Human_Action_Recognition,calling,1,0,0,0,0,0,0,0,0,0,0,0,0,0,0,0,1,0,0,0
data/external/actions/human_action_recognition/test/000967_calling.jpg,Bingsu/Human_Action_Recognition,calling,1,0,0,0,0,0,0,0,0,0,0,0,0,0,0,0,1,0,0,0
data/external/actions/human_action_recognition/test/000968_calling.jpg,Bingsu/Human_Action_Recognition,calling,1,0,0,0,0,0,0,0,0,0,0,0,0,0,0,0,1,0,0,0
data/external/actions/human_action_recognition/test/000969_calling.jpg,Bingsu/Human_Action_Recognition,calling,1,0,0,0,0,0,0,0,0,0,0,0,0,0,0,0,1,0,0,0
data/external/actions/human_action_recognition/test/000970_calling.jpg,Bingsu/Human_Action_Recognition,calling,1,0,0,0,0,0,0,0,0,0,0,0,0,0,0,0,1,0,0,0
data/external/actions/human_action_recognition/test/000971_calling.jpg,Bingsu/Human_Action_Recognition,calling,1,0,0,0,0,0,0,0,0,0,0,0,0,0,0,0,1,0,0,0
data/external/actions/human_action_recognition/test/000972_calling.jpg,Bingsu/Human_Action_Recognition,calling,1,0,0,0,0,0,0,0,0,0,0,0,0,0,0,0,1,0,0,0
data/external/actions/human_action_recognition/test/000973_calling.jpg,Bingsu/Human_Action_Recognition,calling,1,0,0,0,0,0,0,0,0,0,0,0,0,0,0,0,1,0,0,0
data/external/actions/human_action_recognition/test/000974_calling.jpg,Bingsu/Human_Action_Recognition,calling,1,0,0,0,0,0,0,0,0,0,0,0,0,0,0,0,1,0,0,0
data/external/actions/human_action_recognition/test/000975_calling.jpg,Bingsu/Human_Action_Recognition,calling,1,0,0,0,0,0,0,0,0,0,0,0,0,0,0,0,1,0,0,0
data/external/actions/human_action_recognition/test/000976_calling.jpg,Bingsu/Human_Action_Recognition,calling,1,0,0,0,0,0,0,0,0,0,0,0,0,0,0,0,1,0,0,0
data/external/actions/human_action_recognition/test/000977_calling.jpg,Bingsu/Human_Action_Recognition,calling,1,0,0,0,0,0,0,0,0,0,0,0,0,0,0,0,1,0,0,0
data/external/actions/human_action_recognition/test/000978_calling.jpg,Bingsu/Human_Action_Recognition,calling,1,0,0,0,0,0,0,0,0,0,0,0,0,0,0,0,1,0,0,0
data/external/actions/human_action_recognition/test/000979_calling.jpg,Bingsu/Human_Action_Recognition,calling,1,0,0,0,0,0,0,0,0,0,0,0,0,0,0,0,1,0,0,0
data/external/actions/human_action_recognition/test/000980_calling.jpg,Bingsu/Human_Action_Recognition,calling,1,0,0,0,0,0,0,0,0,0,0,0,0,0,0,0,1,0,0,0
data/external/actions/human_action_recognition/test/000981_calling.jpg,Bingsu/Human_Action_Recognition,calling,1,0,0,0,0,0,0,0,0,0,0,0,0,0,0,0,1,0,0,0
data/external/actions/human_action_recognition/test/000982_calling.jpg,Bingsu/Human_Action_Recognition,calling,1,0,0,0,0,0,0,0,0,0,0,0,0,0,0,0,1,0,0,0
data/external/actions/human_action_recognition/test/000983_calling.jpg,Bingsu/Human_Action_Recognition,calling,1,0,0,0,0,0,0,0,0,0,0,0,0,0,0,0,1,0,0,0
data/external/actions/human_action_recognition/test/000984_calling.jpg,Bingsu/Human_Action_Recognition,calling,1,0,0,0,0,0,0,0,0,0,0,0,0,0,0,0,1,0,0,0
data/external/actions/human_action_recognition/test/000985_calling.jpg,Bingsu/Human_Action_Recognition,calling,1,0,0,0,0,0,0,0,0,0,0,0,0,0,0,0,1,0,0,0
data/external/actions/human_action_recognition/test/000986_calling.jpg,Bingsu/Human_Action_Recognition,calling,1,0,0,0,0,0,0,0,0,0,0,0,0,0,0,0,1,0,0,0
data/external/actions/human_action_recognition/test/000987_calling.jpg,Bingsu/Human_Action_Recognition,calling,1,0,0,0,0,0,0,0,0,0,0,0,0,0,0,0,1,0,0,0
data/external/actions/human_action_recognition/test/000988_calling.jpg,Bingsu/Human_Action_Recognition,calling,1,0,0,0,0,0,0,0,0,0,0,0,0,0,0,0,1,0,0,0
data/external/actions/human_action_recognition/test/000989_calling.jpg,Bingsu/Human_Action_Recognition,calling,1,0,0,0,0,0,0,0,0,0,0,0,0,0,0,0,1,0,0,0
data/external/actions/human_action_recognition/test/000990_calling.jpg,Bingsu/Human_Action_Recognition,calling,1,0,0,0,0,0,0,0,0,0,0,0,0,0,0,0,1,0,0,0
data/external/actions/human_action_recognition/test/000991_calling.jpg,Bingsu/Human_Action_Recognition,calling,1,0,0,0,0,0,0,0,0,0,0,0,0,0,0,0,1,0,0,0
data/external/actions/human_action_recognition/test/000992_calling.jpg,Bingsu/Human_Action_Recognition,calling,1,0,0,0,0,0,0,0,0,0,0,0,0,0,0,0,1,0,0,0
data/external/actions/human_action_recognition/test/000993_calling.jpg,Bingsu/Human_Action_Recognition,calling,1,0,0,0,0,0,0,0,0,0,0,0,0,0,0,0,1,0,0,0
data/external/actions/human_action_recognition/test/000994_calling.jpg,Bingsu/Human_Action_Recognition,calling,1,0,0,0,0,0,0,0,0,0,0,0,0,0,0,0,1,0,0,0
data/external/actions/human_action_recognition/test/000995_calling.jpg,Bingsu/Human_Action_Recognition,calling,1,0,0,0,0,0,0,0,0,0,0,0,0,0,0,0,1,0,0,0
data/external/actions/human_action_recognition/test/000996_calling.jpg,Bingsu/Human_Action_Recognition,calling,1,0,0,0,0,0,0,0,0,0,0,0,0,0,0,0,1,0,0,0
data/external/actions/human_action_recognition/test/000997_calling.jpg,Bingsu/Human_Action_Recognition,calling,1,0,0,0,0,0,0,0,0,0,0,0,0,0,0,0,1,0,0,0
data/external/actions/human_action_recognition/test/000998_calling.jpg,Bingsu/Human_Action_Recognition,calling,1,0,0,0,0,0,0,0,0,0,0,0,0,0,0,0,1,0,0,0
data/external/actions/human_action_recognition/test/000999_calling.jpg,Bingsu/Human_Action_Recognition,calling,1,0,0,0,0,0,0,0,0,0,0,0,0,0,0,0,1,0,0,0
data/external/actions/human_action_recognition/test/001000_calling.jpg,Bingsu/Human_Action_Recognition,calling,1,0,0,0,0,0,0,0,0,0,0,0,0,0,0,0,1,0,0,0
data/external/actions/human_action_recognition/test/001001_calling.jpg,Bingsu/Human_Action_Recognition,calling,1,0,0,0,0,0,0,0,0,0,0,0,0,0,0,0,1,0,0,0
data/external/actions/human_action_recognition/test/001002_calling.jpg,Bingsu/Human_Action_Recognition,calling,1,0,0,0,0,0,0,0,0,0,0,0,0,0,0,0,1,0,0,0
data/external/actions/human_action_recognition/test/001003_calling.jpg,Bingsu/Human_Action_Recognition,calling,1,0,0,0,0,0,0,0,0,0,0,0,0,0,0,0,1,0,0,0
data/external/actions/human_action_recognition/test/001004_calling.jpg,Bingsu/Human_Action_Recognition,calling,1,0,0,0,0,0,0,0,0,0,0,0,0,0,0,0,1,0,0,0
data/external/actions/human_action_recognition/test/001005_calling.jpg,Bingsu/Human_Action_Recognition,calling,1,0,0,0,0,0,0,0,0,0,0,0,0,0,0,0,1,0,0,0
data/external/actions/human_action_recognition/test/001006_calling.jpg,Bingsu/Human_Action_Recognition,calling,1,0,0,0,0,0,0,0,0,0,0,0,0,0,0,0,1,0,0,0
data/external/actions/human_action_recognition/test/001007_calling.jpg,Bingsu/Human_Action_Recognition,calling,1,0,0,0,0,0,0,0,0,0,0,0,0,0,0,0,1,0,0,0
data/external/actions/human_action_recognition/test/001008_calling.jpg,Bingsu/Human_Action_Recognition,calling,1,0,0,0,0,0,0,0,0,0,0,0,0,0,0,0,1,0,0,0
data/external/actions/human_action_recognition/test/001009_calling.jpg,Bingsu/Human_Action_Recognition,calling,1,0,0,0,0,0,0,0,0,0,0,0,0,0,0,0,1,0,0,0
data/external/actions/human_action_recognition/test/001010_calling.jpg,Bingsu/Human_Action_Recognition,calling,1,0,0,0,0,0,0,0,0,0,0,0,0,0,0,0,1,0,0,0
data/external/actions/human_action_recognition/test/001011_calling.jpg,Bingsu/Human_Action_Recognition,calling,1,0,0,0,0,0,0,0,0,0,0,0,0,0,0,0,1,0,0,0
data/external/actions/human_action_recognition/test/001012_calling.jpg,Bingsu/Human_Action_Recognition,calling,1,0,0,0,0,0,0,0,0,0,0,0,0,0,0,0,1,0,0,0
data/external/actions/human_action_recognition/test/001013_calling.jpg,Bingsu/Human_Action_Recognition,calling,1,0,0,0,0,0,0,0,0,0,0,0,0,0,0,0,1,0,0,0
data/external/actions/human_action_recognition/test/001014_calling.jpg,Bingsu/Human_Action_Recognition,calling,1,0,0,0,0,0,0,0,0,0,0,0,0,0,0,0,1,0,0,0
data/external/actions/human_action_recognition/test/001015_calling.jpg,Bingsu/Human_Action_Recognition,calling,1,0,0,0,0,0,0,0,0,0,0,0,0,0,0,0,1,0,0,0
data/external/actions/human_action_recognition/test/001016_calling.jpg,Bingsu/Human_Action_Recognition,calling,1,0,0,0,0,0,0,0,0,0,0,0,0,0,0,0,1,0,0,0
data/external/actions/human_action_recognition/test/001017_calling.jpg,Bingsu/Human_Action_Recognition,calling,1,0,0,0,0,0,0,0,0,0,0,0,0,0,0,0,1,0,0,0
data/external/actions/human_action_recognition/test/001018_calling.jpg,Bingsu/Human_Action_Recognition,calling,1,0,0,0,0,0,0,0,0,0,0,0,0,0,0,0,1,0,0,0
data/external/actions/human_action_recognition/test/001019_calling.jpg,Bingsu/Human_Action_Recognition,calling,1,0,0,0,0,0,0,0,0,0,0,0,0,0,0,0,1,0,0,0
data/external/actions/human_action_recognition/test/001020_calling.jpg,Bingsu/Human_Action_Recognition,calling,1,0,0,0,0,0,0,0,0,0,0,0,0,0,0,0,1,0,0,0
data/external/actions/human_action_recognition/test/001021_calling.jpg,Bingsu/Human_Action_Recognition,calling,1,0,0,0,0,0,0,0,0,0,0,0,0,0,0,0,1,0,0,0
data/external/actions/human_action_recognition/test/001022_calling.jpg,Bingsu/Human_Action_Recognition,calling,1,0,0,0,0,0,0,0,0,0,0,0,0,0,0,0,1,0,0,0
data/external/actions/human_action_recognition/test/001023_calling.jpg,Bingsu/Human_Action_Recognition,calling,1,0,0,0,0,0,0,0,0,0,0,0,0,0,0,0,1,0,0,0
data/external/actions/human_action_recognition/test/001024_calling.jpg,Bingsu/Human_Action_Recognition,calling,1,0,0,0,0,0,0,0,0,0,0,0,0,0,0,0,1,0,0,0
data/external/actions/human_action_recognition/test/001025_calling.jpg,Bingsu/Human_Action_Recognition,calling,1,0,0,0,0,0,0,0,0,0,0,0,0,0,0,0,1,0,0,0
data/external/actions/human_action_recognition/test/001026_calling.jpg,Bingsu/Human_Action_Recognition,calling,1,0,0,0,0,0,0,0,0,0,0,0,0,0,0,0,1,0,0,0
data/external/actions/human_action_recognition/test/001027_calling.jpg,Bingsu/Human_Action_Recognition,calling,1,0,0,0,0,0,0,0,0,0,0,0,0,0,0,0,1,0,0,0
data/external/actions/human_action_recognition/test/001028_calling.jpg,Bingsu/Human_Action_Recognition,calling,1,0,0,0,0,0,0,0,0,0,0,0,0,0,0,0,1,0,0,0
data/external/actions/human_action_recognition/test/001029_calling.jpg,Bingsu/Human_Action_Recognition,calling,1,0,0,0,0,0,0,0,0,0,0,0,0,0,0,0,1,0,0,0
data/external/actions/human_action_recognition/test/001030_calling.jpg,Bingsu/Human_Action_Recognition,calling,1,0,0,0,0,0,0,0,0,0,0,0,0,0,0,0,1,0,0,0
data/external/actions/human_action_recognition/test/001031_calling.jpg,Bingsu/Human_Action_Recognition,calling,1,0,0,0,0,0,0,0,0,0,0,0,0,0,0,0,1,0,0,0
data/external/actions/human_action_recognition/test/001032_calling.jpg,Bingsu/Human_Action_Recognition,calling,1,0,0,0,0,0,0,0,0,0,0,0,0,0,0,0,1,0,0,0
data/external/actions/human_action_recognition/test/001033_calling.jpg,Bingsu/Human_Action_Recognition,calling,1,0,0,0,0,0,0,0,0,0,0,0,0,0,0,0,1,0,0,0
data/external/actions/human_action_recognition/test/001034_calling.jpg,Bingsu/Human_Action_Recognition,calling,1,0,0,0,0,0,0,0,0,0,0,0,0,0,0,0,1,0,0,0
data/external/actions/human_action_recognition/test/001035_calling.jpg,Bingsu/Human_Action_Recognition,calling,1,0,0,0,0,0,0,0,0,0,0,0,0,0,0,0,1,0,0,0
data/external/actions/human_action_recognition/test/001036_calling.jpg,Bingsu/Human_Action_Recognition,calling,1,0,0,0,0,0,0,0,0,0,0,0,0,0,0,0,1,0,0,0
data/external/actions/human_action_recognition/test/001037_calling.jpg,Bingsu/Human_Action_Recognition,calling,1,0,0,0,0,0,0,0,0,0,0,0,0,0,0,0,1,0,0,0
data/external/actions/human_action_recognition/test/001038_calling.jpg,Bingsu/Human_Action_Recognition,calling,1,0,0,0,0,0,0,0,0,0,0,0,0,0,0,0,1,0,0,0
data/external/actions/human_action_recognition/test/001039_calling.jpg,Bingsu/Human_Action_Recognition,calling,1,0,0,0,0,0,0,0,0,0,0,0,0,0,0,0,1,0,0,0
data/external/actions/human_action_recognition/test/001040_calling.jpg,Bingsu/Human_Action_Recognition,calling,1,0,0,0,0,0,0,0,0,0,0,0,0,0,0,0,1,0,0,0
data/external/actions/human_action_recognition/test/001041_calling.jpg,Bingsu/Human_Action_Recognition,calling,1,0,0,0,0,0,0,0,0,0,0,0,0,0,0,0,1,0,0,0
data/external/actions/human_action_recognition/test/001042_calling.jpg,Bingsu/Human_Action_Recognition,calling,1,0,0,0,0,0,0,0,0,0,0,0,0,0,0,0,1,0,0,0
data/external/actions/human_action_recognition/test/001043_calling.jpg,Bingsu/Human_Action_Recognition,calling,1,0,0,0,0,0,0,0,0,0,0,0,0,0,0,0,1,0,0,0
data/external/actions/human_action_recognition/test/001044_calling.jpg,Bingsu/Human_Action_Recognition,calling,1,0,0,0,0,0,0,0,0,0,0,0,0,0,0,0,1,0,0,0
data/external/actions/human_action_recognition/test/001045_calling.jpg,Bingsu/Human_Action_Recognition,calling,1,0,0,0,0,0,0,0,0,0,0,0,0,0,0,0,1,0,0,0
data/external/actions/human_action_recognition/test/001046_calling.jpg,Bingsu/Human_Action_Recognition,calling,1,0,0,0,0,0,0,0,0,0,0,0,0,0,0,0,1,0,0,0
data/external/actions/human_action_recognition/test/001047_calling.jpg,Bingsu/Human_Action_Recognition,calling,1,0,0,0,0,0,0,0,0,0,0,0,0,0,0,0,1,0,0,0
data/external/actions/human_action_recognition/test/001048_calling.jpg,Bingsu/Human_Action_Recognition,calling,1,0,0,0,0,0,0,0,0,0,0,0,0,0,0,0,1,0,0,0
data/external/actions/human_action_recognition/test/001049_calling.jpg,Bingsu/Human_Action_Recognition,calling,1,0,0,0,0,0,0,0,0,0,0,0,0,0,0,0,1,0,0,0
data/external/actions/human_action_recognition/test/001050_calling.jpg,Bingsu/Human_Action_Recognition,calling,1,0,0,0,0,0,0,0,0,0,0,0,0,0,0,0,1,0,0,0
data/external/actions/human_action_recognition/test/001051_calling.jpg,Bingsu/Human_Action_Recognition,calling,1,0,0,0,0,0,0,0,0,0,0,0,0,0,0,0,1,0,0,0
data/external/actions/human_action_recognition/test/001052_calling.jpg,Bingsu/Human_Action_Recognition,calling,1,0,0,0,0,0,0,0,0,0,0,0,0,0,0,0,1,0,0,0
data/external/actions/human_action_recognition/test/001053_calling.jpg,Bingsu/Human_Action_Recognition,calling,1,0,0,0,0,0,0,0,0,0,0,0,0,0,0,0,1,0,0,0
data/external/actions/human_action_recognition/test/001054_calling.jpg,Bingsu/Human_Action_Recognition,calling,1,0,0,0,0,0,0,0,0,0,0,0,0,0,0,0,1,0,0,0
data/external/actions/human_action_recognition/test/001055_calling.jpg,Bingsu/Human_Action_Recognition,calling,1,0,0,0,0,0,0,0,0,0,0,0,0,0,0,0,1,0,0,0
data/external/actions/human_action_recognition/test/001056_calling.jpg,Bingsu/Human_Action_Recognition,calling,1,0,0,0,0,0,0,0,0,0,0,0,0,0,0,0,1,0,0,0
data/external/actions/human_action_recognition/test/001057_calling.jpg,Bingsu/Human_Action_Recognition,calling,1,0,0,0,0,0,0,0,0,0,0,0,0,0,0,0,1,0,0,0
data/external/actions/human_action_recognition/test/001058_calling.jpg,Bingsu/Human_Action_Recognition,calling,1,0,0,0,0,0,0,0,0,0,0,0,0,0,0,0,1,0,0,0
data/external/actions/human_action_recognition/test/001059_calling.jpg,Bingsu/Human_Action_Recognition,calling,1,0,0,0,0,0,0,0,0,0,0,0,0,0,0,0,1,0,0,0
data/external/actions/human_action_recognition/test/001060_calling.jpg,Bingsu/Human_Action_Recognition,calling,1,0,0,0,0,0,0,0,0,0,0,0,0,0,0,0,1,0,0,0
data/external/actions/human_action_recognition/test/001061_calling.jpg,Bingsu/Human_Action_Recognition,calling,1,0,0,0,0,0,0,0,0,0,0,0,0,0,0,0,1,0,0,0
data/external/actions/human_action_recognition/test/001062_calling.jpg,Bingsu/Human_Action_Recognition,calling,1,0,0,0,0,0,0,0,0,0,0,0,0,0,0,0,1,0,0,0
data/external/actions/human_action_recognition/test/001063_calling.jpg,Bingsu/Human_Action_Recognition,calling,1,0,0,0,0,0,0,0,0,0,0,0,0,0,0,0,1,0,0,0
data/external/actions/human_action_recognition/test/001064_calling.jpg,Bingsu/Human_Action_Recognition,calling,1,0,0,0,0,0,0,0,0,0,0,0,0,0,0,0,1,0,0,0
data/external/actions/human_action_recognition/test/001065_calling.jpg,Bingsu/Human_Action_Recognition,calling,1,0,0,0,0,0,0,0,0,0,0,0,0,0,0,0,1,0,0,0
data/external/actions/human_action_recognition/test/001066_calling.jpg,Bingsu/Human_Action_Recognition,calling,1,0,0,0,0,0,0,0,0,0,0,0,0,0,0,0,1,0,0,0
data/external/actions/human_action_recognition/test/001067_calling.jpg,Bingsu/Human_Action_Recognition,calling,1,0,0,0,0,0,0,0,0,0,0,0,0,0,0,0,1,0,0,0
data/external/actions/human_action_recognition/test/001068_calling.jpg,Bingsu/Human_Action_Recognition,calling,1,0,0,0,0,0,0,0,0,0,0,0,0,0,0,0,1,0,0,0
data/external/actions/human_action_recognition/test/001069_calling.jpg,Bingsu/Human_Action_Recognition,calling,1,0,0,0,0,0,0,0,0,0,0,0,0,0,0,0,1,0,0,0
data/external/actions/human_action_recognition/test/001070_calling.jpg,Bingsu/Human_Action_Recognition,calling,1,0,0,0,0,0,0,0,0,0,0,0,0,0,0,0,1,0,0,0
data/external/actions/human_action_recognition/test/001071_calling.jpg,Bingsu/Human_Action_Recognition,calling,1,0,0,0,0,0,0,0,0,0,0,0,0,0,0,0,1,0,0,0
data/external/actions/human_action_recognition/test/001072_calling.jpg,Bingsu/Human_Action_Recognition,calling,1,0,0,0,0,0,0,0,0,0,0,0,0,0,0,0,1,0,0,0
data/external/actions/human_action_recognition/test/001073_calling.jpg,Bingsu/Human_Action_Recognition,calling,1,0,0,0,0,0,0,0,0,0,0,0,0,0,0,0,1,0,0,0
data/external/actions/human_action_recognition/test/001074_calling.jpg,Bingsu/Human_Action_Recognition,calling,1,0,0,0,0,0,0,0,0,0,0,0,0,0,0,0,1,0,0,0
data/external/actions/human_action_recognition/test/001075_calling.jpg,Bingsu/Human_Action_Recognition,calling,1,0,0,0,0,0,0,0,0,0,0,0,0,0,0,0,1,0,0,0
data/external/actions/human_action_recognition/test/001076_calling.jpg,Bingsu/Human_Action_Recognition,calling,1,0,0,0,0,0,0,0,0,0,0,0,0,0,0,0,1,0,0,0
data/external/actions/human_action_recognition/test/001077_calling.jpg,Bingsu/Human_Action_Recognition,calling,1,0,0,0,0,0,0,0,0,0,0,0,0,0,0,0,1,0,0,0
data/external/actions/human_action_recognition/test/001078_calling.jpg,Bingsu/Human_Action_Recognition,calling,1,0,0,0,0,0,0,0,0,0,0,0,0,0,0,0,1,0,0,0
data/external/actions/human_action_recognition/test/001079_calling.jpg,Bingsu/Human_Action_Recognition,calling,1,0,0,0,0,0,0,0,0,0,0,0,0,0,0,0,1,0,0,0
data/external/actions/human_action_recognition/test/001080_calling.jpg,Bingsu/Human_Action_Recognition,calling,1,0,0,0,0,0,0,0,0,0,0,0,0,0,0,0,1,0,0,0
data/external/actions/human_action_recognition/test/001081_calling.jpg,Bingsu/Human_Action_Recognition,calling,1,0,0,0,0,0,0,0,0,0,0,0,0,0,0,0,1,0,0,0
data/external/actions/human_action_recognition/test/001082_calling.jpg,Bingsu/Human_Action_Recognition,calling,1,0,0,0,0,0,0,0,0,0,0,0,0,0,0,0,1,0,0,0
data/external/actions/human_action_recognition/test/001083_calling.jpg,Bingsu/Human_Action_Recognition,calling,1,0,0,0,0,0,0,0,0,0,0,0,0,0,0,0,1,0,0,0
data/external/actions/human_action_recognition/test/001084_calling.jpg,Bingsu/Human_Action_Recognition,calling,1,0,0,0,0,0,0,0,0,0,0,0,0,0,0,0,1,0,0,0
data/external/actions/human_action_recognition/test/001085_calling.jpg,Bingsu/Human_Action_Recognition,calling,1,0,0,0,0,0,0,0,0,0,0,0,0,0,0,0,1,0,0,0
data/external/actions/human_action_recognition/test/001086_calling.jpg,Bingsu/Human_Action_Recognition,calling,1,0,0,0,0,0,0,0,0,0,0,0,0,0,0,0,1,0,0,0
data/external/actions/human_action_recognition/test/001087_calling.jpg,Bingsu/Human_Action_Recognition,calling,1,0,0,0,0,0,0,0,0,0,0,0,0,0,0,0,1,0,0,0
data/external/actions/human_action_recognition/test/001088_calling.jpg,Bingsu/Human_Action_Recognition,calling,1,0,0,0,0,0,0,0,0,0,0,0,0,0,0,0,1,0,0,0
data/external/actions/human_action_recognition/test/001089_calling.jpg,Bingsu/Human_Action_Recognition,calling,1,0,0,0,0,0,0,0,0,0,0,0,0,0,0,0,1,0,0,0
data/external/actions/human_action_recognition/test/001090_calling.jpg,Bingsu/Human_Action_Recognition,calling,1,0,0,0,0,0,0,0,0,0,0,0,0,0,0,0,1,0,0,0
data/external/actions/human_action_recognition/test/001091_calling.jpg,Bingsu/Human_Action_Recognition,calling,1,0,0,0,0,0,0,0,0,0,0,0,0,0,0,0,1,0,0,0
data/external/actions/human_action_recognition/test/001092_calling.jpg,Bingsu/Human_Action_Recognition,calling,1,0,0,0,0,0,0,0,0,0,0,0,0,0,0,0,1,0,0,0
data/external/actions/human_action_recognition/test/001093_calling.jpg,Bingsu/Human_Action_Recognition,calling,1,0,0,0,0,0,0,0,0,0,0,0,0,0,0,0,1,0,0,0
data/external/actions/human_action_recognition/test/001094_calling.jpg,Bingsu/Human_Action_Recognition,calling,1,0,0,0,0,0,0,0,0,0,0,0,0,0,0,0,1,0,0,0
data/external/actions/human_action_recognition/test/001095_calling.jpg,Bingsu/Human_Action_Recognition,calling,1,0,0,0,0,0,0,0,0,0,0,0,0,0,0,0,1,0,0,0
data/external/actions/human_action_recognition/test/001096_calling.jpg,Bingsu/Human_Action_Recognition,calling,1,0,0,0,0,0,0,0,0,0,0,0,0,0,0,0,1,0,0,0
data/external/actions/human_action_recognition/test/001097_calling.jpg,Bingsu/Human_Action_Recognition,calling,1,0,0,0,0,0,0,0,0,0,0,0,0,0,0,0,1,0,0,0
data/external/actions/human_action_recognition/test/001098_calling.jpg,Bingsu/Human_Action_Recognition,calling,1,0,0,0,0,0,0,0,0,0,0,0,0,0,0,0,1,0,0,0
data/external/actions/human_action_recognition/test/001099_calling.jpg,Bingsu/Human_Action_Recognition,calling,1,0,0,0,0,0,0,0,0,0,0,0,0,0,0,0,1,0,0,0
data/external/actions/human_action_recognition/test/001100_calling.jpg,Bingsu/Human_Action_Recognition,calling,1,0,0,0,0,0,0,0,0,0,0,0,0,0,0,0,1,0,0,0
data/external/actions/human_action_recognition/test/001101_calling.jpg,Bingsu/Human_Action_Recognition,calling,1,0,0,0,0,0,0,0,0,0,0,0,0,0,0,0,1,0,0,0
data/external/actions/human_action_recognition/test/001102_calling.jpg,Bingsu/Human_Action_Recognition,calling,1,0,0,0,0,0,0,0,0,0,0,0,0,0,0,0,1,0,0,0
data/external/actions/human_action_recognition/test/001103_calling.jpg,Bingsu/Human_Action_Recognition,calling,1,0,0,0,0,0,0,0,0,0,0,0,0,0,0,0,1,0,0,0
data/external/actions/human_action_recognition/test/001104_calling.jpg,Bingsu/Human_Action_Recognition,calling,1,0,0,0,0,0,0,0,0,0,0,0,0,0,0,0,1,0,0,0
data/external/actions/human_action_recognition/test/001105_calling.jpg,Bingsu/Human_Action_Recognition,calling,1,0,0,0,0,0,0,0,0,0,0,0,0,0,0,0,1,0,0,0
data/external/actions/human_action_recognition/test/001106_calling.jpg,Bingsu/Human_Action_Recognition,calling,1,0,0,0,0,0,0,0,0,0,0,0,0,0,0,0,1,0,0,0
data/external/actions/human_action_recognition/test/001107_calling.jpg,Bingsu/Human_Action_Recognition,calling,1,0,0,0,0,0,0,0,0,0,0,0,0,0,0,0,1,0,0,0
data/external/actions/human_action_recognition/test/001108_calling.jpg,Bingsu/Human_Action_Recognition,calling,1,0,0,0,0,0,0,0,0,0,0,0,0,0,0,0,1,0,0,0
data/external/actions/human_action_recognition/test/001109_calling.jpg,Bingsu/Human_Action_Recognition,calling,1,0,0,0,0,0,0,0,0,0,0,0,0,0,0,0,1,0,0,0
data/external/actions/human_action_recognition/test/001110_calling.jpg,Bingsu/Human_Action_Recognition,calling,1,0,0,0,0,0,0,0,0,0,0,0,0,0,0,0,1,0,0,0
data/external/actions/human_action_recognition/test/001111_calling.jpg,Bingsu/Human_Action_Recognition,calling,1,0,0,0,0,0,0,0,0,0,0,0,0,0,0,0,1,0,0,0
data/external/actions/human_action_recognition/test/001112_calling.jpg,Bingsu/Human_Action_Recognition,calling,1,0,0,0,0,0,0,0,0,0,0,0,0,0,0,0,1,0,0,0
data/external/actions/human_action_recognition/test/001113_calling.jpg,Bingsu/Human_Action_Recognition,calling,1,0,0,0,0,0,0,0,0,0,0,0,0,0,0,0,1,0,0,0
data/external/actions/human_action_recognition/test/001114_calling.jpg,Bingsu/Human_Action_Recognition,calling,1,0,0,0,0,0,0,0,0,0,0,0,0,0,0,0,1,0,0,0
data/external/actions/human_action_recognition/test/001115_calling.jpg,Bingsu/Human_Action_Recognition,calling,1,0,0,0,0,0,0,0,0,0,0,0,0,0,0,0,1,0,0,0
data/external/actions/human_action_recognition/test/001116_calling.jpg,Bingsu/Human_Action_Recognition,calling,1,0,0,0,0,0,0,0,0,0,0,0,0,0,0,0,1,0,0,0
data/external/actions/human_action_recognition/test/001117_calling.jpg,Bingsu/Human_Action_Recognition,calling,1,0,0,0,0,0,0,0,0,0,0,0,0,0,0,0,1,0,0,0
data/external/actions/human_action_recognition/test/001118_calling.jpg,Bingsu/Human_Action_Recognition,calling,1,0,0,0,0,0,0,0,0,0,0,0,0,0,0,0,1,0,0,0
data/external/actions/human_action_recognition/test/001119_calling.jpg,Bingsu/Human_Action_Recognition,calling,1,0,0,0,0,0,0,0,0,0,0,0,0,0,0,0,1,0,0,0
data/external/actions/human_action_recognition/test/001120_calling.jpg,Bingsu/Human_Action_Recognition,calling,1,0,0,0,0,0,0,0,0,0,0,0,0,0,0,0,1,0,0,0
data/external/actions/human_action_recognition/test/001121_calling.jpg,Bingsu/Human_Action_Recognition,calling,1,0,0,0,0,0,0,0,0,0,0,0,0,0,0,0,1,0,0,0
data/external/actions/human_action_recognition/test/001122_calling.jpg,Bingsu/Human_Action_Recognition,calling,1,0,0,0,0,0,0,0,0,0,0,0,0,0,0,0,1,0,0,0
data/external/actions/human_action_recognition/test/001123_calling.jpg,Bingsu/Human_Action_Recognition,calling,1,0,0,0,0,0,0,0,0,0,0,0,0,0,0,0,1,0,0,0
data/external/actions/human_action_recognition/test/001124_calling.jpg,Bingsu/Human_Action_Recognition,calling,1,0,0,0,0,0,0,0,0,0,0,0,0,0,0,0,1,0,0,0
data/external/actions/human_action_recognition/test/001125_calling.jpg,Bingsu/Human_Action_Recognition,calling,1,0,0,0,0,0,0,0,0,0,0,0,0,0,0,0,1,0,0,0
data/external/actions/human_action_recognition/test/001126_calling.jpg,Bingsu/Human_Action_Recognition,calling,1,0,0,0,0,0,0,0,0,0,0,0,0,0,0,0,1,0,0,0
data/external/actions/human_action_recognition/test/001127_calling.jpg,Bingsu/Human_Action_Recognition,calling,1,0,0,0,0,0,0,0,0,0,0,0,0,0,0,0,1,0,0,0
data/external/actions/human_action_recognition/test/001128_calling.jpg,Bingsu/Human_Action_Recognition,calling,1,0,0,0,0,0,0,0,0,0,0,0,0,0,0,0,1,0,0,0
data/external/actions/human_action_recognition/test/001129_calling.jpg,Bingsu/Human_Action_Recognition,calling,1,0,0,0,0,0,0,0,0,0,0,0,0,0,0,0,1,0,0,0
data/external/actions/human_action_recognition/test/001130_calling.jpg,Bingsu/Human_Action_Recognition,calling,1,0,0,0,0,0,0,0,0,0,0,0,0,0,0,0,1,0,0,0
data/external/actions/human_action_recognition/test/001131_calling.jpg,Bingsu/Human_Action_Recognition,calling,1,0,0,0,0,0,0,0,0,0,0,0,0,0,0,0,1,0,0,0
data/external/actions/human_action_recognition/test/001132_calling.jpg,Bingsu/Human_Action_Recognition,calling,1,0,0,0,0,0,0,0,0,0,0,0,0,0,0,0,1,0,0,0
data/external/actions/human_action_recognition/test/001133_calling.jpg,Bingsu/Human_Action_Recognition,calling,1,0,0,0,0,0,0,0,0,0,0,0,0,0,0,0,1,0,0,0
data/external/actions/human_action_recognition/test/001134_calling.jpg,Bingsu/Human_Action_Recognition,calling,1,0,0,0,0,0,0,0,0,0,0,0,0,0,0,0,1,0,0,0
data/external/actions/human_action_recognition/test/001135_calling.jpg,Bingsu/Human_Action_Recognition,calling,1,0,0,0,0,0,0,0,0,0,0,0,0,0,0,0,1,0,0,0
data/external/actions/human_action_recognition/test/001136_calling.jpg,Bingsu/Human_Action_Recognition,calling,1,0,0,0,0,0,0,0,0,0,0,0,0,0,0,0,1,0,0,0
data/external/actions/human_action_recognition/test/001137_calling.jpg,Bingsu/Human_Action_Recognition,calling,1,0,0,0,0,0,0,0,0,0,0,0,0,0,0,0,1,0,0,0
data/external/actions/human_action_recognition/test/001138_calling.jpg,Bingsu/Human_Action_Recognition,calling,1,0,0,0,0,0,0,0,0,0,0,0,0,0,0,0,1,0,0,0
data/external/actions/human_action_recognition/test/001139_calling.jpg,Bingsu/Human_Action_Recognition,calling,1,0,0,0,0,0,0,0,0,0,0,0,0,0,0,0,1,0,0,0
data/external/actions/human_action_recognition/test/001140_calling.jpg,Bingsu/Human_Action_Recognition,calling,1,0,0,0,0,0,0,0,0,0,0,0,0,0,0,0,1,0,0,0
data/external/actions/human_action_recognition/test/001141_calling.jpg,Bingsu/Human_Action_Recognition,calling,1,0,0,0,0,0,0,0,0,0,0,0,0,0,0,0,1,0,0,0
data/external/actions/human_action_recognition/test/001142_calling.jpg,Bingsu/Human_Action_Recognition,calling,1,0,0,0,0,0,0,0,0,0,0,0,0,0,0,0,1,0,0,0
data/external/actions/human_action_recognition/test/001143_calling.jpg,Bingsu/Human_Action_Recognition,calling,1,0,0,0,0,0,0,0,0,0,0,0,0,0,0,0,1,0,0,0
data/external/actions/human_action_recognition/test/001144_calling.jpg,Bingsu/Human_Action_Recognition,calling,1,0,0,0,0,0,0,0,0,0,0,0,0,0,0,0,1,0,0,0
data/external/actions/human_action_recognition/test/001145_calling.jpg,Bingsu/Human_Action_Recognition,calling,1,0,0,0,0,0,0,0,0,0,0,0,0,0,0,0,1,0,0,0
data/external/actions/human_action_recognition/test/001146_calling.jpg,Bingsu/Human_Action_Recognition,calling,1,0,0,0,0,0,0,0,0,0,0,0,0,0,0,0,1,0,0,0
data/external/actions/human_action_recognition/test/001147_calling.jpg,Bingsu/Human_Action_Recognition,calling,1,0,0,0,0,0,0,0,0,0,0,0,0,0,0,0,1,0,0,0
data/external/actions/human_action_recognition/test/001148_calling.jpg,Bingsu/Human_Action_Recognition,calling,1,0,0,0,0,0,0,0,0,0,0,0,0,0,0,0,1,0,0,0
data/external/actions/human_action_recognition/test/001149_calling.jpg,Bingsu/Human_Action_Recognition,calling,1,0,0,0,0,0,0,0,0,0,0,0,0,0,0,0,1,0,0,0
data/external/actions/human_action_recognition/test/001150_calling.jpg,Bingsu/Human_Action_Recognition,calling,1,0,0,0,0,0,0,0,0,0,0,0,0,0,0,0,1,0,0,0
data/external/actions/human_action_recognition/test/001151_calling.jpg,Bingsu/Human_Action_Recognition,calling,1,0,0,0,0,0,0,0,0,0,0,0,0,0,0,0,1,0,0,0
data/external/actions/human_action_recognition/test/001152_calling.jpg,Bingsu/Human_Action_Recognition,calling,1,0,0,0,0,0,0,0,0,0,0,0,0,0,0,0,1,0,0,0
data/external/actions/human_action_recognition/test/001153_calling.jpg,Bingsu/Human_Action_Recognition,calling,1,0,0,0,0,0,0,0,0,0,0,0,0,0,0,0,1,0,0,0
data/external/actions/human_action_recognition/test/001154_calling.jpg,Bingsu/Human_Action_Recognition,calling,1,0,0,0,0,0,0,0,0,0,0,0,0,0,0,0,1,0,0,0
data/external/actions/human_action_recognition/test/001155_calling.jpg,Bingsu/Human_Action_Recognition,calling,1,0,0,0,0,0,0,0,0,0,0,0,0,0,0,0,1,0,0,0
data/external/actions/human_action_recognition/test/001156_calling.jpg,Bingsu/Human_Action_Recognition,calling,1,0,0,0,0,0,0,0,0,0,0,0,0,0,0,0,1,0,0,0
data/external/actions/human_action_recognition/test/001157_calling.jpg,Bingsu/Human_Action_Recognition,calling,1,0,0,0,0,0,0,0,0,0,0,0,0,0,0,0,1,0,0,0
data/external/actions/human_action_recognition/test/001158_calling.jpg,Bingsu/Human_Action_Recognition,calling,1,0,0,0,0,0,0,0,0,0,0,0,0,0,0,0,1,0,0,0
data/external/actions/human_action_recognition/test/001159_calling.jpg,Bingsu/Human_Action_Recognition,calling,1,0,0,0,0,0,0,0,0,0,0,0,0,0,0,0,1,0,0,0
data/external/actions/human_action_recognition/test/001160_calling.jpg,Bingsu/Human_Action_Recognition,calling,1,0,0,0,0,0,0,0,0,0,0,0,0,0,0,0,1,0,0,0
data/external/actions/human_action_recognition/test/001161_calling.jpg,Bingsu/Human_Action_Recognition,calling,1,0,0,0,0,0,0,0,0,0,0,0,0,0,0,0,1,0,0,0
data/external/actions/human_action_recognition/test/001162_calling.jpg,Bingsu/Human_Action_Recognition,calling,1,0,0,0,0,0,0,0,0,0,0,0,0,0,0,0,1,0,0,0
data/external/actions/human_action_recognition/test/001163_calling.jpg,Bingsu/Human_Action_Recognition,calling,1,0,0,0,0,0,0,0,0,0,0,0,0,0,0,0,1,0,0,0
data/external/actions/human_action_recognition/test/001164_calling.jpg,Bingsu/Human_Action_Recognition,calling,1,0,0,0,0,0,0,0,0,0,0,0,0,0,0,0,1,0,0,0
data/external/actions/human_action_recognition/test/001165_calling.jpg,Bingsu/Human_Action_Recognition,calling,1,0,0,0,0,0,0,0,0,0,0,0,0,0,0,0,1,0,0,0
data/external/actions/human_action_recognition/test/001166_calling.jpg,Bingsu/Human_Action_Recognition,calling,1,0,0,0,0,0,0,0,0,0,0,0,0,0,0,0,1,0,0,0
data/external/actions/human_action_recognition/test/001167_calling.jpg,Bingsu/Human_Action_Recognition,calling,1,0,0,0,0,0,0,0,0,0,0,0,0,0,0,0,1,0,0,0
data/external/actions/human_action_recognition/test/001168_calling.jpg,Bingsu/Human_Action_Recognition,calling,1,0,0,0,0,0,0,0,0,0,0,0,0,0,0,0,1,0,0,0
data/external/actions/human_action_recognition/test/001169_calling.jpg,Bingsu/Human_Action_Recognition,calling,1,0,0,0,0,0,0,0,0,0,0,0,0,0,0,0,1,0,0,0
data/external/actions/human_action_recognition/test/001170_calling.jpg,Bingsu/Human_Action_Recognition,calling,1,0,0,0,0,0,0,0,0,0,0,0,0,0,0,0,1,0,0,0
data/external/actions/human_action_recognition/test/001171_calling.jpg,Bingsu/Human_Action_Recognition,calling,1,0,0,0,0,0,0,0,0,0,0,0,0,0,0,0,1,0,0,0
data/external/actions/human_action_recognition/test/001172_calling.jpg,Bingsu/Human_Action_Recognition,calling,1,0,0,0,0,0,0,0,0,0,0,0,0,0,0,0,1,0,0,0
data/external/actions/human_action_recognition/test/001173_calling.jpg,Bingsu/Human_Action_Recognition,calling,1,0,0,0,0,0,0,0,0,0,0,0,0,0,0,0,1,0,0,0
data/external/actions/human_action_recognition/test/001174_calling.jpg,Bingsu/Human_Action_Recognition,calling,1,0,0,0,0,0,0,0,0,0,0,0,0,0,0,0,1,0,0,0
data/external/actions/human_action_recognition/test/001175_calling.jpg,Bingsu/Human_Action_Recognition,calling,1,0,0,0,0,0,0,0,0,0,0,0,0,0,0,0,1,0,0,0
data/external/actions/human_action_recognition/test/001176_calling.jpg,Bingsu/Human_Action_Recognition,calling,1,0,0,0,0,0,0,0,0,0,0,0,0,0,0,0,1,0,0,0
data/external/actions/human_action_recognition/test/001177_calling.jpg,Bingsu/Human_Action_Recognition,calling,1,0,0,0,0,0,0,0,0,0,0,0,0,0,0,0,1,0,0,0
data/external/actions/human_action_recognition/test/001178_calling.jpg,Bingsu/Human_Action_Recognition,calling,1,0,0,0,0,0,0,0,0,0,0,0,0,0,0,0,1,0,0,0
data/external/actions/human_action_recognition/test/001179_calling.jpg,Bingsu/Human_Action_Recognition,calling,1,0,0,0,0,0,0,0,0,0,0,0,0,0,0,0,1,0,0,0
data/external/actions/human_action_recognition/test/001180_calling.jpg,Bingsu/Human_Action_Recognition,calling,1,0,0,0,0,0,0,0,0,0,0,0,0,0,0,0,1,0,0,0
data/external/actions/human_action_recognition/test/001181_calling.jpg,Bingsu/Human_Action_Recognition,calling,1,0,0,0,0,0,0,0,0,0,0,0,0,0,0,0,1,0,0,0
data/external/actions/human_action_recognition/test/001182_calling.jpg,Bingsu/Human_Action_Recognition,calling,1,0,0,0,0,0,0,0,0,0,0,0,0,0,0,0,1,0,0,0
data/external/actions/human_action_recognition/test/001183_calling.jpg,Bingsu/Human_Action_Recognition,calling,1,0,0,0,0,0,0,0,0,0,0,0,0,0,0,0,1,0,0,0
data/external/actions/human_action_recognition/test/001184_calling.jpg,Bingsu/Human_Action_Recognition,calling,1,0,0,0,0,0,0,0,0,0,0,0,0,0,0,0,1,0,0,0
data/external/actions/human_action_recognition/test/001185_calling.jpg,Bingsu/Human_Action_Recognition,calling,1,0,0,0,0,0,0,0,0,0,0,0,0,0,0,0,1,0,0,0
data/external/actions/human_action_recognition/test/001186_calling.jpg,Bingsu/Human_Action_Recognition,calling,1,0,0,0,0,0,0,0,0,0,0,0,0,0,0,0,1,0,0,0
data/external/actions/human_action_recognition/test/001187_calling.jpg,Bingsu/Human_Action_Recognition,calling,1,0,0,0,0,0,0,0,0,0,0,0,0,0,0,0,1,0,0,0
data/external/actions/human_action_recognition/test/001188_calling.jpg,Bingsu/Human_Action_Recognition,calling,1,0,0,0,0,0,0,0,0,0,0,0,0,0,0,0,1,0,0,0
data/external/actions/human_action_recognition/test/001189_calling.jpg,Bingsu/Human_Action_Recognition,calling,1,0,0,0,0,0,0,0,0,0,0,0,0,0,0,0,1,0,0,0
data/external/actions/human_action_recognition/test/001190_calling.jpg,Bingsu/Human_Action_Recognition,calling,1,0,0,0,0,0,0,0,0,0,0,0,0,0,0,0,1,0,0,0
data/external/actions/human_action_recognition/test/001191_calling.jpg,Bingsu/Human_Action_Recognition,calling,1,0,0,0,0,0,0,0,0,0,0,0,0,0,0,0,1,0,0,0
data/external/actions/human_action_recognition/test/001192_calling.jpg,Bingsu/Human_Action_Recognition,calling,1,0,0,0,0,0,0,0,0,0,0,0,0,0,0,0,1,0,0,0
data/external/actions/human_action_recognition/test/001193_calling.jpg,Bingsu/Human_Action_Recognition,calling,1,0,0,0,0,0,0,0,0,0,0,0,0,0,0,0,1,0,0,0
data/external/actions/human_action_recognition/test/001194_calling.jpg,Bingsu/Human_Action_Recognition,calling,1,0,0,0,0,0,0,0,0,0,0,0,0,0,0,0,1,0,0,0
data/external/actions/human_action_recognition/test/001195_calling.jpg,Bingsu/Human_Action_Recognition,calling,1,0,0,0,0,0,0,0,0,0,0,0,0,0,0,0,1,0,0,0
data/external/actions/human_action_recognition/test/001196_calling.jpg,Bingsu/Human_Action_Recognition,calling,1,0,0,0,0,0,0,0,0,0,0,0,0,0,0,0,1,0,0,0
data/external/actions/human_action_recognition/test/001197_calling.jpg,Bingsu/Human_Action_Recognition,calling,1,0,0,0,0,0,0,0,0,0,0,0,0,0,0,0,1,0,0,0
data/external/actions/human_action_recognition/test/001198_calling.jpg,Bingsu/Human_Action_Recognition,calling,1,0,0,0,0,0,0,0,0,0,0,0,0,0,0,0,1,0,0,0
data/external/actions/human_action_recognition/test/001199_calling.jpg,Bingsu/Human_Action_Recognition,calling,1,0,0,0,0,0,0,0,0,0,0,0,0,0,0,0,1,0,0,0
data/external/actions/human_action_recognition/test/001200_calling.jpg,Bingsu/Human_Action_Recognition,calling,1,0,0,0,0,0,0,0,0,0,0,0,0,0,0,0,1,0,0,0
data/external/actions/human_action_recognition/test/001201_calling.jpg,Bingsu/Human_Action_Recognition,calling,1,0,0,0,0,0,0,0,0,0,0,0,0,0,0,0,1,0,0,0
data/external/actions/human_action_recognition/test/001202_calling.jpg,Bingsu/Human_Action_Recognition,calling,1,0,0,0,0,0,0,0,0,0,0,0,0,0,0,0,1,0,0,0
data/external/actions/human_action_recognition/test/001203_calling.jpg,Bingsu/Human_Action_Recognition,calling,1,0,0,0,0,0,0,0,0,0,0,0,0,0,0,0,1,0,0,0
data/external/actions/human_action_recognition/test/001204_calling.jpg,Bingsu/Human_Action_Recognition,calling,1,0,0,0,0,0,0,0,0,0,0,0,0,0,0,0,1,0,0,0
data/external/actions/human_action_recognition/test/001205_calling.jpg,Bingsu/Human_Action_Recognition,calling,1,0,0,0,0,0,0,0,0,0,0,0,0,0,0,0,1,0,0,0
data/external/actions/human_action_recognition/test/001206_calling.jpg,Bingsu/Human_Action_Recognition,calling,1,0,0,0,0,0,0,0,0,0,0,0,0,0,0,0,1,0,0,0
data/external/actions/human_action_recognition/test/001207_calling.jpg,Bingsu/Human_Action_Recognition,calling,1,0,0,0,0,0,0,0,0,0,0,0,0,0,0,0,1,0,0,0
data/external/actions/human_action_recognition/test/001208_calling.jpg,Bingsu/Human_Action_Recognition,calling,1,0,0,0,0,0,0,0,0,0,0,0,0,0,0,0,1,0,0,0
data/external/actions/human_action_recognition/test/001209_calling.jpg,Bingsu/Human_Action_Recognition,calling,1,0,0,0,0,0,0,0,0,0,0,0,0,0,0,0,1,0,0,0
data/external/actions/human_action_recognition/test/001210_calling.jpg,Bingsu/Human_Action_Recognition,calling,1,0,0,0,0,0,0,0,0,0,0,0,0,0,0,0,1,0,0,0
data/external/actions/human_action_recognition/test/001211_calling.jpg,Bingsu/Human_Action_Recognition,calling,1,0,0,0,0,0,0,0,0,0,0,0,0,0,0,0,1,0,0,0
data/external/actions/human_action_recognition/test/001212_calling.jpg,Bingsu/Human_Action_Recognition,calling,1,0,0,0,0,0,0,0,0,0,0,0,0,0,0,0,1,0,0,0
data/external/actions/human_action_recognition/test/001213_calling.jpg,Bingsu/Human_Action_Recognition,calling,1,0,0,0,0,0,0,0,0,0,0,0,0,0,0,0,1,0,0,0
data/external/actions/human_action_recognition/test/001214_calling.jpg,Bingsu/Human_Action_Recognition,calling,1,0,0,0,0,0,0,0,0,0,0,0,0,0,0,0,1,0,0,0
data/external/actions/human_action_recognition/test/001215_calling.jpg,Bingsu/Human_Action_Recognition,calling,1,0,0,0,0,0,0,0,0,0,0,0,0,0,0,0,1,0,0,0
data/external/actions/human_action_recognition/test/001216_calling.jpg,Bingsu/Human_Action_Recognition,calling,1,0,0,0,0,0,0,0,0,0,0,0,0,0,0,0,1,0,0,0
data/external/actions/human_action_recognition/test/001217_calling.jpg,Bingsu/Human_Action_Recognition,calling,1,0,0,0,0,0,0,0,0,0,0,0,0,0,0,0,1,0,0,0
data/external/actions/human_action_recognition/test/001218_calling.jpg,Bingsu/Human_Action_Recognition,calling,1,0,0,0,0,0,0,0,0,0,0,0,0,0,0,0,1,0,0,0
data/external/actions/human_action_recognition/test/001219_calling.jpg,Bingsu/Human_Action_Recognition,calling,1,0,0,0,0,0,0,0,0,0,0,0,0,0,0,0,1,0,0,0
data/external/actions/human_action_recognition/test/001220_calling.jpg,Bingsu/Human_Action_Recognition,calling,1,0,0,0,0,0,0,0,0,0,0,0,0,0,0,0,1,0,0,0
data/external/actions/human_action_recognition/test/001221_calling.jpg,Bingsu/Human_Action_Recognition,calling,1,0,0,0,0,0,0,0,0,0,0,0,0,0,0,0,1,0,0,0
data/external/actions/human_action_recognition/test/001222_calling.jpg,Bingsu/Human_Action_Recognition,calling,1,0,0,0,0,0,0,0,0,0,0,0,0,0,0,0,1,0,0,0
data/external/actions/human_action_recognition/test/001223_calling.jpg,Bingsu/Human_Action_Recognition,calling,1,0,0,0,0,0,0,0,0,0,0,0,0,0,0,0,1,0,0,0
data/external/actions/human_action_recognition/test/001224_calling.jpg,Bingsu/Human_Action_Recognition,calling,1,0,0,0,0,0,0,0,0,0,0,0,0,0,0,0,1,0,0,0
data/external/actions/human_action_recognition/test/001225_calling.jpg,Bingsu/Human_Action_Recognition,calling,1,0,0,0,0,0,0,0,0,0,0,0,0,0,0,0,1,0,0,0
data/external/actions/human_action_recognition/test/001226_calling.jpg,Bingsu/Human_Action_Recognition,calling,1,0,0,0,0,0,0,0,0,0,0,0,0,0,0,0,1,0,0,0
data/external/actions/human_action_recognition/test/001227_calling.jpg,Bingsu/Human_Action_Recognition,calling,1,0,0,0,0,0,0,0,0,0,0,0,0,0,0,0,1,0,0,0
data/external/actions/human_action_recognition/test/001228_calling.jpg,Bingsu/Human_Action_Recognition,calling,1,0,0,0,0,0,0,0,0,0,0,0,0,0,0,0,1,0,0,0
data/external/actions/human_action_recognition/test/001229_calling.jpg,Bingsu/Human_Action_Recognition,calling,1,0,0,0,0,0,0,0,0,0,0,0,0,0,0,0,1,0,0,0
data/external/actions/human_action_recognition/test/001230_calling.jpg,Bingsu/Human_Action_Recognition,calling,1,0,0,0,0,0,0,0,0,0,0,0,0,0,0,0,1,0,0,0
data/external/actions/human_action_recognition/test/001231_calling.jpg,Bingsu/Human_Action_Recognition,calling,1,0,0,0,0,0,0,0,0,0,0,0,0,0,0,0,1,0,0,0
data/external/actions/human_action_recognition/test/001232_calling.jpg,Bingsu/Human_Action_Recognition,calling,1,0,0,0,0,0,0,0,0,0,0,0,0,0,0,0,1,0,0,0
data/external/actions/human_action_recognition/test/001233_calling.jpg,Bingsu/Human_Action_Recognition,calling,1,0,0,0,0,0,0,0,0,0,0,0,0,0,0,0,1,0,0,0
data/external/actions/human_action_recognition/test/001234_calling.jpg,Bingsu/Human_Action_Recognition,calling,1,0,0,0,0,0,0,0,0,0,0,0,0,0,0,0,1,0,0,0
data/external/actions/human_action_recognition/test/001235_calling.jpg,Bingsu/Human_Action_Recognition,calling,1,0,0,0,0,0,0,0,0,0,0,0,0,0,0,0,1,0,0,0
data/external/actions/human_action_recognition/test/001236_calling.jpg,Bingsu/Human_Action_Recognition,calling,1,0,0,0,0,0,0,0,0,0,0,0,0,0,0,0,1,0,0,0
data/external/actions/human_action_recognition/test/001237_calling.jpg,Bingsu/Human_Action_Recognition,calling,1,0,0,0,0,0,0,0,0,0,0,0,0,0,0,0,1,0,0,0
data/external/actions/human_action_recognition/test/001238_calling.jpg,Bingsu/Human_Action_Recognition,calling,1,0,0,0,0,0,0,0,0,0,0,0,0,0,0,0,1,0,0,0
data/external/actions/human_action_recognition/test/001239_calling.jpg,Bingsu/Human_Action_Recognition,calling,1,0,0,0,0,0,0,0,0,0,0,0,0,0,0,0,1,0,0,0
data/external/actions/human_action_recognition/test/001240_calling.jpg,Bingsu/Human_Action_Recognition,calling,1,0,0,0,0,0,0,0,0,0,0,0,0,0,0,0,1,0,0,0
data/external/actions/human_action_recognition/test/001241_calling.jpg,Bingsu/Human_Action_Recognition,calling,1,0,0,0,0,0,0,0,0,0,0,0,0,0,0,0,1,0,0,0
data/external/actions/human_action_recognition/test/001242_calling.jpg,Bingsu/Human_Action_Recognition,calling,1,0,0,0,0,0,0,0,0,0,0,0,0,0,0,0,1,0,0,0
data/external/actions/human_action_recognition/test/001243_calling.jpg,Bingsu/Human_Action_Recognition,calling,1,0,0,0,0,0,0,0,0,0,0,0,0,0,0,0,1,0,0,0
data/external/actions/human_action_recognition/test/001244_calling.jpg,Bingsu/Human_Action_Recognition,calling,1,0,0,0,0,0,0,0,0,0,0,0,0,0,0,0,1,0,0,0
data/external/actions/human_action_recognition/test/001245_calling.jpg,Bingsu/Human_Action_Recognition,calling,1,0,0,0,0,0,0,0,0,0,0,0,0,0,0,0,1,0,0,0
data/external/actions/human_action_recognition/test/001246_calling.jpg,Bingsu/Human_Action_Recognition,calling,1,0,0,0,0,0,0,0,0,0,0,0,0,0,0,0,1,0,0,0
data/external/actions/human_action_recognition/test/001247_calling.jpg,Bingsu/Human_Action_Recognition,calling,1,0,0,0,0,0,0,0,0,0,0,0,0,0,0,0,1,0,0,0
data/external/actions/human_action_recognition/test/001248_calling.jpg,Bingsu/Human_Action_Recognition,calling,1,0,0,0,0,0,0,0,0,0,0,0,0,0,0,0,1,0,0,0
data/external/actions/human_action_recognition/test/001249_calling.jpg,Bingsu/Human_Action_Recognition,calling,1,0,0,0,0,0,0,0,0,0,0,0,0,0,0,0,1,0,0,0
data/external/actions/human_action_recognition/test/001250_calling.jpg,Bingsu/Human_Action_Recognition,calling,1,0,0,0,0,0,0,0,0,0,0,0,0,0,0,0,1,0,0,0
data/external/actions/human_action_recognition/test/001251_calling.jpg,Bingsu/Human_Action_Recognition,calling,1,0,0,0,0,0,0,0,0,0,0,0,0,0,0,0,1,0,0,0
data/external/actions/human_action_recognition/test/001252_calling.jpg,Bingsu/Human_Action_Recognition,calling,1,0,0,0,0,0,0,0,0,0,0,0,0,0,0,0,1,0,0,0
data/external/actions/human_action_recognition/test/001253_calling.jpg,Bingsu/Human_Action_Recognition,calling,1,0,0,0,0,0,0,0,0,0,0,0,0,0,0,0,1,0,0,0
data/external/actions/human_action_recognition/test/001254_calling.jpg,Bingsu/Human_Action_Recognition,calling,1,0,0,0,0,0,0,0,0,0,0,0,0,0,0,0,1,0,0,0
data/external/actions/human_action_recognition/test/001255_calling.jpg,Bingsu/Human_Action_Recognition,calling,1,0,0,0,0,0,0,0,0,0,0,0,0,0,0,0,1,0,0,0
data/external/actions/human_action_recognition/test/001256_calling.jpg,Bingsu/Human_Action_Recognition,calling,1,0,0,0,0,0,0,0,0,0,0,0,0,0,0,0,1,0,0,0
data/external/actions/human_action_recognition/test/001257_calling.jpg,Bingsu/Human_Action_Recognition,calling,1,0,0,0,0,0,0,0,0,0,0,0,0,0,0,0,1,0,0,0
data/external/actions/human_action_recognition/test/001258_calling.jpg,Bingsu/Human_Action_Recognition,calling,1,0,0,0,0,0,0,0,0,0,0,0,0,0,0,0,1,0,0,0
data/external/actions/human_action_recognition/test/001259_calling.jpg,Bingsu/Human_Action_Recognition,calling,1,0,0,0,0,0,0,0,0,0,0,0,0,0,0,0,1,0,0,0
data/external/actions/human_action_recognition/test/001260_calling.jpg,Bingsu/Human_Action_Recognition,calling,1,0,0,0,0,0,0,0,0,0,0,0,0,0,0,0,1,0,0,0
data/external/actions/human_action_recognition/test/001261_calling.jpg,Bingsu/Human_Action_Recognition,calling,1,0,0,0,0,0,0,0,0,0,0,0,0,0,0,0,1,0,0,0
data/external/actions/human_action_recognition/test/001262_calling.jpg,Bingsu/Human_Action_Recognition,calling,1,0,0,0,0,0,0,0,0,0,0,0,0,0,0,0,1,0,0,0
data/external/actions/human_action_recognition/test/001263_calling.jpg,Bingsu/Human_Action_Recognition,calling,1,0,0,0,0,0,0,0,0,0,0,0,0,0,0,0,1,0,0,0
data/external/actions/human_action_recognition/test/001264_calling.jpg,Bingsu/Human_Action_Recognition,calling,1,0,0,0,0,0,0,0,0,0,0,0,0,0,0,0,1,0,0,0
data/external/actions/human_action_recognition/test/001265_calling.jpg,Bingsu/Human_Action_Recognition,calling,1,0,0,0,0,0,0,0,0,0,0,0,0,0,0,0,1,0,0,0
data/external/actions/human_action_recognition/test/001266_calling.jpg,Bingsu/Human_Action_Recognition,calling,1,0,0,0,0,0,0,0,0,0,0,0,0,0,0,0,1,0,0,0
data/external/actions/human_action_recognition/test/001267_calling.jpg,Bingsu/Human_Action_Recognition,calling,1,0,0,0,0,0,0,0,0,0,0,0,0,0,0,0,1,0,0,0
data/external/actions/human_action_recognition/test/001268_calling.jpg,Bingsu/Human_Action_Recognition,calling,1,0,0,0,0,0,0,0,0,0,0,0,0,0,0,0,1,0,0,0
data/external/actions/human_action_recognition/test/001269_calling.jpg,Bingsu/Human_Action_Recognition,calling,1,0,0,0,0,0,0,0,0,0,0,0,0,0,0,0,1,0,0,0
data/external/actions/human_action_recognition/test/001270_calling.jpg,Bingsu/Human_Action_Recognition,calling,1,0,0,0,0,0,0,0,0,0,0,0,0,0,0,0,1,0,0,0
data/external/actions/human_action_recognition/test/001271_calling.jpg,Bingsu/Human_Action_Recognition,calling,1,0,0,0,0,0,0,0,0,0,0,0,0,0,0,0,1,0,0,0
data/external/actions/human_action_recognition/test/001272_calling.jpg,Bingsu/Human_Action_Recognition,calling,1,0,0,0,0,0,0,0,0,0,0,0,0,0,0,0,1,0,0,0
data/external/actions/human_action_recognition/test/001273_calling.jpg,Bingsu/Human_Action_Recognition,calling,1,0,0,0,0,0,0,0,0,0,0,0,0,0,0,0,1,0,0,0
data/external/actions/human_action_recognition/test/001274_calling.jpg,Bingsu/Human_Action_Recognition,calling,1,0,0,0,0,0,0,0,0,0,0,0,0,0,0,0,1,0,0,0
data/external/actions/human_action_recognition/test/001275_calling.jpg,Bingsu/Human_Action_Recognition,calling,1,0,0,0,0,0,0,0,0,0,0,0,0,0,0,0,1,0,0,0
data/external/actions/human_action_recognition/test/001276_calling.jpg,Bingsu/Human_Action_Recognition,calling,1,0,0,0,0,0,0,0,0,0,0,0,0,0,0,0,1,0,0,0
data/external/actions/human_action_recognition/test/001277_calling.jpg,Bingsu/Human_Action_Recognition,calling,1,0,0,0,0,0,0,0,0,0,0,0,0,0,0,0,1,0,0,0
data/external/actions/human_action_recognition/test/001278_calling.jpg,Bingsu/Human_Action_Recognition,calling,1,0,0,0,0,0,0,0,0,0,0,0,0,0,0,0,1,0,0,0
data/external/actions/human_action_recognition/test/001279_calling.jpg,Bingsu/Human_Action_Recognition,calling,1,0,0,0,0,0,0,0,0,0,0,0,0,0,0,0,1,0,0,0
data/external/actions/human_action_recognition/test/001280_calling.jpg,Bingsu/Human_Action_Recognition,calling,1,0,0,0,0,0,0,0,0,0,0,0,0,0,0,0,1,0,0,0
data/external/actions/human_action_recognition/test/001281_calling.jpg,Bingsu/Human_Action_Recognition,calling,1,0,0,0,0,0,0,0,0,0,0,0,0,0,0,0,1,0,0,0
data/external/actions/human_action_recognition/test/001282_calling.jpg,Bingsu/Human_Action_Recognition,calling,1,0,0,0,0,0,0,0,0,0,0,0,0,0,0,0,1,0,0,0
data/external/actions/human_action_recognition/test/001283_calling.jpg,Bingsu/Human_Action_Recognition,calling,1,0,0,0,0,0,0,0,0,0,0,0,0,0,0,0,1,0,0,0
data/external/actions/human_action_recognition/test/001284_calling.jpg,Bingsu/Human_Action_Recognition,calling,1,0,0,0,0,0,0,0,0,0,0,0,0,0,0,0,1,0,0,0
data/external/actions/human_action_recognition/test/001285_calling.jpg,Bingsu/Human_Action_Recognition,calling,1,0,0,0,0,0,0,0,0,0,0,0,0,0,0,0,1,0,0,0
data/external/actions/human_action_recognition/test/001286_calling.jpg,Bingsu/Human_Action_Recognition,calling,1,0,0,0,0,0,0,0,0,0,0,0,0,0,0,0,1,0,0,0
data/external/actions/human_action_recognition/test/001287_calling.jpg,Bingsu/Human_Action_Recognition,calling,1,0,0,0,0,0,0,0,0,0,0,0,0,0,0,0,1,0,0,0
data/external/actions/human_action_recognition/test/001288_calling.jpg,Bingsu/Human_Action_Recognition,calling,1,0,0,0,0,0,0,0,0,0,0,0,0,0,0,0,1,0,0,0
data/external/actions/human_action_recognition/test/001289_calling.jpg,Bingsu/Human_Action_Recognition,calling,1,0,0,0,0,0,0,0,0,0,0,0,0,0,0,0,1,0,0,0
data/external/actions/human_action_recognition/test/001290_calling.jpg,Bingsu/Human_Action_Recognition,calling,1,0,0,0,0,0,0,0,0,0,0,0,0,0,0,0,1,0,0,0
data/external/actions/human_action_recognition/test/001291_calling.jpg,Bingsu/Human_Action_Recognition,calling,1,0,0,0,0,0,0,0,0,0,0,0,0,0,0,0,1,0,0,0
data/external/actions/human_action_recognition/test/001292_calling.jpg,Bingsu/Human_Action_Recognition,calling,1,0,0,0,0,0,0,0,0,0,0,0,0,0,0,0,1,0,0,0
data/external/actions/human_action_recognition/test/001293_calling.jpg,Bingsu/Human_Action_Recognition,calling,1,0,0,0,0,0,0,0,0,0,0,0,0,0,0,0,1,0,0,0
data/external/actions/human_action_recognition/test/001294_calling.jpg,Bingsu/Human_Action_Recognition,calling,1,0,0,0,0,0,0,0,0,0,0,0,0,0,0,0,1,0,0,0
data/external/actions/human_action_recognition/test/001295_calling.jpg,Bingsu/Human_Action_Recognition,calling,1,0,0,0,0,0,0,0,0,0,0,0,0,0,0,0,1,0,0,0
data/external/actions/human_action_recognition/test/001296_calling.jpg,Bingsu/Human_Action_Recognition,calling,1,0,0,0,0,0,0,0,0,0,0,0,0,0,0,0,1,0,0,0
data/external/actions/human_action_recognition/test/001297_calling.jpg,Bingsu/Human_Action_Recognition,calling,1,0,0,0,0,0,0,0,0,0,0,0,0,0,0,0,1,0,0,0
data/external/actions/human_action_recognition/test/001298_calling.jpg,Bingsu/Human_Action_Recognition,calling,1,0,0,0,0,0,0,0,0,0,0,0,0,0,0,0,1,0,0,0
data/external/actions/human_action_recognition/test/001299_calling.jpg,Bingsu/Human_Action_Recognition,calling,1,0,0,0,0,0,0,0,0,0,0,0,0,0,0,0,1,0,0,0
data/external/actions/human_action_recognition/test/001300_calling.jpg,Bingsu/Human_Action_Recognition,calling,1,0,0,0,0,0,0,0,0,0,0,0,0,0,0,0,1,0,0,0
data/external/actions/human_action_recognition/test/001301_calling.jpg,Bingsu/Human_Action_Recognition,calling,1,0,0,0,0,0,0,0,0,0,0,0,0,0,0,0,1,0,0,0
data/external/actions/human_action_recognition/test/001302_calling.jpg,Bingsu/Human_Action_Recognition,calling,1,0,0,0,0,0,0,0,0,0,0,0,0,0,0,0,1,0,0,0
data/external/actions/human_action_recognition/test/001303_calling.jpg,Bingsu/Human_Action_Recognition,calling,1,0,0,0,0,0,0,0,0,0,0,0,0,0,0,0,1,0,0,0
data/external/actions/human_action_recognition/test/001304_calling.jpg,Bingsu/Human_Action_Recognition,calling,1,0,0,0,0,0,0,0,0,0,0,0,0,0,0,0,1,0,0,0
data/external/actions/human_action_recognition/test/001305_calling.jpg,Bingsu/Human_Action_Recognition,calling,1,0,0,0,0,0,0,0,0,0,0,0,0,0,0,0,1,0,0,0
data/external/actions/human_action_recognition/test/001306_calling.jpg,Bingsu/Human_Action_Recognition,calling,1,0,0,0,0,0,0,0,0,0,0,0,0,0,0,0,1,0,0,0
data/external/actions/human_action_recognition/test/001307_calling.jpg,Bingsu/Human_Action_Recognition,calling,1,0,0,0,0,0,0,0,0,0,0,0,0,0,0,0,1,0,0,0
data/external/actions/human_action_recognition/test/001308_calling.jpg,Bingsu/Human_Action_Recognition,calling,1,0,0,0,0,0,0,0,0,0,0,0,0,0,0,0,1,0,0,0
data/external/actions/human_action_recognition/test/001309_calling.jpg,Bingsu/Human_Action_Recognition,calling,1,0,0,0,0,0,0,0,0,0,0,0,0,0,0,0,1,0,0,0
data/external/actions/human_action_recognition/test/001310_calling.jpg,Bingsu/Human_Action_Recognition,calling,1,0,0,0,0,0,0,0,0,0,0,0,0,0,0,0,1,0,0,0
data/external/actions/human_action_recognition/test/001311_calling.jpg,Bingsu/Human_Action_Recognition,calling,1,0,0,0,0,0,0,0,0,0,0,0,0,0,0,0,1,0,0,0
data/external/actions/human_action_recognition/test/001312_calling.jpg,Bingsu/Human_Action_Recognition,calling,1,0,0,0,0,0,0,0,0,0,0,0,0,0,0,0,1,0,0,0
data/external/actions/human_action_recognition/test/001313_calling.jpg,Bingsu/Human_Action_Recognition,calling,1,0,0,0,0,0,0,0,0,0,0,0,0,0,0,0,1,0,0,0
data/external/actions/human_action_recognition/test/001314_calling.jpg,Bingsu/Human_Action_Recognition,calling,1,0,0,0,0,0,0,0,0,0,0,0,0,0,0,0,1,0,0,0
data/external/actions/human_action_recognition/test/001315_calling.jpg,Bingsu/Human_Action_Recognition,calling,1,0,0,0,0,0,0,0,0,0,0,0,0,0,0,0,1,0,0,0
data/external/actions/human_action_recognition/test/001316_calling.jpg,Bingsu/Human_Action_Recognition,calling,1,0,0,0,0,0,0,0,0,0,0,0,0,0,0,0,1,0,0,0
data/external/actions/human_action_recognition/test/001317_calling.jpg,Bingsu/Human_Action_Recognition,calling,1,0,0,0,0,0,0,0,0,0,0,0,0,0,0,0,1,0,0,0
data/external/actions/human_action_recognition/test/001318_calling.jpg,Bingsu/Human_Action_Recognition,calling,1,0,0,0,0,0,0,0,0,0,0,0,0,0,0,0,1,0,0,0
data/external/actions/human_action_recognition/test/001319_calling.jpg,Bingsu/Human_Action_Recognition,calling,1,0,0,0,0,0,0,0,0,0,0,0,0,0,0,0,1,0,0,0
data/external/actions/human_action_recognition/test/001320_calling.jpg,Bingsu/Human_Action_Recognition,calling,1,0,0,0,0,0,0,0,0,0,0,0,0,0,0,0,1,0,0,0
data/external/actions/human_action_recognition/test/001321_calling.jpg,Bingsu/Human_Action_Recognition,calling,1,0,0,0,0,0,0,0,0,0,0,0,0,0,0,0,1,0,0,0
data/external/actions/human_action_recognition/test/001322_calling.jpg,Bingsu/Human_Action_Recognition,calling,1,0,0,0,0,0,0,0,0,0,0,0,0,0,0,0,1,0,0,0
data/external/actions/human_action_recognition/test/001323_calling.jpg,Bingsu/Human_Action_Recognition,calling,1,0,0,0,0,0,0,0,0,0,0,0,0,0,0,0,1,0,0,0
data/external/actions/human_action_recognition/test/001324_calling.jpg,Bingsu/Human_Action_Recognition,calling,1,0,0,0,0,0,0,0,0,0,0,0,0,0,0,0,1,0,0,0
data/external/actions/human_action_recognition/test/001325_calling.jpg,Bingsu/Human_Action_Recognition,calling,1,0,0,0,0,0,0,0,0,0,0,0,0,0,0,0,1,0,0,0
data/external/actions/human_action_recognition/test/001326_calling.jpg,Bingsu/Human_Action_Recognition,calling,1,0,0,0,0,0,0,0,0,0,0,0,0,0,0,0,1,0,0,0
data/external/actions/human_action_recognition/test/001327_calling.jpg,Bingsu/Human_Action_Recognition,calling,1,0,0,0,0,0,0,0,0,0,0,0,0,0,0,0,1,0,0,0
data/external/actions/human_action_recognition/test/001328_calling.jpg,Bingsu/Human_Action_Recognition,calling,1,0,0,0,0,0,0,0,0,0,0,0,0,0,0,0,1,0,0,0
data/external/actions/human_action_recognition/test/001329_calling.jpg,Bingsu/Human_Action_Recognition,calling,1,0,0,0,0,0,0,0,0,0,0,0,0,0,0,0,1,0,0,0
data/external/actions/human_action_recognition/test/001330_calling.jpg,Bingsu/Human_Action_Recognition,calling,1,0,0,0,0,0,0,0,0,0,0,0,0,0,0,0,1,0,0,0
data/external/actions/human_action_recognition/test/001331_calling.jpg,Bingsu/Human_Action_Recognition,calling,1,0,0,0,0,0,0,0,0,0,0,0,0,0,0,0,1,0,0,0
data/external/actions/human_action_recognition/test/001332_calling.jpg,Bingsu/Human_Action_Recognition,calling,1,0,0,0,0,0,0,0,0,0,0,0,0,0,0,0,1,0,0,0
data/external/actions/human_action_recognition/test/001333_calling.jpg,Bingsu/Human_Action_Recognition,calling,1,0,0,0,0,0,0,0,0,0,0,0,0,0,0,0,1,0,0,0
data/external/actions/human_action_recognition/test/001334_calling.jpg,Bingsu/Human_Action_Recognition,calling,1,0,0,0,0,0,0,0,0,0,0,0,0,0,0,0,1,0,0,0
data/external/actions/human_action_recognition/test/001335_calling.jpg,Bingsu/Human_Action_Recognition,calling,1,0,0,0,0,0,0,0,0,0,0,0,0,0,0,0,1,0,0,0
data/external/actions/human_action_recognition/test/001336_calling.jpg,Bingsu/Human_Action_Recognition,calling,1,0,0,0,0,0,0,0,0,0,0,0,0,0,0,0,1,0,0,0
data/external/actions/human_action_recognition/test/001337_calling.jpg,Bingsu/Human_Action_Recognition,calling,1,0,0,0,0,0,0,0,0,0,0,0,0,0,0,0,1,0,0,0
data/external/actions/human_action_recognition/test/001338_calling.jpg,Bingsu/Human_Action_Recognition,calling,1,0,0,0,0,0,0,0,0,0,0,0,0,0,0,0,1,0,0,0
data/external/actions/human_action_recognition/test/001339_calling.jpg,Bingsu/Human_Action_Recognition,calling,1,0,0,0,0,0,0,0,0,0,0,0,0,0,0,0,1,0,0,0
data/external/actions/human_action_recognition/test/001340_calling.jpg,Bingsu/Human_Action_Recognition,calling,1,0,0,0,0,0,0,0,0,0,0,0,0,0,0,0,1,0,0,0
data/external/actions/human_action_recognition/test/001341_calling.jpg,Bingsu/Human_Action_Recognition,calling,1,0,0,0,0,0,0,0,0,0,0,0,0,0,0,0,1,0,0,0
data/external/actions/human_action_recognition/test/001342_calling.jpg,Bingsu/Human_Action_Recognition,calling,1,0,0,0,0,0,0,0,0,0,0,0,0,0,0,0,1,0,0,0
data/external/actions/human_action_recognition/test/001343_calling.jpg,Bingsu/Human_Action_Recognition,calling,1,0,0,0,0,0,0,0,0,0,0,0,0,0,0,0,1,0,0,0
data/external/actions/human_action_recognition/test/001344_calling.jpg,Bingsu/Human_Action_Recognition,calling,1,0,0,0,0,0,0,0,0,0,0,0,0,0,0,0,1,0,0,0
data/external/actions/human_action_recognition/test/001345_calling.jpg,Bingsu/Human_Action_Recognition,calling,1,0,0,0,0,0,0,0,0,0,0,0,0,0,0,0,1,0,0,0
data/external/actions/human_action_recognition/test/001346_calling.jpg,Bingsu/Human_Action_Recognition,calling,1,0,0,0,0,0,0,0,0,0,0,0,0,0,0,0,1,0,0,0
data/external/actions/human_action_recognition/test/001347_calling.jpg,Bingsu/Human_Action_Recognition,calling,1,0,0,0,0,0,0,0,0,0,0,0,0,0,0,0,1,0,0,0
data/external/actions/human_action_recognition/test/001348_calling.jpg,Bingsu/Human_Action_Recognition,calling,1,0,0,0,0,0,0,0,0,0,0,0,0,0,0,0,1,0,0,0
data/external/actions/human_action_recognition/test/001349_calling.jpg,Bingsu/Human_Action_Recognition,calling,1,0,0,0,0,0,0,0,0,0,0,0,0,0,0,0,1,0,0,0
data/external/actions/human_action_recognition/test/001350_calling.jpg,Bingsu/Human_Action_Recognition,calling,1,0,0,0,0,0,0,0,0,0,0,0,0,0,0,0,1,0,0,0
data/external/actions/human_action_recognition/test/001351_calling.jpg,Bingsu/Human_Action_Recognition,calling,1,0,0,0,0,0,0,0,0,0,0,0,0,0,0,0,1,0,0,0
data/external/actions/human_action_recognition/test/001352_calling.jpg,Bingsu/Human_Action_Recognition,calling,1,0,0,0,0,0,0,0,0,0,0,0,0,0,0,0,1,0,0,0
data/external/actions/human_action_recognition/test/001353_calling.jpg,Bingsu/Human_Action_Recognition,calling,1,0,0,0,0,0,0,0,0,0,0,0,0,0,0,0,1,0,0,0
data/external/actions/human_action_recognition/test/001354_calling.jpg,Bingsu/Human_Action_Recognition,calling,1,0,0,0,0,0,0,0,0,0,0,0,0,0,0,0,1,0,0,0
data/external/actions/human_action_recognition/test/001355_calling.jpg,Bingsu/Human_Action_Recognition,calling,1,0,0,0,0,0,0,0,0,0,0,0,0,0,0,0,1,0,0,0
data/external/actions/human_action_recognition/test/001356_calling.jpg,Bingsu/Human_Action_Recognition,calling,1,0,0,0,0,0,0,0,0,0,0,0,0,0,0,0,1,0,0,0
data/external/actions/human_action_recognition/test/001357_calling.jpg,Bingsu/Human_Action_Recognition,calling,1,0,0,0,0,0,0,0,0,0,0,0,0,0,0,0,1,0,0,0
data/external/actions/human_action_recognition/test/001358_calling.jpg,Bingsu/Human_Action_Recognition,calling,1,0,0,0,0,0,0,0,0,0,0,0,0,0,0,0,1,0,0,0
data/external/actions/human_action_recognition/test/001359_calling.jpg,Bingsu/Human_Action_Recognition,calling,1,0,0,0,0,0,0,0,0,0,0,0,0,0,0,0,1,0,0,0
data/external/actions/human_action_recognition/test/001360_calling.jpg,Bingsu/Human_Action_Recognition,calling,1,0,0,0,0,0,0,0,0,0,0,0,0,0,0,0,1,0,0,0
data/external/actions/human_action_recognition/test/001361_calling.jpg,Bingsu/Human_Action_Recognition,calling,1,0,0,0,0,0,0,0,0,0,0,0,0,0,0,0,1,0,0,0
data/external/actions/human_action_recognition/test/001362_calling.jpg,Bingsu/Human_Action_Recognition,calling,1,0,0,0,0,0,0,0,0,0,0,0,0,0,0,0,1,0,0,0
data/external/actions/human_action_recognition/test/001363_calling.jpg,Bingsu/Human_Action_Recognition,calling,1,0,0,0,0,0,0,0,0,0,0,0,0,0,0,0,1,0,0,0
data/external/actions/human_action_recognition/test/001364_calling.jpg,Bingsu/Human_Action_Recognition,calling,1,0,0,0,0,0,0,0,0,0,0,0,0,0,0,0,1,0,0,0
data/external/actions/human_action_recognition/test/001365_calling.jpg,Bingsu/Human_Action_Recognition,calling,1,0,0,0,0,0,0,0,0,0,0,0,0,0,0,0,1,0,0,0
data/external/actions/human_action_recognition/test/001366_calling.jpg,Bingsu/Human_Action_Recognition,calling,1,0,0,0,0,0,0,0,0,0,0,0,0,0,0,0,1,0,0,0
data/external/actions/human_action_recognition/test/001367_calling.jpg,Bingsu/Human_Action_Recognition,calling,1,0,0,0,0,0,0,0,0,0,0,0,0,0,0,0,1,0,0,0
data/external/actions/human_action_recognition/test/001368_calling.jpg,Bingsu/Human_Action_Recognition,calling,1,0,0,0,0,0,0,0,0,0,0,0,0,0,0,0,1,0,0,0
data/external/actions/human_action_recognition/test/001369_calling.jpg,Bingsu/Human_Action_Recognition,calling,1,0,0,0,0,0,0,0,0,0,0,0,0,0,0,0,1,0,0,0
data/external/actions/human_action_recognition/test/001370_calling.jpg,Bingsu/Human_Action_Recognition,calling,1,0,0,0,0,0,0,0,0,0,0,0,0,0,0,0,1,0,0,0
data/external/actions/human_action_recognition/test/001371_calling.jpg,Bingsu/Human_Action_Recognition,calling,1,0,0,0,0,0,0,0,0,0,0,0,0,0,0,0,1,0,0,0
data/external/actions/human_action_recognition/test/001372_calling.jpg,Bingsu/Human_Action_Recognition,calling,1,0,0,0,0,0,0,0,0,0,0,0,0,0,0,0,1,0,0,0
data/external/actions/human_action_recognition/test/001373_calling.jpg,Bingsu/Human_Action_Recognition,calling,1,0,0,0,0,0,0,0,0,0,0,0,0,0,0,0,1,0,0,0
data/external/actions/human_action_recognition/test/001374_calling.jpg,Bingsu/Human_Action_Recognition,calling,1,0,0,0,0,0,0,0,0,0,0,0,0,0,0,0,1,0,0,0
data/external/actions/human_action_recognition/test/001375_calling.jpg,Bingsu/Human_Action_Recognition,calling,1,0,0,0,0,0,0,0,0,0,0,0,0,0,0,0,1,0,0,0
data/external/actions/human_action_recognition/test/001376_calling.jpg,Bingsu/Human_Action_Recognition,calling,1,0,0,0,0,0,0,0,0,0,0,0,0,0,0,0,1,0,0,0
data/external/actions/human_action_recognition/test/001377_calling.jpg,Bingsu/Human_Action_Recognition,calling,1,0,0,0,0,0,0,0,0,0,0,0,0,0,0,0,1,0,0,0
data/external/actions/human_action_recognition/test/001378_calling.jpg,Bingsu/Human_Action_Recognition,calling,1,0,0,0,0,0,0,0,0,0,0,0,0,0,0,0,1,0,0,0
data/external/actions/human_action_recognition/test/001379_calling.jpg,Bingsu/Human_Action_Recognition,calling,1,0,0,0,0,0,0,0,0,0,0,0,0,0,0,0,1,0,0,0
data/external/actions/human_action_recognition/test/001380_calling.jpg,Bingsu/Human_Action_Recognition,calling,1,0,0,0,0,0,0,0,0,0,0,0,0,0,0,0,1,0,0,0
data/external/actions/human_action_recognition/test/001381_calling.jpg,Bingsu/Human_Action_Recognition,calling,1,0,0,0,0,0,0,0,0,0,0,0,0,0,0,0,1,0,0,0
data/external/actions/human_action_recognition/test/001382_calling.jpg,Bingsu/Human_Action_Recognition,calling,1,0,0,0,0,0,0,0,0,0,0,0,0,0,0,0,1,0,0,0
data/external/actions/human_action_recognition/test/001383_calling.jpg,Bingsu/Human_Action_Recognition,calling,1,0,0,0,0,0,0,0,0,0,0,0,0,0,0,0,1,0,0,0
data/external/actions/human_action_recognition/test/001384_calling.jpg,Bingsu/Human_Action_Recognition,calling,1,0,0,0,0,0,0,0,0,0,0,0,0,0,0,0,1,0,0,0
data/external/actions/human_action_recognition/test/001385_calling.jpg,Bingsu/Human_Action_Recognition,calling,1,0,0,0,0,0,0,0,0,0,0,0,0,0,0,0,1,0,0,0
data/external/actions/human_action_recognition/test/001386_calling.jpg,Bingsu/Human_Action_Recognition,calling,1,0,0,0,0,0,0,0,0,0,0,0,0,0,0,0,1,0,0,0
data/external/actions/human_action_recognition/test/001387_calling.jpg,Bingsu/Human_Action_Recognition,calling,1,0,0,0,0,0,0,0,0,0,0,0,0,0,0,0,1,0,0,0
data/external/actions/human_action_recognition/test/001388_calling.jpg,Bingsu/Human_Action_Recognition,calling,1,0,0,0,0,0,0,0,0,0,0,0,0,0,0,0,1,0,0,0
data/external/actions/human_action_recognition/test/001389_calling.jpg,Bingsu/Human_Action_Recognition,calling,1,0,0,0,0,0,0,0,0,0,0,0,0,0,0,0,1,0,0,0
data/external/actions/human_action_recognition/test/001390_calling.jpg,Bingsu/Human_Action_Recognition,calling,1,0,0,0,0,0,0,0,0,0,0,0,0,0,0,0,1,0,0,0
data/external/actions/human_action_recognition/test/001391_calling.jpg,Bingsu/Human_Action_Recognition,calling,1,0,0,0,0,0,0,0,0,0,0,0,0,0,0,0,1,0,0,0
data/external/actions/human_action_recognition/test/001392_calling.jpg,Bingsu/Human_Action_Recognition,calling,1,0,0,0,0,0,0,0,0,0,0,0,0,0,0,0,1,0,0,0
data/external/actions/human_action_recognition/test/001393_calling.jpg,Bingsu/Human_Action_Recognition,calling,1,0,0,0,0,0,0,0,0,0,0,0,0,0,0,0,1,0,0,0
data/external/actions/human_action_recognition/test/001394_calling.jpg,Bingsu/Human_Action_Recognition,calling,1,0,0,0,0,0,0,0,0,0,0,0,0,0,0,0,1,0,0,0
data/external/actions/human_action_recognition/test/001395_calling.jpg,Bingsu/Human_Action_Recognition,calling,1,0,0,0,0,0,0,0,0,0,0,0,0,0,0,0,1,0,0,0
data/external/actions/human_action_recognition/test/001396_calling.jpg,Bingsu/Human_Action_Recognition,calling,1,0,0,0,0,0,0,0,0,0,0,0,0,0,0,0,1,0,0,0
data/external/actions/human_action_recognition/test/001397_calling.jpg,Bingsu/Human_Action_Recognition,calling,1,0,0,0,0,0,0,0,0,0,0,0,0,0,0,0,1,0,0,0
data/external/actions/human_action_recognition/test/001398_calling.jpg,Bingsu/Human_Action_Recognition,calling,1,0,0,0,0,0,0,0,0,0,0,0,0,0,0,0,1,0,0,0
data/external/actions/human_action_recognition/test/001399_calling.jpg,Bingsu/Human_Action_Recognition,calling,1,0,0,0,0,0,0,0,0,0,0,0,0,0,0,0,1,0,0,0
data/external/actions/human_action_recognition/test/001400_calling.jpg,Bingsu/Human_Action_Recognition,calling,1,0,0,0,0,0,0,0,0,0,0,0,0,0,0,0,1,0,0,0
data/external/actions/human_action_recognition/test/001401_calling.jpg,Bingsu/Human_Action_Recognition,calling,1,0,0,0,0,0,0,0,0,0,0,0,0,0,0,0,1,0,0,0
data/external/actions/human_action_recognition/test/001402_calling.jpg,Bingsu/Human_Action_Recognition,calling,1,0,0,0,0,0,0,0,0,0,0,0,0,0,0,0,1,0,0,0
data/external/actions/human_action_recognition/test/001403_calling.jpg,Bingsu/Human_Action_Recognition,calling,1,0,0,0,0,0,0,0,0,0,0,0,0,0,0,0,1,0,0,0
data/external/actions/human_action_recognition/test/001404_calling.jpg,Bingsu/Human_Action_Recognition,calling,1,0,0,0,0,0,0,0,0,0,0,0,0,0,0,0,1,0,0,0
data/external/actions/human_action_recognition/test/001405_calling.jpg,Bingsu/Human_Action_Recognition,calling,1,0,0,0,0,0,0,0,0,0,0,0,0,0,0,0,1,0,0,0
data/external/actions/human_action_recognition/test/001406_calling.jpg,Bingsu/Human_Action_Recognition,calling,1,0,0,0,0,0,0,0,0,0,0,0,0,0,0,0,1,0,0,0
data/external/actions/human_action_recognition/test/001407_calling.jpg,Bingsu/Human_Action_Recognition,calling,1,0,0,0,0,0,0,0,0,0,0,0,0,0,0,0,1,0,0,0
data/external/actions/human_action_recognition/test/001408_calling.jpg,Bingsu/Human_Action_Recognition,calling,1,0,0,0,0,0,0,0,0,0,0,0,0,0,0,0,1,0,0,0
data/external/actions/human_action_recognition/test/001409_calling.jpg,Bingsu/Human_Action_Recognition,calling,1,0,0,0,0,0,0,0,0,0,0,0,0,0,0,0,1,0,0,0
data/external/actions/human_action_recognition/test/001410_calling.jpg,Bingsu/Human_Action_Recognition,calling,1,0,0,0,0,0,0,0,0,0,0,0,0,0,0,0,1,0,0,0
data/external/actions/human_action_recognition/test/001411_calling.jpg,Bingsu/Human_Action_Recognition,calling,1,0,0,0,0,0,0,0,0,0,0,0,0,0,0,0,1,0,0,0
data/external/actions/human_action_recognition/test/001412_calling.jpg,Bingsu/Human_Action_Recognition,calling,1,0,0,0,0,0,0,0,0,0,0,0,0,0,0,0,1,0,0,0
data/external/actions/human_action_recognition/test/001413_calling.jpg,Bingsu/Human_Action_Recognition,calling,1,0,0,0,0,0,0,0,0,0,0,0,0,0,0,0,1,0,0,0
data/external/actions/human_action_recognition/test/001414_calling.jpg,Bingsu/Human_Action_Recognition,calling,1,0,0,0,0,0,0,0,0,0,0,0,0,0,0,0,1,0,0,0
data/external/actions/human_action_recognition/test/001415_calling.jpg,Bingsu/Human_Action_Recognition,calling,1,0,0,0,0,0,0,0,0,0,0,0,0,0,0,0,1,0,0,0
data/external/actions/human_action_recognition/test/001416_calling.jpg,Bingsu/Human_Action_Recognition,calling,1,0,0,0,0,0,0,0,0,0,0,0,0,0,0,0,1,0,0,0
data/external/actions/human_action_recognition/test/001417_calling.jpg,Bingsu/Human_Action_Recognition,calling,1,0,0,0,0,0,0,0,0,0,0,0,0,0,0,0,1,0,0,0
data/external/actions/human_action_recognition/test/001418_calling.jpg,Bingsu/Human_Action_Recognition,calling,1,0,0,0,0,0,0,0,0,0,0,0,0,0,0,0,1,0,0,0
data/external/actions/human_action_recognition/test/001419_calling.jpg,Bingsu/Human_Action_Recognition,calling,1,0,0,0,0,0,0,0,0,0,0,0,0,0,0,0,1,0,0,0
data/external/actions/human_action_recognition/test/001420_calling.jpg,Bingsu/Human_Action_Recognition,calling,1,0,0,0,0,0,0,0,0,0,0,0,0,0,0,0,1,0,0,0
data/external/actions/human_action_recognition/test/001421_calling.jpg,Bingsu/Human_Action_Recognition,calling,1,0,0,0,0,0,0,0,0,0,0,0,0,0,0,0,1,0,0,0
data/external/actions/human_action_recognition/test/001422_calling.jpg,Bingsu/Human_Action_Recognition,calling,1,0,0,0,0,0,0,0,0,0,0,0,0,0,0,0,1,0,0,0
data/external/actions/human_action_recognition/test/001423_calling.jpg,Bingsu/Human_Action_Recognition,calling,1,0,0,0,0,0,0,0,0,0,0,0,0,0,0,0,1,0,0,0
data/external/actions/human_action_recognition/test/001424_calling.jpg,Bingsu/Human_Action_Recognition,calling,1,0,0,0,0,0,0,0,0,0,0,0,0,0,0,0,1,0,0,0
data/external/actions/human_action_recognition/test/001425_calling.jpg,Bingsu/Human_Action_Recognition,calling,1,0,0,0,0,0,0,0,0,0,0,0,0,0,0,0,1,0,0,0
data/external/actions/human_action_recognition/test/001426_calling.jpg,Bingsu/Human_Action_Recognition,calling,1,0,0,0,0,0,0,0,0,0,0,0,0,0,0,0,1,0,0,0
data/external/actions/human_action_recognition/test/001427_calling.jpg,Bingsu/Human_Action_Recognition,calling,1,0,0,0,0,0,0,0,0,0,0,0,0,0,0,0,1,0,0,0
data/external/actions/human_action_recognition/test/001428_calling.jpg,Bingsu/Human_Action_Recognition,calling,1,0,0,0,0,0,0,0,0,0,0,0,0,0,0,0,1,0,0,0
data/external/actions/human_action_recognition/test/001429_calling.jpg,Bingsu/Human_Action_Recognition,calling,1,0,0,0,0,0,0,0,0,0,0,0,0,0,0,0,1,0,0,0
data/external/actions/human_action_recognition/test/001430_calling.jpg,Bingsu/Human_Action_Recognition,calling,1,0,0,0,0,0,0,0,0,0,0,0,0,0,0,0,1,0,0,0
data/external/actions/human_action_recognition/test/001431_calling.jpg,Bingsu/Human_Action_Recognition,calling,1,0,0,0,0,0,0,0,0,0,0,0,0,0,0,0,1,0,0,0
data/external/actions/human_action_recognition/test/001432_calling.jpg,Bingsu/Human_Action_Recognition,calling,1,0,0,0,0,0,0,0,0,0,0,0,0,0,0,0,1,0,0,0
data/external/actions/human_action_recognition/test/001433_calling.jpg,Bingsu/Human_Action_Recognition,calling,1,0,0,0,0,0,0,0,0,0,0,0,0,0,0,0,1,0,0,0
data/external/actions/human_action_recognition/test/001434_calling.jpg,Bingsu/Human_Action_Recognition,calling,1,0,0,0,0,0,0,0,0,0,0,0,0,0,0,0,1,0,0,0
data/external/actions/human_action_recognition/test/001435_calling.jpg,Bingsu/Human_Action_Recognition,calling,1,0,0,0,0,0,0,0,0,0,0,0,0,0,0,0,1,0,0,0
data/external/actions/human_action_recognition/test/001436_calling.jpg,Bingsu/Human_Action_Recognition,calling,1,0,0,0,0,0,0,0,0,0,0,0,0,0,0,0,1,0,0,0
data/external/actions/human_action_recognition/test/001437_calling.jpg,Bingsu/Human_Action_Recognition,calling,1,0,0,0,0,0,0,0,0,0,0,0,0,0,0,0,1,0,0,0
data/external/actions/human_action_recognition/test/001438_calling.jpg,Bingsu/Human_Action_Recognition,calling,1,0,0,0,0,0,0,0,0,0,0,0,0,0,0,0,1,0,0,0
data/external/actions/human_action_recognition/test/001439_calling.jpg,Bingsu/Human_Action_Recognition,calling,1,0,0,0,0,0,0,0,0,0,0,0,0,0,0,0,1,0,0,0
data/external/actions/human_action_recognition/test/001440_calling.jpg,Bingsu/Human_Action_Recognition,calling,1,0,0,0,0,0,0,0,0,0,0,0,0,0,0,0,1,0,0,0
data/external/actions/human_action_recognition/test/001441_calling.jpg,Bingsu/Human_Action_Recognition,calling,1,0,0,0,0,0,0,0,0,0,0,0,0,0,0,0,1,0,0,0
data/external/actions/human_action_recognition/test/001442_calling.jpg,Bingsu/Human_Action_Recognition,calling,1,0,0,0,0,0,0,0,0,0,0,0,0,0,0,0,1,0,0,0
data/external/actions/human_action_recognition/test/001443_calling.jpg,Bingsu/Human_Action_Recognition,calling,1,0,0,0,0,0,0,0,0,0,0,0,0,0,0,0,1,0,0,0
data/external/actions/human_action_recognition/test/001444_calling.jpg,Bingsu/Human_Action_Recognition,calling,1,0,0,0,0,0,0,0,0,0,0,0,0,0,0,0,1,0,0,0
data/external/actions/human_action_recognition/test/001445_calling.jpg,Bingsu/Human_Action_Recognition,calling,1,0,0,0,0,0,0,0,0,0,0,0,0,0,0,0,1,0,0,0
data/external/actions/human_action_recognition/test/001446_calling.jpg,Bingsu/Human_Action_Recognition,calling,1,0,0,0,0,0,0,0,0,0,0,0,0,0,0,0,1,0,0,0
data/external/actions/human_action_recognition/test/001447_calling.jpg,Bingsu/Human_Action_Recognition,calling,1,0,0,0,0,0,0,0,0,0,0,0,0,0,0,0,1,0,0,0
data/external/actions/human_action_recognition/test/001448_calling.jpg,Bingsu/Human_Action_Recognition,calling,1,0,0,0,0,0,0,0,0,0,0,0,0,0,0,0,1,0,0,0
data/external/actions/human_action_recognition/test/001449_calling.jpg,Bingsu/Human_Action_Recognition,calling,1,0,0,0,0,0,0,0,0,0,0,0,0,0,0,0,1,0,0,0
data/external/actions/human_action_recognition/test/001450_calling.jpg,Bingsu/Human_Action_Recognition,calling,1,0,0,0,0,0,0,0,0,0,0,0,0,0,0,0,1,0,0,0
data/external/actions/human_action_recognition/test/001451_calling.jpg,Bingsu/Human_Action_Recognition,calling,1,0,0,0,0,0,0,0,0,0,0,0,0,0,0,0,1,0,0,0
data/external/actions/human_action_recognition/test/001452_calling.jpg,Bingsu/Human_Action_Recognition,calling,1,0,0,0,0,0,0,0,0,0,0,0,0,0,0,0,1,0,0,0
data/external/actions/human_action_recognition/test/001453_calling.jpg,Bingsu/Human_Action_Recognition,calling,1,0,0,0,0,0,0,0,0,0,0,0,0,0,0,0,1,0,0,0
data/external/actions/human_action_recognition/test/001454_calling.jpg,Bingsu/Human_Action_Recognition,calling,1,0,0,0,0,0,0,0,0,0,0,0,0,0,0,0,1,0,0,0
data/external/actions/human_action_recognition/test/001455_calling.jpg,Bingsu/Human_Action_Recognition,calling,1,0,0,0,0,0,0,0,0,0,0,0,0,0,0,0,1,0,0,0
data/external/actions/human_action_recognition/test/001456_calling.jpg,Bingsu/Human_Action_Recognition,calling,1,0,0,0,0,0,0,0,0,0,0,0,0,0,0,0,1,0,0,0
data/external/actions/human_action_recognition/test/001457_calling.jpg,Bingsu/Human_Action_Recognition,calling,1,0,0,0,0,0,0,0,0,0,0,0,0,0,0,0,1,0,0,0
data/external/actions/human_action_recognition/test/001458_calling.jpg,Bingsu/Human_Action_Recognition,calling,1,0,0,0,0,0,0,0,0,0,0,0,0,0,0,0,1,0,0,0
data/external/actions/human_action_recognition/test/001459_calling.jpg,Bingsu/Human_Action_Recognition,calling,1,0,0,0,0,0,0,0,0,0,0,0,0,0,0,0,1,0,0,0
data/external/actions/human_action_recognition/test/001460_calling.jpg,Bingsu/Human_Action_Recognition,calling,1,0,0,0,0,0,0,0,0,0,0,0,0,0,0,0,1,0,0,0
data/external/actions/human_action_recognition/test/001461_calling.jpg,Bingsu/Human_Action_Recognition,calling,1,0,0,0,0,0,0,0,0,0,0,0,0,0,0,0,1,0,0,0
data/external/actions/human_action_recognition/test/001462_calling.jpg,Bingsu/Human_Action_Recognition,calling,1,0,0,0,0,0,0,0,0,0,0,0,0,0,0,0,1,0,0,0
data/external/actions/human_action_recognition/test/001463_calling.jpg,Bingsu/Human_Action_Recognition,calling,1,0,0,0,0,0,0,0,0,0,0,0,0,0,0,0,1,0,0,0
data/external/actions/human_action_recognition/test/001464_calling.jpg,Bingsu/Human_Action_Recognition,calling,1,0,0,0,0,0,0,0,0,0,0,0,0,0,0,0,1,0,0,0
data/external/actions/human_action_recognition/test/001465_calling.jpg,Bingsu/Human_Action_Recognition,calling,1,0,0,0,0,0,0,0,0,0,0,0,0,0,0,0,1,0,0,0
data/external/actions/human_action_recognition/test/001466_calling.jpg,Bingsu/Human_Action_Recognition,calling,1,0,0,0,0,0,0,0,0,0,0,0,0,0,0,0,1,0,0,0
data/external/actions/human_action_recognition/test/001467_calling.jpg,Bingsu/Human_Action_Recognition,calling,1,0,0,0,0,0,0,0,0,0,0,0,0,0,0,0,1,0,0,0
data/external/actions/human_action_recognition/test/001468_calling.jpg,Bingsu/Human_Action_Recognition,calling,1,0,0,0,0,0,0,0,0,0,0,0,0,0,0,0,1,0,0,0
data/external/actions/human_action_recognition/test/001469_calling.jpg,Bingsu/Human_Action_Recognition,calling,1,0,0,0,0,0,0,0,0,0,0,0,0,0,0,0,1,0,0,0
data/external/actions/human_action_recognition/test/001470_calling.jpg,Bingsu/Human_Action_Recognition,calling,1,0,0,0,0,0,0,0,0,0,0,0,0,0,0,0,1,0,0,0
data/external/actions/human_action_recognition/test/001471_calling.jpg,Bingsu/Human_Action_Recognition,calling,1,0,0,0,0,0,0,0,0,0,0,0,0,0,0,0,1,0,0,0
data/external/actions/human_action_recognition/test/001472_calling.jpg,Bingsu/Human_Action_Recognition,calling,1,0,0,0,0,0,0,0,0,0,0,0,0,0,0,0,1,0,0,0
data/external/actions/human_action_recognition/test/001473_calling.jpg,Bingsu/Human_Action_Recognition,calling,1,0,0,0,0,0,0,0,0,0,0,0,0,0,0,0,1,0,0,0
data/external/actions/human_action_recognition/test/001474_calling.jpg,Bingsu/Human_Action_Recognition,calling,1,0,0,0,0,0,0,0,0,0,0,0,0,0,0,0,1,0,0,0
data/external/actions/human_action_recognition/test/001475_calling.jpg,Bingsu/Human_Action_Recognition,calling,1,0,0,0,0,0,0,0,0,0,0,0,0,0,0,0,1,0,0,0
data/external/actions/human_action_recognition/test/001476_calling.jpg,Bingsu/Human_Action_Recognition,calling,1,0,0,0,0,0,0,0,0,0,0,0,0,0,0,0,1,0,0,0
data/external/actions/human_action_recognition/test/001477_calling.jpg,Bingsu/Human_Action_Recognition,calling,1,0,0,0,0,0,0,0,0,0,0,0,0,0,0,0,1,0,0,0
data/external/actions/human_action_recognition/test/001478_calling.jpg,Bingsu/Human_Action_Recognition,calling,1,0,0,0,0,0,0,0,0,0,0,0,0,0,0,0,1,0,0,0
data/external/actions/human_action_recognition/test/001479_calling.jpg,Bingsu/Human_Action_Recognition,calling,1,0,0,0,0,0,0,0,0,0,0,0,0,0,0,0,1,0,0,0
data/external/actions/human_action_recognition/test/001480_calling.jpg,Bingsu/Human_Action_Recognition,calling,1,0,0,0,0,0,0,0,0,0,0,0,0,0,0,0,1,0,0,0
data/external/actions/human_action_recognition/test/001481_calling.jpg,Bingsu/Human_Action_Recognition,calling,1,0,0,0,0,0,0,0,0,0,0,0,0,0,0,0,1,0,0,0
data/external/actions/human_action_recognition/test/001482_calling.jpg,Bingsu/Human_Action_Recognition,calling,1,0,0,0,0,0,0,0,0,0,0,0,0,0,0,0,1,0,0,0
data/external/actions/human_action_recognition/test/001483_calling.jpg,Bingsu/Human_Action_Recognition,calling,1,0,0,0,0,0,0,0,0,0,0,0,0,0,0,0,1,0,0,0
data/external/actions/human_action_recognition/test/001484_calling.jpg,Bingsu/Human_Action_Recognition,calling,1,0,0,0,0,0,0,0,0,0,0,0,0,0,0,0,1,0,0,0
data/external/actions/human_action_recognition/test/001485_calling.jpg,Bingsu/Human_Action_Recognition,calling,1,0,0,0,0,0,0,0,0,0,0,0,0,0,0,0,1,0,0,0
data/external/actions/human_action_recognition/test/001486_calling.jpg,Bingsu/Human_Action_Recognition,calling,1,0,0,0,0,0,0,0,0,0,0,0,0,0,0,0,1,0,0,0
data/external/actions/human_action_recognition/test/001487_calling.jpg,Bingsu/Human_Action_Recognition,calling,1,0,0,0,0,0,0,0,0,0,0,0,0,0,0,0,1,0,0,0
data/external/actions/human_action_recognition/test/001488_calling.jpg,Bingsu/Human_Action_Recognition,calling,1,0,0,0,0,0,0,0,0,0,0,0,0,0,0,0,1,0,0,0
data/external/actions/human_action_recognition/test/001489_calling.jpg,Bingsu/Human_Action_Recognition,calling,1,0,0,0,0,0,0,0,0,0,0,0,0,0,0,0,1,0,0,0
data/external/actions/human_action_recognition/test/001490_calling.jpg,Bingsu/Human_Action_Recognition,calling,1,0,0,0,0,0,0,0,0,0,0,0,0,0,0,0,1,0,0,0
data/external/actions/human_action_recognition/test/001491_calling.jpg,Bingsu/Human_Action_Recognition,calling,1,0,0,0,0,0,0,0,0,0,0,0,0,0,0,0,1,0,0,0
data/external/actions/human_action_recognition/test/001492_calling.jpg,Bingsu/Human_Action_Recognition,calling,1,0,0,0,0,0,0,0,0,0,0,0,0,0,0,0,1,0,0,0
data/external/actions/human_action_recognition/test/001493_calling.jpg,Bingsu/Human_Action_Recognition,calling,1,0,0,0,0,0,0,0,0,0,0,0,0,0,0,0,1,0,0,0
data/external/actions/human_action_recognition/test/001494_calling.jpg,Bingsu/Human_Action_Recognition,calling,1,0,0,0,0,0,0,0,0,0,0,0,0,0,0,0,1,0,0,0
data/external/actions/human_action_recognition/test/001495_calling.jpg,Bingsu/Human_Action_Recognition,calling,1,0,0,0,0,0,0,0,0,0,0,0,0,0,0,0,1,0,0,0
data/external/actions/human_action_recognition/test/001496_calling.jpg,Bingsu/Human_Action_Recognition,calling,1,0,0,0,0,0,0,0,0,0,0,0,0,0,0,0,1,0,0,0
data/external/actions/human_action_recognition/test/001497_calling.jpg,Bingsu/Human_Action_Recognition,calling,1,0,0,0,0,0,0,0,0,0,0,0,0,0,0,0,1,0,0,0
data/external/actions/human_action_recognition/test/001498_calling.jpg,Bingsu/Human_Action_Recognition,calling,1,0,0,0,0,0,0,0,0,0,0,0,0,0,0,0,1,0,0,0
data/external/actions/human_action_recognition/test/001499_calling.jpg,Bingsu/Human_Action_Recognition,calling,1,0,0,0,0,0,0,0,0,0,0,0,0,0,0,0,1,0,0,0
data/external/actions/human_action_recognition/test/001500_calling.jpg,Bingsu/Human_Action_Recognition,calling,1,0,0,0,0,0,0,0,0,0,0,0,0,0,0,0,1,0,0,0
data/external/actions/human_action_recognition/test/001501_calling.jpg,Bingsu/Human_Action_Recognition,calling,1,0,0,0,0,0,0,0,0,0,0,0,0,0,0,0,1,0,0,0
data/external/actions/human_action_recognition/test/001502_calling.jpg,Bingsu/Human_Action_Recognition,calling,1,0,0,0,0,0,0,0,0,0,0,0,0,0,0,0,1,0,0,0
data/external/actions/human_action_recognition/test/001503_calling.jpg,Bingsu/Human_Action_Recognition,calling,1,0,0,0,0,0,0,0,0,0,0,0,0,0,0,0,1,0,0,0
data/external/actions/human_action_recognition/test/001504_calling.jpg,Bingsu/Human_Action_Recognition,calling,1,0,0,0,0,0,0,0,0,0,0,0,0,0,0,0,1,0,0,0
data/external/actions/human_action_recognition/test/001505_calling.jpg,Bingsu/Human_Action_Recognition,calling,1,0,0,0,0,0,0,0,0,0,0,0,0,0,0,0,1,0,0,0
data/external/actions/human_action_recognition/test/001506_calling.jpg,Bingsu/Human_Action_Recognition,calling,1,0,0,0,0,0,0,0,0,0,0,0,0,0,0,0,1,0,0,0
data/external/actions/human_action_recognition/test/001507_calling.jpg,Bingsu/Human_Action_Recognition,calling,1,0,0,0,0,0,0,0,0,0,0,0,0,0,0,0,1,0,0,0
data/external/actions/human_action_recognition/test/001508_calling.jpg,Bingsu/Human_Action_Recognition,calling,1,0,0,0,0,0,0,0,0,0,0,0,0,0,0,0,1,0,0,0
data/external/actions/human_action_recognition/test/001509_calling.jpg,Bingsu/Human_Action_Recognition,calling,1,0,0,0,0,0,0,0,0,0,0,0,0,0,0,0,1,0,0,0
data/external/actions/human_action_recognition/test/001510_calling.jpg,Bingsu/Human_Action_Recognition,calling,1,0,0,0,0,0,0,0,0,0,0,0,0,0,0,0,1,0,0,0
data/external/actions/human_action_recognition/test/001511_calling.jpg,Bingsu/Human_Action_Recognition,calling,1,0,0,0,0,0,0,0,0,0,0,0,0,0,0,0,1,0,0,0
data/external/actions/human_action_recognition/test/001512_calling.jpg,Bingsu/Human_Action_Recognition,calling,1,0,0,0,0,0,0,0,0,0,0,0,0,0,0,0,1,0,0,0
data/external/actions/human_action_recognition/test/001513_calling.jpg,Bingsu/Human_Action_Recognition,calling,1,0,0,0,0,0,0,0,0,0,0,0,0,0,0,0,1,0,0,0
data/external/actions/human_action_recognition/test/001514_calling.jpg,Bingsu/Human_Action_Recognition,calling,1,0,0,0,0,0,0,0,0,0,0,0,0,0,0,0,1,0,0,0
data/external/actions/human_action_recognition/test/001515_calling.jpg,Bingsu/Human_Action_Recognition,calling,1,0,0,0,0,0,0,0,0,0,0,0,0,0,0,0,1,0,0,0
data/external/actions/human_action_recognition/test/001516_calling.jpg,Bingsu/Human_Action_Recognition,calling,1,0,0,0,0,0,0,0,0,0,0,0,0,0,0,0,1,0,0,0
data/external/actions/human_action_recognition/test/001517_calling.jpg,Bingsu/Human_Action_Recognition,calling,1,0,0,0,0,0,0,0,0,0,0,0,0,0,0,0,1,0,0,0
data/external/actions/human_action_recognition/test/001518_calling.jpg,Bingsu/Human_Action_Recognition,calling,1,0,0,0,0,0,0,0,0,0,0,0,0,0,0,0,1,0,0,0
data/external/actions/human_action_recognition/test/001519_calling.jpg,Bingsu/Human_Action_Recognition,calling,1,0,0,0,0,0,0,0,0,0,0,0,0,0,0,0,1,0,0,0
data/external/actions/human_action_recognition/test/001520_calling.jpg,Bingsu/Human_Action_Recognition,calling,1,0,0,0,0,0,0,0,0,0,0,0,0,0,0,0,1,0,0,0
data/external/actions/human_action_recognition/test/001521_calling.jpg,Bingsu/Human_Action_Recognition,calling,1,0,0,0,0,0,0,0,0,0,0,0,0,0,0,0,1,0,0,0
data/external/actions/human_action_recognition/test/001522_calling.jpg,Bingsu/Human_Action_Recognition,calling,1,0,0,0,0,0,0,0,0,0,0,0,0,0,0,0,1,0,0,0
data/external/actions/human_action_recognition/test/001523_calling.jpg,Bingsu/Human_Action_Recognition,calling,1,0,0,0,0,0,0,0,0,0,0,0,0,0,0,0,1,0,0,0
data/external/actions/human_action_recognition/test/001524_calling.jpg,Bingsu/Human_Action_Recognition,calling,1,0,0,0,0,0,0,0,0,0,0,0,0,0,0,0,1,0,0,0
data/external/actions/human_action_recognition/test/001525_calling.jpg,Bingsu/Human_Action_Recognition,calling,1,0,0,0,0,0,0,0,0,0,0,0,0,0,0,0,1,0,0,0
data/external/actions/human_action_recognition/test/001526_calling.jpg,Bingsu/Human_Action_Recognition,calling,1,0,0,0,0,0,0,0,0,0,0,0,0,0,0,0,1,0,0,0
data/external/actions/human_action_recognition/test/001527_calling.jpg,Bingsu/Human_Action_Recognition,calling,1,0,0,0,0,0,0,0,0,0,0,0,0,0,0,0,1,0,0,0
data/external/actions/human_action_recognition/test/001528_calling.jpg,Bingsu/Human_Action_Recognition,calling,1,0,0,0,0,0,0,0,0,0,0,0,0,0,0,0,1,0,0,0
data/external/actions/human_action_recognition/test/001529_calling.jpg,Bingsu/Human_Action_Recognition,calling,1,0,0,0,0,0,0,0,0,0,0,0,0,0,0,0,1,0,0,0
data/external/actions/human_action_recognition/test/001530_calling.jpg,Bingsu/Human_Action_Recognition,calling,1,0,0,0,0,0,0,0,0,0,0,0,0,0,0,0,1,0,0,0
data/external/actions/human_action_recognition/test/001531_calling.jpg,Bingsu/Human_Action_Recognition,calling,1,0,0,0,0,0,0,0,0,0,0,0,0,0,0,0,1,0,0,0
data/external/actions/human_action_recognition/test/001532_calling.jpg,Bingsu/Human_Action_Recognition,calling,1,0,0,0,0,0,0,0,0,0,0,0,0,0,0,0,1,0,0,0
data/external/actions/human_action_recognition/test/001533_calling.jpg,Bingsu/Human_Action_Recognition,calling,1,0,0,0,0,0,0,0,0,0,0,0,0,0,0,0,1,0,0,0
data/external/actions/human_action_recognition/test/001534_calling.jpg,Bingsu/Human_Action_Recognition,calling,1,0,0,0,0,0,0,0,0,0,0,0,0,0,0,0,1,0,0,0
data/external/actions/human_action_recognition/test/001535_calling.jpg,Bingsu/Human_Action_Recognition,calling,1,0,0,0,0,0,0,0,0,0,0,0,0,0,0,0,1,0,0,0
data/external/actions/human_action_recognition/test/001536_calling.jpg,Bingsu/Human_Action_Recognition,calling,1,0,0,0,0,0,0,0,0,0,0,0,0,0,0,0,1,0,0,0
data/external/actions/human_action_recognition/test/001537_calling.jpg,Bingsu/Human_Action_Recognition,calling,1,0,0,0,0,0,0,0,0,0,0,0,0,0,0,0,1,0,0,0
data/external/actions/human_action_recognition/test/001538_calling.jpg,Bingsu/Human_Action_Recognition,calling,1,0,0,0,0,0,0,0,0,0,0,0,0,0,0,0,1,0,0,0
data/external/actions/human_action_recognition/test/001539_calling.jpg,Bingsu/Human_Action_Recognition,calling,1,0,0,0,0,0,0,0,0,0,0,0,0,0,0,0,1,0,0,0
data/external/actions/human_action_recognition/test/001540_calling.jpg,Bingsu/Human_Action_Recognition,calling,1,0,0,0,0,0,0,0,0,0,0,0,0,0,0,0,1,0,0,0
data/external/actions/human_action_recognition/test/001541_calling.jpg,Bingsu/Human_Action_Recognition,calling,1,0,0,0,0,0,0,0,0,0,0,0,0,0,0,0,1,0,0,0
data/external/actions/human_action_recognition/test/001542_calling.jpg,Bingsu/Human_Action_Recognition,calling,1,0,0,0,0,0,0,0,0,0,0,0,0,0,0,0,1,0,0,0
data/external/actions/human_action_recognition/test/001543_calling.jpg,Bingsu/Human_Action_Recognition,calling,1,0,0,0,0,0,0,0,0,0,0,0,0,0,0,0,1,0,0,0
data/external/actions/human_action_recognition/test/001544_calling.jpg,Bingsu/Human_Action_Recognition,calling,1,0,0,0,0,0,0,0,0,0,0,0,0,0,0,0,1,0,0,0
data/external/actions/human_action_recognition/test/001545_calling.jpg,Bingsu/Human_Action_Recognition,calling,1,0,0,0,0,0,0,0,0,0,0,0,0,0,0,0,1,0,0,0
data/external/actions/human_action_recognition/test/001546_calling.jpg,Bingsu/Human_Action_Recognition,calling,1,0,0,0,0,0,0,0,0,0,0,0,0,0,0,0,1,0,0,0
data/external/actions/human_action_recognition/test/001547_calling.jpg,Bingsu/Human_Action_Recognition,calling,1,0,0,0,0,0,0,0,0,0,0,0,0,0,0,0,1,0,0,0
data/external/actions/human_action_recognition/test/001548_calling.jpg,Bingsu/Human_Action_Recognition,calling,1,0,0,0,0,0,0,0,0,0,0,0,0,0,0,0,1,0,0,0
data/external/actions/human_action_recognition/test/001549_calling.jpg,Bingsu/Human_Action_Recognition,calling,1,0,0,0,0,0,0,0,0,0,0,0,0,0,0,0,1,0,0,0
data/external/actions/human_action_recognition/test/001550_calling.jpg,Bingsu/Human_Action_Recognition,calling,1,0,0,0,0,0,0,0,0,0,0,0,0,0,0,0,1,0,0,0
data/external/actions/human_action_recognition/test/001551_calling.jpg,Bingsu/Human_Action_Recognition,calling,1,0,0,0,0,0,0,0,0,0,0,0,0,0,0,0,1,0,0,0
data/external/actions/human_action_recognition/test/001552_calling.jpg,Bingsu/Human_Action_Recognition,calling,1,0,0,0,0,0,0,0,0,0,0,0,0,0,0,0,1,0,0,0
data/external/actions/human_action_recognition/test/001553_calling.jpg,Bingsu/Human_Action_Recognition,calling,1,0,0,0,0,0,0,0,0,0,0,0,0,0,0,0,1,0,0,0
data/external/actions/human_action_recognition/test/001554_calling.jpg,Bingsu/Human_Action_Recognition,calling,1,0,0,0,0,0,0,0,0,0,0,0,0,0,0,0,1,0,0,0
data/external/actions/human_action_recognition/test/001555_calling.jpg,Bingsu/Human_Action_Recognition,calling,1,0,0,0,0,0,0,0,0,0,0,0,0,0,0,0,1,0,0,0
data/external/actions/human_action_recognition/test/001556_calling.jpg,Bingsu/Human_Action_Recognition,calling,1,0,0,0,0,0,0,0,0,0,0,0,0,0,0,0,1,0,0,0
data/external/actions/human_action_recognition/test/001557_calling.jpg,Bingsu/Human_Action_Recognition,calling,1,0,0,0,0,0,0,0,0,0,0,0,0,0,0,0,1,0,0,0
data/external/actions/human_action_recognition/test/001558_calling.jpg,Bingsu/Human_Action_Recognition,calling,1,0,0,0,0,0,0,0,0,0,0,0,0,0,0,0,1,0,0,0
data/external/actions/human_action_recognition/test/001559_calling.jpg,Bingsu/Human_Action_Recognition,calling,1,0,0,0,0,0,0,0,0,0,0,0,0,0,0,0,1,0,0,0
data/external/actions/human_action_recognition/test/001560_calling.jpg,Bingsu/Human_Action_Recognition,calling,1,0,0,0,0,0,0,0,0,0,0,0,0,0,0,0,1,0,0,0
data/external/actions/human_action_recognition/test/001561_calling.jpg,Bingsu/Human_Action_Recognition,calling,1,0,0,0,0,0,0,0,0,0,0,0,0,0,0,0,1,0,0,0
data/external/actions/human_action_recognition/test/001562_calling.jpg,Bingsu/Human_Action_Recognition,calling,1,0,0,0,0,0,0,0,0,0,0,0,0,0,0,0,1,0,0,0
data/external/actions/human_action_recognition/test/001563_calling.jpg,Bingsu/Human_Action_Recognition,calling,1,0,0,0,0,0,0,0,0,0,0,0,0,0,0,0,1,0,0,0
data/external/actions/human_action_recognition/test/001564_calling.jpg,Bingsu/Human_Action_Recognition,calling,1,0,0,0,0,0,0,0,0,0,0,0,0,0,0,0,1,0,0,0
data/external/actions/human_action_recognition/test/001565_calling.jpg,Bingsu/Human_Action_Recognition,calling,1,0,0,0,0,0,0,0,0,0,0,0,0,0,0,0,1,0,0,0
data/external/actions/human_action_recognition/test/001566_calling.jpg,Bingsu/Human_Action_Recognition,calling,1,0,0,0,0,0,0,0,0,0,0,0,0,0,0,0,1,0,0,0
data/external/actions/human_action_recognition/test/001567_calling.jpg,Bingsu/Human_Action_Recognition,calling,1,0,0,0,0,0,0,0,0,0,0,0,0,0,0,0,1,0,0,0
data/external/actions/human_action_recognition/test/001568_calling.jpg,Bingsu/Human_Action_Recognition,calling,1,0,0,0,0,0,0,0,0,0,0,0,0,0,0,0,1,0,0,0
data/external/actions/human_action_recognition/test/001569_calling.jpg,Bingsu/Human_Action_Recognition,calling,1,0,0,0,0,0,0,0,0,0,0,0,0,0,0,0,1,0,0,0
data/external/actions/human_action_recognition/test/001570_calling.jpg,Bingsu/Human_Action_Recognition,calling,1,0,0,0,0,0,0,0,0,0,0,0,0,0,0,0,1,0,0,0
data/external/actions/human_action_recognition/test/001571_calling.jpg,Bingsu/Human_Action_Recognition,calling,1,0,0,0,0,0,0,0,0,0,0,0,0,0,0,0,1,0,0,0
data/external/actions/human_action_recognition/test/001572_calling.jpg,Bingsu/Human_Action_Recognition,calling,1,0,0,0,0,0,0,0,0,0,0,0,0,0,0,0,1,0,0,0
data/external/actions/human_action_recognition/test/001573_calling.jpg,Bingsu/Human_Action_Recognition,calling,1,0,0,0,0,0,0,0,0,0,0,0,0,0,0,0,1,0,0,0
data/external/actions/human_action_recognition/test/001574_calling.jpg,Bingsu/Human_Action_Recognition,calling,1,0,0,0,0,0,0,0,0,0,0,0,0,0,0,0,1,0,0,0
data/external/actions/human_action_recognition/test/001575_calling.jpg,Bingsu/Human_Action_Recognition,calling,1,0,0,0,0,0,0,0,0,0,0,0,0,0,0,0,1,0,0,0
data/external/actions/human_action_recognition/test/001576_calling.jpg,Bingsu/Human_Action_Recognition,calling,1,0,0,0,0,0,0,0,0,0,0,0,0,0,0,0,1,0,0,0
data/external/actions/human_action_recognition/test/001577_calling.jpg,Bingsu/Human_Action_Recognition,calling,1,0,0,0,0,0,0,0,0,0,0,0,0,0,0,0,1,0,0,0
data/external/actions/human_action_recognition/test/001578_calling.jpg,Bingsu/Human_Action_Recognition,calling,1,0,0,0,0,0,0,0,0,0,0,0,0,0,0,0,1,0,0,0
data/external/actions/human_action_recognition/test/001579_calling.jpg,Bingsu/Human_Action_Recognition,calling,1,0,0,0,0,0,0,0,0,0,0,0,0,0,0,0,1,0,0,0
data/external/actions/human_action_recognition/test/001580_calling.jpg,Bingsu/Human_Action_Recognition,calling,1,0,0,0,0,0,0,0,0,0,0,0,0,0,0,0,1,0,0,0
data/external/actions/human_action_recognition/test/001581_calling.jpg,Bingsu/Human_Action_Recognition,calling,1,0,0,0,0,0,0,0,0,0,0,0,0,0,0,0,1,0,0,0
data/external/actions/human_action_recognition/test/001582_calling.jpg,Bingsu/Human_Action_Recognition,calling,1,0,0,0,0,0,0,0,0,0,0,0,0,0,0,0,1,0,0,0
data/external/actions/human_action_recognition/test/001583_calling.jpg,Bingsu/Human_Action_Recognition,calling,1,0,0,0,0,0,0,0,0,0,0,0,0,0,0,0,1,0,0,0
data/external/actions/human_action_recognition/test/001584_calling.jpg,Bingsu/Human_Action_Recognition,calling,1,0,0,0,0,0,0,0,0,0,0,0,0,0,0,0,1,0,0,0
data/external/actions/human_action_recognition/test/001585_calling.jpg,Bingsu/Human_Action_Recognition,calling,1,0,0,0,0,0,0,0,0,0,0,0,0,0,0,0,1,0,0,0
data/external/actions/human_action_recognition/test/001586_calling.jpg,Bingsu/Human_Action_Recognition,calling,1,0,0,0,0,0,0,0,0,0,0,0,0,0,0,0,1,0,0,0
data/external/actions/human_action_recognition/test/001587_calling.jpg,Bingsu/Human_Action_Recognition,calling,1,0,0,0,0,0,0,0,0,0,0,0,0,0,0,0,1,0,0,0
data/external/actions/human_action_recognition/test/001588_calling.jpg,Bingsu/Human_Action_Recognition,calling,1,0,0,0,0,0,0,0,0,0,0,0,0,0,0,0,1,0,0,0
data/external/actions/human_action_recognition/test/001589_calling.jpg,Bingsu/Human_Action_Recognition,calling,1,0,0,0,0,0,0,0,0,0,0,0,0,0,0,0,1,0,0,0
data/external/actions/human_action_recognition/test/001590_calling.jpg,Bingsu/Human_Action_Recognition,calling,1,0,0,0,0,0,0,0,0,0,0,0,0,0,0,0,1,0,0,0
data/external/actions/human_action_recognition/test/001591_calling.jpg,Bingsu/Human_Action_Recognition,calling,1,0,0,0,0,0,0,0,0,0,0,0,0,0,0,0,1,0,0,0
data/external/actions/human_action_recognition/test/001592_calling.jpg,Bingsu/Human_Action_Recognition,calling,1,0,0,0,0,0,0,0,0,0,0,0,0,0,0,0,1,0,0,0
data/external/actions/human_action_recognition/test/001593_calling.jpg,Bingsu/Human_Action_Recognition,calling,1,0,0,0,0,0,0,0,0,0,0,0,0,0,0,0,1,0,0,0
data/external/actions/human_action_recognition/test/001594_calling.jpg,Bingsu/Human_Action_Recognition,calling,1,0,0,0,0,0,0,0,0,0,0,0,0,0,0,0,1,0,0,0
data/external/actions/human_action_recognition/test/001595_calling.jpg,Bingsu/Human_Action_Recognition,calling,1,0,0,0,0,0,0,0,0,0,0,0,0,0,0,0,1,0,0,0
data/external/actions/human_action_recognition/test/001596_calling.jpg,Bingsu/Human_Action_Recognition,calling,1,0,0,0,0,0,0,0,0,0,0,0,0,0,0,0,1,0,0,0
data/external/actions/human_action_recognition/test/001597_calling.jpg,Bingsu/Human_Action_Recognition,calling,1,0,0,0,0,0,0,0,0,0,0,0,0,0,0,0,1,0,0,0
data/external/actions/human_action_recognition/test/001598_calling.jpg,Bingsu/Human_Action_Recognition,calling,1,0,0,0,0,0,0,0,0,0,0,0,0,0,0,0,1,0,0,0
data/external/actions/human_action_recognition/test/001599_calling.jpg,Bingsu/Human_Action_Recognition,calling,1,0,0,0,0,0,0,0,0,0,0,0,0,0,0,0,1,0,0,0
data/external/actions/human_action_recognition/test/001600_calling.jpg,Bingsu/Human_Action_Recognition,calling,1,0,0,0,0,0,0,0,0,0,0,0,0,0,0,0,1,0,0,0
data/external/actions/human_action_recognition/test/001601_calling.jpg,Bingsu/Human_Action_Recognition,calling,1,0,0,0,0,0,0,0,0,0,0,0,0,0,0,0,1,0,0,0
data/external/actions/human_action_recognition/test/001602_calling.jpg,Bingsu/Human_Action_Recognition,calling,1,0,0,0,0,0,0,0,0,0,0,0,0,0,0,0,1,0,0,0
data/external/actions/human_action_recognition/test/001603_calling.jpg,Bingsu/Human_Action_Recognition,calling,1,0,0,0,0,0,0,0,0,0,0,0,0,0,0,0,1,0,0,0
data/external/actions/human_action_recognition/test/001604_calling.jpg,Bingsu/Human_Action_Recognition,calling,1,0,0,0,0,0,0,0,0,0,0,0,0,0,0,0,1,0,0,0
data/external/actions/human_action_recognition/test/001605_calling.jpg,Bingsu/Human_Action_Recognition,calling,1,0,0,0,0,0,0,0,0,0,0,0,0,0,0,0,1,0,0,0
data/external/actions/human_action_recognition/test/001606_calling.jpg,Bingsu/Human_Action_Recognition,calling,1,0,0,0,0,0,0,0,0,0,0,0,0,0,0,0,1,0,0,0
data/external/actions/human_action_recognition/test/001607_calling.jpg,Bingsu/Human_Action_Recognition,calling,1,0,0,0,0,0,0,0,0,0,0,0,0,0,0,0,1,0,0,0
data/external/actions/human_action_recognition/test/001608_calling.jpg,Bingsu/Human_Action_Recognition,calling,1,0,0,0,0,0,0,0,0,0,0,0,0,0,0,0,1,0,0,0
data/external/actions/human_action_recognition/test/001609_calling.jpg,Bingsu/Human_Action_Recognition,calling,1,0,0,0,0,0,0,0,0,0,0,0,0,0,0,0,1,0,0,0
data/external/actions/human_action_recognition/test/001610_calling.jpg,Bingsu/Human_Action_Recognition,calling,1,0,0,0,0,0,0,0,0,0,0,0,0,0,0,0,1,0,0,0
data/external/actions/human_action_recognition/test/001611_calling.jpg,Bingsu/Human_Action_Recognition,calling,1,0,0,0,0,0,0,0,0,0,0,0,0,0,0,0,1,0,0,0
data/external/actions/human_action_recognition/test/001612_calling.jpg,Bingsu/Human_Action_Recognition,calling,1,0,0,0,0,0,0,0,0,0,0,0,0,0,0,0,1,0,0,0
data/external/actions/human_action_recognition/test/001613_calling.jpg,Bingsu/Human_Action_Recognition,calling,1,0,0,0,0,0,0,0,0,0,0,0,0,0,0,0,1,0,0,0
data/external/actions/human_action_recognition/test/001614_calling.jpg,Bingsu/Human_Action_Recognition,calling,1,0,0,0,0,0,0,0,0,0,0,0,0,0,0,0,1,0,0,0
data/external/actions/human_action_recognition/test/001615_calling.jpg,Bingsu/Human_Action_Recognition,calling,1,0,0,0,0,0,0,0,0,0,0,0,0,0,0,0,1,0,0,0
data/external/actions/human_action_recognition/test/001616_calling.jpg,Bingsu/Human_Action_Recognition,calling,1,0,0,0,0,0,0,0,0,0,0,0,0,0,0,0,1,0,0,0
data/external/actions/human_action_recognition/test/001617_calling.jpg,Bingsu/Human_Action_Recognition,calling,1,0,0,0,0,0,0,0,0,0,0,0,0,0,0,0,1,0,0,0
data/external/actions/human_action_recognition/test/001618_calling.jpg,Bingsu/Human_Action_Recognition,calling,1,0,0,0,0,0,0,0,0,0,0,0,0,0,0,0,1,0,0,0
data/external/actions/human_action_recognition/test/001619_calling.jpg,Bingsu/Human_Action_Recognition,calling,1,0,0,0,0,0,0,0,0,0,0,0,0,0,0,0,1,0,0,0
data/external/actions/human_action_recognition/test/001620_calling.jpg,Bingsu/Human_Action_Recognition,calling,1,0,0,0,0,0,0,0,0,0,0,0,0,0,0,0,1,0,0,0
data/external/actions/human_action_recognition/test/001621_calling.jpg,Bingsu/Human_Action_Recognition,calling,1,0,0,0,0,0,0,0,0,0,0,0,0,0,0,0,1,0,0,0
data/external/actions/human_action_recognition/test/001622_calling.jpg,Bingsu/Human_Action_Recognition,calling,1,0,0,0,0,0,0,0,0,0,0,0,0,0,0,0,1,0,0,0
data/external/actions/human_action_recognition/test/001623_calling.jpg,Bingsu/Human_Action_Recognition,calling,1,0,0,0,0,0,0,0,0,0,0,0,0,0,0,0,1,0,0,0
data/external/actions/human_action_recognition/test/001624_calling.jpg,Bingsu/Human_Action_Recognition,calling,1,0,0,0,0,0,0,0,0,0,0,0,0,0,0,0,1,0,0,0
data/external/actions/human_action_recognition/test/001625_calling.jpg,Bingsu/Human_Action_Recognition,calling,1,0,0,0,0,0,0,0,0,0,0,0,0,0,0,0,1,0,0,0
data/external/actions/human_action_recognition/test/001626_calling.jpg,Bingsu/Human_Action_Recognition,calling,1,0,0,0,0,0,0,0,0,0,0,0,0,0,0,0,1,0,0,0
data/external/actions/human_action_recognition/test/001627_calling.jpg,Bingsu/Human_Action_Recognition,calling,1,0,0,0,0,0,0,0,0,0,0,0,0,0,0,0,1,0,0,0
data/external/actions/human_action_recognition/test/001628_calling.jpg,Bingsu/Human_Action_Recognition,calling,1,0,0,0,0,0,0,0,0,0,0,0,0,0,0,0,1,0,0,0
data/external/actions/human_action_recognition/test/001629_calling.jpg,Bingsu/Human_Action_Recognition,calling,1,0,0,0,0,0,0,0,0,0,0,0,0,0,0,0,1,0,0,0
data/external/actions/human_action_recognition/test/001630_calling.jpg,Bingsu/Human_Action_Recognition,calling,1,0,0,0,0,0,0,0,0,0,0,0,0,0,0,0,1,0,0,0
data/external/actions/human_action_recognition/test/001631_calling.jpg,Bingsu/Human_Action_Recognition,calling,1,0,0,0,0,0,0,0,0,0,0,0,0,0,0,0,1,0,0,0
data/external/actions/human_action_recognition/test/001632_calling.jpg,Bingsu/Human_Action_Recognition,calling,1,0,0,0,0,0,0,0,0,0,0,0,0,0,0,0,1,0,0,0
data/external/actions/human_action_recognition/test/001633_calling.jpg,Bingsu/Human_Action_Recognition,calling,1,0,0,0,0,0,0,0,0,0,0,0,0,0,0,0,1,0,0,0
data/external/actions/human_action_recognition/test/001634_calling.jpg,Bingsu/Human_Action_Recognition,calling,1,0,0,0,0,0,0,0,0,0,0,0,0,0,0,0,1,0,0,0
data/external/actions/human_action_recognition/test/001635_calling.jpg,Bingsu/Human_Action_Recognition,calling,1,0,0,0,0,0,0,0,0,0,0,0,0,0,0,0,1,0,0,0
data/external/actions/human_action_recognition/test/001636_calling.jpg,Bingsu/Human_Action_Recognition,calling,1,0,0,0,0,0,0,0,0,0,0,0,0,0,0,0,1,0,0,0
data/external/actions/human_action_recognition/test/001637_calling.jpg,Bingsu/Human_Action_Recognition,calling,1,0,0,0,0,0,0,0,0,0,0,0,0,0,0,0,1,0,0,0
data/external/actions/human_action_recognition/test/001638_calling.jpg,Bingsu/Human_Action_Recognition,calling,1,0,0,0,0,0,0,0,0,0,0,0,0,0,0,0,1,0,0,0
data/external/actions/human_action_recognition/test/001639_calling.jpg,Bingsu/Human_Action_Recognition,calling,1,0,0,0,0,0,0,0,0,0,0,0,0,0,0,0,1,0,0,0
data/external/actions/human_action_recognition/test/001640_calling.jpg,Bingsu/Human_Action_Recognition,calling,1,0,0,0,0,0,0,0,0,0,0,0,0,0,0,0,1,0,0,0
data/external/actions/human_action_recognition/test/001641_calling.jpg,Bingsu/Human_Action_Recognition,calling,1,0,0,0,0,0,0,0,0,0,0,0,0,0,0,0,1,0,0,0
data/external/actions/human_action_recognition/test/001642_calling.jpg,Bingsu/Human_Action_Recognition,calling,1,0,0,0,0,0,0,0,0,0,0,0,0,0,0,0,1,0,0,0
data/external/actions/human_action_recognition/test/001643_calling.jpg,Bingsu/Human_Action_Recognition,calling,1,0,0,0,0,0,0,0,0,0,0,0,0,0,0,0,1,0,0,0
data/external/actions/human_action_recognition/test/001644_calling.jpg,Bingsu/Human_Action_Recognition,calling,1,0,0,0,0,0,0,0,0,0,0,0,0,0,0,0,1,0,0,0
data/external/actions/human_action_recognition/test/001645_calling.jpg,Bingsu/Human_Action_Recognition,calling,1,0,0,0,0,0,0,0,0,0,0,0,0,0,0,0,1,0,0,0
data/external/actions/human_action_recognition/test/001646_calling.jpg,Bingsu/Human_Action_Recognition,calling,1,0,0,0,0,0,0,0,0,0,0,0,0,0,0,0,1,0,0,0
data/external/actions/human_action_recognition/test/001647_calling.jpg,Bingsu/Human_Action_Recognition,calling,1,0,0,0,0,0,0,0,0,0,0,0,0,0,0,0,1,0,0,0
data/external/actions/human_action_recognition/test/001648_calling.jpg,Bingsu/Human_Action_Recognition,calling,1,0,0,0,0,0,0,0,0,0,0,0,0,0,0,0,1,0,0,0
data/external/actions/human_action_recognition/test/001649_calling.jpg,Bingsu/Human_Action_Recognition,calling,1,0,0,0,0,0,0,0,0,0,0,0,0,0,0,0,1,0,0,0
data/external/actions/human_action_recognition/test/001650_calling.jpg,Bingsu/Human_Action_Recognition,calling,1,0,0,0,0,0,0,0,0,0,0,0,0,0,0,0,1,0,0,0
data/external/actions/human_action_recognition/test/001651_calling.jpg,Bingsu/Human_Action_Recognition,calling,1,0,0,0,0,0,0,0,0,0,0,0,0,0,0,0,1,0,0,0
data/external/actions/human_action_recognition/test/001652_calling.jpg,Bingsu/Human_Action_Recognition,calling,1,0,0,0,0,0,0,0,0,0,0,0,0,0,0,0,1,0,0,0
data/external/actions/human_action_recognition/test/001653_calling.jpg,Bingsu/Human_Action_Recognition,calling,1,0,0,0,0,0,0,0,0,0,0,0,0,0,0,0,1,0,0,0
data/external/actions/human_action_recognition/test/001654_calling.jpg,Bingsu/Human_Action_Recognition,calling,1,0,0,0,0,0,0,0,0,0,0,0,0,0,0,0,1,0,0,0
data/external/actions/human_action_recognition/test/001655_calling.jpg,Bingsu/Human_Action_Recognition,calling,1,0,0,0,0,0,0,0,0,0,0,0,0,0,0,0,1,0,0,0
data/external/actions/human_action_recognition/test/001656_calling.jpg,Bingsu/Human_Action_Recognition,calling,1,0,0,0,0,0,0,0,0,0,0,0,0,0,0,0,1,0,0,0
data/external/actions/human_action_recognition/test/001657_calling.jpg,Bingsu/Human_Action_Recognition,calling,1,0,0,0,0,0,0,0,0,0,0,0,0,0,0,0,1,0,0,0
data/external/actions/human_action_recognition/test/001658_calling.jpg,Bingsu/Human_Action_Recognition,calling,1,0,0,0,0,0,0,0,0,0,0,0,0,0,0,0,1,0,0,0
data/external/actions/human_action_recognition/test/001659_calling.jpg,Bingsu/Human_Action_Recognition,calling,1,0,0,0,0,0,0,0,0,0,0,0,0,0,0,0,1,0,0,0
data/external/actions/human_action_recognition/test/001660_calling.jpg,Bingsu/Human_Action_Recognition,calling,1,0,0,0,0,0,0,0,0,0,0,0,0,0,0,0,1,0,0,0
data/external/actions/human_action_recognition/test/001661_calling.jpg,Bingsu/Human_Action_Recognition,calling,1,0,0,0,0,0,0,0,0,0,0,0,0,0,0,0,1,0,0,0
data/external/actions/human_action_recognition/test/001662_calling.jpg,Bingsu/Human_Action_Recognition,calling,1,0,0,0,0,0,0,0,0,0,0,0,0,0,0,0,1,0,0,0
data/external/actions/human_action_recognition/test/001663_calling.jpg,Bingsu/Human_Action_Recognition,calling,1,0,0,0,0,0,0,0,0,0,0,0,0,0,0,0,1,0,0,0
data/external/actions/human_action_recognition/test/001664_calling.jpg,Bingsu/Human_Action_Recognition,calling,1,0,0,0,0,0,0,0,0,0,0,0,0,0,0,0,1,0,0,0
data/external/actions/human_action_recognition/test/001665_calling.jpg,Bingsu/Human_Action_Recognition,calling,1,0,0,0,0,0,0,0,0,0,0,0,0,0,0,0,1,0,0,0
data/external/actions/human_action_recognition/test/001666_calling.jpg,Bingsu/Human_Action_Recognition,calling,1,0,0,0,0,0,0,0,0,0,0,0,0,0,0,0,1,0,0,0
data/external/actions/human_action_recognition/test/001667_calling.jpg,Bingsu/Human_Action_Recognition,calling,1,0,0,0,0,0,0,0,0,0,0,0,0,0,0,0,1,0,0,0
data/external/actions/human_action_recognition/test/001668_calling.jpg,Bingsu/Human_Action_Recognition,calling,1,0,0,0,0,0,0,0,0,0,0,0,0,0,0,0,1,0,0,0
data/external/actions/human_action_recognition/test/001669_calling.jpg,Bingsu/Human_Action_Recognition,calling,1,0,0,0,0,0,0,0,0,0,0,0,0,0,0,0,1,0,0,0
data/external/actions/human_action_recognition/test/001670_calling.jpg,Bingsu/Human_Action_Recognition,calling,1,0,0,0,0,0,0,0,0,0,0,0,0,0,0,0,1,0,0,0
data/external/actions/human_action_recognition/test/001671_calling.jpg,Bingsu/Human_Action_Recognition,calling,1,0,0,0,0,0,0,0,0,0,0,0,0,0,0,0,1,0,0,0
data/external/actions/human_action_recognition/test/001672_calling.jpg,Bingsu/Human_Action_Recognition,calling,1,0,0,0,0,0,0,0,0,0,0,0,0,0,0,0,1,0,0,0
data/external/actions/human_action_recognition/test/001673_calling.jpg,Bingsu/Human_Action_Recognition,calling,1,0,0,0,0,0,0,0,0,0,0,0,0,0,0,0,1,0,0,0
data/external/actions/human_action_recognition/test/001674_calling.jpg,Bingsu/Human_Action_Recognition,calling,1,0,0,0,0,0,0,0,0,0,0,0,0,0,0,0,1,0,0,0
data/external/actions/human_action_recognition/test/001675_calling.jpg,Bingsu/Human_Action_Recognition,calling,1,0,0,0,0,0,0,0,0,0,0,0,0,0,0,0,1,0,0,0
data/external/actions/human_action_recognition/test/001676_calling.jpg,Bingsu/Human_Action_Recognition,calling,1,0,0,0,0,0,0,0,0,0,0,0,0,0,0,0,1,0,0,0
data/external/actions/human_action_recognition/test/001677_calling.jpg,Bingsu/Human_Action_Recognition,calling,1,0,0,0,0,0,0,0,0,0,0,0,0,0,0,0,1,0,0,0
data/external/actions/human_action_recognition/test/001678_calling.jpg,Bingsu/Human_Action_Recognition,calling,1,0,0,0,0,0,0,0,0,0,0,0,0,0,0,0,1,0,0,0
data/external/actions/human_action_recognition/test/001679_calling.jpg,Bingsu/Human_Action_Recognition,calling,1,0,0,0,0,0,0,0,0,0,0,0,0,0,0,0,1,0,0,0
data/external/actions/human_action_recognition/test/001680_calling.jpg,Bingsu/Human_Action_Recognition,calling,1,0,0,0,0,0,0,0,0,0,0,0,0,0,0,0,1,0,0,0
data/external/actions/human_action_recognition/test/001681_calling.jpg,Bingsu/Human_Action_Recognition,calling,1,0,0,0,0,0,0,0,0,0,0,0,0,0,0,0,1,0,0,0
data/external/actions/human_action_recognition/test/001682_calling.jpg,Bingsu/Human_Action_Recognition,calling,1,0,0,0,0,0,0,0,0,0,0,0,0,0,0,0,1,0,0,0
data/external/actions/human_action_recognition/test/001683_calling.jpg,Bingsu/Human_Action_Recognition,calling,1,0,0,0,0,0,0,0,0,0,0,0,0,0,0,0,1,0,0,0
data/external/actions/human_action_recognition/test/001684_calling.jpg,Bingsu/Human_Action_Recognition,calling,1,0,0,0,0,0,0,0,0,0,0,0,0,0,0,0,1,0,0,0
data/external/actions/human_action_recognition/test/001685_calling.jpg,Bingsu/Human_Action_Recognition,calling,1,0,0,0,0,0,0,0,0,0,0,0,0,0,0,0,1,0,0,0
data/external/actions/human_action_recognition/test/001686_calling.jpg,Bingsu/Human_Action_Recognition,calling,1,0,0,0,0,0,0,0,0,0,0,0,0,0,0,0,1,0,0,0
data/external/actions/human_action_recognition/test/001687_calling.jpg,Bingsu/Human_Action_Recognition,calling,1,0,0,0,0,0,0,0,0,0,0,0,0,0,0,0,1,0,0,0
data/external/actions/human_action_recognition/test/001688_calling.jpg,Bingsu/Human_Action_Recognition,calling,1,0,0,0,0,0,0,0,0,0,0,0,0,0,0,0,1,0,0,0
data/external/actions/human_action_recognition/test/001689_calling.jpg,Bingsu/Human_Action_Recognition,calling,1,0,0,0,0,0,0,0,0,0,0,0,0,0,0,0,1,0,0,0
data/external/actions/human_action_recognition/test/001690_calling.jpg,Bingsu/Human_Action_Recognition,calling,1,0,0,0,0,0,0,0,0,0,0,0,0,0,0,0,1,0,0,0
data/external/actions/human_action_recognition/test/001691_calling.jpg,Bingsu/Human_Action_Recognition,calling,1,0,0,0,0,0,0,0,0,0,0,0,0,0,0,0,1,0,0,0
data/external/actions/human_action_recognition/test/001692_calling.jpg,Bingsu/Human_Action_Recognition,calling,1,0,0,0,0,0,0,0,0,0,0,0,0,0,0,0,1,0,0,0
data/external/actions/human_action_recognition/test/001693_calling.jpg,Bingsu/Human_Action_Recognition,calling,1,0,0,0,0,0,0,0,0,0,0,0,0,0,0,0,1,0,0,0
data/external/actions/human_action_recognition/test/001694_calling.jpg,Bingsu/Human_Action_Recognition,calling,1,0,0,0,0,0,0,0,0,0,0,0,0,0,0,0,1,0,0,0
data/external/actions/human_action_recognition/test/001695_calling.jpg,Bingsu/Human_Action_Recognition,calling,1,0,0,0,0,0,0,0,0,0,0,0,0,0,0,0,1,0,0,0
data/external/actions/human_action_recognition/test/001696_calling.jpg,Bingsu/Human_Action_Recognition,calling,1,0,0,0,0,0,0,0,0,0,0,0,0,0,0,0,1,0,0,0
data/external/actions/human_action_recognition/test/001697_calling.jpg,Bingsu/Human_Action_Recognition,calling,1,0,0,0,0,0,0,0,0,0,0,0,0,0,0,0,1,0,0,0
data/external/actions/human_action_recognition/test/001698_calling.jpg,Bingsu/Human_Action_Recognition,calling,1,0,0,0,0,0,0,0,0,0,0,0,0,0,0,0,1,0,0,0
data/external/actions/human_action_recognition/test/001699_calling.jpg,Bingsu/Human_Action_Recognition,calling,1,0,0,0,0,0,0,0,0,0,0,0,0,0,0,0,1,0,0,0
data/external/actions/human_action_recognition/test/001700_calling.jpg,Bingsu/Human_Action_Recognition,calling,1,0,0,0,0,0,0,0,0,0,0,0,0,0,0,0,1,0,0,0
data/external/actions/human_action_recognition/test/001701_calling.jpg,Bingsu/Human_Action_Recognition,calling,1,0,0,0,0,0,0,0,0,0,0,0,0,0,0,0,1,0,0,0
data/external/actions/human_action_recognition/test/001702_calling.jpg,Bingsu/Human_Action_Recognition,calling,1,0,0,0,0,0,0,0,0,0,0,0,0,0,0,0,1,0,0,0
data/external/actions/human_action_recognition/test/001703_calling.jpg,Bingsu/Human_Action_Recognition,calling,1,0,0,0,0,0,0,0,0,0,0,0,0,0,0,0,1,0,0,0
data/external/actions/human_action_recognition/test/001704_calling.jpg,Bingsu/Human_Action_Recognition,calling,1,0,0,0,0,0,0,0,0,0,0,0,0,0,0,0,1,0,0,0
data/external/actions/human_action_recognition/test/001705_calling.jpg,Bingsu/Human_Action_Recognition,calling,1,0,0,0,0,0,0,0,0,0,0,0,0,0,0,0,1,0,0,0
data/external/actions/human_action_recognition/test/001706_calling.jpg,Bingsu/Human_Action_Recognition,calling,1,0,0,0,0,0,0,0,0,0,0,0,0,0,0,0,1,0,0,0
data/external/actions/human_action_recognition/test/001707_calling.jpg,Bingsu/Human_Action_Recognition,calling,1,0,0,0,0,0,0,0,0,0,0,0,0,0,0,0,1,0,0,0
data/external/actions/human_action_recognition/test/001708_calling.jpg,Bingsu/Human_Action_Recognition,calling,1,0,0,0,0,0,0,0,0,0,0,0,0,0,0,0,1,0,0,0
data/external/actions/human_action_recognition/test/001709_calling.jpg,Bingsu/Human_Action_Recognition,calling,1,0,0,0,0,0,0,0,0,0,0,0,0,0,0,0,1,0,0,0
data/external/actions/human_action_recognition/test/001710_calling.jpg,Bingsu/Human_Action_Recognition,calling,1,0,0,0,0,0,0,0,0,0,0,0,0,0,0,0,1,0,0,0
data/external/actions/human_action_recognition/test/001711_calling.jpg,Bingsu/Human_Action_Recognition,calling,1,0,0,0,0,0,0,0,0,0,0,0,0,0,0,0,1,0,0,0
data/external/actions/human_action_recognition/test/001712_calling.jpg,Bingsu/Human_Action_Recognition,calling,1,0,0,0,0,0,0,0,0,0,0,0,0,0,0,0,1,0,0,0
data/external/actions/human_action_recognition/test/001713_calling.jpg,Bingsu/Human_Action_Recognition,calling,1,0,0,0,0,0,0,0,0,0,0,0,0,0,0,0,1,0,0,0
data/external/actions/human_action_recognition/test/001714_calling.jpg,Bingsu/Human_Action_Recognition,calling,1,0,0,0,0,0,0,0,0,0,0,0,0,0,0,0,1,0,0,0
data/external/actions/human_action_recognition/test/001715_calling.jpg,Bingsu/Human_Action_Recognition,calling,1,0,0,0,0,0,0,0,0,0,0,0,0,0,0,0,1,0,0,0
data/external/actions/human_action_recognition/test/001716_calling.jpg,Bingsu/Human_Action_Recognition,calling,1,0,0,0,0,0,0,0,0,0,0,0,0,0,0,0,1,0,0,0
data/external/actions/human_action_recognition/test/001717_calling.jpg,Bingsu/Human_Action_Recognition,calling,1,0,0,0,0,0,0,0,0,0,0,0,0,0,0,0,1,0,0,0
data/external/actions/human_action_recognition/test/001718_calling.jpg,Bingsu/Human_Action_Recognition,calling,1,0,0,0,0,0,0,0,0,0,0,0,0,0,0,0,1,0,0,0
data/external/actions/human_action_recognition/test/001719_calling.jpg,Bingsu/Human_Action_Recognition,calling,1,0,0,0,0,0,0,0,0,0,0,0,0,0,0,0,1,0,0,0
data/external/actions/human_action_recognition/test/001720_calling.jpg,Bingsu/Human_Action_Recognition,calling,1,0,0,0,0,0,0,0,0,0,0,0,0,0,0,0,1,0,0,0
data/external/actions/human_action_recognition/test/001721_calling.jpg,Bingsu/Human_Action_Recognition,calling,1,0,0,0,0,0,0,0,0,0,0,0,0,0,0,0,1,0,0,0
data/external/actions/human_action_recognition/test/001722_calling.jpg,Bingsu/Human_Action_Recognition,calling,1,0,0,0,0,0,0,0,0,0,0,0,0,0,0,0,1,0,0,0
data/external/actions/human_action_recognition/test/001723_calling.jpg,Bingsu/Human_Action_Recognition,calling,1,0,0,0,0,0,0,0,0,0,0,0,0,0,0,0,1,0,0,0
data/external/actions/human_action_recognition/test/001724_calling.jpg,Bingsu/Human_Action_Recognition,calling,1,0,0,0,0,0,0,0,0,0,0,0,0,0,0,0,1,0,0,0
data/external/actions/human_action_recognition/test/001725_calling.jpg,Bingsu/Human_Action_Recognition,calling,1,0,0,0,0,0,0,0,0,0,0,0,0,0,0,0,1,0,0,0
data/external/actions/human_action_recognition/test/001726_calling.jpg,Bingsu/Human_Action_Recognition,calling,1,0,0,0,0,0,0,0,0,0,0,0,0,0,0,0,1,0,0,0
data/external/actions/human_action_recognition/test/001727_calling.jpg,Bingsu/Human_Action_Recognition,calling,1,0,0,0,0,0,0,0,0,0,0,0,0,0,0,0,1,0,0,0
data/external/actions/human_action_recognition/test/001728_calling.jpg,Bingsu/Human_Action_Recognition,calling,1,0,0,0,0,0,0,0,0,0,0,0,0,0,0,0,1,0,0,0
data/external/actions/human_action_recognition/test/001729_calling.jpg,Bingsu/Human_Action_Recognition,calling,1,0,0,0,0,0,0,0,0,0,0,0,0,0,0,0,1,0,0,0
data/external/actions/human_action_recognition/test/001730_calling.jpg,Bingsu/Human_Action_Recognition,calling,1,0,0,0,0,0,0,0,0,0,0,0,0,0,0,0,1,0,0,0
data/external/actions/human_action_recognition/test/001731_calling.jpg,Bingsu/Human_Action_Recognition,calling,1,0,0,0,0,0,0,0,0,0,0,0,0,0,0,0,1,0,0,0
data/external/actions/human_action_recognition/test/001732_calling.jpg,Bingsu/Human_Action_Recognition,calling,1,0,0,0,0,0,0,0,0,0,0,0,0,0,0,0,1,0,0,0
data/external/actions/human_action_recognition/test/001733_calling.jpg,Bingsu/Human_Action_Recognition,calling,1,0,0,0,0,0,0,0,0,0,0,0,0,0,0,0,1,0,0,0
data/external/actions/human_action_recognition/test/001734_calling.jpg,Bingsu/Human_Action_Recognition,calling,1,0,0,0,0,0,0,0,0,0,0,0,0,0,0,0,1,0,0,0
data/external/actions/human_action_recognition/test/001735_calling.jpg,Bingsu/Human_Action_Recognition,calling,1,0,0,0,0,0,0,0,0,0,0,0,0,0,0,0,1,0,0,0
data/external/actions/human_action_recognition/test/001736_calling.jpg,Bingsu/Human_Action_Recognition,calling,1,0,0,0,0,0,0,0,0,0,0,0,0,0,0,0,1,0,0,0
data/external/actions/human_action_recognition/test/001737_calling.jpg,Bingsu/Human_Action_Recognition,calling,1,0,0,0,0,0,0,0,0,0,0,0,0,0,0,0,1,0,0,0
data/external/actions/human_action_recognition/test/001738_calling.jpg,Bingsu/Human_Action_Recognition,calling,1,0,0,0,0,0,0,0,0,0,0,0,0,0,0,0,1,0,0,0
data/external/actions/human_action_recognition/test/001739_calling.jpg,Bingsu/Human_Action_Recognition,calling,1,0,0,0,0,0,0,0,0,0,0,0,0,0,0,0,1,0,0,0
data/external/actions/human_action_recognition/test/001740_calling.jpg,Bingsu/Human_Action_Recognition,calling,1,0,0,0,0,0,0,0,0,0,0,0,0,0,0,0,1,0,0,0
data/external/actions/human_action_recognition/test/001741_calling.jpg,Bingsu/Human_Action_Recognition,calling,1,0,0,0,0,0,0,0,0,0,0,0,0,0,0,0,1,0,0,0
data/external/actions/human_action_recognition/test/001742_calling.jpg,Bingsu/Human_Action_Recognition,calling,1,0,0,0,0,0,0,0,0,0,0,0,0,0,0,0,1,0,0,0
data/external/actions/human_action_recognition/test/001743_calling.jpg,Bingsu/Human_Action_Recognition,calling,1,0,0,0,0,0,0,0,0,0,0,0,0,0,0,0,1,0,0,0
data/external/actions/human_action_recognition/test/001744_calling.jpg,Bingsu/Human_Action_Recognition,calling,1,0,0,0,0,0,0,0,0,0,0,0,0,0,0,0,1,0,0,0
data/external/actions/human_action_recognition/test/001745_calling.jpg,Bingsu/Human_Action_Recognition,calling,1,0,0,0,0,0,0,0,0,0,0,0,0,0,0,0,1,0,0,0
data/external/actions/human_action_recognition/test/001746_calling.jpg,Bingsu/Human_Action_Recognition,calling,1,0,0,0,0,0,0,0,0,0,0,0,0,0,0,0,1,0,0,0
data/external/actions/human_action_recognition/test/001747_calling.jpg,Bingsu/Human_Action_Recognition,calling,1,0,0,0,0,0,0,0,0,0,0,0,0,0,0,0,1,0,0,0
data/external/actions/human_action_recognition/test/001748_calling.jpg,Bingsu/Human_Action_Recognition,calling,1,0,0,0,0,0,0,0,0,0,0,0,0,0,0,0,1,0,0,0
data/external/actions/human_action_recognition/test/001749_calling.jpg,Bingsu/Human_Action_Recognition,calling,1,0,0,0,0,0,0,0,0,0,0,0,0,0,0,0,1,0,0,0
data/external/actions/human_action_recognition/test/001750_calling.jpg,Bingsu/Human_Action_Recognition,calling,1,0,0,0,0,0,0,0,0,0,0,0,0,0,0,0,1,0,0,0
data/external/actions/human_action_recognition/test/001751_calling.jpg,Bingsu/Human_Action_Recognition,calling,1,0,0,0,0,0,0,0,0,0,0,0,0,0,0,0,1,0,0,0
data/external/actions/human_action_recognition/test/001752_calling.jpg,Bingsu/Human_Action_Recognition,calling,1,0,0,0,0,0,0,0,0,0,0,0,0,0,0,0,1,0,0,0
data/external/actions/human_action_recognition/test/001753_calling.jpg,Bingsu/Human_Action_Recognition,calling,1,0,0,0,0,0,0,0,0,0,0,0,0,0,0,0,1,0,0,0
data/external/actions/human_action_recognition/test/001754_calling.jpg,Bingsu/Human_Action_Recognition,calling,1,0,0,0,0,0,0,0,0,0,0,0,0,0,0,0,1,0,0,0
data/external/actions/human_action_recognition/test/001755_calling.jpg,Bingsu/Human_Action_Recognition,calling,1,0,0,0,0,0,0,0,0,0,0,0,0,0,0,0,1,0,0,0
data/external/actions/human_action_recognition/test/001756_calling.jpg,Bingsu/Human_Action_Recognition,calling,1,0,0,0,0,0,0,0,0,0,0,0,0,0,0,0,1,0,0,0
data/external/actions/human_action_recognition/test/001757_calling.jpg,Bingsu/Human_Action_Recognition,calling,1,0,0,0,0,0,0,0,0,0,0,0,0,0,0,0,1,0,0,0
data/external/actions/human_action_recognition/test/001758_calling.jpg,Bingsu/Human_Action_Recognition,calling,1,0,0,0,0,0,0,0,0,0,0,0,0,0,0,0,1,0,0,0
data/external/actions/human_action_recognition/test/001759_calling.jpg,Bingsu/Human_Action_Recognition,calling,1,0,0,0,0,0,0,0,0,0,0,0,0,0,0,0,1,0,0,0
data/external/actions/human_action_recognition/test/001760_calling.jpg,Bingsu/Human_Action_Recognition,calling,1,0,0,0,0,0,0,0,0,0,0,0,0,0,0,0,1,0,0,0
data/external/actions/human_action_recognition/test/001761_calling.jpg,Bingsu/Human_Action_Recognition,calling,1,0,0,0,0,0,0,0,0,0,0,0,0,0,0,0,1,0,0,0
data/external/actions/human_action_recognition/test/001762_calling.jpg,Bingsu/Human_Action_Recognition,calling,1,0,0,0,0,0,0,0,0,0,0,0,0,0,0,0,1,0,0,0
data/external/actions/human_action_recognition/test/001763_calling.jpg,Bingsu/Human_Action_Recognition,calling,1,0,0,0,0,0,0,0,0,0,0,0,0,0,0,0,1,0,0,0
data/external/actions/human_action_recognition/test/001764_calling.jpg,Bingsu/Human_Action_Recognition,calling,1,0,0,0,0,0,0,0,0,0,0,0,0,0,0,0,1,0,0,0
data/external/actions/human_action_recognition/test/001765_calling.jpg,Bingsu/Human_Action_Recognition,calling,1,0,0,0,0,0,0,0,0,0,0,0,0,0,0,0,1,0,0,0
data/external/actions/human_action_recognition/test/001766_calling.jpg,Bingsu/Human_Action_Recognition,calling,1,0,0,0,0,0,0,0,0,0,0,0,0,0,0,0,1,0,0,0
data/external/actions/human_action_recognition/test/001767_calling.jpg,Bingsu/Human_Action_Recognition,calling,1,0,0,0,0,0,0,0,0,0,0,0,0,0,0,0,1,0,0,0
data/external/actions/human_action_recognition/test/001768_calling.jpg,Bingsu/Human_Action_Recognition,calling,1,0,0,0,0,0,0,0,0,0,0,0,0,0,0,0,1,0,0,0
data/external/actions/human_action_recognition/test/001769_calling.jpg,Bingsu/Human_Action_Recognition,calling,1,0,0,0,0,0,0,0,0,0,0,0,0,0,0,0,1,0,0,0
data/external/actions/human_action_recognition/test/001770_calling.jpg,Bingsu/Human_Action_Recognition,calling,1,0,0,0,0,0,0,0,0,0,0,0,0,0,0,0,1,0,0,0
data/external/actions/human_action_recognition/test/001771_calling.jpg,Bingsu/Human_Action_Recognition,calling,1,0,0,0,0,0,0,0,0,0,0,0,0,0,0,0,1,0,0,0
data/external/actions/human_action_recognition/test/001772_calling.jpg,Bingsu/Human_Action_Recognition,calling,1,0,0,0,0,0,0,0,0,0,0,0,0,0,0,0,1,0,0,0
data/external/actions/human_action_recognition/test/001773_calling.jpg,Bingsu/Human_Action_Recognition,calling,1,0,0,0,0,0,0,0,0,0,0,0,0,0,0,0,1,0,0,0
data/external/actions/human_action_recognition/test/001774_calling.jpg,Bingsu/Human_Action_Recognition,calling,1,0,0,0,0,0,0,0,0,0,0,0,0,0,0,0,1,0,0,0
data/external/actions/human_action_recognition/test/001775_calling.jpg,Bingsu/Human_Action_Recognition,calling,1,0,0,0,0,0,0,0,0,0,0,0,0,0,0,0,1,0,0,0
data/external/actions/human_action_recognition/test/001776_calling.jpg,Bingsu/Human_Action_Recognition,calling,1,0,0,0,0,0,0,0,0,0,0,0,0,0,0,0,1,0,0,0
data/external/actions/human_action_recognition/test/001777_calling.jpg,Bingsu/Human_Action_Recognition,calling,1,0,0,0,0,0,0,0,0,0,0,0,0,0,0,0,1,0,0,0
data/external/actions/human_action_recognition/test/001778_calling.jpg,Bingsu/Human_Action_Recognition,calling,1,0,0,0,0,0,0,0,0,0,0,0,0,0,0,0,1,0,0,0
data/external/actions/human_action_recognition/test/001779_calling.jpg,Bingsu/Human_Action_Recognition,calling,1,0,0,0,0,0,0,0,0,0,0,0,0,0,0,0,1,0,0,0
data/external/actions/human_action_recognition/test/001780_calling.jpg,Bingsu/Human_Action_Recognition,calling,1,0,0,0,0,0,0,0,0,0,0,0,0,0,0,0,1,0,0,0
data/external/actions/human_action_recognition/test/001781_calling.jpg,Bingsu/Human_Action_Recognition,calling,1,0,0,0,0,0,0,0,0,0,0,0,0,0,0,0,1,0,0,0
data/external/actions/human_action_recognition/test/001782_calling.jpg,Bingsu/Human_Action_Recognition,calling,1,0,0,0,0,0,0,0,0,0,0,0,0,0,0,0,1,0,0,0
data/external/actions/human_action_recognition/test/001783_calling.jpg,Bingsu/Human_Action_Recognition,calling,1,0,0,0,0,0,0,0,0,0,0,0,0,0,0,0,1,0,0,0
data/external/actions/human_action_recognition/test/001784_calling.jpg,Bingsu/Human_Action_Recognition,calling,1,0,0,0,0,0,0,0,0,0,0,0,0,0,0,0,1,0,0,0
data/external/actions/human_action_recognition/test/001785_calling.jpg,Bingsu/Human_Action_Recognition,calling,1,0,0,0,0,0,0,0,0,0,0,0,0,0,0,0,1,0,0,0
data/external/actions/human_action_recognition/test/001786_calling.jpg,Bingsu/Human_Action_Recognition,calling,1,0,0,0,0,0,0,0,0,0,0,0,0,0,0,0,1,0,0,0
data/external/actions/human_action_recognition/test/001787_calling.jpg,Bingsu/Human_Action_Recognition,calling,1,0,0,0,0,0,0,0,0,0,0,0,0,0,0,0,1,0,0,0
data/external/actions/human_action_recognition/test/001788_calling.jpg,Bingsu/Human_Action_Recognition,calling,1,0,0,0,0,0,0,0,0,0,0,0,0,0,0,0,1,0,0,0
data/external/actions/human_action_recognition/test/001789_calling.jpg,Bingsu/Human_Action_Recognition,calling,1,0,0,0,0,0,0,0,0,0,0,0,0,0,0,0,1,0,0,0
data/external/actions/human_action_recognition/test/001790_calling.jpg,Bingsu/Human_Action_Recognition,calling,1,0,0,0,0,0,0,0,0,0,0,0,0,0,0,0,1,0,0,0
data/external/actions/human_action_recognition/test/001791_calling.jpg,Bingsu/Human_Action_Recognition,calling,1,0,0,0,0,0,0,0,0,0,0,0,0,0,0,0,1,0,0,0
data/external/actions/human_action_recognition/test/001792_calling.jpg,Bingsu/Human_Action_Recognition,calling,1,0,0,0,0,0,0,0,0,0,0,0,0,0,0,0,1,0,0,0
data/external/actions/human_action_recognition/test/001793_calling.jpg,Bingsu/Human_Action_Recognition,calling,1,0,0,0,0,0,0,0,0,0,0,0,0,0,0,0,1,0,0,0
data/external/actions/human_action_recognition/test/001794_calling.jpg,Bingsu/Human_Action_Recognition,calling,1,0,0,0,0,0,0,0,0,0,0,0,0,0,0,0,1,0,0,0
data/external/actions/human_action_recognition/test/001795_calling.jpg,Bingsu/Human_Action_Recognition,calling,1,0,0,0,0,0,0,0,0,0,0,0,0,0,0,0,1,0,0,0
data/external/actions/human_action_recognition/test/001796_calling.jpg,Bingsu/Human_Action_Recognition,calling,1,0,0,0,0,0,0,0,0,0,0,0,0,0,0,0,1,0,0,0
data/external/actions/human_action_recognition/test/001797_calling.jpg,Bingsu/Human_Action_Recognition,calling,1,0,0,0,0,0,0,0,0,0,0,0,0,0,0,0,1,0,0,0
data/external/actions/human_action_recognition/test/001798_calling.jpg,Bingsu/Human_Action_Recognition,calling,1,0,0,0,0,0,0,0,0,0,0,0,0,0,0,0,1,0,0,0
data/external/actions/human_action_recognition/test/001799_calling.jpg,Bingsu/Human_Action_Recognition,calling,1,0,0,0,0,0,0,0,0,0,0,0,0,0,0,0,1,0,0,0
data/external/actions/human_action_recognition/test/001800_calling.jpg,Bingsu/Human_Action_Recognition,calling,1,0,0,0,0,0,0,0,0,0,0,0,0,0,0,0,1,0,0,0
data/external/actions/human_action_recognition/test/001801_calling.jpg,Bingsu/Human_Action_Recognition,calling,1,0,0,0,0,0,0,0,0,0,0,0,0,0,0,0,1,0,0,0
data/external/actions/human_action_recognition/test/001802_calling.jpg,Bingsu/Human_Action_Recognition,calling,1,0,0,0,0,0,0,0,0,0,0,0,0,0,0,0,1,0,0,0
data/external/actions/human_action_recognition/test/001803_calling.jpg,Bingsu/Human_Action_Recognition,calling,1,0,0,0,0,0,0,0,0,0,0,0,0,0,0,0,1,0,0,0
data/external/actions/human_action_recognition/test/001804_calling.jpg,Bingsu/Human_Action_Recognition,calling,1,0,0,0,0,0,0,0,0,0,0,0,0,0,0,0,1,0,0,0
data/external/actions/human_action_recognition/test/001805_calling.jpg,Bingsu/Human_Action_Recognition,calling,1,0,0,0,0,0,0,0,0,0,0,0,0,0,0,0,1,0,0,0
data/external/actions/human_action_recognition/test/001806_calling.jpg,Bingsu/Human_Action_Recognition,calling,1,0,0,0,0,0,0,0,0,0,0,0,0,0,0,0,1,0,0,0
data/external/actions/human_action_recognition/test/001807_calling.jpg,Bingsu/Human_Action_Recognition,calling,1,0,0,0,0,0,0,0,0,0,0,0,0,0,0,0,1,0,0,0
data/external/actions/human_action_recognition/test/001808_calling.jpg,Bingsu/Human_Action_Recognition,calling,1,0,0,0,0,0,0,0,0,0,0,0,0,0,0,0,1,0,0,0
data/external/actions/human_action_recognition/test/001809_calling.jpg,Bingsu/Human_Action_Recognition,calling,1,0,0,0,0,0,0,0,0,0,0,0,0,0,0,0,1,0,0,0
data/external/actions/human_action_recognition/test/001810_calling.jpg,Bingsu/Human_Action_Recognition,calling,1,0,0,0,0,0,0,0,0,0,0,0,0,0,0,0,1,0,0,0
data/external/actions/human_action_recognition/test/001811_calling.jpg,Bingsu/Human_Action_Recognition,calling,1,0,0,0,0,0,0,0,0,0,0,0,0,0,0,0,1,0,0,0
data/external/actions/human_action_recognition/test/001812_calling.jpg,Bingsu/Human_Action_Recognition,calling,1,0,0,0,0,0,0,0,0,0,0,0,0,0,0,0,1,0,0,0
data/external/actions/human_action_recognition/test/001813_calling.jpg,Bingsu/Human_Action_Recognition,calling,1,0,0,0,0,0,0,0,0,0,0,0,0,0,0,0,1,0,0,0
data/external/actions/human_action_recognition/test/001814_calling.jpg,Bingsu/Human_Action_Recognition,calling,1,0,0,0,0,0,0,0,0,0,0,0,0,0,0,0,1,0,0,0
data/external/actions/human_action_recognition/test/001815_calling.jpg,Bingsu/Human_Action_Recognition,calling,1,0,0,0,0,0,0,0,0,0,0,0,0,0,0,0,1,0,0,0
data/external/actions/human_action_recognition/test/001816_calling.jpg,Bingsu/Human_Action_Recognition,calling,1,0,0,0,0,0,0,0,0,0,0,0,0,0,0,0,1,0,0,0
data/external/actions/human_action_recognition/test/001817_calling.jpg,Bingsu/Human_Action_Recognition,calling,1,0,0,0,0,0,0,0,0,0,0,0,0,0,0,0,1,0,0,0
data/external/actions/human_action_recognition/test/001818_calling.jpg,Bingsu/Human_Action_Recognition,calling,1,0,0,0,0,0,0,0,0,0,0,0,0,0,0,0,1,0,0,0
data/external/actions/human_action_recognition/test/001819_calling.jpg,Bingsu/Human_Action_Recognition,calling,1,0,0,0,0,0,0,0,0,0,0,0,0,0,0,0,1,0,0,0
data/external/actions/human_action_recognition/test/001820_calling.jpg,Bingsu/Human_Action_Recognition,calling,1,0,0,0,0,0,0,0,0,0,0,0,0,0,0,0,1,0,0,0
data/external/actions/human_action_recognition/test/001821_calling.jpg,Bingsu/Human_Action_Recognition,calling,1,0,0,0,0,0,0,0,0,0,0,0,0,0,0,0,1,0,0,0
data/external/actions/human_action_recognition/test/001822_calling.jpg,Bingsu/Human_Action_Recognition,calling,1,0,0,0,0,0,0,0,0,0,0,0,0,0,0,0,1,0,0,0
data/external/actions/human_action_recognition/test/001823_calling.jpg,Bingsu/Human_Action_Recognition,calling,1,0,0,0,0,0,0,0,0,0,0,0,0,0,0,0,1,0,0,0
data/external/actions/human_action_recognition/test/001824_calling.jpg,Bingsu/Human_Action_Recognition,calling,1,0,0,0,0,0,0,0,0,0,0,0,0,0,0,0,1,0,0,0
data/external/actions/human_action_recognition/test/001825_calling.jpg,Bingsu/Human_Action_Recognition,calling,1,0,0,0,0,0,0,0,0,0,0,0,0,0,0,0,1,0,0,0
data/external/actions/human_action_recognition/test/001826_calling.jpg,Bingsu/Human_Action_Recognition,calling,1,0,0,0,0,0,0,0,0,0,0,0,0,0,0,0,1,0,0,0
data/external/actions/human_action_recognition/test/001827_calling.jpg,Bingsu/Human_Action_Recognition,calling,1,0,0,0,0,0,0,0,0,0,0,0,0,0,0,0,1,0,0,0
data/external/actions/human_action_recognition/test/001828_calling.jpg,Bingsu/Human_Action_Recognition,calling,1,0,0,0,0,0,0,0,0,0,0,0,0,0,0,0,1,0,0,0
data/external/actions/human_action_recognition/test/001829_calling.jpg,Bingsu/Human_Action_Recognition,calling,1,0,0,0,0,0,0,0,0,0,0,0,0,0,0,0,1,0,0,0
data/external/actions/human_action_recognition/test/001830_calling.jpg,Bingsu/Human_Action_Recognition,calling,1,0,0,0,0,0,0,0,0,0,0,0,0,0,0,0,1,0,0,0
data/external/actions/human_action_recognition/test/001831_calling.jpg,Bingsu/Human_Action_Recognition,calling,1,0,0,0,0,0,0,0,0,0,0,0,0,0,0,0,1,0,0,0
data/external/actions/human_action_recognition/test/001832_calling.jpg,Bingsu/Human_Action_Recognition,calling,1,0,0,0,0,0,0,0,0,0,0,0,0,0,0,0,1,0,0,0
data/external/actions/human_action_recognition/test/001833_calling.jpg,Bingsu/Human_Action_Recognition,calling,1,0,0,0,0,0,0,0,0,0,0,0,0,0,0,0,1,0,0,0
data/external/actions/human_action_recognition/test/001834_calling.jpg,Bingsu/Human_Action_Recognition,calling,1,0,0,0,0,0,0,0,0,0,0,0,0,0,0,0,1,0,0,0
data/external/actions/human_action_recognition/test/001835_calling.jpg,Bingsu/Human_Action_Recognition,calling,1,0,0,0,0,0,0,0,0,0,0,0,0,0,0,0,1,0,0,0
data/external/actions/human_action_recognition/test/001836_calling.jpg,Bingsu/Human_Action_Recognition,calling,1,0,0,0,0,0,0,0,0,0,0,0,0,0,0,0,1,0,0,0
data/external/actions/human_action_recognition/test/001837_calling.jpg,Bingsu/Human_Action_Recognition,calling,1,0,0,0,0,0,0,0,0,0,0,0,0,0,0,0,1,0,0,0
data/external/actions/human_action_recognition/test/001838_calling.jpg,Bingsu/Human_Action_Recognition,calling,1,0,0,0,0,0,0,0,0,0,0,0,0,0,0,0,1,0,0,0
data/external/actions/human_action_recognition/test/001839_calling.jpg,Bingsu/Human_Action_Recognition,calling,1,0,0,0,0,0,0,0,0,0,0,0,0,0,0,0,1,0,0,0
data/external/actions/human_action_recognition/test/001840_calling.jpg,Bingsu/Human_Action_Recognition,calling,1,0,0,0,0,0,0,0,0,0,0,0,0,0,0,0,1,0,0,0
data/external/actions/human_action_recognition/test/001841_calling.jpg,Bingsu/Human_Action_Recognition,calling,1,0,0,0,0,0,0,0,0,0,0,0,0,0,0,0,1,0,0,0
data/external/actions/human_action_recognition/test/001842_calling.jpg,Bingsu/Human_Action_Recognition,calling,1,0,0,0,0,0,0,0,0,0,0,0,0,0,0,0,1,0,0,0
data/external/actions/human_action_recognition/test/001843_calling.jpg,Bingsu/Human_Action_Recognition,calling,1,0,0,0,0,0,0,0,0,0,0,0,0,0,0,0,1,0,0,0
data/external/actions/human_action_recognition/test/001844_calling.jpg,Bingsu/Human_Action_Recognition,calling,1,0,0,0,0,0,0,0,0,0,0,0,0,0,0,0,1,0,0,0
data/external/actions/human_action_recognition/test/001845_calling.jpg,Bingsu/Human_Action_Recognition,calling,1,0,0,0,0,0,0,0,0,0,0,0,0,0,0,0,1,0,0,0
data/external/actions/human_action_recognition/test/001846_calling.jpg,Bingsu/Human_Action_Recognition,calling,1,0,0,0,0,0,0,0,0,0,0,0,0,0,0,0,1,0,0,0
data/external/actions/human_action_recognition/test/001847_calling.jpg,Bingsu/Human_Action_Recognition,calling,1,0,0,0,0,0,0,0,0,0,0,0,0,0,0,0,1,0,0,0
data/external/actions/human_action_recognition/test/001848_calling.jpg,Bingsu/Human_Action_Recognition,calling,1,0,0,0,0,0,0,0,0,0,0,0,0,0,0,0,1,0,0,0
data/external/actions/human_action_recognition/test/001849_calling.jpg,Bingsu/Human_Action_Recognition,calling,1,0,0,0,0,0,0,0,0,0,0,0,0,0,0,0,1,0,0,0
data/external/actions/human_action_recognition/test/001850_calling.jpg,Bingsu/Human_Action_Recognition,calling,1,0,0,0,0,0,0,0,0,0,0,0,0,0,0,0,1,0,0,0
data/external/actions/human_action_recognition/test/001851_calling.jpg,Bingsu/Human_Action_Recognition,calling,1,0,0,0,0,0,0,0,0,0,0,0,0,0,0,0,1,0,0,0
data/external/actions/human_action_recognition/test/001852_calling.jpg,Bingsu/Human_Action_Recognition,calling,1,0,0,0,0,0,0,0,0,0,0,0,0,0,0,0,1,0,0,0
data/external/actions/human_action_recognition/test/001853_calling.jpg,Bingsu/Human_Action_Recognition,calling,1,0,0,0,0,0,0,0,0,0,0,0,0,0,0,0,1,0,0,0
data/external/actions/human_action_recognition/test/001854_calling.jpg,Bingsu/Human_Action_Recognition,calling,1,0,0,0,0,0,0,0,0,0,0,0,0,0,0,0,1,0,0,0
data/external/actions/human_action_recognition/test/001855_calling.jpg,Bingsu/Human_Action_Recognition,calling,1,0,0,0,0,0,0,0,0,0,0,0,0,0,0,0,1,0,0,0
data/external/actions/human_action_recognition/test/001856_calling.jpg,Bingsu/Human_Action_Recognition,calling,1,0,0,0,0,0,0,0,0,0,0,0,0,0,0,0,1,0,0,0
data/external/actions/human_action_recognition/test/001857_calling.jpg,Bingsu/Human_Action_Recognition,calling,1,0,0,0,0,0,0,0,0,0,0,0,0,0,0,0,1,0,0,0
data/external/actions/human_action_recognition/test/001858_calling.jpg,Bingsu/Human_Action_Recognition,calling,1,0,0,0,0,0,0,0,0,0,0,0,0,0,0,0,1,0,0,0
data/external/actions/human_action_recognition/test/001859_calling.jpg,Bingsu/Human_Action_Recognition,calling,1,0,0,0,0,0,0,0,0,0,0,0,0,0,0,0,1,0,0,0
data/external/actions/human_action_recognition/test/001860_calling.jpg,Bingsu/Human_Action_Recognition,calling,1,0,0,0,0,0,0,0,0,0,0,0,0,0,0,0,1,0,0,0
data/external/actions/human_action_recognition/test/001861_calling.jpg,Bingsu/Human_Action_Recognition,calling,1,0,0,0,0,0,0,0,0,0,0,0,0,0,0,0,1,0,0,0
data/external/actions/human_action_recognition/test/001862_calling.jpg,Bingsu/Human_Action_Recognition,calling,1,0,0,0,0,0,0,0,0,0,0,0,0,0,0,0,1,0,0,0
data/external/actions/human_action_recognition/test/001863_calling.jpg,Bingsu/Human_Action_Recognition,calling,1,0,0,0,0,0,0,0,0,0,0,0,0,0,0,0,1,0,0,0
data/external/actions/human_action_recognition/test/001864_calling.jpg,Bingsu/Human_Action_Recognition,calling,1,0,0,0,0,0,0,0,0,0,0,0,0,0,0,0,1,0,0,0
data/external/actions/human_action_recognition/test/001865_calling.jpg,Bingsu/Human_Action_Recognition,calling,1,0,0,0,0,0,0,0,0,0,0,0,0,0,0,0,1,0,0,0
data/external/actions/human_action_recognition/test/001866_calling.jpg,Bingsu/Human_Action_Recognition,calling,1,0,0,0,0,0,0,0,0,0,0,0,0,0,0,0,1,0,0,0
data/external/actions/human_action_recognition/test/001867_calling.jpg,Bingsu/Human_Action_Recognition,calling,1,0,0,0,0,0,0,0,0,0,0,0,0,0,0,0,1,0,0,0
data/external/actions/human_action_recognition/test/001868_calling.jpg,Bingsu/Human_Action_Recognition,calling,1,0,0,0,0,0,0,0,0,0,0,0,0,0,0,0,1,0,0,0
data/external/actions/human_action_recognition/test/001869_calling.jpg,Bingsu/Human_Action_Recognition,calling,1,0,0,0,0,0,0,0,0,0,0,0,0,0,0,0,1,0,0,0
data/external/actions/human_action_recognition/test/001870_calling.jpg,Bingsu/Human_Action_Recognition,calling,1,0,0,0,0,0,0,0,0,0,0,0,0,0,0,0,1,0,0,0
data/external/actions/human_action_recognition/test/001871_calling.jpg,Bingsu/Human_Action_Recognition,calling,1,0,0,0,0,0,0,0,0,0,0,0,0,0,0,0,1,0,0,0
data/external/actions/human_action_recognition/test/001872_calling.jpg,Bingsu/Human_Action_Recognition,calling,1,0,0,0,0,0,0,0,0,0,0,0,0,0,0,0,1,0,0,0
data/external/actions/human_action_recognition/test/001873_calling.jpg,Bingsu/Human_Action_Recognition,calling,1,0,0,0,0,0,0,0,0,0,0,0,0,0,0,0,1,0,0,0
data/external/actions/human_action_recognition/test/001874_calling.jpg,Bingsu/Human_Action_Recognition,calling,1,0,0,0,0,0,0,0,0,0,0,0,0,0,0,0,1,0,0,0
data/external/actions/human_action_recognition/test/001875_calling.jpg,Bingsu/Human_Action_Recognition,calling,1,0,0,0,0,0,0,0,0,0,0,0,0,0,0,0,1,0,0,0
data/external/actions/human_action_recognition/test/001876_calling.jpg,Bingsu/Human_Action_Recognition,calling,1,0,0,0,0,0,0,0,0,0,0,0,0,0,0,0,1,0,0,0
data/external/actions/human_action_recognition/test/001877_calling.jpg,Bingsu/Human_Action_Recognition,calling,1,0,0,0,0,0,0,0,0,0,0,0,0,0,0,0,1,0,0,0
data/external/actions/human_action_recognition/test/001878_calling.jpg,Bingsu/Human_Action_Recognition,calling,1,0,0,0,0,0,0,0,0,0,0,0,0,0,0,0,1,0,0,0
data/external/actions/human_action_recognition/test/001879_calling.jpg,Bingsu/Human_Action_Recognition,calling,1,0,0,0,0,0,0,0,0,0,0,0,0,0,0,0,1,0,0,0
data/external/actions/human_action_recognition/test/001880_calling.jpg,Bingsu/Human_Action_Recognition,calling,1,0,0,0,0,0,0,0,0,0,0,0,0,0,0,0,1,0,0,0
data/external/actions/human_action_recognition/test/001881_calling.jpg,Bingsu/Human_Action_Recognition,calling,1,0,0,0,0,0,0,0,0,0,0,0,0,0,0,0,1,0,0,0
data/external/actions/human_action_recognition/test/001882_calling.jpg,Bingsu/Human_Action_Recognition,calling,1,0,0,0,0,0,0,0,0,0,0,0,0,0,0,0,1,0,0,0
data/external/actions/human_action_recognition/test/001883_calling.jpg,Bingsu/Human_Action_Recognition,calling,1,0,0,0,0,0,0,0,0,0,0,0,0,0,0,0,1,0,0,0
data/external/actions/human_action_recognition/test/001884_calling.jpg,Bingsu/Human_Action_Recognition,calling,1,0,0,0,0,0,0,0,0,0,0,0,0,0,0,0,1,0,0,0
data/external/actions/human_action_recognition/test/001885_calling.jpg,Bingsu/Human_Action_Recognition,calling,1,0,0,0,0,0,0,0,0,0,0,0,0,0,0,0,1,0,0,0
data/external/actions/human_action_recognition/test/001886_calling.jpg,Bingsu/Human_Action_Recognition,calling,1,0,0,0,0,0,0,0,0,0,0,0,0,0,0,0,1,0,0,0
data/external/actions/human_action_recognition/test/001887_calling.jpg,Bingsu/Human_Action_Recognition,calling,1,0,0,0,0,0,0,0,0,0,0,0,0,0,0,0,1,0,0,0
data/external/actions/human_action_recognition/test/001888_calling.jpg,Bingsu/Human_Action_Recognition,calling,1,0,0,0,0,0,0,0,0,0,0,0,0,0,0,0,1,0,0,0
data/external/actions/human_action_recognition/test/001889_calling.jpg,Bingsu/Human_Action_Recognition,calling,1,0,0,0,0,0,0,0,0,0,0,0,0,0,0,0,1,0,0,0
data/external/actions/human_action_recognition/test/001890_calling.jpg,Bingsu/Human_Action_Recognition,calling,1,0,0,0,0,0,0,0,0,0,0,0,0,0,0,0,1,0,0,0
data/external/actions/human_action_recognition/test/001891_calling.jpg,Bingsu/Human_Action_Recognition,calling,1,0,0,0,0,0,0,0,0,0,0,0,0,0,0,0,1,0,0,0
data/external/actions/human_action_recognition/test/001892_calling.jpg,Bingsu/Human_Action_Recognition,calling,1,0,0,0,0,0,0,0,0,0,0,0,0,0,0,0,1,0,0,0
data/external/actions/human_action_recognition/test/001893_calling.jpg,Bingsu/Human_Action_Recognition,calling,1,0,0,0,0,0,0,0,0,0,0,0,0,0,0,0,1,0,0,0
data/external/actions/human_action_recognition/test/001894_calling.jpg,Bingsu/Human_Action_Recognition,calling,1,0,0,0,0,0,0,0,0,0,0,0,0,0,0,0,1,0,0,0
data/external/actions/human_action_recognition/test/001895_calling.jpg,Bingsu/Human_Action_Recognition,calling,1,0,0,0,0,0,0,0,0,0,0,0,0,0,0,0,1,0,0,0
data/external/actions/human_action_recognition/test/001896_calling.jpg,Bingsu/Human_Action_Recognition,calling,1,0,0,0,0,0,0,0,0,0,0,0,0,0,0,0,1,0,0,0
data/external/actions/human_action_recognition/test/001897_calling.jpg,Bingsu/Human_Action_Recognition,calling,1,0,0,0,0,0,0,0,0,0,0,0,0,0,0,0,1,0,0,0
data/external/actions/human_action_recognition/test/001898_calling.jpg,Bingsu/Human_Action_Recognition,calling,1,0,0,0,0,0,0,0,0,0,0,0,0,0,0,0,1,0,0,0
data/external/actions/human_action_recognition/test/001899_calling.jpg,Bingsu/Human_Action_Recognition,calling,1,0,0,0,0,0,0,0,0,0,0,0,0,0,0,0,1,0,0,0
data/external/actions/human_action_recognition/test/001900_calling.jpg,Bingsu/Human_Action_Recognition,calling,1,0,0,0,0,0,0,0,0,0,0,0,0,0,0,0,1,0,0,0
data/external/actions/human_action_recognition/test/001901_calling.jpg,Bingsu/Human_Action_Recognition,calling,1,0,0,0,0,0,0,0,0,0,0,0,0,0,0,0,1,0,0,0
data/external/actions/human_action_recognition/test/001902_calling.jpg,Bingsu/Human_Action_Recognition,calling,1,0,0,0,0,0,0,0,0,0,0,0,0,0,0,0,1,0,0,0
data/external/actions/human_action_recognition/test/001903_calling.jpg,Bingsu/Human_Action_Recognition,calling,1,0,0,0,0,0,0,0,0,0,0,0,0,0,0,0,1,0,0,0
data/external/actions/human_action_recognition/test/001904_calling.jpg,Bingsu/Human_Action_Recognition,calling,1,0,0,0,0,0,0,0,0,0,0,0,0,0,0,0,1,0,0,0
data/external/actions/human_action_recognition/test/001905_calling.jpg,Bingsu/Human_Action_Recognition,calling,1,0,0,0,0,0,0,0,0,0,0,0,0,0,0,0,1,0,0,0
data/external/actions/human_action_recognition/test/001906_calling.jpg,Bingsu/Human_Action_Recognition,calling,1,0,0,0,0,0,0,0,0,0,0,0,0,0,0,0,1,0,0,0
data/external/actions/human_action_recognition/test/001907_calling.jpg,Bingsu/Human_Action_Recognition,calling,1,0,0,0,0,0,0,0,0,0,0,0,0,0,0,0,1,0,0,0
data/external/actions/human_action_recognition/test/001908_calling.jpg,Bingsu/Human_Action_Recognition,calling,1,0,0,0,0,0,0,0,0,0,0,0,0,0,0,0,1,0,0,0
data/external/actions/human_action_recognition/test/001909_calling.jpg,Bingsu/Human_Action_Recognition,calling,1,0,0,0,0,0,0,0,0,0,0,0,0,0,0,0,1,0,0,0
data/external/actions/human_action_recognition/test/001910_calling.jpg,Bingsu/Human_Action_Recognition,calling,1,0,0,0,0,0,0,0,0,0,0,0,0,0,0,0,1,0,0,0
data/external/actions/human_action_recognition/test/001911_calling.jpg,Bingsu/Human_Action_Recognition,calling,1,0,0,0,0,0,0,0,0,0,0,0,0,0,0,0,1,0,0,0
data/external/actions/human_action_recognition/test/001912_calling.jpg,Bingsu/Human_Action_Recognition,calling,1,0,0,0,0,0,0,0,0,0,0,0,0,0,0,0,1,0,0,0
data/external/actions/human_action_recognition/test/001913_calling.jpg,Bingsu/Human_Action_Recognition,calling,1,0,0,0,0,0,0,0,0,0,0,0,0,0,0,0,1,0,0,0
data/external/actions/human_action_recognition/test/001914_calling.jpg,Bingsu/Human_Action_Recognition,calling,1,0,0,0,0,0,0,0,0,0,0,0,0,0,0,0,1,0,0,0
data/external/actions/human_action_recognition/test/001915_calling.jpg,Bingsu/Human_Action_Recognition,calling,1,0,0,0,0,0,0,0,0,0,0,0,0,0,0,0,1,0,0,0
data/external/actions/human_action_recognition/test/001916_calling.jpg,Bingsu/Human_Action_Recognition,calling,1,0,0,0,0,0,0,0,0,0,0,0,0,0,0,0,1,0,0,0
data/external/actions/human_action_recognition/test/001917_calling.jpg,Bingsu/Human_Action_Recognition,calling,1,0,0,0,0,0,0,0,0,0,0,0,0,0,0,0,1,0,0,0
data/external/actions/human_action_recognition/test/001918_calling.jpg,Bingsu/Human_Action_Recognition,calling,1,0,0,0,0,0,0,0,0,0,0,0,0,0,0,0,1,0,0,0
data/external/actions/human_action_recognition/test/001919_calling.jpg,Bingsu/Human_Action_Recognition,calling,1,0,0,0,0,0,0,0,0,0,0,0,0,0,0,0,1,0,0,0
data/external/actions/human_action_recognition/test/001920_calling.jpg,Bingsu/Human_Action_Recognition,calling,1,0,0,0,0,0,0,0,0,0,0,0,0,0,0,0,1,0,0,0
data/external/actions/human_action_recognition/test/001921_calling.jpg,Bingsu/Human_Action_Recognition,calling,1,0,0,0,0,0,0,0,0,0,0,0,0,0,0,0,1,0,0,0
data/external/actions/human_action_recognition/test/001922_calling.jpg,Bingsu/Human_Action_Recognition,calling,1,0,0,0,0,0,0,0,0,0,0,0,0,0,0,0,1,0,0,0
data/external/actions/human_action_recognition/test/001923_calling.jpg,Bingsu/Human_Action_Recognition,calling,1,0,0,0,0,0,0,0,0,0,0,0,0,0,0,0,1,0,0,0
data/external/actions/human_action_recognition/test/001924_calling.jpg,Bingsu/Human_Action_Recognition,calling,1,0,0,0,0,0,0,0,0,0,0,0,0,0,0,0,1,0,0,0
data/external/actions/human_action_recognition/test/001925_calling.jpg,Bingsu/Human_Action_Recognition,calling,1,0,0,0,0,0,0,0,0,0,0,0,0,0,0,0,1,0,0,0
data/external/actions/human_action_recognition/test/001926_calling.jpg,Bingsu/Human_Action_Recognition,calling,1,0,0,0,0,0,0,0,0,0,0,0,0,0,0,0,1,0,0,0
data/external/actions/human_action_recognition/test/001927_calling.jpg,Bingsu/Human_Action_Recognition,calling,1,0,0,0,0,0,0,0,0,0,0,0,0,0,0,0,1,0,0,0
data/external/actions/human_action_recognition/test/001928_calling.jpg,Bingsu/Human_Action_Recognition,calling,1,0,0,0,0,0,0,0,0,0,0,0,0,0,0,0,1,0,0,0
data/external/actions/human_action_recognition/test/001929_calling.jpg,Bingsu/Human_Action_Recognition,calling,1,0,0,0,0,0,0,0,0,0,0,0,0,0,0,0,1,0,0,0
data/external/actions/human_action_recognition/test/001930_calling.jpg,Bingsu/Human_Action_Recognition,calling,1,0,0,0,0,0,0,0,0,0,0,0,0,0,0,0,1,0,0,0
data/external/actions/human_action_recognition/test/001931_calling.jpg,Bingsu/Human_Action_Recognition,calling,1,0,0,0,0,0,0,0,0,0,0,0,0,0,0,0,1,0,0,0
data/external/actions/human_action_recognition/test/001932_calling.jpg,Bingsu/Human_Action_Recognition,calling,1,0,0,0,0,0,0,0,0,0,0,0,0,0,0,0,1,0,0,0
data/external/actions/human_action_recognition/test/001933_calling.jpg,Bingsu/Human_Action_Recognition,calling,1,0,0,0,0,0,0,0,0,0,0,0,0,0,0,0,1,0,0,0
data/external/actions/human_action_recognition/test/001934_calling.jpg,Bingsu/Human_Action_Recognition,calling,1,0,0,0,0,0,0,0,0,0,0,0,0,0,0,0,1,0,0,0
data/external/actions/human_action_recognition/test/001935_calling.jpg,Bingsu/Human_Action_Recognition,calling,1,0,0,0,0,0,0,0,0,0,0,0,0,0,0,0,1,0,0,0
data/external/actions/human_action_recognition/test/001936_calling.jpg,Bingsu/Human_Action_Recognition,calling,1,0,0,0,0,0,0,0,0,0,0,0,0,0,0,0,1,0,0,0
data/external/actions/human_action_recognition/test/001937_calling.jpg,Bingsu/Human_Action_Recognition,calling,1,0,0,0,0,0,0,0,0,0,0,0,0,0,0,0,1,0,0,0
data/external/actions/human_action_recognition/test/001938_calling.jpg,Bingsu/Human_Action_Recognition,calling,1,0,0,0,0,0,0,0,0,0,0,0,0,0,0,0,1,0,0,0
data/external/actions/human_action_recognition/test/001939_calling.jpg,Bingsu/Human_Action_Recognition,calling,1,0,0,0,0,0,0,0,0,0,0,0,0,0,0,0,1,0,0,0
data/external/actions/human_action_recognition/test/001940_calling.jpg,Bingsu/Human_Action_Recognition,calling,1,0,0,0,0,0,0,0,0,0,0,0,0,0,0,0,1,0,0,0
data/external/actions/human_action_recognition/test/001941_calling.jpg,Bingsu/Human_Action_Recognition,calling,1,0,0,0,0,0,0,0,0,0,0,0,0,0,0,0,1,0,0,0
data/external/actions/human_action_recognition/test/001942_calling.jpg,Bingsu/Human_Action_Recognition,calling,1,0,0,0,0,0,0,0,0,0,0,0,0,0,0,0,1,0,0,0
data/external/actions/human_action_recognition/test/001943_calling.jpg,Bingsu/Human_Action_Recognition,calling,1,0,0,0,0,0,0,0,0,0,0,0,0,0,0,0,1,0,0,0
data/external/actions/human_action_recognition/test/001944_calling.jpg,Bingsu/Human_Action_Recognition,calling,1,0,0,0,0,0,0,0,0,0,0,0,0,0,0,0,1,0,0,0
data/external/actions/human_action_recognition/test/001945_calling.jpg,Bingsu/Human_Action_Recognition,calling,1,0,0,0,0,0,0,0,0,0,0,0,0,0,0,0,1,0,0,0
data/external/actions/human_action_recognition/test/001946_calling.jpg,Bingsu/Human_Action_Recognition,calling,1,0,0,0,0,0,0,0,0,0,0,0,0,0,0,0,1,0,0,0
data/external/actions/human_action_recognition/test/001947_calling.jpg,Bingsu/Human_Action_Recognition,calling,1,0,0,0,0,0,0,0,0,0,0,0,0,0,0,0,1,0,0,0
data/external/actions/human_action_recognition/test/001948_calling.jpg,Bingsu/Human_Action_Recognition,calling,1,0,0,0,0,0,0,0,0,0,0,0,0,0,0,0,1,0,0,0
data/external/actions/human_action_recognition/test/001949_calling.jpg,Bingsu/Human_Action_Recognition,calling,1,0,0,0,0,0,0,0,0,0,0,0,0,0,0,0,1,0,0,0
data/external/actions/human_action_recognition/test/001950_calling.jpg,Bingsu/Human_Action_Recognition,calling,1,0,0,0,0,0,0,0,0,0,0,0,0,0,0,0,1,0,0,0
data/external/actions/human_action_recognition/test/001951_calling.jpg,Bingsu/Human_Action_Recognition,calling,1,0,0,0,0,0,0,0,0,0,0,0,0,0,0,0,1,0,0,0
data/external/actions/human_action_recognition/test/001952_calling.jpg,Bingsu/Human_Action_Recognition,calling,1,0,0,0,0,0,0,0,0,0,0,0,0,0,0,0,1,0,0,0
data/external/actions/human_action_recognition/test/001953_calling.jpg,Bingsu/Human_Action_Recognition,calling,1,0,0,0,0,0,0,0,0,0,0,0,0,0,0,0,1,0,0,0
data/external/actions/human_action_recognition/test/001954_calling.jpg,Bingsu/Human_Action_Recognition,calling,1,0,0,0,0,0,0,0,0,0,0,0,0,0,0,0,1,0,0,0
data/external/actions/human_action_recognition/test/001955_calling.jpg,Bingsu/Human_Action_Recognition,calling,1,0,0,0,0,0,0,0,0,0,0,0,0,0,0,0,1,0,0,0
data/external/actions/human_action_recognition/test/001956_calling.jpg,Bingsu/Human_Action_Recognition,calling,1,0,0,0,0,0,0,0,0,0,0,0,0,0,0,0,1,0,0,0
data/external/actions/human_action_recognition/test/001957_calling.jpg,Bingsu/Human_Action_Recognition,calling,1,0,0,0,0,0,0,0,0,0,0,0,0,0,0,0,1,0,0,0
data/external/actions/human_action_recognition/test/001958_calling.jpg,Bingsu/Human_Action_Recognition,calling,1,0,0,0,0,0,0,0,0,0,0,0,0,0,0,0,1,0,0,0
data/external/actions/human_action_recognition/test/001959_calling.jpg,Bingsu/Human_Action_Recognition,calling,1,0,0,0,0,0,0,0,0,0,0,0,0,0,0,0,1,0,0,0
data/external/actions/human_action_recognition/test/001960_calling.jpg,Bingsu/Human_Action_Recognition,calling,1,0,0,0,0,0,0,0,0,0,0,0,0,0,0,0,1,0,0,0
data/external/actions/human_action_recognition/test/001961_calling.jpg,Bingsu/Human_Action_Recognition,calling,1,0,0,0,0,0,0,0,0,0,0,0,0,0,0,0,1,0,0,0
data/external/actions/human_action_recognition/test/001962_calling.jpg,Bingsu/Human_Action_Recognition,calling,1,0,0,0,0,0,0,0,0,0,0,0,0,0,0,0,1,0,0,0
data/external/actions/human_action_recognition/test/001963_calling.jpg,Bingsu/Human_Action_Recognition,calling,1,0,0,0,0,0,0,0,0,0,0,0,0,0,0,0,1,0,0,0
data/external/actions/human_action_recognition/test/001964_calling.jpg,Bingsu/Human_Action_Recognition,calling,1,0,0,0,0,0,0,0,0,0,0,0,0,0,0,0,1,0,0,0
data/external/actions/human_action_recognition/test/001965_calling.jpg,Bingsu/Human_Action_Recognition,calling,1,0,0,0,0,0,0,0,0,0,0,0,0,0,0,0,1,0,0,0
data/external/actions/human_action_recognition/test/001966_calling.jpg,Bingsu/Human_Action_Recognition,calling,1,0,0,0,0,0,0,0,0,0,0,0,0,0,0,0,1,0,0,0
data/external/actions/human_action_recognition/test/001967_calling.jpg,Bingsu/Human_Action_Recognition,calling,1,0,0,0,0,0,0,0,0,0,0,0,0,0,0,0,1,0,0,0
data/external/actions/human_action_recognition/test/001968_calling.jpg,Bingsu/Human_Action_Recognition,calling,1,0,0,0,0,0,0,0,0,0,0,0,0,0,0,0,1,0,0,0
data/external/actions/human_action_recognition/test/001969_calling.jpg,Bingsu/Human_Action_Recognition,calling,1,0,0,0,0,0,0,0,0,0,0,0,0,0,0,0,1,0,0,0
data/external/actions/human_action_recognition/test/001970_calling.jpg,Bingsu/Human_Action_Recognition,calling,1,0,0,0,0,0,0,0,0,0,0,0,0,0,0,0,1,0,0,0
data/external/actions/human_action_recognition/test/001971_calling.jpg,Bingsu/Human_Action_Recognition,calling,1,0,0,0,0,0,0,0,0,0,0,0,0,0,0,0,1,0,0,0
data/external/actions/human_action_recognition/test/001972_calling.jpg,Bingsu/Human_Action_Recognition,calling,1,0,0,0,0,0,0,0,0,0,0,0,0,0,0,0,1,0,0,0
data/external/actions/human_action_recognition/test/001973_calling.jpg,Bingsu/Human_Action_Recognition,calling,1,0,0,0,0,0,0,0,0,0,0,0,0,0,0,0,1,0,0,0
data/external/actions/human_action_recognition/test/001974_calling.jpg,Bingsu/Human_Action_Recognition,calling,1,0,0,0,0,0,0,0,0,0,0,0,0,0,0,0,1,0,0,0
data/external/actions/human_action_recognition/test/001975_calling.jpg,Bingsu/Human_Action_Recognition,calling,1,0,0,0,0,0,0,0,0,0,0,0,0,0,0,0,1,0,0,0
data/external/actions/human_action_recognition/test/001976_calling.jpg,Bingsu/Human_Action_Recognition,calling,1,0,0,0,0,0,0,0,0,0,0,0,0,0,0,0,1,0,0,0
data/external/actions/human_action_recognition/test/001977_calling.jpg,Bingsu/Human_Action_Recognition,calling,1,0,0,0,0,0,0,0,0,0,0,0,0,0,0,0,1,0,0,0
data/external/actions/human_action_recognition/test/001978_calling.jpg,Bingsu/Human_Action_Recognition,calling,1,0,0,0,0,0,0,0,0,0,0,0,0,0,0,0,1,0,0,0
data/external/actions/human_action_recognition/test/001979_calling.jpg,Bingsu/Human_Action_Recognition,calling,1,0,0,0,0,0,0,0,0,0,0,0,0,0,0,0,1,0,0,0
data/external/actions/human_action_recognition/test/001980_calling.jpg,Bingsu/Human_Action_Recognition,calling,1,0,0,0,0,0,0,0,0,0,0,0,0,0,0,0,1,0,0,0
data/external/actions/human_action_recognition/test/001981_calling.jpg,Bingsu/Human_Action_Recognition,calling,1,0,0,0,0,0,0,0,0,0,0,0,0,0,0,0,1,0,0,0
data/external/actions/human_action_recognition/test/001982_calling.jpg,Bingsu/Human_Action_Recognition,calling,1,0,0,0,0,0,0,0,0,0,0,0,0,0,0,0,1,0,0,0
data/external/actions/human_action_recognition/test/001983_calling.jpg,Bingsu/Human_Action_Recognition,calling,1,0,0,0,0,0,0,0,0,0,0,0,0,0,0,0,1,0,0,0
data/external/actions/human_action_recognition/test/001984_calling.jpg,Bingsu/Human_Action_Recognition,calling,1,0,0,0,0,0,0,0,0,0,0,0,0,0,0,0,1,0,0,0
data/external/actions/human_action_recognition/test/001985_calling.jpg,Bingsu/Human_Action_Recognition,calling,1,0,0,0,0,0,0,0,0,0,0,0,0,0,0,0,1,0,0,0
data/external/actions/human_action_recognition/test/001986_calling.jpg,Bingsu/Human_Action_Recognition,calling,1,0,0,0,0,0,0,0,0,0,0,0,0,0,0,0,1,0,0,0
data/external/actions/human_action_recognition/test/001987_calling.jpg,Bingsu/Human_Action_Recognition,calling,1,0,0,0,0,0,0,0,0,0,0,0,0,0,0,0,1,0,0,0
data/external/actions/human_action_recognition/test/001988_calling.jpg,Bingsu/Human_Action_Recognition,calling,1,0,0,0,0,0,0,0,0,0,0,0,0,0,0,0,1,0,0,0
data/external/actions/human_action_recognition/test/001989_calling.jpg,Bingsu/Human_Action_Recognition,calling,1,0,0,0,0,0,0,0,0,0,0,0,0,0,0,0,1,0,0,0
data/external/actions/human_action_recognition/test/001990_calling.jpg,Bingsu/Human_Action_Recognition,calling,1,0,0,0,0,0,0,0,0,0,0,0,0,0,0,0,1,0,0,0
data/external/actions/human_action_recognition/test/001991_calling.jpg,Bingsu/Human_Action_Recognition,calling,1,0,0,0,0,0,0,0,0,0,0,0,0,0,0,0,1,0,0,0
data/external/actions/human_action_recognition/test/001992_calling.jpg,Bingsu/Human_Action_Recognition,calling,1,0,0,0,0,0,0,0,0,0,0,0,0,0,0,0,1,0,0,0
data/external/actions/human_action_recognition/test/001993_calling.jpg,Bingsu/Human_Action_Recognition,calling,1,0,0,0,0,0,0,0,0,0,0,0,0,0,0,0,1,0,0,0
data/external/actions/human_action_recognition/test/001994_calling.jpg,Bingsu/Human_Action_Recognition,calling,1,0,0,0,0,0,0,0,0,0,0,0,0,0,0,0,1,0,0,0
data/external/actions/human_action_recognition/test/001995_calling.jpg,Bingsu/Human_Action_Recognition,calling,1,0,0,0,0,0,0,0,0,0,0,0,0,0,0,0,1,0,0,0
data/external/actions/human_action_recognition/test/001996_calling.jpg,Bingsu/Human_Action_Recognition,calling,1,0,0,0,0,0,0,0,0,0,0,0,0,0,0,0,1,0,0,0
data/external/actions/human_action_recognition/test/001997_calling.jpg,Bingsu/Human_Action_Recognition,calling,1,0,0,0,0,0,0,0,0,0,0,0,0,0,0,0,1,0,0,0
data/external/actions/human_action_recognition/test/001998_calling.jpg,Bingsu/Human_Action_Recognition,calling,1,0,0,0,0,0,0,0,0,0,0,0,0,0,0,0,1,0,0,0
data/external/actions/human_action_recognition/test/001999_calling.jpg,Bingsu/Human_Action_Recognition,calling,1,0,0,0,0,0,0,0,0,0,0,0,0,0,0,0,1,0,0,0
data/external/actions/human_action_recognition/test/002000_calling.jpg,Bingsu/Human_Action_Recognition,calling,1,0,0,0,0,0,0,0,0,0,0,0,0,0,0,0,1,0,0,0
data/external/actions/human_action_recognition/test/002001_calling.jpg,Bingsu/Human_Action_Recognition,calling,1,0,0,0,0,0,0,0,0,0,0,0,0,0,0,0,1,0,0,0
data/external/actions/human_action_recognition/test/002002_calling.jpg,Bingsu/Human_Action_Recognition,calling,1,0,0,0,0,0,0,0,0,0,0,0,0,0,0,0,1,0,0,0
data/external/actions/human_action_recognition/test/002003_calling.jpg,Bingsu/Human_Action_Recognition,calling,1,0,0,0,0,0,0,0,0,0,0,0,0,0,0,0,1,0,0,0
data/external/actions/human_action_recognition/test/002004_calling.jpg,Bingsu/Human_Action_Recognition,calling,1,0,0,0,0,0,0,0,0,0,0,0,0,0,0,0,1,0,0,0
data/external/actions/human_action_recognition/test/002005_calling.jpg,Bingsu/Human_Action_Recognition,calling,1,0,0,0,0,0,0,0,0,0,0,0,0,0,0,0,1,0,0,0
data/external/actions/human_action_recognition/test/002006_calling.jpg,Bingsu/Human_Action_Recognition,calling,1,0,0,0,0,0,0,0,0,0,0,0,0,0,0,0,1,0,0,0
data/external/actions/human_action_recognition/test/002007_calling.jpg,Bingsu/Human_Action_Recognition,calling,1,0,0,0,0,0,0,0,0,0,0,0,0,0,0,0,1,0,0,0
data/external/actions/human_action_recognition/test/002008_calling.jpg,Bingsu/Human_Action_Recognition,calling,1,0,0,0,0,0,0,0,0,0,0,0,0,0,0,0,1,0,0,0
data/external/actions/human_action_recognition/test/002009_calling.jpg,Bingsu/Human_Action_Recognition,calling,1,0,0,0,0,0,0,0,0,0,0,0,0,0,0,0,1,0,0,0
data/external/actions/human_action_recognition/test/002010_calling.jpg,Bingsu/Human_Action_Recognition,calling,1,0,0,0,0,0,0,0,0,0,0,0,0,0,0,0,1,0,0,0
data/external/actions/human_action_recognition/test/002011_calling.jpg,Bingsu/Human_Action_Recognition,calling,1,0,0,0,0,0,0,0,0,0,0,0,0,0,0,0,1,0,0,0
data/external/actions/human_action_recognition/test/002012_calling.jpg,Bingsu/Human_Action_Recognition,calling,1,0,0,0,0,0,0,0,0,0,0,0,0,0,0,0,1,0,0,0
data/external/actions/human_action_recognition/test/002013_calling.jpg,Bingsu/Human_Action_Recognition,calling,1,0,0,0,0,0,0,0,0,0,0,0,0,0,0,0,1,0,0,0
data/external/actions/human_action_recognition/test/002014_calling.jpg,Bingsu/Human_Action_Recognition,calling,1,0,0,0,0,0,0,0,0,0,0,0,0,0,0,0,1,0,0,0
data/external/actions/human_action_recognition/test/002015_calling.jpg,Bingsu/Human_Action_Recognition,calling,1,0,0,0,0,0,0,0,0,0,0,0,0,0,0,0,1,0,0,0
data/external/actions/human_action_recognition/test/002016_calling.jpg,Bingsu/Human_Action_Recognition,calling,1,0,0,0,0,0,0,0,0,0,0,0,0,0,0,0,1,0,0,0
data/external/actions/human_action_recognition/test/002017_calling.jpg,Bingsu/Human_Action_Recognition,calling,1,0,0,0,0,0,0,0,0,0,0,0,0,0,0,0,1,0,0,0
data/external/actions/human_action_recognition/test/002018_calling.jpg,Bingsu/Human_Action_Recognition,calling,1,0,0,0,0,0,0,0,0,0,0,0,0,0,0,0,1,0,0,0
data/external/actions/human_action_recognition/test/002019_calling.jpg,Bingsu/Human_Action_Recognition,calling,1,0,0,0,0,0,0,0,0,0,0,0,0,0,0,0,1,0,0,0
data/external/actions/human_action_recognition/test/002020_calling.jpg,Bingsu/Human_Action_Recognition,calling,1,0,0,0,0,0,0,0,0,0,0,0,0,0,0,0,1,0,0,0
data/external/actions/human_action_recognition/test/002021_calling.jpg,Bingsu/Human_Action_Recognition,calling,1,0,0,0,0,0,0,0,0,0,0,0,0,0,0,0,1,0,0,0
data/external/actions/human_action_recognition/test/002022_calling.jpg,Bingsu/Human_Action_Recognition,calling,1,0,0,0,0,0,0,0,0,0,0,0,0,0,0,0,1,0,0,0
data/external/actions/human_action_recognition/test/002023_calling.jpg,Bingsu/Human_Action_Recognition,calling,1,0,0,0,0,0,0,0,0,0,0,0,0,0,0,0,1,0,0,0
data/external/actions/human_action_recognition/test/002024_calling.jpg,Bingsu/Human_Action_Recognition,calling,1,0,0,0,0,0,0,0,0,0,0,0,0,0,0,0,1,0,0,0
data/external/actions/human_action_recognition/test/002025_calling.jpg,Bingsu/Human_Action_Recognition,calling,1,0,0,0,0,0,0,0,0,0,0,0,0,0,0,0,1,0,0,0
data/external/actions/human_action_recognition/test/002026_calling.jpg,Bingsu/Human_Action_Recognition,calling,1,0,0,0,0,0,0,0,0,0,0,0,0,0,0,0,1,0,0,0
data/external/actions/human_action_recognition/test/002027_calling.jpg,Bingsu/Human_Action_Recognition,calling,1,0,0,0,0,0,0,0,0,0,0,0,0,0,0,0,1,0,0,0
data/external/actions/human_action_recognition/test/002028_calling.jpg,Bingsu/Human_Action_Recognition,calling,1,0,0,0,0,0,0,0,0,0,0,0,0,0,0,0,1,0,0,0
data/external/actions/human_action_recognition/test/002029_calling.jpg,Bingsu/Human_Action_Recognition,calling,1,0,0,0,0,0,0,0,0,0,0,0,0,0,0,0,1,0,0,0
data/external/actions/human_action_recognition/test/002030_calling.jpg,Bingsu/Human_Action_Recognition,calling,1,0,0,0,0,0,0,0,0,0,0,0,0,0,0,0,1,0,0,0
data/external/actions/human_action_recognition/test/002031_calling.jpg,Bingsu/Human_Action_Recognition,calling,1,0,0,0,0,0,0,0,0,0,0,0,0,0,0,0,1,0,0,0
data/external/actions/human_action_recognition/test/002032_calling.jpg,Bingsu/Human_Action_Recognition,calling,1,0,0,0,0,0,0,0,0,0,0,0,0,0,0,0,1,0,0,0
data/external/actions/human_action_recognition/test/002033_calling.jpg,Bingsu/Human_Action_Recognition,calling,1,0,0,0,0,0,0,0,0,0,0,0,0,0,0,0,1,0,0,0
data/external/actions/human_action_recognition/test/002034_calling.jpg,Bingsu/Human_Action_Recognition,calling,1,0,0,0,0,0,0,0,0,0,0,0,0,0,0,0,1,0,0,0
data/external/actions/human_action_recognition/test/002035_calling.jpg,Bingsu/Human_Action_Recognition,calling,1,0,0,0,0,0,0,0,0,0,0,0,0,0,0,0,1,0,0,0
data/external/actions/human_action_recognition/test/002036_calling.jpg,Bingsu/Human_Action_Recognition,calling,1,0,0,0,0,0,0,0,0,0,0,0,0,0,0,0,1,0,0,0
data/external/actions/human_action_recognition/test/002037_calling.jpg,Bingsu/Human_Action_Recognition,calling,1,0,0,0,0,0,0,0,0,0,0,0,0,0,0,0,1,0,0,0
data/external/actions/human_action_recognition/test/002038_calling.jpg,Bingsu/Human_Action_Recognition,calling,1,0,0,0,0,0,0,0,0,0,0,0,0,0,0,0,1,0,0,0
data/external/actions/human_action_recognition/test/002039_calling.jpg,Bingsu/Human_Action_Recognition,calling,1,0,0,0,0,0,0,0,0,0,0,0,0,0,0,0,1,0,0,0
data/external/actions/human_action_recognition/test/002040_calling.jpg,Bingsu/Human_Action_Recognition,calling,1,0,0,0,0,0,0,0,0,0,0,0,0,0,0,0,1,0,0,0
data/external/actions/human_action_recognition/test/002041_calling.jpg,Bingsu/Human_Action_Recognition,calling,1,0,0,0,0,0,0,0,0,0,0,0,0,0,0,0,1,0,0,0
data/external/actions/human_action_recognition/test/002042_calling.jpg,Bingsu/Human_Action_Recognition,calling,1,0,0,0,0,0,0,0,0,0,0,0,0,0,0,0,1,0,0,0
data/external/actions/human_action_recognition/test/002043_calling.jpg,Bingsu/Human_Action_Recognition,calling,1,0,0,0,0,0,0,0,0,0,0,0,0,0,0,0,1,0,0,0
data/external/actions/human_action_recognition/test/002044_calling.jpg,Bingsu/Human_Action_Recognition,calling,1,0,0,0,0,0,0,0,0,0,0,0,0,0,0,0,1,0,0,0
data/external/actions/human_action_recognition/test/002045_calling.jpg,Bingsu/Human_Action_Recognition,calling,1,0,0,0,0,0,0,0,0,0,0,0,0,0,0,0,1,0,0,0
data/external/actions/human_action_recognition/test/002046_calling.jpg,Bingsu/Human_Action_Recognition,calling,1,0,0,0,0,0,0,0,0,0,0,0,0,0,0,0,1,0,0,0
data/external/actions/human_action_recognition/test/002047_calling.jpg,Bingsu/Human_Action_Recognition,calling,1,0,0,0,0,0,0,0,0,0,0,0,0,0,0,0,1,0,0,0
data/external/actions/human_action_recognition/test/002048_calling.jpg,Bingsu/Human_Action_Recognition,calling,1,0,0,0,0,0,0,0,0,0,0,0,0,0,0,0,1,0,0,0
data/external/actions/human_action_recognition/test/002049_calling.jpg,Bingsu/Human_Action_Recognition,calling,1,0,0,0,0,0,0,0,0,0,0,0,0,0,0,0,1,0,0,0
data/external/actions/human_action_recognition/test/002050_calling.jpg,Bingsu/Human_Action_Recognition,calling,1,0,0,0,0,0,0,0,0,0,0,0,0,0,0,0,1,0,0,0
data/external/actions/human_action_recognition/test/002051_calling.jpg,Bingsu/Human_Action_Recognition,calling,1,0,0,0,0,0,0,0,0,0,0,0,0,0,0,0,1,0,0,0
data/external/actions/human_action_recognition/test/002052_calling.jpg,Bingsu/Human_Action_Recognition,calling,1,0,0,0,0,0,0,0,0,0,0,0,0,0,0,0,1,0,0,0
data/external/actions/human_action_recognition/test/002053_calling.jpg,Bingsu/Human_Action_Recognition,calling,1,0,0,0,0,0,0,0,0,0,0,0,0,0,0,0,1,0,0,0
data/external/actions/human_action_recognition/test/002054_calling.jpg,Bingsu/Human_Action_Recognition,calling,1,0,0,0,0,0,0,0,0,0,0,0,0,0,0,0,1,0,0,0
data/external/actions/human_action_recognition/test/002055_calling.jpg,Bingsu/Human_Action_Recognition,calling,1,0,0,0,0,0,0,0,0,0,0,0,0,0,0,0,1,0,0,0
data/external/actions/human_action_recognition/test/002056_calling.jpg,Bingsu/Human_Action_Recognition,calling,1,0,0,0,0,0,0,0,0,0,0,0,0,0,0,0,1,0,0,0
data/external/actions/human_action_recognition/test/002057_calling.jpg,Bingsu/Human_Action_Recognition,calling,1,0,0,0,0,0,0,0,0,0,0,0,0,0,0,0,1,0,0,0
data/external/actions/human_action_recognition/test/002058_calling.jpg,Bingsu/Human_Action_Recognition,calling,1,0,0,0,0,0,0,0,0,0,0,0,0,0,0,0,1,0,0,0
data/external/actions/human_action_recognition/test/002059_calling.jpg,Bingsu/Human_Action_Recognition,calling,1,0,0,0,0,0,0,0,0,0,0,0,0,0,0,0,1,0,0,0
data/external/actions/human_action_recognition/test/002060_calling.jpg,Bingsu/Human_Action_Recognition,calling,1,0,0,0,0,0,0,0,0,0,0,0,0,0,0,0,1,0,0,0
data/external/actions/human_action_recognition/test/002061_calling.jpg,Bingsu/Human_Action_Recognition,calling,1,0,0,0,0,0,0,0,0,0,0,0,0,0,0,0,1,0,0,0
data/external/actions/human_action_recognition/test/002062_calling.jpg,Bingsu/Human_Action_Recognition,calling,1,0,0,0,0,0,0,0,0,0,0,0,0,0,0,0,1,0,0,0
data/external/actions/human_action_recognition/test/002063_calling.jpg,Bingsu/Human_Action_Recognition,calling,1,0,0,0,0,0,0,0,0,0,0,0,0,0,0,0,1,0,0,0
data/external/actions/human_action_recognition/test/002064_calling.jpg,Bingsu/Human_Action_Recognition,calling,1,0,0,0,0,0,0,0,0,0,0,0,0,0,0,0,1,0,0,0
data/external/actions/human_action_recognition/test/002065_calling.jpg,Bingsu/Human_Action_Recognition,calling,1,0,0,0,0,0,0,0,0,0,0,0,0,0,0,0,1,0,0,0
data/external/actions/human_action_recognition/test/002066_calling.jpg,Bingsu/Human_Action_Recognition,calling,1,0,0,0,0,0,0,0,0,0,0,0,0,0,0,0,1,0,0,0
data/external/actions/human_action_recognition/test/002067_calling.jpg,Bingsu/Human_Action_Recognition,calling,1,0,0,0,0,0,0,0,0,0,0,0,0,0,0,0,1,0,0,0
data/external/actions/human_action_recognition/test/002068_calling.jpg,Bingsu/Human_Action_Recognition,calling,1,0,0,0,0,0,0,0,0,0,0,0,0,0,0,0,1,0,0,0
data/external/actions/human_action_recognition/test/002069_calling.jpg,Bingsu/Human_Action_Recognition,calling,1,0,0,0,0,0,0,0,0,0,0,0,0,0,0,0,1,0,0,0
data/external/actions/human_action_recognition/test/002070_calling.jpg,Bingsu/Human_Action_Recognition,calling,1,0,0,0,0,0,0,0,0,0,0,0,0,0,0,0,1,0,0,0
data/external/actions/human_action_recognition/test/002071_calling.jpg,Bingsu/Human_Action_Recognition,calling,1,0,0,0,0,0,0,0,0,0,0,0,0,0,0,0,1,0,0,0
data/external/actions/human_action_recognition/test/002072_calling.jpg,Bingsu/Human_Action_Recognition,calling,1,0,0,0,0,0,0,0,0,0,0,0,0,0,0,0,1,0,0,0
data/external/actions/human_action_recognition/test/002073_calling.jpg,Bingsu/Human_Action_Recognition,calling,1,0,0,0,0,0,0,0,0,0,0,0,0,0,0,0,1,0,0,0
data/external/actions/human_action_recognition/test/002074_calling.jpg,Bingsu/Human_Action_Recognition,calling,1,0,0,0,0,0,0,0,0,0,0,0,0,0,0,0,1,0,0,0
data/external/actions/human_action_recognition/test/002075_calling.jpg,Bingsu/Human_Action_Recognition,calling,1,0,0,0,0,0,0,0,0,0,0,0,0,0,0,0,1,0,0,0
data/external/actions/human_action_recognition/test/002076_calling.jpg,Bingsu/Human_Action_Recognition,calling,1,0,0,0,0,0,0,0,0,0,0,0,0,0,0,0,1,0,0,0
data/external/actions/human_action_recognition/test/002077_calling.jpg,Bingsu/Human_Action_Recognition,calling,1,0,0,0,0,0,0,0,0,0,0,0,0,0,0,0,1,0,0,0
data/external/actions/human_action_recognition/test/002078_calling.jpg,Bingsu/Human_Action_Recognition,calling,1,0,0,0,0,0,0,0,0,0,0,0,0,0,0,0,1,0,0,0
data/external/actions/human_action_recognition/test/002079_calling.jpg,Bingsu/Human_Action_Recognition,calling,1,0,0,0,0,0,0,0,0,0,0,0,0,0,0,0,1,0,0,0
data/external/actions/human_action_recognition/test/002080_calling.jpg,Bingsu/Human_Action_Recognition,calling,1,0,0,0,0,0,0,0,0,0,0,0,0,0,0,0,1,0,0,0
data/external/actions/human_action_recognition/test/002081_calling.jpg,Bingsu/Human_Action_Recognition,calling,1,0,0,0,0,0,0,0,0,0,0,0,0,0,0,0,1,0,0,0
data/external/actions/human_action_recognition/test/002082_calling.jpg,Bingsu/Human_Action_Recognition,calling,1,0,0,0,0,0,0,0,0,0,0,0,0,0,0,0,1,0,0,0
data/external/actions/human_action_recognition/test/002083_calling.jpg,Bingsu/Human_Action_Recognition,calling,1,0,0,0,0,0,0,0,0,0,0,0,0,0,0,0,1,0,0,0
data/external/actions/human_action_recognition/test/002084_calling.jpg,Bingsu/Human_Action_Recognition,calling,1,0,0,0,0,0,0,0,0,0,0,0,0,0,0,0,1,0,0,0
data/external/actions/human_action_recognition/test/002085_calling.jpg,Bingsu/Human_Action_Recognition,calling,1,0,0,0,0,0,0,0,0,0,0,0,0,0,0,0,1,0,0,0
data/external/actions/human_action_recognition/test/002086_calling.jpg,Bingsu/Human_Action_Recognition,calling,1,0,0,0,0,0,0,0,0,0,0,0,0,0,0,0,1,0,0,0
data/external/actions/human_action_recognition/test/002087_calling.jpg,Bingsu/Human_Action_Recognition,calling,1,0,0,0,0,0,0,0,0,0,0,0,0,0,0,0,1,0,0,0
data/external/actions/human_action_recognition/test/002088_calling.jpg,Bingsu/Human_Action_Recognition,calling,1,0,0,0,0,0,0,0,0,0,0,0,0,0,0,0,1,0,0,0
data/external/actions/human_action_recognition/test/002089_calling.jpg,Bingsu/Human_Action_Recognition,calling,1,0,0,0,0,0,0,0,0,0,0,0,0,0,0,0,1,0,0,0
data/external/actions/human_action_recognition/test/002090_calling.jpg,Bingsu/Human_Action_Recognition,calling,1,0,0,0,0,0,0,0,0,0,0,0,0,0,0,0,1,0,0,0
data/external/actions/human_action_recognition/test/002091_calling.jpg,Bingsu/Human_Action_Recognition,calling,1,0,0,0,0,0,0,0,0,0,0,0,0,0,0,0,1,0,0,0
data/external/actions/human_action_recognition/test/002092_calling.jpg,Bingsu/Human_Action_Recognition,calling,1,0,0,0,0,0,0,0,0,0,0,0,0,0,0,0,1,0,0,0
data/external/actions/human_action_recognition/test/002093_calling.jpg,Bingsu/Human_Action_Recognition,calling,1,0,0,0,0,0,0,0,0,0,0,0,0,0,0,0,1,0,0,0
data/external/actions/human_action_recognition/test/002094_calling.jpg,Bingsu/Human_Action_Recognition,calling,1,0,0,0,0,0,0,0,0,0,0,0,0,0,0,0,1,0,0,0
data/external/actions/human_action_recognition/test/002095_calling.jpg,Bingsu/Human_Action_Recognition,calling,1,0,0,0,0,0,0,0,0,0,0,0,0,0,0,0,1,0,0,0
data/external/actions/human_action_recognition/test/002096_calling.jpg,Bingsu/Human_Action_Recognition,calling,1,0,0,0,0,0,0,0,0,0,0,0,0,0,0,0,1,0,0,0
data/external/actions/human_action_recognition/test/002097_calling.jpg,Bingsu/Human_Action_Recognition,calling,1,0,0,0,0,0,0,0,0,0,0,0,0,0,0,0,1,0,0,0
data/external/actions/human_action_recognition/test/002098_calling.jpg,Bingsu/Human_Action_Recognition,calling,1,0,0,0,0,0,0,0,0,0,0,0,0,0,0,0,1,0,0,0
data/external/actions/human_action_recognition/test/002099_calling.jpg,Bingsu/Human_Action_Recognition,calling,1,0,0,0,0,0,0,0,0,0,0,0,0,0,0,0,1,0,0,0
data/external/actions/human_action_recognition/test/002100_calling.jpg,Bingsu/Human_Action_Recognition,calling,1,0,0,0,0,0,0,0,0,0,0,0,0,0,0,0,1,0,0,0
data/external/actions/human_action_recognition/test/002101_calling.jpg,Bingsu/Human_Action_Recognition,calling,1,0,0,0,0,0,0,0,0,0,0,0,0,0,0,0,1,0,0,0
data/external/actions/human_action_recognition/test/002102_calling.jpg,Bingsu/Human_Action_Recognition,calling,1,0,0,0,0,0,0,0,0,0,0,0,0,0,0,0,1,0,0,0
data/external/actions/human_action_recognition/test/002103_calling.jpg,Bingsu/Human_Action_Recognition,calling,1,0,0,0,0,0,0,0,0,0,0,0,0,0,0,0,1,0,0,0
data/external/actions/human_action_recognition/test/002104_calling.jpg,Bingsu/Human_Action_Recognition,calling,1,0,0,0,0,0,0,0,0,0,0,0,0,0,0,0,1,0,0,0
data/external/actions/human_action_recognition/test/002105_calling.jpg,Bingsu/Human_Action_Recognition,calling,1,0,0,0,0,0,0,0,0,0,0,0,0,0,0,0,1,0,0,0
data/external/actions/human_action_recognition/test/002106_calling.jpg,Bingsu/Human_Action_Recognition,calling,1,0,0,0,0,0,0,0,0,0,0,0,0,0,0,0,1,0,0,0
data/external/actions/human_action_recognition/test/002107_calling.jpg,Bingsu/Human_Action_Recognition,calling,1,0,0,0,0,0,0,0,0,0,0,0,0,0,0,0,1,0,0,0
data/external/actions/human_action_recognition/test/002108_calling.jpg,Bingsu/Human_Action_Recognition,calling,1,0,0,0,0,0,0,0,0,0,0,0,0,0,0,0,1,0,0,0
data/external/actions/human_action_recognition/test/002109_calling.jpg,Bingsu/Human_Action_Recognition,calling,1,0,0,0,0,0,0,0,0,0,0,0,0,0,0,0,1,0,0,0
data/external/actions/human_action_recognition/test/002110_calling.jpg,Bingsu/Human_Action_Recognition,calling,1,0,0,0,0,0,0,0,0,0,0,0,0,0,0,0,1,0,0,0
data/external/actions/human_action_recognition/test/002111_calling.jpg,Bingsu/Human_Action_Recognition,calling,1,0,0,0,0,0,0,0,0,0,0,0,0,0,0,0,1,0,0,0
data/external/actions/human_action_recognition/test/002112_calling.jpg,Bingsu/Human_Action_Recognition,calling,1,0,0,0,0,0,0,0,0,0,0,0,0,0,0,0,1,0,0,0
data/external/actions/human_action_recognition/test/002113_calling.jpg,Bingsu/Human_Action_Recognition,calling,1,0,0,0,0,0,0,0,0,0,0,0,0,0,0,0,1,0,0,0
data/external/actions/human_action_recognition/test/002114_calling.jpg,Bingsu/Human_Action_Recognition,calling,1,0,0,0,0,0,0,0,0,0,0,0,0,0,0,0,1,0,0,0
data/external/actions/human_action_recognition/test/002115_calling.jpg,Bingsu/Human_Action_Recognition,calling,1,0,0,0,0,0,0,0,0,0,0,0,0,0,0,0,1,0,0,0
data/external/actions/human_action_recognition/test/002116_calling.jpg,Bingsu/Human_Action_Recognition,calling,1,0,0,0,0,0,0,0,0,0,0,0,0,0,0,0,1,0,0,0
data/external/actions/human_action_recognition/test/002117_calling.jpg,Bingsu/Human_Action_Recognition,calling,1,0,0,0,0,0,0,0,0,0,0,0,0,0,0,0,1,0,0,0
data/external/actions/human_action_recognition/test/002118_calling.jpg,Bingsu/Human_Action_Recognition,calling,1,0,0,0,0,0,0,0,0,0,0,0,0,0,0,0,1,0,0,0
data/external/actions/human_action_recognition/test/002119_calling.jpg,Bingsu/Human_Action_Recognition,calling,1,0,0,0,0,0,0,0,0,0,0,0,0,0,0,0,1,0,0,0
data/external/actions/human_action_recognition/test/002120_calling.jpg,Bingsu/Human_Action_Recognition,calling,1,0,0,0,0,0,0,0,0,0,0,0,0,0,0,0,1,0,0,0
data/external/actions/human_action_recognition/test/002121_calling.jpg,Bingsu/Human_Action_Recognition,calling,1,0,0,0,0,0,0,0,0,0,0,0,0,0,0,0,1,0,0,0
data/external/actions/human_action_recognition/test/002122_calling.jpg,Bingsu/Human_Action_Recognition,calling,1,0,0,0,0,0,0,0,0,0,0,0,0,0,0,0,1,0,0,0
data/external/actions/human_action_recognition/test/002123_calling.jpg,Bingsu/Human_Action_Recognition,calling,1,0,0,0,0,0,0,0,0,0,0,0,0,0,0,0,1,0,0,0
data/external/actions/human_action_recognition/test/002124_calling.jpg,Bingsu/Human_Action_Recognition,calling,1,0,0,0,0,0,0,0,0,0,0,0,0,0,0,0,1,0,0,0
data/external/actions/human_action_recognition/test/002125_calling.jpg,Bingsu/Human_Action_Recognition,calling,1,0,0,0,0,0,0,0,0,0,0,0,0,0,0,0,1,0,0,0
data/external/actions/human_action_recognition/test/002126_calling.jpg,Bingsu/Human_Action_Recognition,calling,1,0,0,0,0,0,0,0,0,0,0,0,0,0,0,0,1,0,0,0
data/external/actions/human_action_recognition/test/002127_calling.jpg,Bingsu/Human_Action_Recognition,calling,1,0,0,0,0,0,0,0,0,0,0,0,0,0,0,0,1,0,0,0
data/external/actions/human_action_recognition/test/002128_calling.jpg,Bingsu/Human_Action_Recognition,calling,1,0,0,0,0,0,0,0,0,0,0,0,0,0,0,0,1,0,0,0
data/external/actions/human_action_recognition/test/002129_calling.jpg,Bingsu/Human_Action_Recognition,calling,1,0,0,0,0,0,0,0,0,0,0,0,0,0,0,0,1,0,0,0
data/external/actions/human_action_recognition/test/002130_calling.jpg,Bingsu/Human_Action_Recognition,calling,1,0,0,0,0,0,0,0,0,0,0,0,0,0,0,0,1,0,0,0
data/external/actions/human_action_recognition/test/002131_calling.jpg,Bingsu/Human_Action_Recognition,calling,1,0,0,0,0,0,0,0,0,0,0,0,0,0,0,0,1,0,0,0
data/external/actions/human_action_recognition/test/002132_calling.jpg,Bingsu/Human_Action_Recognition,calling,1,0,0,0,0,0,0,0,0,0,0,0,0,0,0,0,1,0,0,0
data/external/actions/human_action_recognition/test/002133_calling.jpg,Bingsu/Human_Action_Recognition,calling,1,0,0,0,0,0,0,0,0,0,0,0,0,0,0,0,1,0,0,0
data/external/actions/human_action_recognition/test/002134_calling.jpg,Bingsu/Human_Action_Recognition,calling,1,0,0,0,0,0,0,0,0,0,0,0,0,0,0,0,1,0,0,0
data/external/actions/human_action_recognition/test/002135_calling.jpg,Bingsu/Human_Action_Recognition,calling,1,0,0,0,0,0,0,0,0,0,0,0,0,0,0,0,1,0,0,0
data/external/actions/human_action_recognition/test/002136_calling.jpg,Bingsu/Human_Action_Recognition,calling,1,0,0,0,0,0,0,0,0,0,0,0,0,0,0,0,1,0,0,0
data/external/actions/human_action_recognition/test/002137_calling.jpg,Bingsu/Human_Action_Recognition,calling,1,0,0,0,0,0,0,0,0,0,0,0,0,0,0,0,1,0,0,0
data/external/actions/human_action_recognition/test/002138_calling.jpg,Bingsu/Human_Action_Recognition,calling,1,0,0,0,0,0,0,0,0,0,0,0,0,0,0,0,1,0,0,0
data/external/actions/human_action_recognition/test/002139_calling.jpg,Bingsu/Human_Action_Recognition,calling,1,0,0,0,0,0,0,0,0,0,0,0,0,0,0,0,1,0,0,0
data/external/actions/human_action_recognition/test/002140_calling.jpg,Bingsu/Human_Action_Recognition,calling,1,0,0,0,0,0,0,0,0,0,0,0,0,0,0,0,1,0,0,0
data/external/actions/human_action_recognition/test/002141_calling.jpg,Bingsu/Human_Action_Recognition,calling,1,0,0,0,0,0,0,0,0,0,0,0,0,0,0,0,1,0,0,0
data/external/actions/human_action_recognition/test/002142_calling.jpg,Bingsu/Human_Action_Recognition,calling,1,0,0,0,0,0,0,0,0,0,0,0,0,0,0,0,1,0,0,0
data/external/actions/human_action_recognition/test/002143_calling.jpg,Bingsu/Human_Action_Recognition,calling,1,0,0,0,0,0,0,0,0,0,0,0,0,0,0,0,1,0,0,0
data/external/actions/human_action_recognition/test/002144_calling.jpg,Bingsu/Human_Action_Recognition,calling,1,0,0,0,0,0,0,0,0,0,0,0,0,0,0,0,1,0,0,0
data/external/actions/human_action_recognition/test/002145_calling.jpg,Bingsu/Human_Action_Recognition,calling,1,0,0,0,0,0,0,0,0,0,0,0,0,0,0,0,1,0,0,0
data/external/actions/human_action_recognition/test/002146_calling.jpg,Bingsu/Human_Action_Recognition,calling,1,0,0,0,0,0,0,0,0,0,0,0,0,0,0,0,1,0,0,0
data/external/actions/human_action_recognition/test/002147_calling.jpg,Bingsu/Human_Action_Recognition,calling,1,0,0,0,0,0,0,0,0,0,0,0,0,0,0,0,1,0,0,0
data/external/actions/human_action_recognition/test/002148_calling.jpg,Bingsu/Human_Action_Recognition,calling,1,0,0,0,0,0,0,0,0,0,0,0,0,0,0,0,1,0,0,0
data/external/actions/human_action_recognition/test/002149_calling.jpg,Bingsu/Human_Action_Recognition,calling,1,0,0,0,0,0,0,0,0,0,0,0,0,0,0,0,1,0,0,0
data/external/actions/human_action_recognition/test/002150_calling.jpg,Bingsu/Human_Action_Recognition,calling,1,0,0,0,0,0,0,0,0,0,0,0,0,0,0,0,1,0,0,0
data/external/actions/human_action_recognition/test/002151_calling.jpg,Bingsu/Human_Action_Recognition,calling,1,0,0,0,0,0,0,0,0,0,0,0,0,0,0,0,1,0,0,0
data/external/actions/human_action_recognition/test/002152_calling.jpg,Bingsu/Human_Action_Recognition,calling,1,0,0,0,0,0,0,0,0,0,0,0,0,0,0,0,1,0,0,0
data/external/actions/human_action_recognition/test/002153_calling.jpg,Bingsu/Human_Action_Recognition,calling,1,0,0,0,0,0,0,0,0,0,0,0,0,0,0,0,1,0,0,0
data/external/actions/human_action_recognition/test/002154_calling.jpg,Bingsu/Human_Action_Recognition,calling,1,0,0,0,0,0,0,0,0,0,0,0,0,0,0,0,1,0,0,0
data/external/actions/human_action_recognition/test/002155_calling.jpg,Bingsu/Human_Action_Recognition,calling,1,0,0,0,0,0,0,0,0,0,0,0,0,0,0,0,1,0,0,0
data/external/actions/human_action_recognition/test/002156_calling.jpg,Bingsu/Human_Action_Recognition,calling,1,0,0,0,0,0,0,0,0,0,0,0,0,0,0,0,1,0,0,0
data/external/actions/human_action_recognition/test/002157_calling.jpg,Bingsu/Human_Action_Recognition,calling,1,0,0,0,0,0,0,0,0,0,0,0,0,0,0,0,1,0,0,0
data/external/actions/human_action_recognition/test/002158_calling.jpg,Bingsu/Human_Action_Recognition,calling,1,0,0,0,0,0,0,0,0,0,0,0,0,0,0,0,1,0,0,0
data/external/actions/human_action_recognition/test/002159_calling.jpg,Bingsu/Human_Action_Recognition,calling,1,0,0,0,0,0,0,0,0,0,0,0,0,0,0,0,1,0,0,0
data/external/actions/human_action_recognition/test/002160_calling.jpg,Bingsu/Human_Action_Recognition,calling,1,0,0,0,0,0,0,0,0,0,0,0,0,0,0,0,1,0,0,0
data/external/actions/human_action_recognition/test/002161_calling.jpg,Bingsu/Human_Action_Recognition,calling,1,0,0,0,0,0,0,0,0,0,0,0,0,0,0,0,1,0,0,0
data/external/actions/human_action_recognition/test/002162_calling.jpg,Bingsu/Human_Action_Recognition,calling,1,0,0,0,0,0,0,0,0,0,0,0,0,0,0,0,1,0,0,0
data/external/actions/human_action_recognition/test/002163_calling.jpg,Bingsu/Human_Action_Recognition,calling,1,0,0,0,0,0,0,0,0,0,0,0,0,0,0,0,1,0,0,0
data/external/actions/human_action_recognition/test/002164_calling.jpg,Bingsu/Human_Action_Recognition,calling,1,0,0,0,0,0,0,0,0,0,0,0,0,0,0,0,1,0,0,0
data/external/actions/human_action_recognition/test/002165_calling.jpg,Bingsu/Human_Action_Recognition,calling,1,0,0,0,0,0,0,0,0,0,0,0,0,0,0,0,1,0,0,0
data/external/actions/human_action_recognition/test/002166_calling.jpg,Bingsu/Human_Action_Recognition,calling,1,0,0,0,0,0,0,0,0,0,0,0,0,0,0,0,1,0,0,0
data/external/actions/human_action_recognition/test/002167_calling.jpg,Bingsu/Human_Action_Recognition,calling,1,0,0,0,0,0,0,0,0,0,0,0,0,0,0,0,1,0,0,0
data/external/actions/human_action_recognition/test/002168_calling.jpg,Bingsu/Human_Action_Recognition,calling,1,0,0,0,0,0,0,0,0,0,0,0,0,0,0,0,1,0,0,0
data/external/actions/human_action_recognition/test/002169_calling.jpg,Bingsu/Human_Action_Recognition,calling,1,0,0,0,0,0,0,0,0,0,0,0,0,0,0,0,1,0,0,0
data/external/actions/human_action_recognition/test/002170_calling.jpg,Bingsu/Human_Action_Recognition,calling,1,0,0,0,0,0,0,0,0,0,0,0,0,0,0,0,1,0,0,0
data/external/actions/human_action_recognition/test/002171_calling.jpg,Bingsu/Human_Action_Recognition,calling,1,0,0,0,0,0,0,0,0,0,0,0,0,0,0,0,1,0,0,0
data/external/actions/human_action_recognition/test/002172_calling.jpg,Bingsu/Human_Action_Recognition,calling,1,0,0,0,0,0,0,0,0,0,0,0,0,0,0,0,1,0,0,0
data/external/actions/human_action_recognition/test/002173_calling.jpg,Bingsu/Human_Action_Recognition,calling,1,0,0,0,0,0,0,0,0,0,0,0,0,0,0,0,1,0,0,0
data/external/actions/human_action_recognition/test/002174_calling.jpg,Bingsu/Human_Action_Recognition,calling,1,0,0,0,0,0,0,0,0,0,0,0,0,0,0,0,1,0,0,0
data/external/actions/human_action_recognition/test/002175_calling.jpg,Bingsu/Human_Action_Recognition,calling,1,0,0,0,0,0,0,0,0,0,0,0,0,0,0,0,1,0,0,0
data/external/actions/human_action_recognition/test/002176_calling.jpg,Bingsu/Human_Action_Recognition,calling,1,0,0,0,0,0,0,0,0,0,0,0,0,0,0,0,1,0,0,0
data/external/actions/human_action_recognition/test/002177_calling.jpg,Bingsu/Human_Action_Recognition,calling,1,0,0,0,0,0,0,0,0,0,0,0,0,0,0,0,1,0,0,0
data/external/actions/human_action_recognition/test/002178_calling.jpg,Bingsu/Human_Action_Recognition,calling,1,0,0,0,0,0,0,0,0,0,0,0,0,0,0,0,1,0,0,0
data/external/actions/human_action_recognition/test/002179_calling.jpg,Bingsu/Human_Action_Recognition,calling,1,0,0,0,0,0,0,0,0,0,0,0,0,0,0,0,1,0,0,0
data/external/actions/human_action_recognition/test/002180_calling.jpg,Bingsu/Human_Action_Recognition,calling,1,0,0,0,0,0,0,0,0,0,0,0,0,0,0,0,1,0,0,0
data/external/actions/human_action_recognition/test/002181_calling.jpg,Bingsu/Human_Action_Recognition,calling,1,0,0,0,0,0,0,0,0,0,0,0,0,0,0,0,1,0,0,0
data/external/actions/human_action_recognition/test/002182_calling.jpg,Bingsu/Human_Action_Recognition,calling,1,0,0,0,0,0,0,0,0,0,0,0,0,0,0,0,1,0,0,0
data/external/actions/human_action_recognition/test/002183_calling.jpg,Bingsu/Human_Action_Recognition,calling,1,0,0,0,0,0,0,0,0,0,0,0,0,0,0,0,1,0,0,0
data/external/actions/human_action_recognition/test/002184_calling.jpg,Bingsu/Human_Action_Recognition,calling,1,0,0,0,0,0,0,0,0,0,0,0,0,0,0,0,1,0,0,0
data/external/actions/human_action_recognition/test/002185_calling.jpg,Bingsu/Human_Action_Recognition,calling,1,0,0,0,0,0,0,0,0,0,0,0,0,0,0,0,1,0,0,0
data/external/actions/human_action_recognition/test/002186_calling.jpg,Bingsu/Human_Action_Recognition,calling,1,0,0,0,0,0,0,0,0,0,0,0,0,0,0,0,1,0,0,0
data/external/actions/human_action_recognition/test/002187_calling.jpg,Bingsu/Human_Action_Recognition,calling,1,0,0,0,0,0,0,0,0,0,0,0,0,0,0,0,1,0,0,0
data/external/actions/human_action_recognition/test/002188_calling.jpg,Bingsu/Human_Action_Recognition,calling,1,0,0,0,0,0,0,0,0,0,0,0,0,0,0,0,1,0,0,0
data/external/actions/human_action_recognition/test/002189_calling.jpg,Bingsu/Human_Action_Recognition,calling,1,0,0,0,0,0,0,0,0,0,0,0,0,0,0,0,1,0,0,0
data/external/actions/human_action_recognition/test/002190_calling.jpg,Bingsu/Human_Action_Recognition,calling,1,0,0,0,0,0,0,0,0,0,0,0,0,0,0,0,1,0,0,0
data/external/actions/human_action_recognition/test/002191_calling.jpg,Bingsu/Human_Action_Recognition,calling,1,0,0,0,0,0,0,0,0,0,0,0,0,0,0,0,1,0,0,0
data/external/actions/human_action_recognition/test/002192_calling.jpg,Bingsu/Human_Action_Recognition,calling,1,0,0,0,0,0,0,0,0,0,0,0,0,0,0,0,1,0,0,0
data/external/actions/human_action_recognition/test/002193_calling.jpg,Bingsu/Human_Action_Recognition,calling,1,0,0,0,0,0,0,0,0,0,0,0,0,0,0,0,1,0,0,0
data/external/actions/human_action_recognition/test/002194_calling.jpg,Bingsu/Human_Action_Recognition,calling,1,0,0,0,0,0,0,0,0,0,0,0,0,0,0,0,1,0,0,0
data/external/actions/human_action_recognition/test/002195_calling.jpg,Bingsu/Human_Action_Recognition,calling,1,0,0,0,0,0,0,0,0,0,0,0,0,0,0,0,1,0,0,0
data/external/actions/human_action_recognition/test/002196_calling.jpg,Bingsu/Human_Action_Recognition,calling,1,0,0,0,0,0,0,0,0,0,0,0,0,0,0,0,1,0,0,0
data/external/actions/human_action_recognition/test/002197_calling.jpg,Bingsu/Human_Action_Recognition,calling,1,0,0,0,0,0,0,0,0,0,0,0,0,0,0,0,1,0,0,0
data/external/actions/human_action_recognition/test/002198_calling.jpg,Bingsu/Human_Action_Recognition,calling,1,0,0,0,0,0,0,0,0,0,0,0,0,0,0,0,1,0,0,0
data/external/actions/human_action_recognition/test/002199_calling.jpg,Bingsu/Human_Action_Recognition,calling,1,0,0,0,0,0,0,0,0,0,0,0,0,0,0,0,1,0,0,0
data/external/actions/human_action_recognition/test/002200_calling.jpg,Bingsu/Human_Action_Recognition,calling,1,0,0,0,0,0,0,0,0,0,0,0,0,0,0,0,1,0,0,0
data/external/actions/human_action_recognition/test/002201_calling.jpg,Bingsu/Human_Action_Recognition,calling,1,0,0,0,0,0,0,0,0,0,0,0,0,0,0,0,1,0,0,0
data/external/actions/human_action_recognition/test/002202_calling.jpg,Bingsu/Human_Action_Recognition,calling,1,0,0,0,0,0,0,0,0,0,0,0,0,0,0,0,1,0,0,0
data/external/actions/human_action_recognition/test/002203_calling.jpg,Bingsu/Human_Action_Recognition,calling,1,0,0,0,0,0,0,0,0,0,0,0,0,0,0,0,1,0,0,0
data/external/actions/human_action_recognition/test/002204_calling.jpg,Bingsu/Human_Action_Recognition,calling,1,0,0,0,0,0,0,0,0,0,0,0,0,0,0,0,1,0,0,0
data/external/actions/human_action_recognition/test/002205_calling.jpg,Bingsu/Human_Action_Recognition,calling,1,0,0,0,0,0,0,0,0,0,0,0,0,0,0,0,1,0,0,0
data/external/actions/human_action_recognition/test/002206_calling.jpg,Bingsu/Human_Action_Recognition,calling,1,0,0,0,0,0,0,0,0,0,0,0,0,0,0,0,1,0,0,0
data/external/actions/human_action_recognition/test/002207_calling.jpg,Bingsu/Human_Action_Recognition,calling,1,0,0,0,0,0,0,0,0,0,0,0,0,0,0,0,1,0,0,0
data/external/actions/human_action_recognition/test/002208_calling.jpg,Bingsu/Human_Action_Recognition,calling,1,0,0,0,0,0,0,0,0,0,0,0,0,0,0,0,1,0,0,0
data/external/actions/human_action_recognition/test/002209_calling.jpg,Bingsu/Human_Action_Recognition,calling,1,0,0,0,0,0,0,0,0,0,0,0,0,0,0,0,1,0,0,0
data/external/actions/human_action_recognition/test/002210_calling.jpg,Bingsu/Human_Action_Recognition,calling,1,0,0,0,0,0,0,0,0,0,0,0,0,0,0,0,1,0,0,0
data/external/actions/human_action_recognition/test/002211_calling.jpg,Bingsu/Human_Action_Recognition,calling,1,0,0,0,0,0,0,0,0,0,0,0,0,0,0,0,1,0,0,0
data/external/actions/human_action_recognition/test/002212_calling.jpg,Bingsu/Human_Action_Recognition,calling,1,0,0,0,0,0,0,0,0,0,0,0,0,0,0,0,1,0,0,0
data/external/actions/human_action_recognition/test/002213_calling.jpg,Bingsu/Human_Action_Recognition,calling,1,0,0,0,0,0,0,0,0,0,0,0,0,0,0,0,1,0,0,0
data/external/actions/human_action_recognition/test/002214_calling.jpg,Bingsu/Human_Action_Recognition,calling,1,0,0,0,0,0,0,0,0,0,0,0,0,0,0,0,1,0,0,0
data/external/actions/human_action_recognition/test/002215_calling.jpg,Bingsu/Human_Action_Recognition,calling,1,0,0,0,0,0,0,0,0,0,0,0,0,0,0,0,1,0,0,0
data/external/actions/human_action_recognition/test/002216_calling.jpg,Bingsu/Human_Action_Recognition,calling,1,0,0,0,0,0,0,0,0,0,0,0,0,0,0,0,1,0,0,0
data/external/actions/human_action_recognition/test/002217_calling.jpg,Bingsu/Human_Action_Recognition,calling,1,0,0,0,0,0,0,0,0,0,0,0,0,0,0,0,1,0,0,0
data/external/actions/human_action_recognition/test/002218_calling.jpg,Bingsu/Human_Action_Recognition,calling,1,0,0,0,0,0,0,0,0,0,0,0,0,0,0,0,1,0,0,0
data/external/actions/human_action_recognition/test/002219_calling.jpg,Bingsu/Human_Action_Recognition,calling,1,0,0,0,0,0,0,0,0,0,0,0,0,0,0,0,1,0,0,0
data/external/actions/human_action_recognition/test/002220_calling.jpg,Bingsu/Human_Action_Recognition,calling,1,0,0,0,0,0,0,0,0,0,0,0,0,0,0,0,1,0,0,0
data/external/actions/human_action_recognition/test/002221_calling.jpg,Bingsu/Human_Action_Recognition,calling,1,0,0,0,0,0,0,0,0,0,0,0,0,0,0,0,1,0,0,0
data/external/actions/human_action_recognition/test/002222_calling.jpg,Bingsu/Human_Action_Recognition,calling,1,0,0,0,0,0,0,0,0,0,0,0,0,0,0,0,1,0,0,0
data/external/actions/human_action_recognition/test/002223_calling.jpg,Bingsu/Human_Action_Recognition,calling,1,0,0,0,0,0,0,0,0,0,0,0,0,0,0,0,1,0,0,0
data/external/actions/human_action_recognition/test/002224_calling.jpg,Bingsu/Human_Action_Recognition,calling,1,0,0,0,0,0,0,0,0,0,0,0,0,0,0,0,1,0,0,0
data/external/actions/human_action_recognition/test/002225_calling.jpg,Bingsu/Human_Action_Recognition,calling,1,0,0,0,0,0,0,0,0,0,0,0,0,0,0,0,1,0,0,0
data/external/actions/human_action_recognition/test/002226_calling.jpg,Bingsu/Human_Action_Recognition,calling,1,0,0,0,0,0,0,0,0,0,0,0,0,0,0,0,1,0,0,0
data/external/actions/human_action_recognition/test/002227_calling.jpg,Bingsu/Human_Action_Recognition,calling,1,0,0,0,0,0,0,0,0,0,0,0,0,0,0,0,1,0,0,0
data/external/actions/human_action_recognition/test/002228_calling.jpg,Bingsu/Human_Action_Recognition,calling,1,0,0,0,0,0,0,0,0,0,0,0,0,0,0,0,1,0,0,0
data/external/actions/human_action_recognition/test/002229_calling.jpg,Bingsu/Human_Action_Recognition,calling,1,0,0,0,0,0,0,0,0,0,0,0,0,0,0,0,1,0,0,0
data/external/actions/human_action_recognition/test/002230_calling.jpg,Bingsu/Human_Action_Recognition,calling,1,0,0,0,0,0,0,0,0,0,0,0,0,0,0,0,1,0,0,0
data/external/actions/human_action_recognition/test/002231_calling.jpg,Bingsu/Human_Action_Recognition,calling,1,0,0,0,0,0,0,0,0,0,0,0,0,0,0,0,1,0,0,0
data/external/actions/human_action_recognition/test/002232_calling.jpg,Bingsu/Human_Action_Recognition,calling,1,0,0,0,0,0,0,0,0,0,0,0,0,0,0,0,1,0,0,0
data/external/actions/human_action_recognition/test/002233_calling.jpg,Bingsu/Human_Action_Recognition,calling,1,0,0,0,0,0,0,0,0,0,0,0,0,0,0,0,1,0,0,0
data/external/actions/human_action_recognition/test/002234_calling.jpg,Bingsu/Human_Action_Recognition,calling,1,0,0,0,0,0,0,0,0,0,0,0,0,0,0,0,1,0,0,0
data/external/actions/human_action_recognition/test/002235_calling.jpg,Bingsu/Human_Action_Recognition,calling,1,0,0,0,0,0,0,0,0,0,0,0,0,0,0,0,1,0,0,0
data/external/actions/human_action_recognition/test/002236_calling.jpg,Bingsu/Human_Action_Recognition,calling,1,0,0,0,0,0,0,0,0,0,0,0,0,0,0,0,1,0,0,0
data/external/actions/human_action_recognition/test/002237_calling.jpg,Bingsu/Human_Action_Recognition,calling,1,0,0,0,0,0,0,0,0,0,0,0,0,0,0,0,1,0,0,0
data/external/actions/human_action_recognition/test/002238_calling.jpg,Bingsu/Human_Action_Recognition,calling,1,0,0,0,0,0,0,0,0,0,0,0,0,0,0,0,1,0,0,0
data/external/actions/human_action_recognition/test/002239_calling.jpg,Bingsu/Human_Action_Recognition,calling,1,0,0,0,0,0,0,0,0,0,0,0,0,0,0,0,1,0,0,0
data/external/actions/human_action_recognition/test/002240_calling.jpg,Bingsu/Human_Action_Recognition,calling,1,0,0,0,0,0,0,0,0,0,0,0,0,0,0,0,1,0,0,0
data/external/actions/human_action_recognition/test/002241_calling.jpg,Bingsu/Human_Action_Recognition,calling,1,0,0,0,0,0,0,0,0,0,0,0,0,0,0,0,1,0,0,0
data/external/actions/human_action_recognition/test/002242_calling.jpg,Bingsu/Human_Action_Recognition,calling,1,0,0,0,0,0,0,0,0,0,0,0,0,0,0,0,1,0,0,0
data/external/actions/human_action_recognition/test/002243_calling.jpg,Bingsu/Human_Action_Recognition,calling,1,0,0,0,0,0,0,0,0,0,0,0,0,0,0,0,1,0,0,0
data/external/actions/human_action_recognition/test/002244_calling.jpg,Bingsu/Human_Action_Recognition,calling,1,0,0,0,0,0,0,0,0,0,0,0,0,0,0,0,1,0,0,0
data/external/actions/human_action_recognition/test/002245_calling.jpg,Bingsu/Human_Action_Recognition,calling,1,0,0,0,0,0,0,0,0,0,0,0,0,0,0,0,1,0,0,0
data/external/actions/human_action_recognition/test/002246_calling.jpg,Bingsu/Human_Action_Recognition,calling,1,0,0,0,0,0,0,0,0,0,0,0,0,0,0,0,1,0,0,0
data/external/actions/human_action_recognition/test/002247_calling.jpg,Bingsu/Human_Action_Recognition,calling,1,0,0,0,0,0,0,0,0,0,0,0,0,0,0,0,1,0,0,0
data/external/actions/human_action_recognition/test/002248_calling.jpg,Bingsu/Human_Action_Recognition,calling,1,0,0,0,0,0,0,0,0,0,0,0,0,0,0,0,1,0,0,0
data/external/actions/human_action_recognition/test/002249_calling.jpg,Bingsu/Human_Action_Recognition,calling,1,0,0,0,0,0,0,0,0,0,0,0,0,0,0,0,1,0,0,0
data/external/actions/human_action_recognition/test/002250_calling.jpg,Bingsu/Human_Action_Recognition,calling,1,0,0,0,0,0,0,0,0,0,0,0,0,0,0,0,1,0,0,0
data/external/actions/human_action_recognition/test/002251_calling.jpg,Bingsu/Human_Action_Recognition,calling,1,0,0,0,0,0,0,0,0,0,0,0,0,0,0,0,1,0,0,0
data/external/actions/human_action_recognition/test/002252_calling.jpg,Bingsu/Human_Action_Recognition,calling,1,0,0,0,0,0,0,0,0,0,0,0,0,0,0,0,1,0,0,0
data/external/actions/human_action_recognition/test/002253_calling.jpg,Bingsu/Human_Action_Recognition,calling,1,0,0,0,0,0,0,0,0,0,0,0,0,0,0,0,1,0,0,0
data/external/actions/human_action_recognition/test/002254_calling.jpg,Bingsu/Human_Action_Recognition,calling,1,0,0,0,0,0,0,0,0,0,0,0,0,0,0,0,1,0,0,0
data/external/actions/human_action_recognition/test/002255_calling.jpg,Bingsu/Human_Action_Recognition,calling,1,0,0,0,0,0,0,0,0,0,0,0,0,0,0,0,1,0,0,0
data/external/actions/human_action_recognition/test/002256_calling.jpg,Bingsu/Human_Action_Recognition,calling,1,0,0,0,0,0,0,0,0,0,0,0,0,0,0,0,1,0,0,0
data/external/actions/human_action_recognition/test/002257_calling.jpg,Bingsu/Human_Action_Recognition,calling,1,0,0,0,0,0,0,0,0,0,0,0,0,0,0,0,1,0,0,0
data/external/actions/human_action_recognition/test/002258_calling.jpg,Bingsu/Human_Action_Recognition,calling,1,0,0,0,0,0,0,0,0,0,0,0,0,0,0,0,1,0,0,0
data/external/actions/human_action_recognition/test/002259_calling.jpg,Bingsu/Human_Action_Recognition,calling,1,0,0,0,0,0,0,0,0,0,0,0,0,0,0,0,1,0,0,0
data/external/actions/human_action_recognition/test/002260_calling.jpg,Bingsu/Human_Action_Recognition,calling,1,0,0,0,0,0,0,0,0,0,0,0,0,0,0,0,1,0,0,0
data/external/actions/human_action_recognition/test/002261_calling.jpg,Bingsu/Human_Action_Recognition,calling,1,0,0,0,0,0,0,0,0,0,0,0,0,0,0,0,1,0,0,0
data/external/actions/human_action_recognition/test/002262_calling.jpg,Bingsu/Human_Action_Recognition,calling,1,0,0,0,0,0,0,0,0,0,0,0,0,0,0,0,1,0,0,0
data/external/actions/human_action_recognition/test/002263_calling.jpg,Bingsu/Human_Action_Recognition,calling,1,0,0,0,0,0,0,0,0,0,0,0,0,0,0,0,1,0,0,0
data/external/actions/human_action_recognition/test/002264_calling.jpg,Bingsu/Human_Action_Recognition,calling,1,0,0,0,0,0,0,0,0,0,0,0,0,0,0,0,1,0,0,0
data/external/actions/human_action_recognition/test/002265_calling.jpg,Bingsu/Human_Action_Recognition,calling,1,0,0,0,0,0,0,0,0,0,0,0,0,0,0,0,1,0,0,0
data/external/actions/human_action_recognition/test/002266_calling.jpg,Bingsu/Human_Action_Recognition,calling,1,0,0,0,0,0,0,0,0,0,0,0,0,0,0,0,1,0,0,0
data/external/actions/human_action_recognition/test/002267_calling.jpg,Bingsu/Human_Action_Recognition,calling,1,0,0,0,0,0,0,0,0,0,0,0,0,0,0,0,1,0,0,0
data/external/actions/human_action_recognition/test/002268_calling.jpg,Bingsu/Human_Action_Recognition,calling,1,0,0,0,0,0,0,0,0,0,0,0,0,0,0,0,1,0,0,0
data/external/actions/human_action_recognition/test/002269_calling.jpg,Bingsu/Human_Action_Recognition,calling,1,0,0,0,0,0,0,0,0,0,0,0,0,0,0,0,1,0,0,0
data/external/actions/human_action_recognition/test/002270_calling.jpg,Bingsu/Human_Action_Recognition,calling,1,0,0,0,0,0,0,0,0,0,0,0,0,0,0,0,1,0,0,0
data/external/actions/human_action_recognition/test/002271_calling.jpg,Bingsu/Human_Action_Recognition,calling,1,0,0,0,0,0,0,0,0,0,0,0,0,0,0,0,1,0,0,0
data/external/actions/human_action_recognition/test/002272_calling.jpg,Bingsu/Human_Action_Recognition,calling,1,0,0,0,0,0,0,0,0,0,0,0,0,0,0,0,1,0,0,0
data/external/actions/human_action_recognition/test/002273_calling.jpg,Bingsu/Human_Action_Recognition,calling,1,0,0,0,0,0,0,0,0,0,0,0,0,0,0,0,1,0,0,0
data/external/actions/human_action_recognition/test/002274_calling.jpg,Bingsu/Human_Action_Recognition,calling,1,0,0,0,0,0,0,0,0,0,0,0,0,0,0,0,1,0,0,0
data/external/actions/human_action_recognition/test/002275_calling.jpg,Bingsu/Human_Action_Recognition,calling,1,0,0,0,0,0,0,0,0,0,0,0,0,0,0,0,1,0,0,0
data/external/actions/human_action_recognition/test/002276_calling.jpg,Bingsu/Human_Action_Recognition,calling,1,0,0,0,0,0,0,0,0,0,0,0,0,0,0,0,1,0,0,0
data/external/actions/human_action_recognition/test/002277_calling.jpg,Bingsu/Human_Action_Recognition,calling,1,0,0,0,0,0,0,0,0,0,0,0,0,0,0,0,1,0,0,0
data/external/actions/human_action_recognition/test/002278_calling.jpg,Bingsu/Human_Action_Recognition,calling,1,0,0,0,0,0,0,0,0,0,0,0,0,0,0,0,1,0,0,0
data/external/actions/human_action_recognition/test/002279_calling.jpg,Bingsu/Human_Action_Recognition,calling,1,0,0,0,0,0,0,0,0,0,0,0,0,0,0,0,1,0,0,0
data/external/actions/human_action_recognition/test/002280_calling.jpg,Bingsu/Human_Action_Recognition,calling,1,0,0,0,0,0,0,0,0,0,0,0,0,0,0,0,1,0,0,0
data/external/actions/human_action_recognition/test/002281_calling.jpg,Bingsu/Human_Action_Recognition,calling,1,0,0,0,0,0,0,0,0,0,0,0,0,0,0,0,1,0,0,0
data/external/actions/human_action_recognition/test/002282_calling.jpg,Bingsu/Human_Action_Recognition,calling,1,0,0,0,0,0,0,0,0,0,0,0,0,0,0,0,1,0,0,0
data/external/actions/human_action_recognition/test/002283_calling.jpg,Bingsu/Human_Action_Recognition,calling,1,0,0,0,0,0,0,0,0,0,0,0,0,0,0,0,1,0,0,0
data/external/actions/human_action_recognition/test/002284_calling.jpg,Bingsu/Human_Action_Recognition,calling,1,0,0,0,0,0,0,0,0,0,0,0,0,0,0,0,1,0,0,0
data/external/actions/human_action_recognition/test/002285_calling.jpg,Bingsu/Human_Action_Recognition,calling,1,0,0,0,0,0,0,0,0,0,0,0,0,0,0,0,1,0,0,0
data/external/actions/human_action_recognition/test/002286_calling.jpg,Bingsu/Human_Action_Recognition,calling,1,0,0,0,0,0,0,0,0,0,0,0,0,0,0,0,1,0,0,0
data/external/actions/human_action_recognition/test/002287_calling.jpg,Bingsu/Human_Action_Recognition,calling,1,0,0,0,0,0,0,0,0,0,0,0,0,0,0,0,1,0,0,0
data/external/actions/human_action_recognition/test/002288_calling.jpg,Bingsu/Human_Action_Recognition,calling,1,0,0,0,0,0,0,0,0,0,0,0,0,0,0,0,1,0,0,0
data/external/actions/human_action_recognition/test/002289_calling.jpg,Bingsu/Human_Action_Recognition,calling,1,0,0,0,0,0,0,0,0,0,0,0,0,0,0,0,1,0,0,0
data/external/actions/human_action_recognition/test/002290_calling.jpg,Bingsu/Human_Action_Recognition,calling,1,0,0,0,0,0,0,0,0,0,0,0,0,0,0,0,1,0,0,0
data/external/actions/human_action_recognition/test/002291_calling.jpg,Bingsu/Human_Action_Recognition,calling,1,0,0,0,0,0,0,0,0,0,0,0,0,0,0,0,1,0,0,0
data/external/actions/human_action_recognition/test/002292_calling.jpg,Bingsu/Human_Action_Recognition,calling,1,0,0,0,0,0,0,0,0,0,0,0,0,0,0,0,1,0,0,0
data/external/actions/human_action_recognition/test/002293_calling.jpg,Bingsu/Human_Action_Recognition,calling,1,0,0,0,0,0,0,0,0,0,0,0,0,0,0,0,1,0,0,0
data/external/actions/human_action_recognition/test/002294_calling.jpg,Bingsu/Human_Action_Recognition,calling,1,0,0,0,0,0,0,0,0,0,0,0,0,0,0,0,1,0,0,0
data/external/actions/human_action_recognition/test/002295_calling.jpg,Bingsu/Human_Action_Recognition,calling,1,0,0,0,0,0,0,0,0,0,0,0,0,0,0,0,1,0,0,0
data/external/actions/human_action_recognition/test/002296_calling.jpg,Bingsu/Human_Action_Recognition,calling,1,0,0,0,0,0,0,0,0,0,0,0,0,0,0,0,1,0,0,0
data/external/actions/human_action_recognition/test/002297_calling.jpg,Bingsu/Human_Action_Recognition,calling,1,0,0,0,0,0,0,0,0,0,0,0,0,0,0,0,1,0,0,0
data/external/actions/human_action_recognition/test/002298_calling.jpg,Bingsu/Human_Action_Recognition,calling,1,0,0,0,0,0,0,0,0,0,0,0,0,0,0,0,1,0,0,0
data/external/actions/human_action_recognition/test/002299_calling.jpg,Bingsu/Human_Action_Recognition,calling,1,0,0,0,0,0,0,0,0,0,0,0,0,0,0,0,1,0,0,0
data/external/actions/human_action_recognition/test/002300_calling.jpg,Bingsu/Human_Action_Recognition,calling,1,0,0,0,0,0,0,0,0,0,0,0,0,0,0,0,1,0,0,0
data/external/actions/human_action_recognition/test/002301_calling.jpg,Bingsu/Human_Action_Recognition,calling,1,0,0,0,0,0,0,0,0,0,0,0,0,0,0,0,1,0,0,0
data/external/actions/human_action_recognition/test/002302_calling.jpg,Bingsu/Human_Action_Recognition,calling,1,0,0,0,0,0,0,0,0,0,0,0,0,0,0,0,1,0,0,0
data/external/actions/human_action_recognition/test/002303_calling.jpg,Bingsu/Human_Action_Recognition,calling,1,0,0,0,0,0,0,0,0,0,0,0,0,0,0,0,1,0,0,0
data/external/actions/human_action_recognition/test/002304_calling.jpg,Bingsu/Human_Action_Recognition,calling,1,0,0,0,0,0,0,0,0,0,0,0,0,0,0,0,1,0,0,0
data/external/actions/human_action_recognition/test/002305_calling.jpg,Bingsu/Human_Action_Recognition,calling,1,0,0,0,0,0,0,0,0,0,0,0,0,0,0,0,1,0,0,0
data/external/actions/human_action_recognition/test/002306_calling.jpg,Bingsu/Human_Action_Recognition,calling,1,0,0,0,0,0,0,0,0,0,0,0,0,0,0,0,1,0,0,0
data/external/actions/human_action_recognition/test/002307_calling.jpg,Bingsu/Human_Action_Recognition,calling,1,0,0,0,0,0,0,0,0,0,0,0,0,0,0,0,1,0,0,0
data/external/actions/human_action_recognition/test/002308_calling.jpg,Bingsu/Human_Action_Recognition,calling,1,0,0,0,0,0,0,0,0,0,0,0,0,0,0,0,1,0,0,0
data/external/actions/human_action_recognition/test/002309_calling.jpg,Bingsu/Human_Action_Recognition,calling,1,0,0,0,0,0,0,0,0,0,0,0,0,0,0,0,1,0,0,0
data/external/actions/human_action_recognition/test/002310_calling.jpg,Bingsu/Human_Action_Recognition,calling,1,0,0,0,0,0,0,0,0,0,0,0,0,0,0,0,1,0,0,0
data/external/actions/human_action_recognition/test/002311_calling.jpg,Bingsu/Human_Action_Recognition,calling,1,0,0,0,0,0,0,0,0,0,0,0,0,0,0,0,1,0,0,0
data/external/actions/human_action_recognition/test/002312_calling.jpg,Bingsu/Human_Action_Recognition,calling,1,0,0,0,0,0,0,0,0,0,0,0,0,0,0,0,1,0,0,0
data/external/actions/human_action_recognition/test/002313_calling.jpg,Bingsu/Human_Action_Recognition,calling,1,0,0,0,0,0,0,0,0,0,0,0,0,0,0,0,1,0,0,0
data/external/actions/human_action_recognition/test/002314_calling.jpg,Bingsu/Human_Action_Recognition,calling,1,0,0,0,0,0,0,0,0,0,0,0,0,0,0,0,1,0,0,0
data/external/actions/human_action_recognition/test/002315_calling.jpg,Bingsu/Human_Action_Recognition,calling,1,0,0,0,0,0,0,0,0,0,0,0,0,0,0,0,1,0,0,0
data/external/actions/human_action_recognition/test/002316_calling.jpg,Bingsu/Human_Action_Recognition,calling,1,0,0,0,0,0,0,0,0,0,0,0,0,0,0,0,1,0,0,0
data/external/actions/human_action_recognition/test/002317_calling.jpg,Bingsu/Human_Action_Recognition,calling,1,0,0,0,0,0,0,0,0,0,0,0,0,0,0,0,1,0,0,0
data/external/actions/human_action_recognition/test/002318_calling.jpg,Bingsu/Human_Action_Recognition,calling,1,0,0,0,0,0,0,0,0,0,0,0,0,0,0,0,1,0,0,0
data/external/actions/human_action_recognition/test/002319_calling.jpg,Bingsu/Human_Action_Recognition,calling,1,0,0,0,0,0,0,0,0,0,0,0,0,0,0,0,1,0,0,0
data/external/actions/human_action_recognition/test/002320_calling.jpg,Bingsu/Human_Action_Recognition,calling,1,0,0,0,0,0,0,0,0,0,0,0,0,0,0,0,1,0,0,0
data/external/actions/human_action_recognition/test/002321_calling.jpg,Bingsu/Human_Action_Recognition,calling,1,0,0,0,0,0,0,0,0,0,0,0,0,0,0,0,1,0,0,0
data/external/actions/human_action_recognition/test/002322_calling.jpg,Bingsu/Human_Action_Recognition,calling,1,0,0,0,0,0,0,0,0,0,0,0,0,0,0,0,1,0,0,0
data/external/actions/human_action_recognition/test/002323_calling.jpg,Bingsu/Human_Action_Recognition,calling,1,0,0,0,0,0,0,0,0,0,0,0,0,0,0,0,1,0,0,0
data/external/actions/human_action_recognition/test/002324_calling.jpg,Bingsu/Human_Action_Recognition,calling,1,0,0,0,0,0,0,0,0,0,0,0,0,0,0,0,1,0,0,0
data/external/actions/human_action_recognition/test/002325_calling.jpg,Bingsu/Human_Action_Recognition,calling,1,0,0,0,0,0,0,0,0,0,0,0,0,0,0,0,1,0,0,0
data/external/actions/human_action_recognition/test/002326_calling.jpg,Bingsu/Human_Action_Recognition,calling,1,0,0,0,0,0,0,0,0,0,0,0,0,0,0,0,1,0,0,0
data/external/actions/human_action_recognition/test/002327_calling.jpg,Bingsu/Human_Action_Recognition,calling,1,0,0,0,0,0,0,0,0,0,0,0,0,0,0,0,1,0,0,0
data/external/actions/human_action_recognition/test/002328_calling.jpg,Bingsu/Human_Action_Recognition,calling,1,0,0,0,0,0,0,0,0,0,0,0,0,0,0,0,1,0,0,0
data/external/actions/human_action_recognition/test/002329_calling.jpg,Bingsu/Human_Action_Recognition,calling,1,0,0,0,0,0,0,0,0,0,0,0,0,0,0,0,1,0,0,0
data/external/actions/human_action_recognition/test/002330_calling.jpg,Bingsu/Human_Action_Recognition,calling,1,0,0,0,0,0,0,0,0,0,0,0,0,0,0,0,1,0,0,0
data/external/actions/human_action_recognition/test/002331_calling.jpg,Bingsu/Human_Action_Recognition,calling,1,0,0,0,0,0,0,0,0,0,0,0,0,0,0,0,1,0,0,0
data/external/actions/human_action_recognition/test/002332_calling.jpg,Bingsu/Human_Action_Recognition,calling,1,0,0,0,0,0,0,0,0,0,0,0,0,0,0,0,1,0,0,0
data/external/actions/human_action_recognition/test/002333_calling.jpg,Bingsu/Human_Action_Recognition,calling,1,0,0,0,0,0,0,0,0,0,0,0,0,0,0,0,1,0,0,0
data/external/actions/human_action_recognition/test/002334_calling.jpg,Bingsu/Human_Action_Recognition,calling,1,0,0,0,0,0,0,0,0,0,0,0,0,0,0,0,1,0,0,0
data/external/actions/human_action_recognition/test/002335_calling.jpg,Bingsu/Human_Action_Recognition,calling,1,0,0,0,0,0,0,0,0,0,0,0,0,0,0,0,1,0,0,0
data/external/actions/human_action_recognition/test/002336_calling.jpg,Bingsu/Human_Action_Recognition,calling,1,0,0,0,0,0,0,0,0,0,0,0,0,0,0,0,1,0,0,0
data/external/actions/human_action_recognition/test/002337_calling.jpg,Bingsu/Human_Action_Recognition,calling,1,0,0,0,0,0,0,0,0,0,0,0,0,0,0,0,1,0,0,0
data/external/actions/human_action_recognition/test/002338_calling.jpg,Bingsu/Human_Action_Recognition,calling,1,0,0,0,0,0,0,0,0,0,0,0,0,0,0,0,1,0,0,0
data/external/actions/human_action_recognition/test/002339_calling.jpg,Bingsu/Human_Action_Recognition,calling,1,0,0,0,0,0,0,0,0,0,0,0,0,0,0,0,1,0,0,0
data/external/actions/human_action_recognition/test/002340_calling.jpg,Bingsu/Human_Action_Recognition,calling,1,0,0,0,0,0,0,0,0,0,0,0,0,0,0,0,1,0,0,0
data/external/actions/human_action_recognition/test/002341_calling.jpg,Bingsu/Human_Action_Recognition,calling,1,0,0,0,0,0,0,0,0,0,0,0,0,0,0,0,1,0,0,0
data/external/actions/human_action_recognition/test/002342_calling.jpg,Bingsu/Human_Action_Recognition,calling,1,0,0,0,0,0,0,0,0,0,0,0,0,0,0,0,1,0,0,0
data/external/actions/human_action_recognition/test/002343_calling.jpg,Bingsu/Human_Action_Recognition,calling,1,0,0,0,0,0,0,0,0,0,0,0,0,0,0,0,1,0,0,0
data/external/actions/human_action_recognition/test/002344_calling.jpg,Bingsu/Human_Action_Recognition,calling,1,0,0,0,0,0,0,0,0,0,0,0,0,0,0,0,1,0,0,0
data/external/actions/human_action_recognition/test/002345_calling.jpg,Bingsu/Human_Action_Recognition,calling,1,0,0,0,0,0,0,0,0,0,0,0,0,0,0,0,1,0,0,0
data/external/actions/human_action_recognition/test/002346_calling.jpg,Bingsu/Human_Action_Recognition,calling,1,0,0,0,0,0,0,0,0,0,0,0,0,0,0,0,1,0,0,0
data/external/actions/human_action_recognition/test/002347_calling.jpg,Bingsu/Human_Action_Recognition,calling,1,0,0,0,0,0,0,0,0,0,0,0,0,0,0,0,1,0,0,0
data/external/actions/human_action_recognition/test/002348_calling.jpg,Bingsu/Human_Action_Recognition,calling,1,0,0,0,0,0,0,0,0,0,0,0,0,0,0,0,1,0,0,0
data/external/actions/human_action_recognition/test/002349_calling.jpg,Bingsu/Human_Action_Recognition,calling,1,0,0,0,0,0,0,0,0,0,0,0,0,0,0,0,1,0,0,0
data/external/actions/human_action_recognition/test/002350_calling.jpg,Bingsu/Human_Action_Recognition,calling,1,0,0,0,0,0,0,0,0,0,0,0,0,0,0,0,1,0,0,0
data/external/actions/human_action_recognition/test/002351_calling.jpg,Bingsu/Human_Action_Recognition,calling,1,0,0,0,0,0,0,0,0,0,0,0,0,0,0,0,1,0,0,0
data/external/actions/human_action_recognition/test/002352_calling.jpg,Bingsu/Human_Action_Recognition,calling,1,0,0,0,0,0,0,0,0,0,0,0,0,0,0,0,1,0,0,0
data/external/actions/human_action_recognition/test/002353_calling.jpg,Bingsu/Human_Action_Recognition,calling,1,0,0,0,0,0,0,0,0,0,0,0,0,0,0,0,1,0,0,0
data/external/actions/human_action_recognition/test/002354_calling.jpg,Bingsu/Human_Action_Recognition,calling,1,0,0,0,0,0,0,0,0,0,0,0,0,0,0,0,1,0,0,0
data/external/actions/human_action_recognition/test/002355_calling.jpg,Bingsu/Human_Action_Recognition,calling,1,0,0,0,0,0,0,0,0,0,0,0,0,0,0,0,1,0,0,0
data/external/actions/human_action_recognition/test/002356_calling.jpg,Bingsu/Human_Action_Recognition,calling,1,0,0,0,0,0,0,0,0,0,0,0,0,0,0,0,1,0,0,0
data/external/actions/human_action_recognition/test/002357_calling.jpg,Bingsu/Human_Action_Recognition,calling,1,0,0,0,0,0,0,0,0,0,0,0,0,0,0,0,1,0,0,0
data/external/actions/human_action_recognition/test/002358_calling.jpg,Bingsu/Human_Action_Recognition,calling,1,0,0,0,0,0,0,0,0,0,0,0,0,0,0,0,1,0,0,0
data/external/actions/human_action_recognition/test/002359_calling.jpg,Bingsu/Human_Action_Recognition,calling,1,0,0,0,0,0,0,0,0,0,0,0,0,0,0,0,1,0,0,0
data/external/actions/human_action_recognition/test/002360_calling.jpg,Bingsu/Human_Action_Recognition,calling,1,0,0,0,0,0,0,0,0,0,0,0,0,0,0,0,1,0,0,0
data/external/actions/human_action_recognition/test/002361_calling.jpg,Bingsu/Human_Action_Recognition,calling,1,0,0,0,0,0,0,0,0,0,0,0,0,0,0,0,1,0,0,0
data/external/actions/human_action_recognition/test/002362_calling.jpg,Bingsu/Human_Action_Recognition,calling,1,0,0,0,0,0,0,0,0,0,0,0,0,0,0,0,1,0,0,0
data/external/actions/human_action_recognition/test/002363_calling.jpg,Bingsu/Human_Action_Recognition,calling,1,0,0,0,0,0,0,0,0,0,0,0,0,0,0,0,1,0,0,0
data/external/actions/human_action_recognition/test/002364_calling.jpg,Bingsu/Human_Action_Recognition,calling,1,0,0,0,0,0,0,0,0,0,0,0,0,0,0,0,1,0,0,0
data/external/actions/human_action_recognition/test/002365_calling.jpg,Bingsu/Human_Action_Recognition,calling,1,0,0,0,0,0,0,0,0,0,0,0,0,0,0,0,1,0,0,0
data/external/actions/human_action_recognition/test/002366_calling.jpg,Bingsu/Human_Action_Recognition,calling,1,0,0,0,0,0,0,0,0,0,0,0,0,0,0,0,1,0,0,0
data/external/actions/human_action_recognition/test/002367_calling.jpg,Bingsu/Human_Action_Recognition,calling,1,0,0,0,0,0,0,0,0,0,0,0,0,0,0,0,1,0,0,0
data/external/actions/human_action_recognition/test/002368_calling.jpg,Bingsu/Human_Action_Recognition,calling,1,0,0,0,0,0,0,0,0,0,0,0,0,0,0,0,1,0,0,0
data/external/actions/human_action_recognition/test/002369_calling.jpg,Bingsu/Human_Action_Recognition,calling,1,0,0,0,0,0,0,0,0,0,0,0,0,0,0,0,1,0,0,0
data/external/actions/human_action_recognition/test/002370_calling.jpg,Bingsu/Human_Action_Recognition,calling,1,0,0,0,0,0,0,0,0,0,0,0,0,0,0,0,1,0,0,0
data/external/actions/human_action_recognition/test/002371_calling.jpg,Bingsu/Human_Action_Recognition,calling,1,0,0,0,0,0,0,0,0,0,0,0,0,0,0,0,1,0,0,0
data/external/actions/human_action_recognition/test/002372_calling.jpg,Bingsu/Human_Action_Recognition,calling,1,0,0,0,0,0,0,0,0,0,0,0,0,0,0,0,1,0,0,0
data/external/actions/human_action_recognition/test/002373_calling.jpg,Bingsu/Human_Action_Recognition,calling,1,0,0,0,0,0,0,0,0,0,0,0,0,0,0,0,1,0,0,0
data/external/actions/human_action_recognition/test/002374_calling.jpg,Bingsu/Human_Action_Recognition,calling,1,0,0,0,0,0,0,0,0,0,0,0,0,0,0,0,1,0,0,0
data/external/actions/human_action_recognition/test/002375_calling.jpg,Bingsu/Human_Action_Recognition,calling,1,0,0,0,0,0,0,0,0,0,0,0,0,0,0,0,1,0,0,0
data/external/actions/human_action_recognition/test/002376_calling.jpg,Bingsu/Human_Action_Recognition,calling,1,0,0,0,0,0,0,0,0,0,0,0,0,0,0,0,1,0,0,0
data/external/actions/human_action_recognition/test/002377_calling.jpg,Bingsu/Human_Action_Recognition,calling,1,0,0,0,0,0,0,0,0,0,0,0,0,0,0,0,1,0,0,0
data/external/actions/human_action_recognition/test/002378_calling.jpg,Bingsu/Human_Action_Recognition,calling,1,0,0,0,0,0,0,0,0,0,0,0,0,0,0,0,1,0,0,0
data/external/actions/human_action_recognition/test/002379_calling.jpg,Bingsu/Human_Action_Recognition,calling,1,0,0,0,0,0,0,0,0,0,0,0,0,0,0,0,1,0,0,0
data/external/actions/human_action_recognition/test/002380_calling.jpg,Bingsu/Human_Action_Recognition,calling,1,0,0,0,0,0,0,0,0,0,0,0,0,0,0,0,1,0,0,0
data/external/actions/human_action_recognition/test/002381_calling.jpg,Bingsu/Human_Action_Recognition,calling,1,0,0,0,0,0,0,0,0,0,0,0,0,0,0,0,1,0,0,0
data/external/actions/human_action_recognition/test/002382_calling.jpg,Bingsu/Human_Action_Recognition,calling,1,0,0,0,0,0,0,0,0,0,0,0,0,0,0,0,1,0,0,0
data/external/actions/human_action_recognition/test/002383_calling.jpg,Bingsu/Human_Action_Recognition,calling,1,0,0,0,0,0,0,0,0,0,0,0,0,0,0,0,1,0,0,0
data/external/actions/human_action_recognition/test/002384_calling.jpg,Bingsu/Human_Action_Recognition,calling,1,0,0,0,0,0,0,0,0,0,0,0,0,0,0,0,1,0,0,0
data/external/actions/human_action_recognition/test/002385_calling.jpg,Bingsu/Human_Action_Recognition,calling,1,0,0,0,0,0,0,0,0,0,0,0,0,0,0,0,1,0,0,0
data/external/actions/human_action_recognition/test/002386_calling.jpg,Bingsu/Human_Action_Recognition,calling,1,0,0,0,0,0,0,0,0,0,0,0,0,0,0,0,1,0,0,0
data/external/actions/human_action_recognition/test/002387_calling.jpg,Bingsu/Human_Action_Recognition,calling,1,0,0,0,0,0,0,0,0,0,0,0,0,0,0,0,1,0,0,0
data/external/actions/human_action_recognition/test/002388_calling.jpg,Bingsu/Human_Action_Recognition,calling,1,0,0,0,0,0,0,0,0,0,0,0,0,0,0,0,1,0,0,0
data/external/actions/human_action_recognition/test/002389_calling.jpg,Bingsu/Human_Action_Recognition,calling,1,0,0,0,0,0,0,0,0,0,0,0,0,0,0,0,1,0,0,0
data/external/actions/human_action_recognition/test/002390_calling.jpg,Bingsu/Human_Action_Recognition,calling,1,0,0,0,0,0,0,0,0,0,0,0,0,0,0,0,1,0,0,0
data/external/actions/human_action_recognition/test/002391_calling.jpg,Bingsu/Human_Action_Recognition,calling,1,0,0,0,0,0,0,0,0,0,0,0,0,0,0,0,1,0,0,0
data/external/actions/human_action_recognition/test/002392_calling.jpg,Bingsu/Human_Action_Recognition,calling,1,0,0,0,0,0,0,0,0,0,0,0,0,0,0,0,1,0,0,0
data/external/actions/human_action_recognition/test/002393_calling.jpg,Bingsu/Human_Action_Recognition,calling,1,0,0,0,0,0,0,0,0,0,0,0,0,0,0,0,1,0,0,0
data/external/actions/human_action_recognition/test/002394_calling.jpg,Bingsu/Human_Action_Recognition,calling,1,0,0,0,0,0,0,0,0,0,0,0,0,0,0,0,1,0,0,0
data/external/actions/human_action_recognition/test/002395_calling.jpg,Bingsu/Human_Action_Recognition,calling,1,0,0,0,0,0,0,0,0,0,0,0,0,0,0,0,1,0,0,0
data/external/actions/human_action_recognition/test/002396_calling.jpg,Bingsu/Human_Action_Recognition,calling,1,0,0,0,0,0,0,0,0,0,0,0,0,0,0,0,1,0,0,0
data/external/actions/human_action_recognition/test/002397_calling.jpg,Bingsu/Human_Action_Recognition,calling,1,0,0,0,0,0,0,0,0,0,0,0,0,0,0,0,1,0,0,0
data/external/actions/human_action_recognition/test/002398_calling.jpg,Bingsu/Human_Action_Recognition,calling,1,0,0,0,0,0,0,0,0,0,0,0,0,0,0,0,1,0,0,0
data/external/actions/human_action_recognition/test/002399_calling.jpg,Bingsu/Human_Action_Recognition,calling,1,0,0,0,0,0,0,0,0,0,0,0,0,0,0,0,1,0,0,0
data/external/actions/human_action_recognition/test/002400_calling.jpg,Bingsu/Human_Action_Recognition,calling,1,0,0,0,0,0,0,0,0,0,0,0,0,0,0,0,1,0,0,0
data/external/actions/human_action_recognition/test/002401_calling.jpg,Bingsu/Human_Action_Recognition,calling,1,0,0,0,0,0,0,0,0,0,0,0,0,0,0,0,1,0,0,0
data/external/actions/human_action_recognition/test/002402_calling.jpg,Bingsu/Human_Action_Recognition,calling,1,0,0,0,0,0,0,0,0,0,0,0,0,0,0,0,1,0,0,0
data/external/actions/human_action_recognition/test/002403_calling.jpg,Bingsu/Human_Action_Recognition,calling,1,0,0,0,0,0,0,0,0,0,0,0,0,0,0,0,1,0,0,0
data/external/actions/human_action_recognition/test/002404_calling.jpg,Bingsu/Human_Action_Recognition,calling,1,0,0,0,0,0,0,0,0,0,0,0,0,0,0,0,1,0,0,0
data/external/actions/human_action_recognition/test/002405_calling.jpg,Bingsu/Human_Action_Recognition,calling,1,0,0,0,0,0,0,0,0,0,0,0,0,0,0,0,1,0,0,0
data/external/actions/human_action_recognition/test/002406_calling.jpg,Bingsu/Human_Action_Recognition,calling,1,0,0,0,0,0,0,0,0,0,0,0,0,0,0,0,1,0,0,0
data/external/actions/human_action_recognition/test/002407_calling.jpg,Bingsu/Human_Action_Recognition,calling,1,0,0,0,0,0,0,0,0,0,0,0,0,0,0,0,1,0,0,0
data/external/actions/human_action_recognition/test/002408_calling.jpg,Bingsu/Human_Action_Recognition,calling,1,0,0,0,0,0,0,0,0,0,0,0,0,0,0,0,1,0,0,0
data/external/actions/human_action_recognition/test/002409_calling.jpg,Bingsu/Human_Action_Recognition,calling,1,0,0,0,0,0,0,0,0,0,0,0,0,0,0,0,1,0,0,0
data/external/actions/human_action_recognition/test/002410_calling.jpg,Bingsu/Human_Action_Recognition,calling,1,0,0,0,0,0,0,0,0,0,0,0,0,0,0,0,1,0,0,0
data/external/actions/human_action_recognition/test/002411_calling.jpg,Bingsu/Human_Action_Recognition,calling,1,0,0,0,0,0,0,0,0,0,0,0,0,0,0,0,1,0,0,0
data/external/actions/human_action_recognition/test/002412_calling.jpg,Bingsu/Human_Action_Recognition,calling,1,0,0,0,0,0,0,0,0,0,0,0,0,0,0,0,1,0,0,0
data/external/actions/human_action_recognition/test/002413_calling.jpg,Bingsu/Human_Action_Recognition,calling,1,0,0,0,0,0,0,0,0,0,0,0,0,0,0,0,1,0,0,0
data/external/actions/human_action_recognition/test/002414_calling.jpg,Bingsu/Human_Action_Recognition,calling,1,0,0,0,0,0,0,0,0,0,0,0,0,0,0,0,1,0,0,0
data/external/actions/human_action_recognition/test/002415_calling.jpg,Bingsu/Human_Action_Recognition,calling,1,0,0,0,0,0,0,0,0,0,0,0,0,0,0,0,1,0,0,0
data/external/actions/human_action_recognition/test/002416_calling.jpg,Bingsu/Human_Action_Recognition,calling,1,0,0,0,0,0,0,0,0,0,0,0,0,0,0,0,1,0,0,0
data/external/actions/human_action_recognition/test/002417_calling.jpg,Bingsu/Human_Action_Recognition,calling,1,0,0,0,0,0,0,0,0,0,0,0,0,0,0,0,1,0,0,0
data/external/actions/human_action_recognition/test/002418_calling.jpg,Bingsu/Human_Action_Recognition,calling,1,0,0,0,0,0,0,0,0,0,0,0,0,0,0,0,1,0,0,0
data/external/actions/human_action_recognition/test/002419_calling.jpg,Bingsu/Human_Action_Recognition,calling,1,0,0,0,0,0,0,0,0,0,0,0,0,0,0,0,1,0,0,0
data/external/actions/human_action_recognition/test/002420_calling.jpg,Bingsu/Human_Action_Recognition,calling,1,0,0,0,0,0,0,0,0,0,0,0,0,0,0,0,1,0,0,0
data/external/actions/human_action_recognition/test/002421_calling.jpg,Bingsu/Human_Action_Recognition,calling,1,0,0,0,0,0,0,0,0,0,0,0,0,0,0,0,1,0,0,0
data/external/actions/human_action_recognition/test/002422_calling.jpg,Bingsu/Human_Action_Recognition,calling,1,0,0,0,0,0,0,0,0,0,0,0,0,0,0,0,1,0,0,0
data/external/actions/human_action_recognition/test/002423_calling.jpg,Bingsu/Human_Action_Recognition,calling,1,0,0,0,0,0,0,0,0,0,0,0,0,0,0,0,1,0,0,0
data/external/actions/human_action_recognition/test/002424_calling.jpg,Bingsu/Human_Action_Recognition,calling,1,0,0,0,0,0,0,0,0,0,0,0,0,0,0,0,1,0,0,0
data/external/actions/human_action_recognition/test/002425_calling.jpg,Bingsu/Human_Action_Recognition,calling,1,0,0,0,0,0,0,0,0,0,0,0,0,0,0,0,1,0,0,0
data/external/actions/human_action_recognition/test/002426_calling.jpg,Bingsu/Human_Action_Recognition,calling,1,0,0,0,0,0,0,0,0,0,0,0,0,0,0,0,1,0,0,0
data/external/actions/human_action_recognition/test/002427_calling.jpg,Bingsu/Human_Action_Recognition,calling,1,0,0,0,0,0,0,0,0,0,0,0,0,0,0,0,1,0,0,0
data/external/actions/human_action_recognition/test/002428_calling.jpg,Bingsu/Human_Action_Recognition,calling,1,0,0,0,0,0,0,0,0,0,0,0,0,0,0,0,1,0,0,0
data/external/actions/human_action_recognition/test/002429_calling.jpg,Bingsu/Human_Action_Recognition,calling,1,0,0,0,0,0,0,0,0,0,0,0,0,0,0,0,1,0,0,0
data/external/actions/human_action_recognition/test/002430_calling.jpg,Bingsu/Human_Action_Recognition,calling,1,0,0,0,0,0,0,0,0,0,0,0,0,0,0,0,1,0,0,0
data/external/actions/human_action_recognition/test/002431_calling.jpg,Bingsu/Human_Action_Recognition,calling,1,0,0,0,0,0,0,0,0,0,0,0,0,0,0,0,1,0,0,0
data/external/actions/human_action_recognition/test/002432_calling.jpg,Bingsu/Human_Action_Recognition,calling,1,0,0,0,0,0,0,0,0,0,0,0,0,0,0,0,1,0,0,0
data/external/actions/human_action_recognition/test/002433_calling.jpg,Bingsu/Human_Action_Recognition,calling,1,0,0,0,0,0,0,0,0,0,0,0,0,0,0,0,1,0,0,0
data/external/actions/human_action_recognition/test/002434_calling.jpg,Bingsu/Human_Action_Recognition,calling,1,0,0,0,0,0,0,0,0,0,0,0,0,0,0,0,1,0,0,0
data/external/actions/human_action_recognition/test/002435_calling.jpg,Bingsu/Human_Action_Recognition,calling,1,0,0,0,0,0,0,0,0,0,0,0,0,0,0,0,1,0,0,0
data/external/actions/human_action_recognition/test/002436_calling.jpg,Bingsu/Human_Action_Recognition,calling,1,0,0,0,0,0,0,0,0,0,0,0,0,0,0,0,1,0,0,0
data/external/actions/human_action_recognition/test/002437_calling.jpg,Bingsu/Human_Action_Recognition,calling,1,0,0,0,0,0,0,0,0,0,0,0,0,0,0,0,1,0,0,0
data/external/actions/human_action_recognition/test/002438_calling.jpg,Bingsu/Human_Action_Recognition,calling,1,0,0,0,0,0,0,0,0,0,0,0,0,0,0,0,1,0,0,0
data/external/actions/human_action_recognition/test/002439_calling.jpg,Bingsu/Human_Action_Recognition,calling,1,0,0,0,0,0,0,0,0,0,0,0,0,0,0,0,1,0,0,0
data/external/actions/human_action_recognition/test/002440_calling.jpg,Bingsu/Human_Action_Recognition,calling,1,0,0,0,0,0,0,0,0,0,0,0,0,0,0,0,1,0,0,0
data/external/actions/human_action_recognition/test/002441_calling.jpg,Bingsu/Human_Action_Recognition,calling,1,0,0,0,0,0,0,0,0,0,0,0,0,0,0,0,1,0,0,0
data/external/actions/human_action_recognition/test/002442_calling.jpg,Bingsu/Human_Action_Recognition,calling,1,0,0,0,0,0,0,0,0,0,0,0,0,0,0,0,1,0,0,0
data/external/actions/human_action_recognition/test/002443_calling.jpg,Bingsu/Human_Action_Recognition,calling,1,0,0,0,0,0,0,0,0,0,0,0,0,0,0,0,1,0,0,0
data/external/actions/human_action_recognition/test/002444_calling.jpg,Bingsu/Human_Action_Recognition,calling,1,0,0,0,0,0,0,0,0,0,0,0,0,0,0,0,1,0,0,0
data/external/actions/human_action_recognition/test/002445_calling.jpg,Bingsu/Human_Action_Recognition,calling,1,0,0,0,0,0,0,0,0,0,0,0,0,0,0,0,1,0,0,0
data/external/actions/human_action_recognition/test/002446_calling.jpg,Bingsu/Human_Action_Recognition,calling,1,0,0,0,0,0,0,0,0,0,0,0,0,0,0,0,1,0,0,0
data/external/actions/human_action_recognition/test/002447_calling.jpg,Bingsu/Human_Action_Recognition,calling,1,0,0,0,0,0,0,0,0,0,0,0,0,0,0,0,1,0,0,0
data/external/actions/human_action_recognition/test/002448_calling.jpg,Bingsu/Human_Action_Recognition,calling,1,0,0,0,0,0,0,0,0,0,0,0,0,0,0,0,1,0,0,0
data/external/actions/human_action_recognition/test/002449_calling.jpg,Bingsu/Human_Action_Recognition,calling,1,0,0,0,0,0,0,0,0,0,0,0,0,0,0,0,1,0,0,0
data/external/actions/human_action_recognition/test/002450_calling.jpg,Bingsu/Human_Action_Recognition,calling,1,0,0,0,0,0,0,0,0,0,0,0,0,0,0,0,1,0,0,0
data/external/actions/human_action_recognition/test/002451_calling.jpg,Bingsu/Human_Action_Recognition,calling,1,0,0,0,0,0,0,0,0,0,0,0,0,0,0,0,1,0,0,0
data/external/actions/human_action_recognition/test/002452_calling.jpg,Bingsu/Human_Action_Recognition,calling,1,0,0,0,0,0,0,0,0,0,0,0,0,0,0,0,1,0,0,0
data/external/actions/human_action_recognition/test/002453_calling.jpg,Bingsu/Human_Action_Recognition,calling,1,0,0,0,0,0,0,0,0,0,0,0,0,0,0,0,1,0,0,0
data/external/actions/human_action_recognition/test/002454_calling.jpg,Bingsu/Human_Action_Recognition,calling,1,0,0,0,0,0,0,0,0,0,0,0,0,0,0,0,1,0,0,0
data/external/actions/human_action_recognition/test/002455_calling.jpg,Bingsu/Human_Action_Recognition,calling,1,0,0,0,0,0,0,0,0,0,0,0,0,0,0,0,1,0,0,0
data/external/actions/human_action_recognition/test/002456_calling.jpg,Bingsu/Human_Action_Recognition,calling,1,0,0,0,0,0,0,0,0,0,0,0,0,0,0,0,1,0,0,0
data/external/actions/human_action_recognition/test/002457_calling.jpg,Bingsu/Human_Action_Recognition,calling,1,0,0,0,0,0,0,0,0,0,0,0,0,0,0,0,1,0,0,0
data/external/actions/human_action_recognition/test/002458_calling.jpg,Bingsu/Human_Action_Recognition,calling,1,0,0,0,0,0,0,0,0,0,0,0,0,0,0,0,1,0,0,0
data/external/actions/human_action_recognition/test/002459_calling.jpg,Bingsu/Human_Action_Recognition,calling,1,0,0,0,0,0,0,0,0,0,0,0,0,0,0,0,1,0,0,0
data/external/actions/human_action_recognition/test/002460_calling.jpg,Bingsu/Human_Action_Recognition,calling,1,0,0,0,0,0,0,0,0,0,0,0,0,0,0,0,1,0,0,0
data/external/actions/human_action_recognition/test/002461_calling.jpg,Bingsu/Human_Action_Recognition,calling,1,0,0,0,0,0,0,0,0,0,0,0,0,0,0,0,1,0,0,0
data/external/actions/human_action_recognition/test/002462_calling.jpg,Bingsu/Human_Action_Recognition,calling,1,0,0,0,0,0,0,0,0,0,0,0,0,0,0,0,1,0,0,0
data/external/actions/human_action_recognition/test/002463_calling.jpg,Bingsu/Human_Action_Recognition,calling,1,0,0,0,0,0,0,0,0,0,0,0,0,0,0,0,1,0,0,0
data/external/actions/human_action_recognition/test/002464_calling.jpg,Bingsu/Human_Action_Recognition,calling,1,0,0,0,0,0,0,0,0,0,0,0,0,0,0,0,1,0,0,0
data/external/actions/human_action_recognition/test/002465_calling.jpg,Bingsu/Human_Action_Recognition,calling,1,0,0,0,0,0,0,0,0,0,0,0,0,0,0,0,1,0,0,0
data/external/actions/human_action_recognition/test/002466_calling.jpg,Bingsu/Human_Action_Recognition,calling,1,0,0,0,0,0,0,0,0,0,0,0,0,0,0,0,1,0,0,0
data/external/actions/human_action_recognition/test/002467_calling.jpg,Bingsu/Human_Action_Recognition,calling,1,0,0,0,0,0,0,0,0,0,0,0,0,0,0,0,1,0,0,0
data/external/actions/human_action_recognition/test/002468_calling.jpg,Bingsu/Human_Action_Recognition,calling,1,0,0,0,0,0,0,0,0,0,0,0,0,0,0,0,1,0,0,0
data/external/actions/human_action_recognition/test/002469_calling.jpg,Bingsu/Human_Action_Recognition,calling,1,0,0,0,0,0,0,0,0,0,0,0,0,0,0,0,1,0,0,0
data/external/actions/human_action_recognition/test/002470_calling.jpg,Bingsu/Human_Action_Recognition,calling,1,0,0,0,0,0,0,0,0,0,0,0,0,0,0,0,1,0,0,0
data/external/actions/human_action_recognition/test/002471_calling.jpg,Bingsu/Human_Action_Recognition,calling,1,0,0,0,0,0,0,0,0,0,0,0,0,0,0,0,1,0,0,0
data/external/actions/human_action_recognition/test/002472_calling.jpg,Bingsu/Human_Action_Recognition,calling,1,0,0,0,0,0,0,0,0,0,0,0,0,0,0,0,1,0,0,0
data/external/actions/human_action_recognition/test/002473_calling.jpg,Bingsu/Human_Action_Recognition,calling,1,0,0,0,0,0,0,0,0,0,0,0,0,0,0,0,1,0,0,0
data/external/actions/human_action_recognition/test/002474_calling.jpg,Bingsu/Human_Action_Recognition,calling,1,0,0,0,0,0,0,0,0,0,0,0,0,0,0,0,1,0,0,0
data/external/actions/human_action_recognition/test/002475_calling.jpg,Bingsu/Human_Action_Recognition,calling,1,0,0,0,0,0,0,0,0,0,0,0,0,0,0,0,1,0,0,0
data/external/actions/human_action_recognition/test/002476_calling.jpg,Bingsu/Human_Action_Recognition,calling,1,0,0,0,0,0,0,0,0,0,0,0,0,0,0,0,1,0,0,0
data/external/actions/human_action_recognition/test/002477_calling.jpg,Bingsu/Human_Action_Recognition,calling,1,0,0,0,0,0,0,0,0,0,0,0,0,0,0,0,1,0,0,0
data/external/actions/human_action_recognition/test/002478_calling.jpg,Bingsu/Human_Action_Recognition,calling,1,0,0,0,0,0,0,0,0,0,0,0,0,0,0,0,1,0,0,0
data/external/actions/human_action_recognition/test/002479_calling.jpg,Bingsu/Human_Action_Recognition,calling,1,0,0,0,0,0,0,0,0,0,0,0,0,0,0,0,1,0,0,0
data/external/actions/human_action_recognition/test/002480_calling.jpg,Bingsu/Human_Action_Recognition,calling,1,0,0,0,0,0,0,0,0,0,0,0,0,0,0,0,1,0,0,0
data/external/actions/human_action_recognition/test/002481_calling.jpg,Bingsu/Human_Action_Recognition,calling,1,0,0,0,0,0,0,0,0,0,0,0,0,0,0,0,1,0,0,0
data/external/actions/human_action_recognition/test/002482_calling.jpg,Bingsu/Human_Action_Recognition,calling,1,0,0,0,0,0,0,0,0,0,0,0,0,0,0,0,1,0,0,0
data/external/actions/human_action_recognition/test/002483_calling.jpg,Bingsu/Human_Action_Recognition,calling,1,0,0,0,0,0,0,0,0,0,0,0,0,0,0,0,1,0,0,0
data/external/actions/human_action_recognition/test/002484_calling.jpg,Bingsu/Human_Action_Recognition,calling,1,0,0,0,0,0,0,0,0,0,0,0,0,0,0,0,1,0,0,0
data/external/actions/human_action_recognition/test/002485_calling.jpg,Bingsu/Human_Action_Recognition,calling,1,0,0,0,0,0,0,0,0,0,0,0,0,0,0,0,1,0,0,0
data/external/actions/human_action_recognition/test/002486_calling.jpg,Bingsu/Human_Action_Recognition,calling,1,0,0,0,0,0,0,0,0,0,0,0,0,0,0,0,1,0,0,0
data/external/actions/human_action_recognition/test/002487_calling.jpg,Bingsu/Human_Action_Recognition,calling,1,0,0,0,0,0,0,0,0,0,0,0,0,0,0,0,1,0,0,0
data/external/actions/human_action_recognition/test/002488_calling.jpg,Bingsu/Human_Action_Recognition,calling,1,0,0,0,0,0,0,0,0,0,0,0,0,0,0,0,1,0,0,0
data/external/actions/human_action_recognition/test/002489_calling.jpg,Bingsu/Human_Action_Recognition,calling,1,0,0,0,0,0,0,0,0,0,0,0,0,0,0,0,1,0,0,0
data/external/actions/human_action_recognition/test/002490_calling.jpg,Bingsu/Human_Action_Recognition,calling,1,0,0,0,0,0,0,0,0,0,0,0,0,0,0,0,1,0,0,0
data/external/actions/human_action_recognition/test/002491_calling.jpg,Bingsu/Human_Action_Recognition,calling,1,0,0,0,0,0,0,0,0,0,0,0,0,0,0,0,1,0,0,0
data/external/actions/human_action_recognition/test/002492_calling.jpg,Bingsu/Human_Action_Recognition,calling,1,0,0,0,0,0,0,0,0,0,0,0,0,0,0,0,1,0,0,0
data/external/actions/human_action_recognition/test/002493_calling.jpg,Bingsu/Human_Action_Recognition,calling,1,0,0,0,0,0,0,0,0,0,0,0,0,0,0,0,1,0,0,0
data/external/actions/human_action_recognition/test/002494_calling.jpg,Bingsu/Human_Action_Recognition,calling,1,0,0,0,0,0,0,0,0,0,0,0,0,0,0,0,1,0,0,0
data/external/actions/human_action_recognition/test/002495_calling.jpg,Bingsu/Human_Action_Recognition,calling,1,0,0,0,0,0,0,0,0,0,0,0,0,0,0,0,1,0,0,0
data/external/actions/human_action_recognition/test/002496_calling.jpg,Bingsu/Human_Action_Recognition,calling,1,0,0,0,0,0,0,0,0,0,0,0,0,0,0,0,1,0,0,0
data/external/actions/human_action_recognition/test/002497_calling.jpg,Bingsu/Human_Action_Recognition,calling,1,0,0,0,0,0,0,0,0,0,0,0,0,0,0,0,1,0,0,0
data/external/actions/human_action_recognition/test/002498_calling.jpg,Bingsu/Human_Action_Recognition,calling,1,0,0,0,0,0,0,0,0,0,0,0,0,0,0,0,1,0,0,0
data/external/actions/human_action_recognition/test/002499_calling.jpg,Bingsu/Human_Action_Recognition,calling,1,0,0,0,0,0,0,0,0,0,0,0,0,0,0,0,1,0,0,0
data/external/actions/human_action_recognition/test/002500_calling.jpg,Bingsu/Human_Action_Recognition,calling,1,0,0,0,0,0,0,0,0,0,0,0,0,0,0,0,1,0,0,0
data/external/actions/human_action_recognition/test/002501_calling.jpg,Bingsu/Human_Action_Recognition,calling,1,0,0,0,0,0,0,0,0,0,0,0,0,0,0,0,1,0,0,0
data/external/actions/human_action_recognition/test/002502_calling.jpg,Bingsu/Human_Action_Recognition,calling,1,0,0,0,0,0,0,0,0,0,0,0,0,0,0,0,1,0,0,0
data/external/actions/human_action_recognition/test/002503_calling.jpg,Bingsu/Human_Action_Recognition,calling,1,0,0,0,0,0,0,0,0,0,0,0,0,0,0,0,1,0,0,0
data/external/actions/human_action_recognition/test/002504_calling.jpg,Bingsu/Human_Action_Recognition,calling,1,0,0,0,0,0,0,0,0,0,0,0,0,0,0,0,1,0,0,0
data/external/actions/human_action_recognition/test/002505_calling.jpg,Bingsu/Human_Action_Recognition,calling,1,0,0,0,0,0,0,0,0,0,0,0,0,0,0,0,1,0,0,0
data/external/actions/human_action_recognition/test/002506_calling.jpg,Bingsu/Human_Action_Recognition,calling,1,0,0,0,0,0,0,0,0,0,0,0,0,0,0,0,1,0,0,0
data/external/actions/human_action_recognition/test/002507_calling.jpg,Bingsu/Human_Action_Recognition,calling,1,0,0,0,0,0,0,0,0,0,0,0,0,0,0,0,1,0,0,0
data/external/actions/human_action_recognition/test/002508_calling.jpg,Bingsu/Human_Action_Recognition,calling,1,0,0,0,0,0,0,0,0,0,0,0,0,0,0,0,1,0,0,0
data/external/actions/human_action_recognition/test/002509_calling.jpg,Bingsu/Human_Action_Recognition,calling,1,0,0,0,0,0,0,0,0,0,0,0,0,0,0,0,1,0,0,0
data/external/actions/human_action_recognition/test/002510_calling.jpg,Bingsu/Human_Action_Recognition,calling,1,0,0,0,0,0,0,0,0,0,0,0,0,0,0,0,1,0,0,0
data/external/actions/human_action_recognition/test/002511_calling.jpg,Bingsu/Human_Action_Recognition,calling,1,0,0,0,0,0,0,0,0,0,0,0,0,0,0,0,1,0,0,0
data/external/actions/human_action_recognition/test/002512_calling.jpg,Bingsu/Human_Action_Recognition,calling,1,0,0,0,0,0,0,0,0,0,0,0,0,0,0,0,1,0,0,0
data/external/actions/human_action_recognition/test/002513_calling.jpg,Bingsu/Human_Action_Recognition,calling,1,0,0,0,0,0,0,0,0,0,0,0,0,0,0,0,1,0,0,0
data/external/actions/human_action_recognition/test/002514_calling.jpg,Bingsu/Human_Action_Recognition,calling,1,0,0,0,0,0,0,0,0,0,0,0,0,0,0,0,1,0,0,0
data/external/actions/human_action_recognition/test/002515_calling.jpg,Bingsu/Human_Action_Recognition,calling,1,0,0,0,0,0,0,0,0,0,0,0,0,0,0,0,1,0,0,0
data/external/actions/human_action_recognition/test/002516_calling.jpg,Bingsu/Human_Action_Recognition,calling,1,0,0,0,0,0,0,0,0,0,0,0,0,0,0,0,1,0,0,0
data/external/actions/human_action_recognition/test/002517_calling.jpg,Bingsu/Human_Action_Recognition,calling,1,0,0,0,0,0,0,0,0,0,0,0,0,0,0,0,1,0,0,0
data/external/actions/human_action_recognition/test/002518_calling.jpg,Bingsu/Human_Action_Recognition,calling,1,0,0,0,0,0,0,0,0,0,0,0,0,0,0,0,1,0,0,0
data/external/actions/human_action_recognition/test/002519_calling.jpg,Bingsu/Human_Action_Recognition,calling,1,0,0,0,0,0,0,0,0,0,0,0,0,0,0,0,1,0,0,0
data/external/actions/human_action_recognition/test/002520_calling.jpg,Bingsu/Human_Action_Recognition,calling,1,0,0,0,0,0,0,0,0,0,0,0,0,0,0,0,1,0,0,0
data/external/actions/human_action_recognition/test/002521_calling.jpg,Bingsu/Human_Action_Recognition,calling,1,0,0,0,0,0,0,0,0,0,0,0,0,0,0,0,1,0,0,0
data/external/actions/human_action_recognition/test/002522_calling.jpg,Bingsu/Human_Action_Recognition,calling,1,0,0,0,0,0,0,0,0,0,0,0,0,0,0,0,1,0,0,0
data/external/actions/human_action_recognition/test/002523_calling.jpg,Bingsu/Human_Action_Recognition,calling,1,0,0,0,0,0,0,0,0,0,0,0,0,0,0,0,1,0,0,0
data/external/actions/human_action_recognition/test/002524_calling.jpg,Bingsu/Human_Action_Recognition,calling,1,0,0,0,0,0,0,0,0,0,0,0,0,0,0,0,1,0,0,0
data/external/actions/human_action_recognition/test/002525_calling.jpg,Bingsu/Human_Action_Recognition,calling,1,0,0,0,0,0,0,0,0,0,0,0,0,0,0,0,1,0,0,0
data/external/actions/human_action_recognition/test/002526_calling.jpg,Bingsu/Human_Action_Recognition,calling,1,0,0,0,0,0,0,0,0,0,0,0,0,0,0,0,1,0,0,0
data/external/actions/human_action_recognition/test/002527_calling.jpg,Bingsu/Human_Action_Recognition,calling,1,0,0,0,0,0,0,0,0,0,0,0,0,0,0,0,1,0,0,0
data/external/actions/human_action_recognition/test/002528_calling.jpg,Bingsu/Human_Action_Recognition,calling,1,0,0,0,0,0,0,0,0,0,0,0,0,0,0,0,1,0,0,0
data/external/actions/human_action_recognition/test/002529_calling.jpg,Bingsu/Human_Action_Recognition,calling,1,0,0,0,0,0,0,0,0,0,0,0,0,0,0,0,1,0,0,0
data/external/actions/human_action_recognition/test/002530_calling.jpg,Bingsu/Human_Action_Recognition,calling,1,0,0,0,0,0,0,0,0,0,0,0,0,0,0,0,1,0,0,0
data/external/actions/human_action_recognition/test/002531_calling.jpg,Bingsu/Human_Action_Recognition,calling,1,0,0,0,0,0,0,0,0,0,0,0,0,0,0,0,1,0,0,0
data/external/actions/human_action_recognition/test/002532_calling.jpg,Bingsu/Human_Action_Recognition,calling,1,0,0,0,0,0,0,0,0,0,0,0,0,0,0,0,1,0,0,0
data/external/actions/human_action_recognition/test/002533_calling.jpg,Bingsu/Human_Action_Recognition,calling,1,0,0,0,0,0,0,0,0,0,0,0,0,0,0,0,1,0,0,0
data/external/actions/human_action_recognition/test/002534_calling.jpg,Bingsu/Human_Action_Recognition,calling,1,0,0,0,0,0,0,0,0,0,0,0,0,0,0,0,1,0,0,0
data/external/actions/human_action_recognition/test/002535_calling.jpg,Bingsu/Human_Action_Recognition,calling,1,0,0,0,0,0,0,0,0,0,0,0,0,0,0,0,1,0,0,0
data/external/actions/human_action_recognition/test/002536_calling.jpg,Bingsu/Human_Action_Recognition,calling,1,0,0,0,0,0,0,0,0,0,0,0,0,0,0,0,1,0,0,0
data/external/actions/human_action_recognition/test/002537_calling.jpg,Bingsu/Human_Action_Recognition,calling,1,0,0,0,0,0,0,0,0,0,0,0,0,0,0,0,1,0,0,0
data/external/actions/human_action_recognition/test/002538_calling.jpg,Bingsu/Human_Action_Recognition,calling,1,0,0,0,0,0,0,0,0,0,0,0,0,0,0,0,1,0,0,0
data/external/actions/human_action_recognition/test/002539_calling.jpg,Bingsu/Human_Action_Recognition,calling,1,0,0,0,0,0,0,0,0,0,0,0,0,0,0,0,1,0,0,0
data/external/actions/human_action_recognition/test/002540_calling.jpg,Bingsu/Human_Action_Recognition,calling,1,0,0,0,0,0,0,0,0,0,0,0,0,0,0,0,1,0,0,0
data/external/actions/human_action_recognition/test/002541_calling.jpg,Bingsu/Human_Action_Recognition,calling,1,0,0,0,0,0,0,0,0,0,0,0,0,0,0,0,1,0,0,0
data/external/actions/human_action_recognition/test/002542_calling.jpg,Bingsu/Human_Action_Recognition,calling,1,0,0,0,0,0,0,0,0,0,0,0,0,0,0,0,1,0,0,0
data/external/actions/human_action_recognition/test/002543_calling.jpg,Bingsu/Human_Action_Recognition,calling,1,0,0,0,0,0,0,0,0,0,0,0,0,0,0,0,1,0,0,0
data/external/actions/human_action_recognition/test/002544_calling.jpg,Bingsu/Human_Action_Recognition,calling,1,0,0,0,0,0,0,0,0,0,0,0,0,0,0,0,1,0,0,0
data/external/actions/human_action_recognition/test/002545_calling.jpg,Bingsu/Human_Action_Recognition,calling,1,0,0,0,0,0,0,0,0,0,0,0,0,0,0,0,1,0,0,0
data/external/actions/human_action_recognition/test/002546_calling.jpg,Bingsu/Human_Action_Recognition,calling,1,0,0,0,0,0,0,0,0,0,0,0,0,0,0,0,1,0,0,0
data/external/actions/human_action_recognition/test/002547_calling.jpg,Bingsu/Human_Action_Recognition,calling,1,0,0,0,0,0,0,0,0,0,0,0,0,0,0,0,1,0,0,0
data/external/actions/human_action_recognition/test/002548_calling.jpg,Bingsu/Human_Action_Recognition,calling,1,0,0,0,0,0,0,0,0,0,0,0,0,0,0,0,1,0,0,0
data/external/actions/human_action_recognition/test/002549_calling.jpg,Bingsu/Human_Action_Recognition,calling,1,0,0,0,0,0,0,0,0,0,0,0,0,0,0,0,1,0,0,0
data/external/actions/human_action_recognition/test/002550_calling.jpg,Bingsu/Human_Action_Recognition,calling,1,0,0,0,0,0,0,0,0,0,0,0,0,0,0,0,1,0,0,0
data/external/actions/human_action_recognition/test/002551_calling.jpg,Bingsu/Human_Action_Recognition,calling,1,0,0,0,0,0,0,0,0,0,0,0,0,0,0,0,1,0,0,0
data/external/actions/human_action_recognition/test/002552_calling.jpg,Bingsu/Human_Action_Recognition,calling,1,0,0,0,0,0,0,0,0,0,0,0,0,0,0,0,1,0,0,0
data/external/actions/human_action_recognition/test/002553_calling.jpg,Bingsu/Human_Action_Recognition,calling,1,0,0,0,0,0,0,0,0,0,0,0,0,0,0,0,1,0,0,0
data/external/actions/human_action_recognition/test/002554_calling.jpg,Bingsu/Human_Action_Recognition,calling,1,0,0,0,0,0,0,0,0,0,0,0,0,0,0,0,1,0,0,0
data/external/actions/human_action_recognition/test/002555_calling.jpg,Bingsu/Human_Action_Recognition,calling,1,0,0,0,0,0,0,0,0,0,0,0,0,0,0,0,1,0,0,0
data/external/actions/human_action_recognition/test/002556_calling.jpg,Bingsu/Human_Action_Recognition,calling,1,0,0,0,0,0,0,0,0,0,0,0,0,0,0,0,1,0,0,0
data/external/actions/human_action_recognition/test/002557_calling.jpg,Bingsu/Human_Action_Recognition,calling,1,0,0,0,0,0,0,0,0,0,0,0,0,0,0,0,1,0,0,0
data/external/actions/human_action_recognition/test/002558_calling.jpg,Bingsu/Human_Action_Recognition,calling,1,0,0,0,0,0,0,0,0,0,0,0,0,0,0,0,1,0,0,0
data/external/actions/human_action_recognition/test/002559_calling.jpg,Bingsu/Human_Action_Recognition,calling,1,0,0,0,0,0,0,0,0,0,0,0,0,0,0,0,1,0,0,0
data/external/actions/human_action_recognition/test/002560_calling.jpg,Bingsu/Human_Action_Recognition,calling,1,0,0,0,0,0,0,0,0,0,0,0,0,0,0,0,1,0,0,0
data/external/actions/human_action_recognition/test/002561_calling.jpg,Bingsu/Human_Action_Recognition,calling,1,0,0,0,0,0,0,0,0,0,0,0,0,0,0,0,1,0,0,0
data/external/actions/human_action_recognition/test/002562_calling.jpg,Bingsu/Human_Action_Recognition,calling,1,0,0,0,0,0,0,0,0,0,0,0,0,0,0,0,1,0,0,0
data/external/actions/human_action_recognition/test/002563_calling.jpg,Bingsu/Human_Action_Recognition,calling,1,0,0,0,0,0,0,0,0,0,0,0,0,0,0,0,1,0,0,0
data/external/actions/human_action_recognition/test/002564_calling.jpg,Bingsu/Human_Action_Recognition,calling,1,0,0,0,0,0,0,0,0,0,0,0,0,0,0,0,1,0,0,0
data/external/actions/human_action_recognition/test/002565_calling.jpg,Bingsu/Human_Action_Recognition,calling,1,0,0,0,0,0,0,0,0,0,0,0,0,0,0,0,1,0,0,0
data/external/actions/human_action_recognition/test/002566_calling.jpg,Bingsu/Human_Action_Recognition,calling,1,0,0,0,0,0,0,0,0,0,0,0,0,0,0,0,1,0,0,0
data/external/actions/human_action_recognition/test/002567_calling.jpg,Bingsu/Human_Action_Recognition,calling,1,0,0,0,0,0,0,0,0,0,0,0,0,0,0,0,1,0,0,0
data/external/actions/human_action_recognition/test/002568_calling.jpg,Bingsu/Human_Action_Recognition,calling,1,0,0,0,0,0,0,0,0,0,0,0,0,0,0,0,1,0,0,0
data/external/actions/human_action_recognition/test/002569_calling.jpg,Bingsu/Human_Action_Recognition,calling,1,0,0,0,0,0,0,0,0,0,0,0,0,0,0,0,1,0,0,0
data/external/actions/human_action_recognition/test/002570_calling.jpg,Bingsu/Human_Action_Recognition,calling,1,0,0,0,0,0,0,0,0,0,0,0,0,0,0,0,1,0,0,0
data/external/actions/human_action_recognition/test/002571_calling.jpg,Bingsu/Human_Action_Recognition,calling,1,0,0,0,0,0,0,0,0,0,0,0,0,0,0,0,1,0,0,0
data/external/actions/human_action_recognition/test/002572_calling.jpg,Bingsu/Human_Action_Recognition,calling,1,0,0,0,0,0,0,0,0,0,0,0,0,0,0,0,1,0,0,0
data/external/actions/human_action_recognition/test/002573_calling.jpg,Bingsu/Human_Action_Recognition,calling,1,0,0,0,0,0,0,0,0,0,0,0,0,0,0,0,1,0,0,0
data/external/actions/human_action_recognition/test/002574_calling.jpg,Bingsu/Human_Action_Recognition,calling,1,0,0,0,0,0,0,0,0,0,0,0,0,0,0,0,1,0,0,0
data/external/actions/human_action_recognition/test/002575_calling.jpg,Bingsu/Human_Action_Recognition,calling,1,0,0,0,0,0,0,0,0,0,0,0,0,0,0,0,1,0,0,0
data/external/actions/human_action_recognition/test/002576_calling.jpg,Bingsu/Human_Action_Recognition,calling,1,0,0,0,0,0,0,0,0,0,0,0,0,0,0,0,1,0,0,0
data/external/actions/human_action_recognition/test/002577_calling.jpg,Bingsu/Human_Action_Recognition,calling,1,0,0,0,0,0,0,0,0,0,0,0,0,0,0,0,1,0,0,0
data/external/actions/human_action_recognition/test/002578_calling.jpg,Bingsu/Human_Action_Recognition,calling,1,0,0,0,0,0,0,0,0,0,0,0,0,0,0,0,1,0,0,0
data/external/actions/human_action_recognition/test/002579_calling.jpg,Bingsu/Human_Action_Recognition,calling,1,0,0,0,0,0,0,0,0,0,0,0,0,0,0,0,1,0,0,0
data/external/actions/human_action_recognition/test/002580_calling.jpg,Bingsu/Human_Action_Recognition,calling,1,0,0,0,0,0,0,0,0,0,0,0,0,0,0,0,1,0,0,0
data/external/actions/human_action_recognition/test/002581_calling.jpg,Bingsu/Human_Action_Recognition,calling,1,0,0,0,0,0,0,0,0,0,0,0,0,0,0,0,1,0,0,0
data/external/actions/human_action_recognition/test/002582_calling.jpg,Bingsu/Human_Action_Recognition,calling,1,0,0,0,0,0,0,0,0,0,0,0,0,0,0,0,1,0,0,0
data/external/actions/human_action_recognition/test/002583_calling.jpg,Bingsu/Human_Action_Recognition,calling,1,0,0,0,0,0,0,0,0,0,0,0,0,0,0,0,1,0,0,0
data/external/actions/human_action_recognition/test/002584_calling.jpg,Bingsu/Human_Action_Recognition,calling,1,0,0,0,0,0,0,0,0,0,0,0,0,0,0,0,1,0,0,0
data/external/actions/human_action_recognition/test/002585_calling.jpg,Bingsu/Human_Action_Recognition,calling,1,0,0,0,0,0,0,0,0,0,0,0,0,0,0,0,1,0,0,0
data/external/actions/human_action_recognition/test/002586_calling.jpg,Bingsu/Human_Action_Recognition,calling,1,0,0,0,0,0,0,0,0,0,0,0,0,0,0,0,1,0,0,0
data/external/actions/human_action_recognition/test/002587_calling.jpg,Bingsu/Human_Action_Recognition,calling,1,0,0,0,0,0,0,0,0,0,0,0,0,0,0,0,1,0,0,0
data/external/actions/human_action_recognition/test/002588_calling.jpg,Bingsu/Human_Action_Recognition,calling,1,0,0,0,0,0,0,0,0,0,0,0,0,0,0,0,1,0,0,0
data/external/actions/human_action_recognition/test/002589_calling.jpg,Bingsu/Human_Action_Recognition,calling,1,0,0,0,0,0,0,0,0,0,0,0,0,0,0,0,1,0,0,0
data/external/actions/human_action_recognition/test/002590_calling.jpg,Bingsu/Human_Action_Recognition,calling,1,0,0,0,0,0,0,0,0,0,0,0,0,0,0,0,1,0,0,0
data/external/actions/human_action_recognition/test/002591_calling.jpg,Bingsu/Human_Action_Recognition,calling,1,0,0,0,0,0,0,0,0,0,0,0,0,0,0,0,1,0,0,0
data/external/actions/human_action_recognition/test/002592_calling.jpg,Bingsu/Human_Action_Recognition,calling,1,0,0,0,0,0,0,0,0,0,0,0,0,0,0,0,1,0,0,0
data/external/actions/human_action_recognition/test/002593_calling.jpg,Bingsu/Human_Action_Recognition,calling,1,0,0,0,0,0,0,0,0,0,0,0,0,0,0,0,1,0,0,0
data/external/actions/human_action_recognition/test/002594_calling.jpg,Bingsu/Human_Action_Recognition,calling,1,0,0,0,0,0,0,0,0,0,0,0,0,0,0,0,1,0,0,0
data/external/actions/human_action_recognition/test/002595_calling.jpg,Bingsu/Human_Action_Recognition,calling,1,0,0,0,0,0,0,0,0,0,0,0,0,0,0,0,1,0,0,0
data/external/actions/human_action_recognition/test/002596_calling.jpg,Bingsu/Human_Action_Recognition,calling,1,0,0,0,0,0,0,0,0,0,0,0,0,0,0,0,1,0,0,0
data/external/actions/human_action_recognition/test/002597_calling.jpg,Bingsu/Human_Action_Recognition,calling,1,0,0,0,0,0,0,0,0,0,0,0,0,0,0,0,1,0,0,0
data/external/actions/human_action_recognition/test/002598_calling.jpg,Bingsu/Human_Action_Recognition,calling,1,0,0,0,0,0,0,0,0,0,0,0,0,0,0,0,1,0,0,0
data/external/actions/human_action_recognition/test/002599_calling.jpg,Bingsu/Human_Action_Recognition,calling,1,0,0,0,0,0,0,0,0,0,0,0,0,0,0,0,1,0,0,0
data/external/actions/human_action_recognition/test/002600_calling.jpg,Bingsu/Human_Action_Recognition,calling,1,0,0,0,0,0,0,0,0,0,0,0,0,0,0,0,1,0,0,0
data/external/actions/human_action_recognition/test/002601_calling.jpg,Bingsu/Human_Action_Recognition,calling,1,0,0,0,0,0,0,0,0,0,0,0,0,0,0,0,1,0,0,0
data/external/actions/human_action_recognition/test/002602_calling.jpg,Bingsu/Human_Action_Recognition,calling,1,0,0,0,0,0,0,0,0,0,0,0,0,0,0,0,1,0,0,0
data/external/actions/human_action_recognition/test/002603_calling.jpg,Bingsu/Human_Action_Recognition,calling,1,0,0,0,0,0,0,0,0,0,0,0,0,0,0,0,1,0,0,0
data/external/actions/human_action_recognition/test/002604_calling.jpg,Bingsu/Human_Action_Recognition,calling,1,0,0,0,0,0,0,0,0,0,0,0,0,0,0,0,1,0,0,0
data/external/actions/human_action_recognition/test/002605_calling.jpg,Bingsu/Human_Action_Recognition,calling,1,0,0,0,0,0,0,0,0,0,0,0,0,0,0,0,1,0,0,0
data/external/actions/human_action_recognition/test/002606_calling.jpg,Bingsu/Human_Action_Recognition,calling,1,0,0,0,0,0,0,0,0,0,0,0,0,0,0,0,1,0,0,0
data/external/actions/human_action_recognition/test/002607_calling.jpg,Bingsu/Human_Action_Recognition,calling,1,0,0,0,0,0,0,0,0,0,0,0,0,0,0,0,1,0,0,0
data/external/actions/human_action_recognition/test/002608_calling.jpg,Bingsu/Human_Action_Recognition,calling,1,0,0,0,0,0,0,0,0,0,0,0,0,0,0,0,1,0,0,0
data/external/actions/human_action_recognition/test/002609_calling.jpg,Bingsu/Human_Action_Recognition,calling,1,0,0,0,0,0,0,0,0,0,0,0,0,0,0,0,1,0,0,0
data/external/actions/human_action_recognition/test/002610_calling.jpg,Bingsu/Human_Action_Recognition,calling,1,0,0,0,0,0,0,0,0,0,0,0,0,0,0,0,1,0,0,0
data/external/actions/human_action_recognition/test/002611_calling.jpg,Bingsu/Human_Action_Recognition,calling,1,0,0,0,0,0,0,0,0,0,0,0,0,0,0,0,1,0,0,0
data/external/actions/human_action_recognition/test/002612_calling.jpg,Bingsu/Human_Action_Recognition,calling,1,0,0,0,0,0,0,0,0,0,0,0,0,0,0,0,1,0,0,0
data/external/actions/human_action_recognition/test/002613_calling.jpg,Bingsu/Human_Action_Recognition,calling,1,0,0,0,0,0,0,0,0,0,0,0,0,0,0,0,1,0,0,0
data/external/actions/human_action_recognition/test/002614_calling.jpg,Bingsu/Human_Action_Recognition,calling,1,0,0,0,0,0,0,0,0,0,0,0,0,0,0,0,1,0,0,0
data/external/actions/human_action_recognition/test/002615_calling.jpg,Bingsu/Human_Action_Recognition,calling,1,0,0,0,0,0,0,0,0,0,0,0,0,0,0,0,1,0,0,0
data/external/actions/human_action_recognition/test/002616_calling.jpg,Bingsu/Human_Action_Recognition,calling,1,0,0,0,0,0,0,0,0,0,0,0,0,0,0,0,1,0,0,0
data/external/actions/human_action_recognition/test/002617_calling.jpg,Bingsu/Human_Action_Recognition,calling,1,0,0,0,0,0,0,0,0,0,0,0,0,0,0,0,1,0,0,0
data/external/actions/human_action_recognition/test/002618_calling.jpg,Bingsu/Human_Action_Recognition,calling,1,0,0,0,0,0,0,0,0,0,0,0,0,0,0,0,1,0,0,0
data/external/actions/human_action_recognition/test/002619_calling.jpg,Bingsu/Human_Action_Recognition,calling,1,0,0,0,0,0,0,0,0,0,0,0,0,0,0,0,1,0,0,0
data/external/actions/human_action_recognition/test/002620_calling.jpg,Bingsu/Human_Action_Recognition,calling,1,0,0,0,0,0,0,0,0,0,0,0,0,0,0,0,1,0,0,0
data/external/actions/human_action_recognition/test/002621_calling.jpg,Bingsu/Human_Action_Recognition,calling,1,0,0,0,0,0,0,0,0,0,0,0,0,0,0,0,1,0,0,0
data/external/actions/human_action_recognition/test/002622_calling.jpg,Bingsu/Human_Action_Recognition,calling,1,0,0,0,0,0,0,0,0,0,0,0,0,0,0,0,1,0,0,0
data/external/actions/human_action_recognition/test/002623_calling.jpg,Bingsu/Human_Action_Recognition,calling,1,0,0,0,0,0,0,0,0,0,0,0,0,0,0,0,1,0,0,0
data/external/actions/human_action_recognition/test/002624_calling.jpg,Bingsu/Human_Action_Recognition,calling,1,0,0,0,0,0,0,0,0,0,0,0,0,0,0,0,1,0,0,0
data/external/actions/human_action_recognition/test/002625_calling.jpg,Bingsu/Human_Action_Recognition,calling,1,0,0,0,0,0,0,0,0,0,0,0,0,0,0,0,1,0,0,0
data/external/actions/human_action_recognition/test/002626_calling.jpg,Bingsu/Human_Action_Recognition,calling,1,0,0,0,0,0,0,0,0,0,0,0,0,0,0,0,1,0,0,0
data/external/actions/human_action_recognition/test/002627_calling.jpg,Bingsu/Human_Action_Recognition,calling,1,0,0,0,0,0,0,0,0,0,0,0,0,0,0,0,1,0,0,0
data/external/actions/human_action_recognition/test/002628_calling.jpg,Bingsu/Human_Action_Recognition,calling,1,0,0,0,0,0,0,0,0,0,0,0,0,0,0,0,1,0,0,0
data/external/actions/human_action_recognition/test/002629_calling.jpg,Bingsu/Human_Action_Recognition,calling,1,0,0,0,0,0,0,0,0,0,0,0,0,0,0,0,1,0,0,0
data/external/actions/human_action_recognition/test/002630_calling.jpg,Bingsu/Human_Action_Recognition,calling,1,0,0,0,0,0,0,0,0,0,0,0,0,0,0,0,1,0,0,0
data/external/actions/human_action_recognition/test/002631_calling.jpg,Bingsu/Human_Action_Recognition,calling,1,0,0,0,0,0,0,0,0,0,0,0,0,0,0,0,1,0,0,0
data/external/actions/human_action_recognition/test/002632_calling.jpg,Bingsu/Human_Action_Recognition,calling,1,0,0,0,0,0,0,0,0,0,0,0,0,0,0,0,1,0,0,0
data/external/actions/human_action_recognition/test/002633_calling.jpg,Bingsu/Human_Action_Recognition,calling,1,0,0,0,0,0,0,0,0,0,0,0,0,0,0,0,1,0,0,0
data/external/actions/human_action_recognition/test/002634_calling.jpg,Bingsu/Human_Action_Recognition,calling,1,0,0,0,0,0,0,0,0,0,0,0,0,0,0,0,1,0,0,0
data/external/actions/human_action_recognition/test/002635_calling.jpg,Bingsu/Human_Action_Recognition,calling,1,0,0,0,0,0,0,0,0,0,0,0,0,0,0,0,1,0,0,0
data/external/actions/human_action_recognition/test/002636_calling.jpg,Bingsu/Human_Action_Recognition,calling,1,0,0,0,0,0,0,0,0,0,0,0,0,0,0,0,1,0,0,0
data/external/actions/human_action_recognition/test/002637_calling.jpg,Bingsu/Human_Action_Recognition,calling,1,0,0,0,0,0,0,0,0,0,0,0,0,0,0,0,1,0,0,0
data/external/actions/human_action_recognition/test/002638_calling.jpg,Bingsu/Human_Action_Recognition,calling,1,0,0,0,0,0,0,0,0,0,0,0,0,0,0,0,1,0,0,0
data/external/actions/human_action_recognition/test/002639_calling.jpg,Bingsu/Human_Action_Recognition,calling,1,0,0,0,0,0,0,0,0,0,0,0,0,0,0,0,1,0,0,0
data/external/actions/human_action_recognition/test/002640_calling.jpg,Bingsu/Human_Action_Recognition,calling,1,0,0,0,0,0,0,0,0,0,0,0,0,0,0,0,1,0,0,0
data/external/actions/human_action_recognition/test/002641_calling.jpg,Bingsu/Human_Action_Recognition,calling,1,0,0,0,0,0,0,0,0,0,0,0,0,0,0,0,1,0,0,0
data/external/actions/human_action_recognition/test/002642_calling.jpg,Bingsu/Human_Action_Recognition,calling,1,0,0,0,0,0,0,0,0,0,0,0,0,0,0,0,1,0,0,0
data/external/actions/human_action_recognition/test/002643_calling.jpg,Bingsu/Human_Action_Recognition,calling,1,0,0,0,0,0,0,0,0,0,0,0,0,0,0,0,1,0,0,0
data/external/actions/human_action_recognition/test/002644_calling.jpg,Bingsu/Human_Action_Recognition,calling,1,0,0,0,0,0,0,0,0,0,0,0,0,0,0,0,1,0,0,0
data/external/actions/human_action_recognition/test/002645_calling.jpg,Bingsu/Human_Action_Recognition,calling,1,0,0,0,0,0,0,0,0,0,0,0,0,0,0,0,1,0,0,0
data/external/actions/human_action_recognition/test/002646_calling.jpg,Bingsu/Human_Action_Recognition,calling,1,0,0,0,0,0,0,0,0,0,0,0,0,0,0,0,1,0,0,0
data/external/actions/human_action_recognition/test/002647_calling.jpg,Bingsu/Human_Action_Recognition,calling,1,0,0,0,0,0,0,0,0,0,0,0,0,0,0,0,1,0,0,0
data/external/actions/human_action_recognition/test/002648_calling.jpg,Bingsu/Human_Action_Recognition,calling,1,0,0,0,0,0,0,0,0,0,0,0,0,0,0,0,1,0,0,0
data/external/actions/human_action_recognition/test/002649_calling.jpg,Bingsu/Human_Action_Recognition,calling,1,0,0,0,0,0,0,0,0,0,0,0,0,0,0,0,1,0,0,0
data/external/actions/human_action_recognition/test/002650_calling.jpg,Bingsu/Human_Action_Recognition,calling,1,0,0,0,0,0,0,0,0,0,0,0,0,0,0,0,1,0,0,0
data/external/actions/human_action_recognition/test/002651_calling.jpg,Bingsu/Human_Action_Recognition,calling,1,0,0,0,0,0,0,0,0,0,0,0,0,0,0,0,1,0,0,0
data/external/actions/human_action_recognition/test/002652_calling.jpg,Bingsu/Human_Action_Recognition,calling,1,0,0,0,0,0,0,0,0,0,0,0,0,0,0,0,1,0,0,0
data/external/actions/human_action_recognition/test/002653_calling.jpg,Bingsu/Human_Action_Recognition,calling,1,0,0,0,0,0,0,0,0,0,0,0,0,0,0,0,1,0,0,0
data/external/actions/human_action_recognition/test/002654_calling.jpg,Bingsu/Human_Action_Recognition,calling,1,0,0,0,0,0,0,0,0,0,0,0,0,0,0,0,1,0,0,0
data/external/actions/human_action_recognition/test/002655_calling.jpg,Bingsu/Human_Action_Recognition,calling,1,0,0,0,0,0,0,0,0,0,0,0,0,0,0,0,1,0,0,0
data/external/actions/human_action_recognition/test/002656_calling.jpg,Bingsu/Human_Action_Recognition,calling,1,0,0,0,0,0,0,0,0,0,0,0,0,0,0,0,1,0,0,0
data/external/actions/human_action_recognition/test/002657_calling.jpg,Bingsu/Human_Action_Recognition,calling,1,0,0,0,0,0,0,0,0,0,0,0,0,0,0,0,1,0,0,0
data/external/actions/human_action_recognition/test/002658_calling.jpg,Bingsu/Human_Action_Recognition,calling,1,0,0,0,0,0,0,0,0,0,0,0,0,0,0,0,1,0,0,0
data/external/actions/human_action_recognition/test/002659_calling.jpg,Bingsu/Human_Action_Recognition,calling,1,0,0,0,0,0,0,0,0,0,0,0,0,0,0,0,1,0,0,0
data/external/actions/human_action_recognition/test/002660_calling.jpg,Bingsu/Human_Action_Recognition,calling,1,0,0,0,0,0,0,0,0,0,0,0,0,0,0,0,1,0,0,0
data/external/actions/human_action_recognition/test/002661_calling.jpg,Bingsu/Human_Action_Recognition,calling,1,0,0,0,0,0,0,0,0,0,0,0,0,0,0,0,1,0,0,0
data/external/actions/human_action_recognition/test/002662_calling.jpg,Bingsu/Human_Action_Recognition,calling,1,0,0,0,0,0,0,0,0,0,0,0,0,0,0,0,1,0,0,0
data/external/actions/human_action_recognition/test/002663_calling.jpg,Bingsu/Human_Action_Recognition,calling,1,0,0,0,0,0,0,0,0,0,0,0,0,0,0,0,1,0,0,0
data/external/actions/human_action_recognition/test/002664_calling.jpg,Bingsu/Human_Action_Recognition,calling,1,0,0,0,0,0,0,0,0,0,0,0,0,0,0,0,1,0,0,0
data/external/actions/human_action_recognition/test/002665_calling.jpg,Bingsu/Human_Action_Recognition,calling,1,0,0,0,0,0,0,0,0,0,0,0,0,0,0,0,1,0,0,0
data/external/actions/human_action_recognition/test/002666_calling.jpg,Bingsu/Human_Action_Recognition,calling,1,0,0,0,0,0,0,0,0,0,0,0,0,0,0,0,1,0,0,0
data/external/actions/human_action_recognition/test/002667_calling.jpg,Bingsu/Human_Action_Recognition,calling,1,0,0,0,0,0,0,0,0,0,0,0,0,0,0,0,1,0,0,0
data/external/actions/human_action_recognition/test/002668_calling.jpg,Bingsu/Human_Action_Recognition,calling,1,0,0,0,0,0,0,0,0,0,0,0,0,0,0,0,1,0,0,0
data/external/actions/human_action_recognition/test/002669_calling.jpg,Bingsu/Human_Action_Recognition,calling,1,0,0,0,0,0,0,0,0,0,0,0,0,0,0,0,1,0,0,0
data/external/actions/human_action_recognition/test/002670_calling.jpg,Bingsu/Human_Action_Recognition,calling,1,0,0,0,0,0,0,0,0,0,0,0,0,0,0,0,1,0,0,0
data/external/actions/human_action_recognition/test/002671_calling.jpg,Bingsu/Human_Action_Recognition,calling,1,0,0,0,0,0,0,0,0,0,0,0,0,0,0,0,1,0,0,0
data/external/actions/human_action_recognition/test/002672_calling.jpg,Bingsu/Human_Action_Recognition,calling,1,0,0,0,0,0,0,0,0,0,0,0,0,0,0,0,1,0,0,0
data/external/actions/human_action_recognition/test/002673_calling.jpg,Bingsu/Human_Action_Recognition,calling,1,0,0,0,0,0,0,0,0,0,0,0,0,0,0,0,1,0,0,0
data/external/actions/human_action_recognition/test/002674_calling.jpg,Bingsu/Human_Action_Recognition,calling,1,0,0,0,0,0,0,0,0,0,0,0,0,0,0,0,1,0,0,0
data/external/actions/human_action_recognition/test/002675_calling.jpg,Bingsu/Human_Action_Recognition,calling,1,0,0,0,0,0,0,0,0,0,0,0,0,0,0,0,1,0,0,0
data/external/actions/human_action_recognition/test/002676_calling.jpg,Bingsu/Human_Action_Recognition,calling,1,0,0,0,0,0,0,0,0,0,0,0,0,0,0,0,1,0,0,0
data/external/actions/human_action_recognition/test/002677_calling.jpg,Bingsu/Human_Action_Recognition,calling,1,0,0,0,0,0,0,0,0,0,0,0,0,0,0,0,1,0,0,0
data/external/actions/human_action_recognition/test/002678_calling.jpg,Bingsu/Human_Action_Recognition,calling,1,0,0,0,0,0,0,0,0,0,0,0,0,0,0,0,1,0,0,0
data/external/actions/human_action_recognition/test/002679_calling.jpg,Bingsu/Human_Action_Recognition,calling,1,0,0,0,0,0,0,0,0,0,0,0,0,0,0,0,1,0,0,0
data/external/actions/human_action_recognition/test/002680_calling.jpg,Bingsu/Human_Action_Recognition,calling,1,0,0,0,0,0,0,0,0,0,0,0,0,0,0,0,1,0,0,0
data/external/actions/human_action_recognition/test/002681_calling.jpg,Bingsu/Human_Action_Recognition,calling,1,0,0,0,0,0,0,0,0,0,0,0,0,0,0,0,1,0,0,0
data/external/actions/human_action_recognition/test/002682_calling.jpg,Bingsu/Human_Action_Recognition,calling,1,0,0,0,0,0,0,0,0,0,0,0,0,0,0,0,1,0,0,0
data/external/actions/human_action_recognition/test/002683_calling.jpg,Bingsu/Human_Action_Recognition,calling,1,0,0,0,0,0,0,0,0,0,0,0,0,0,0,0,1,0,0,0
data/external/actions/human_action_recognition/test/002684_calling.jpg,Bingsu/Human_Action_Recognition,calling,1,0,0,0,0,0,0,0,0,0,0,0,0,0,0,0,1,0,0,0
data/external/actions/human_action_recognition/test/002685_calling.jpg,Bingsu/Human_Action_Recognition,calling,1,0,0,0,0,0,0,0,0,0,0,0,0,0,0,0,1,0,0,0
data/external/actions/human_action_recognition/test/002686_calling.jpg,Bingsu/Human_Action_Recognition,calling,1,0,0,0,0,0,0,0,0,0,0,0,0,0,0,0,1,0,0,0
data/external/actions/human_action_recognition/test/002687_calling.jpg,Bingsu/Human_Action_Recognition,calling,1,0,0,0,0,0,0,0,0,0,0,0,0,0,0,0,1,0,0,0
data/external/actions/human_action_recognition/test/002688_calling.jpg,Bingsu/Human_Action_Recognition,calling,1,0,0,0,0,0,0,0,0,0,0,0,0,0,0,0,1,0,0,0
data/external/actions/human_action_recognition/test/002689_calling.jpg,Bingsu/Human_Action_Recognition,calling,1,0,0,0,0,0,0,0,0,0,0,0,0,0,0,0,1,0,0,0
data/external/actions/human_action_recognition/test/002690_calling.jpg,Bingsu/Human_Action_Recognition,calling,1,0,0,0,0,0,0,0,0,0,0,0,0,0,0,0,1,0,0,0
data/external/actions/human_action_recognition/test/002691_calling.jpg,Bingsu/Human_Action_Recognition,calling,1,0,0,0,0,0,0,0,0,0,0,0,0,0,0,0,1,0,0,0
data/external/actions/human_action_recognition/test/002692_calling.jpg,Bingsu/Human_Action_Recognition,calling,1,0,0,0,0,0,0,0,0,0,0,0,0,0,0,0,1,0,0,0
data/external/actions/human_action_recognition/test/002693_calling.jpg,Bingsu/Human_Action_Recognition,calling,1,0,0,0,0,0,0,0,0,0,0,0,0,0,0,0,1,0,0,0
data/external/actions/human_action_recognition/test/002694_calling.jpg,Bingsu/Human_Action_Recognition,calling,1,0,0,0,0,0,0,0,0,0,0,0,0,0,0,0,1,0,0,0
data/external/actions/human_action_recognition/test/002695_calling.jpg,Bingsu/Human_Action_Recognition,calling,1,0,0,0,0,0,0,0,0,0,0,0,0,0,0,0,1,0,0,0
data/external/actions/human_action_recognition/test/002696_calling.jpg,Bingsu/Human_Action_Recognition,calling,1,0,0,0,0,0,0,0,0,0,0,0,0,0,0,0,1,0,0,0
data/external/actions/human_action_recognition/test/002697_calling.jpg,Bingsu/Human_Action_Recognition,calling,1,0,0,0,0,0,0,0,0,0,0,0,0,0,0,0,1,0,0,0
data/external/actions/human_action_recognition/test/002698_calling.jpg,Bingsu/Human_Action_Recognition,calling,1,0,0,0,0,0,0,0,0,0,0,0,0,0,0,0,1,0,0,0
data/external/actions/human_action_recognition/test/002699_calling.jpg,Bingsu/Human_Action_Recognition,calling,1,0,0,0,0,0,0,0,0,0,0,0,0,0,0,0,1,0,0,0
data/external/actions/human_action_recognition/test/002700_calling.jpg,Bingsu/Human_Action_Recognition,calling,1,0,0,0,0,0,0,0,0,0,0,0,0,0,0,0,1,0,0,0
data/external/actions/human_action_recognition/test/002701_calling.jpg,Bingsu/Human_Action_Recognition,calling,1,0,0,0,0,0,0,0,0,0,0,0,0,0,0,0,1,0,0,0
data/external/actions/human_action_recognition/test/002702_calling.jpg,Bingsu/Human_Action_Recognition,calling,1,0,0,0,0,0,0,0,0,0,0,0,0,0,0,0,1,0,0,0
data/external/actions/human_action_recognition/test/002703_calling.jpg,Bingsu/Human_Action_Recognition,calling,1,0,0,0,0,0,0,0,0,0,0,0,0,0,0,0,1,0,0,0
data/external/actions/human_action_recognition/test/002704_calling.jpg,Bingsu/Human_Action_Recognition,calling,1,0,0,0,0,0,0,0,0,0,0,0,0,0,0,0,1,0,0,0
data/external/actions/human_action_recognition/test/002705_calling.jpg,Bingsu/Human_Action_Recognition,calling,1,0,0,0,0,0,0,0,0,0,0,0,0,0,0,0,1,0,0,0
data/external/actions/human_action_recognition/test/002706_calling.jpg,Bingsu/Human_Action_Recognition,calling,1,0,0,0,0,0,0,0,0,0,0,0,0,0,0,0,1,0,0,0
data/external/actions/human_action_recognition/test/002707_calling.jpg,Bingsu/Human_Action_Recognition,calling,1,0,0,0,0,0,0,0,0,0,0,0,0,0,0,0,1,0,0,0
data/external/actions/human_action_recognition/test/002708_calling.jpg,Bingsu/Human_Action_Recognition,calling,1,0,0,0,0,0,0,0,0,0,0,0,0,0,0,0,1,0,0,0
data/external/actions/human_action_recognition/test/002709_calling.jpg,Bingsu/Human_Action_Recognition,calling,1,0,0,0,0,0,0,0,0,0,0,0,0,0,0,0,1,0,0,0
data/external/actions/human_action_recognition/test/002710_calling.jpg,Bingsu/Human_Action_Recognition,calling,1,0,0,0,0,0,0,0,0,0,0,0,0,0,0,0,1,0,0,0
data/external/actions/human_action_recognition/test/002711_calling.jpg,Bingsu/Human_Action_Recognition,calling,1,0,0,0,0,0,0,0,0,0,0,0,0,0,0,0,1,0,0,0
data/external/actions/human_action_recognition/test/002712_calling.jpg,Bingsu/Human_Action_Recognition,calling,1,0,0,0,0,0,0,0,0,0,0,0,0,0,0,0,1,0,0,0
data/external/actions/human_action_recognition/test/002713_calling.jpg,Bingsu/Human_Action_Recognition,calling,1,0,0,0,0,0,0,0,0,0,0,0,0,0,0,0,1,0,0,0
data/external/actions/human_action_recognition/test/002714_calling.jpg,Bingsu/Human_Action_Recognition,calling,1,0,0,0,0,0,0,0,0,0,0,0,0,0,0,0,1,0,0,0
data/external/actions/human_action_recognition/test/002715_calling.jpg,Bingsu/Human_Action_Recognition,calling,1,0,0,0,0,0,0,0,0,0,0,0,0,0,0,0,1,0,0,0
data/external/actions/human_action_recognition/test/002716_calling.jpg,Bingsu/Human_Action_Recognition,calling,1,0,0,0,0,0,0,0,0,0,0,0,0,0,0,0,1,0,0,0
data/external/actions/human_action_recognition/test/002717_calling.jpg,Bingsu/Human_Action_Recognition,calling,1,0,0,0,0,0,0,0,0,0,0,0,0,0,0,0,1,0,0,0
data/external/actions/human_action_recognition/test/002718_calling.jpg,Bingsu/Human_Action_Recognition,calling,1,0,0,0,0,0,0,0,0,0,0,0,0,0,0,0,1,0,0,0
data/external/actions/human_action_recognition/test/002719_calling.jpg,Bingsu/Human_Action_Recognition,calling,1,0,0,0,0,0,0,0,0,0,0,0,0,0,0,0,1,0,0,0
data/external/actions/human_action_recognition/test/002720_calling.jpg,Bingsu/Human_Action_Recognition,calling,1,0,0,0,0,0,0,0,0,0,0,0,0,0,0,0,1,0,0,0
data/external/actions/human_action_recognition/test/002721_calling.jpg,Bingsu/Human_Action_Recognition,calling,1,0,0,0,0,0,0,0,0,0,0,0,0,0,0,0,1,0,0,0
data/external/actions/human_action_recognition/test/002722_calling.jpg,Bingsu/Human_Action_Recognition,calling,1,0,0,0,0,0,0,0,0,0,0,0,0,0,0,0,1,0,0,0
data/external/actions/human_action_recognition/test/002723_calling.jpg,Bingsu/Human_Action_Recognition,calling,1,0,0,0,0,0,0,0,0,0,0,0,0,0,0,0,1,0,0,0
data/external/actions/human_action_recognition/test/002724_calling.jpg,Bingsu/Human_Action_Recognition,calling,1,0,0,0,0,0,0,0,0,0,0,0,0,0,0,0,1,0,0,0
data/external/actions/human_action_recognition/test/002725_calling.jpg,Bingsu/Human_Action_Recognition,calling,1,0,0,0,0,0,0,0,0,0,0,0,0,0,0,0,1,0,0,0
data/external/actions/human_action_recognition/test/002726_calling.jpg,Bingsu/Human_Action_Recognition,calling,1,0,0,0,0,0,0,0,0,0,0,0,0,0,0,0,1,0,0,0
data/external/actions/human_action_recognition/test/002727_calling.jpg,Bingsu/Human_Action_Recognition,calling,1,0,0,0,0,0,0,0,0,0,0,0,0,0,0,0,1,0,0,0
data/external/actions/human_action_recognition/test/002728_calling.jpg,Bingsu/Human_Action_Recognition,calling,1,0,0,0,0,0,0,0,0,0,0,0,0,0,0,0,1,0,0,0
data/external/actions/human_action_recognition/test/002729_calling.jpg,Bingsu/Human_Action_Recognition,calling,1,0,0,0,0,0,0,0,0,0,0,0,0,0,0,0,1,0,0,0
data/external/actions/human_action_recognition/test/002730_calling.jpg,Bingsu/Human_Action_Recognition,calling,1,0,0,0,0,0,0,0,0,0,0,0,0,0,0,0,1,0,0,0
data/external/actions/human_action_recognition/test/002731_calling.jpg,Bingsu/Human_Action_Recognition,calling,1,0,0,0,0,0,0,0,0,0,0,0,0,0,0,0,1,0,0,0
data/external/actions/human_action_recognition/test/002732_calling.jpg,Bingsu/Human_Action_Recognition,calling,1,0,0,0,0,0,0,0,0,0,0,0,0,0,0,0,1,0,0,0
data/external/actions/human_action_recognition/test/002733_calling.jpg,Bingsu/Human_Action_Recognition,calling,1,0,0,0,0,0,0,0,0,0,0,0,0,0,0,0,1,0,0,0
data/external/actions/human_action_recognition/test/002734_calling.jpg,Bingsu/Human_Action_Recognition,calling,1,0,0,0,0,0,0,0,0,0,0,0,0,0,0,0,1,0,0,0
data/external/actions/human_action_recognition/test/002735_calling.jpg,Bingsu/Human_Action_Recognition,calling,1,0,0,0,0,0,0,0,0,0,0,0,0,0,0,0,1,0,0,0
data/external/actions/human_action_recognition/test/002736_calling.jpg,Bingsu/Human_Action_Recognition,calling,1,0,0,0,0,0,0,0,0,0,0,0,0,0,0,0,1,0,0,0
data/external/actions/human_action_recognition/test/002737_calling.jpg,Bingsu/Human_Action_Recognition,calling,1,0,0,0,0,0,0,0,0,0,0,0,0,0,0,0,1,0,0,0
data/external/actions/human_action_recognition/test/002738_calling.jpg,Bingsu/Human_Action_Recognition,calling,1,0,0,0,0,0,0,0,0,0,0,0,0,0,0,0,1,0,0,0
data/external/actions/human_action_recognition/test/002739_calling.jpg,Bingsu/Human_Action_Recognition,calling,1,0,0,0,0,0,0,0,0,0,0,0,0,0,0,0,1,0,0,0
data/external/actions/human_action_recognition/test/002740_calling.jpg,Bingsu/Human_Action_Recognition,calling,1,0,0,0,0,0,0,0,0,0,0,0,0,0,0,0,1,0,0,0
data/external/actions/human_action_recognition/test/002741_calling.jpg,Bingsu/Human_Action_Recognition,calling,1,0,0,0,0,0,0,0,0,0,0,0,0,0,0,0,1,0,0,0
data/external/actions/human_action_recognition/test/002742_calling.jpg,Bingsu/Human_Action_Recognition,calling,1,0,0,0,0,0,0,0,0,0,0,0,0,0,0,0,1,0,0,0
data/external/actions/human_action_recognition/test/002743_calling.jpg,Bingsu/Human_Action_Recognition,calling,1,0,0,0,0,0,0,0,0,0,0,0,0,0,0,0,1,0,0,0
data/external/actions/human_action_recognition/test/002744_calling.jpg,Bingsu/Human_Action_Recognition,calling,1,0,0,0,0,0,0,0,0,0,0,0,0,0,0,0,1,0,0,0
data/external/actions/human_action_recognition/test/002745_calling.jpg,Bingsu/Human_Action_Recognition,calling,1,0,0,0,0,0,0,0,0,0,0,0,0,0,0,0,1,0,0,0
data/external/actions/human_action_recognition/test/002746_calling.jpg,Bingsu/Human_Action_Recognition,calling,1,0,0,0,0,0,0,0,0,0,0,0,0,0,0,0,1,0,0,0
data/external/actions/human_action_recognition/test/002747_calling.jpg,Bingsu/Human_Action_Recognition,calling,1,0,0,0,0,0,0,0,0,0,0,0,0,0,0,0,1,0,0,0
data/external/actions/human_action_recognition/test/002748_calling.jpg,Bingsu/Human_Action_Recognition,calling,1,0,0,0,0,0,0,0,0,0,0,0,0,0,0,0,1,0,0,0
data/external/actions/human_action_recognition/test/002749_calling.jpg,Bingsu/Human_Action_Recognition,calling,1,0,0,0,0,0,0,0,0,0,0,0,0,0,0,0,1,0,0,0
data/external/actions/human_action_recognition/test/002750_calling.jpg,Bingsu/Human_Action_Recognition,calling,1,0,0,0,0,0,0,0,0,0,0,0,0,0,0,0,1,0,0,0
data/external/actions/human_action_recognition/test/002751_calling.jpg,Bingsu/Human_Action_Recognition,calling,1,0,0,0,0,0,0,0,0,0,0,0,0,0,0,0,1,0,0,0
data/external/actions/human_action_recognition/test/002752_calling.jpg,Bingsu/Human_Action_Recognition,calling,1,0,0,0,0,0,0,0,0,0,0,0,0,0,0,0,1,0,0,0
data/external/actions/human_action_recognition/test/002753_calling.jpg,Bingsu/Human_Action_Recognition,calling,1,0,0,0,0,0,0,0,0,0,0,0,0,0,0,0,1,0,0,0
data/external/actions/human_action_recognition/test/002754_calling.jpg,Bingsu/Human_Action_Recognition,calling,1,0,0,0,0,0,0,0,0,0,0,0,0,0,0,0,1,0,0,0
data/external/actions/human_action_recognition/test/002755_calling.jpg,Bingsu/Human_Action_Recognition,calling,1,0,0,0,0,0,0,0,0,0,0,0,0,0,0,0,1,0,0,0
data/external/actions/human_action_recognition/test/002756_calling.jpg,Bingsu/Human_Action_Recognition,calling,1,0,0,0,0,0,0,0,0,0,0,0,0,0,0,0,1,0,0,0
data/external/actions/human_action_recognition/test/002757_calling.jpg,Bingsu/Human_Action_Recognition,calling,1,0,0,0,0,0,0,0,0,0,0,0,0,0,0,0,1,0,0,0
data/external/actions/human_action_recognition/test/002758_calling.jpg,Bingsu/Human_Action_Recognition,calling,1,0,0,0,0,0,0,0,0,0,0,0,0,0,0,0,1,0,0,0
data/external/actions/human_action_recognition/test/002759_calling.jpg,Bingsu/Human_Action_Recognition,calling,1,0,0,0,0,0,0,0,0,0,0,0,0,0,0,0,1,0,0,0
data/external/actions/human_action_recognition/test/002760_calling.jpg,Bingsu/Human_Action_Recognition,calling,1,0,0,0,0,0,0,0,0,0,0,0,0,0,0,0,1,0,0,0
data/external/actions/human_action_recognition/test/002761_calling.jpg,Bingsu/Human_Action_Recognition,calling,1,0,0,0,0,0,0,0,0,0,0,0,0,0,0,0,1,0,0,0
data/external/actions/human_action_recognition/test/002762_calling.jpg,Bingsu/Human_Action_Recognition,calling,1,0,0,0,0,0,0,0,0,0,0,0,0,0,0,0,1,0,0,0
data/external/actions/human_action_recognition/test/002763_calling.jpg,Bingsu/Human_Action_Recognition,calling,1,0,0,0,0,0,0,0,0,0,0,0,0,0,0,0,1,0,0,0
data/external/actions/human_action_recognition/test/002764_calling.jpg,Bingsu/Human_Action_Recognition,calling,1,0,0,0,0,0,0,0,0,0,0,0,0,0,0,0,1,0,0,0
data/external/actions/human_action_recognition/test/002765_calling.jpg,Bingsu/Human_Action_Recognition,calling,1,0,0,0,0,0,0,0,0,0,0,0,0,0,0,0,1,0,0,0
data/external/actions/human_action_recognition/test/002766_calling.jpg,Bingsu/Human_Action_Recognition,calling,1,0,0,0,0,0,0,0,0,0,0,0,0,0,0,0,1,0,0,0
data/external/actions/human_action_recognition/test/002767_calling.jpg,Bingsu/Human_Action_Recognition,calling,1,0,0,0,0,0,0,0,0,0,0,0,0,0,0,0,1,0,0,0
data/external/actions/human_action_recognition/test/002768_calling.jpg,Bingsu/Human_Action_Recognition,calling,1,0,0,0,0,0,0,0,0,0,0,0,0,0,0,0,1,0,0,0
data/external/actions/human_action_recognition/test/002769_calling.jpg,Bingsu/Human_Action_Recognition,calling,1,0,0,0,0,0,0,0,0,0,0,0,0,0,0,0,1,0,0,0
data/external/actions/human_action_recognition/test/002770_calling.jpg,Bingsu/Human_Action_Recognition,calling,1,0,0,0,0,0,0,0,0,0,0,0,0,0,0,0,1,0,0,0
data/external/actions/human_action_recognition/test/002771_calling.jpg,Bingsu/Human_Action_Recognition,calling,1,0,0,0,0,0,0,0,0,0,0,0,0,0,0,0,1,0,0,0
data/external/actions/human_action_recognition/test/002772_calling.jpg,Bingsu/Human_Action_Recognition,calling,1,0,0,0,0,0,0,0,0,0,0,0,0,0,0,0,1,0,0,0
data/external/actions/human_action_recognition/test/002773_calling.jpg,Bingsu/Human_Action_Recognition,calling,1,0,0,0,0,0,0,0,0,0,0,0,0,0,0,0,1,0,0,0
data/external/actions/human_action_recognition/test/002774_calling.jpg,Bingsu/Human_Action_Recognition,calling,1,0,0,0,0,0,0,0,0,0,0,0,0,0,0,0,1,0,0,0
data/external/actions/human_action_recognition/test/002775_calling.jpg,Bingsu/Human_Action_Recognition,calling,1,0,0,0,0,0,0,0,0,0,0,0,0,0,0,0,1,0,0,0
data/external/actions/human_action_recognition/test/002776_calling.jpg,Bingsu/Human_Action_Recognition,calling,1,0,0,0,0,0,0,0,0,0,0,0,0,0,0,0,1,0,0,0
data/external/actions/human_action_recognition/test/002777_calling.jpg,Bingsu/Human_Action_Recognition,calling,1,0,0,0,0,0,0,0,0,0,0,0,0,0,0,0,1,0,0,0
data/external/actions/human_action_recognition/test/002778_calling.jpg,Bingsu/Human_Action_Recognition,calling,1,0,0,0,0,0,0,0,0,0,0,0,0,0,0,0,1,0,0,0
data/external/actions/human_action_recognition/test/002779_calling.jpg,Bingsu/Human_Action_Recognition,calling,1,0,0,0,0,0,0,0,0,0,0,0,0,0,0,0,1,0,0,0
data/external/actions/human_action_recognition/test/002780_calling.jpg,Bingsu/Human_Action_Recognition,calling,1,0,0,0,0,0,0,0,0,0,0,0,0,0,0,0,1,0,0,0
data/external/actions/human_action_recognition/test/002781_calling.jpg,Bingsu/Human_Action_Recognition,calling,1,0,0,0,0,0,0,0,0,0,0,0,0,0,0,0,1,0,0,0
data/external/actions/human_action_recognition/test/002782_calling.jpg,Bingsu/Human_Action_Recognition,calling,1,0,0,0,0,0,0,0,0,0,0,0,0,0,0,0,1,0,0,0
data/external/actions/human_action_recognition/test/002783_calling.jpg,Bingsu/Human_Action_Recognition,calling,1,0,0,0,0,0,0,0,0,0,0,0,0,0,0,0,1,0,0,0
data/external/actions/human_action_recognition/test/002784_calling.jpg,Bingsu/Human_Action_Recognition,calling,1,0,0,0,0,0,0,0,0,0,0,0,0,0,0,0,1,0,0,0
data/external/actions/human_action_recognition/test/002785_calling.jpg,Bingsu/Human_Action_Recognition,calling,1,0,0,0,0,0,0,0,0,0,0,0,0,0,0,0,1,0,0,0
data/external/actions/human_action_recognition/test/002786_calling.jpg,Bingsu/Human_Action_Recognition,calling,1,0,0,0,0,0,0,0,0,0,0,0,0,0,0,0,1,0,0,0
data/external/actions/human_action_recognition/test/002787_calling.jpg,Bingsu/Human_Action_Recognition,calling,1,0,0,0,0,0,0,0,0,0,0,0,0,0,0,0,1,0,0,0
data/external/actions/human_action_recognition/test/002788_calling.jpg,Bingsu/Human_Action_Recognition,calling,1,0,0,0,0,0,0,0,0,0,0,0,0,0,0,0,1,0,0,0
data/external/actions/human_action_recognition/test/002789_calling.jpg,Bingsu/Human_Action_Recognition,calling,1,0,0,0,0,0,0,0,0,0,0,0,0,0,0,0,1,0,0,0
data/external/actions/human_action_recognition/test/002790_calling.jpg,Bingsu/Human_Action_Recognition,calling,1,0,0,0,0,0,0,0,0,0,0,0,0,0,0,0,1,0,0,0
data/external/actions/human_action_recognition/test/002791_calling.jpg,Bingsu/Human_Action_Recognition,calling,1,0,0,0,0,0,0,0,0,0,0,0,0,0,0,0,1,0,0,0
data/external/actions/human_action_recognition/test/002792_calling.jpg,Bingsu/Human_Action_Recognition,calling,1,0,0,0,0,0,0,0,0,0,0,0,0,0,0,0,1,0,0,0
data/external/actions/human_action_recognition/test/002793_calling.jpg,Bingsu/Human_Action_Recognition,calling,1,0,0,0,0,0,0,0,0,0,0,0,0,0,0,0,1,0,0,0
data/external/actions/human_action_recognition/test/002794_calling.jpg,Bingsu/Human_Action_Recognition,calling,1,0,0,0,0,0,0,0,0,0,0,0,0,0,0,0,1,0,0,0
data/external/actions/human_action_recognition/test/002795_calling.jpg,Bingsu/Human_Action_Recognition,calling,1,0,0,0,0,0,0,0,0,0,0,0,0,0,0,0,1,0,0,0
data/external/actions/human_action_recognition/test/002796_calling.jpg,Bingsu/Human_Action_Recognition,calling,1,0,0,0,0,0,0,0,0,0,0,0,0,0,0,0,1,0,0,0
data/external/actions/human_action_recognition/test/002797_calling.jpg,Bingsu/Human_Action_Recognition,calling,1,0,0,0,0,0,0,0,0,0,0,0,0,0,0,0,1,0,0,0
data/external/actions/human_action_recognition/test/002798_calling.jpg,Bingsu/Human_Action_Recognition,calling,1,0,0,0,0,0,0,0,0,0,0,0,0,0,0,0,1,0,0,0
data/external/actions/human_action_recognition/test/002799_calling.jpg,Bingsu/Human_Action_Recognition,calling,1,0,0,0,0,0,0,0,0,0,0,0,0,0,0,0,1,0,0,0
data/external/actions/human_action_recognition/test/002800_calling.jpg,Bingsu/Human_Action_Recognition,calling,1,0,0,0,0,0,0,0,0,0,0,0,0,0,0,0,1,0,0,0
data/external/actions/human_action_recognition/test/002801_calling.jpg,Bingsu/Human_Action_Recognition,calling,1,0,0,0,0,0,0,0,0,0,0,0,0,0,0,0,1,0,0,0
data/external/actions/human_action_recognition/test/002802_calling.jpg,Bingsu/Human_Action_Recognition,calling,1,0,0,0,0,0,0,0,0,0,0,0,0,0,0,0,1,0,0,0
data/external/actions/human_action_recognition/test/002803_calling.jpg,Bingsu/Human_Action_Recognition,calling,1,0,0,0,0,0,0,0,0,0,0,0,0,0,0,0,1,0,0,0
data/external/actions/human_action_recognition/test/002804_calling.jpg,Bingsu/Human_Action_Recognition,calling,1,0,0,0,0,0,0,0,0,0,0,0,0,0,0,0,1,0,0,0
data/external/actions/human_action_recognition/test/002805_calling.jpg,Bingsu/Human_Action_Recognition,calling,1,0,0,0,0,0,0,0,0,0,0,0,0,0,0,0,1,0,0,0
data/external/actions/human_action_recognition/test/002806_calling.jpg,Bingsu/Human_Action_Recognition,calling,1,0,0,0,0,0,0,0,0,0,0,0,0,0,0,0,1,0,0,0
data/external/actions/human_action_recognition/test/002807_calling.jpg,Bingsu/Human_Action_Recognition,calling,1,0,0,0,0,0,0,0,0,0,0,0,0,0,0,0,1,0,0,0
data/external/actions/human_action_recognition/test/002808_calling.jpg,Bingsu/Human_Action_Recognition,calling,1,0,0,0,0,0,0,0,0,0,0,0,0,0,0,0,1,0,0,0
data/external/actions/human_action_recognition/test/002809_calling.jpg,Bingsu/Human_Action_Recognition,calling,1,0,0,0,0,0,0,0,0,0,0,0,0,0,0,0,1,0,0,0
data/external/actions/human_action_recognition/test/002810_calling.jpg,Bingsu/Human_Action_Recognition,calling,1,0,0,0,0,0,0,0,0,0,0,0,0,0,0,0,1,0,0,0
data/external/actions/human_action_recognition/test/002811_calling.jpg,Bingsu/Human_Action_Recognition,calling,1,0,0,0,0,0,0,0,0,0,0,0,0,0,0,0,1,0,0,0
data/external/actions/human_action_recognition/test/002812_calling.jpg,Bingsu/Human_Action_Recognition,calling,1,0,0,0,0,0,0,0,0,0,0,0,0,0,0,0,1,0,0,0
data/external/actions/human_action_recognition/test/002813_calling.jpg,Bingsu/Human_Action_Recognition,calling,1,0,0,0,0,0,0,0,0,0,0,0,0,0,0,0,1,0,0,0
data/external/actions/human_action_recognition/test/002814_calling.jpg,Bingsu/Human_Action_Recognition,calling,1,0,0,0,0,0,0,0,0,0,0,0,0,0,0,0,1,0,0,0
data/external/actions/human_action_recognition/test/002815_calling.jpg,Bingsu/Human_Action_Recognition,calling,1,0,0,0,0,0,0,0,0,0,0,0,0,0,0,0,1,0,0,0
data/external/actions/human_action_recognition/test/002816_calling.jpg,Bingsu/Human_Action_Recognition,calling,1,0,0,0,0,0,0,0,0,0,0,0,0,0,0,0,1,0,0,0
data/external/actions/human_action_recognition/test/002817_calling.jpg,Bingsu/Human_Action_Recognition,calling,1,0,0,0,0,0,0,0,0,0,0,0,0,0,0,0,1,0,0,0
data/external/actions/human_action_recognition/test/002818_calling.jpg,Bingsu/Human_Action_Recognition,calling,1,0,0,0,0,0,0,0,0,0,0,0,0,0,0,0,1,0,0,0
data/external/actions/human_action_recognition/test/002819_calling.jpg,Bingsu/Human_Action_Recognition,calling,1,0,0,0,0,0,0,0,0,0,0,0,0,0,0,0,1,0,0,0
data/external/actions/human_action_recognition/test/002820_calling.jpg,Bingsu/Human_Action_Recognition,calling,1,0,0,0,0,0,0,0,0,0,0,0,0,0,0,0,1,0,0,0
data/external/actions/human_action_recognition/test/002821_calling.jpg,Bingsu/Human_Action_Recognition,calling,1,0,0,0,0,0,0,0,0,0,0,0,0,0,0,0,1,0,0,0
data/external/actions/human_action_recognition/test/002822_calling.jpg,Bingsu/Human_Action_Recognition,calling,1,0,0,0,0,0,0,0,0,0,0,0,0,0,0,0,1,0,0,0
data/external/actions/human_action_recognition/test/002823_calling.jpg,Bingsu/Human_Action_Recognition,calling,1,0,0,0,0,0,0,0,0,0,0,0,0,0,0,0,1,0,0,0
data/external/actions/human_action_recognition/test/002824_calling.jpg,Bingsu/Human_Action_Recognition,calling,1,0,0,0,0,0,0,0,0,0,0,0,0,0,0,0,1,0,0,0
data/external/actions/human_action_recognition/test/002825_calling.jpg,Bingsu/Human_Action_Recognition,calling,1,0,0,0,0,0,0,0,0,0,0,0,0,0,0,0,1,0,0,0
data/external/actions/human_action_recognition/test/002826_calling.jpg,Bingsu/Human_Action_Recognition,calling,1,0,0,0,0,0,0,0,0,0,0,0,0,0,0,0,1,0,0,0
data/external/actions/human_action_recognition/test/002827_calling.jpg,Bingsu/Human_Action_Recognition,calling,1,0,0,0,0,0,0,0,0,0,0,0,0,0,0,0,1,0,0,0
data/external/actions/human_action_recognition/test/002828_calling.jpg,Bingsu/Human_Action_Recognition,calling,1,0,0,0,0,0,0,0,0,0,0,0,0,0,0,0,1,0,0,0
data/external/actions/human_action_recognition/test/002829_calling.jpg,Bingsu/Human_Action_Recognition,calling,1,0,0,0,0,0,0,0,0,0,0,0,0,0,0,0,1,0,0,0
data/external/actions/human_action_recognition/test/002830_calling.jpg,Bingsu/Human_Action_Recognition,calling,1,0,0,0,0,0,0,0,0,0,0,0,0,0,0,0,1,0,0,0
data/external/actions/human_action_recognition/test/002831_calling.jpg,Bingsu/Human_Action_Recognition,calling,1,0,0,0,0,0,0,0,0,0,0,0,0,0,0,0,1,0,0,0
data/external/actions/human_action_recognition/test/002832_calling.jpg,Bingsu/Human_Action_Recognition,calling,1,0,0,0,0,0,0,0,0,0,0,0,0,0,0,0,1,0,0,0
data/external/actions/human_action_recognition/test/002833_calling.jpg,Bingsu/Human_Action_Recognition,calling,1,0,0,0,0,0,0,0,0,0,0,0,0,0,0,0,1,0,0,0
data/external/actions/human_action_recognition/test/002834_calling.jpg,Bingsu/Human_Action_Recognition,calling,1,0,0,0,0,0,0,0,0,0,0,0,0,0,0,0,1,0,0,0
data/external/actions/human_action_recognition/test/002835_calling.jpg,Bingsu/Human_Action_Recognition,calling,1,0,0,0,0,0,0,0,0,0,0,0,0,0,0,0,1,0,0,0
data/external/actions/human_action_recognition/test/002836_calling.jpg,Bingsu/Human_Action_Recognition,calling,1,0,0,0,0,0,0,0,0,0,0,0,0,0,0,0,1,0,0,0
data/external/actions/human_action_recognition/test/002837_calling.jpg,Bingsu/Human_Action_Recognition,calling,1,0,0,0,0,0,0,0,0,0,0,0,0,0,0,0,1,0,0,0
data/external/actions/human_action_recognition/test/002838_calling.jpg,Bingsu/Human_Action_Recognition,calling,1,0,0,0,0,0,0,0,0,0,0,0,0,0,0,0,1,0,0,0
data/external/actions/human_action_recognition/test/002839_calling.jpg,Bingsu/Human_Action_Recognition,calling,1,0,0,0,0,0,0,0,0,0,0,0,0,0,0,0,1,0,0,0
data/external/actions/human_action_recognition/test/002840_calling.jpg,Bingsu/Human_Action_Recognition,calling,1,0,0,0,0,0,0,0,0,0,0,0,0,0,0,0,1,0,0,0
data/external/actions/human_action_recognition/test/002841_calling.jpg,Bingsu/Human_Action_Recognition,calling,1,0,0,0,0,0,0,0,0,0,0,0,0,0,0,0,1,0,0,0
data/external/actions/human_action_recognition/test/002842_calling.jpg,Bingsu/Human_Action_Recognition,calling,1,0,0,0,0,0,0,0,0,0,0,0,0,0,0,0,1,0,0,0
data/external/actions/human_action_recognition/test/002843_calling.jpg,Bingsu/Human_Action_Recognition,calling,1,0,0,0,0,0,0,0,0,0,0,0,0,0,0,0,1,0,0,0
data/external/actions/human_action_recognition/test/002844_calling.jpg,Bingsu/Human_Action_Recognition,calling,1,0,0,0,0,0,0,0,0,0,0,0,0,0,0,0,1,0,0,0
data/external/actions/human_action_recognition/test/002845_calling.jpg,Bingsu/Human_Action_Recognition,calling,1,0,0,0,0,0,0,0,0,0,0,0,0,0,0,0,1,0,0,0
data/external/actions/human_action_recognition/test/002846_calling.jpg,Bingsu/Human_Action_Recognition,calling,1,0,0,0,0,0,0,0,0,0,0,0,0,0,0,0,1,0,0,0
data/external/actions/human_action_recognition/test/002847_calling.jpg,Bingsu/Human_Action_Recognition,calling,1,0,0,0,0,0,0,0,0,0,0,0,0,0,0,0,1,0,0,0
data/external/actions/human_action_recognition/test/002848_calling.jpg,Bingsu/Human_Action_Recognition,calling,1,0,0,0,0,0,0,0,0,0,0,0,0,0,0,0,1,0,0,0
data/external/actions/human_action_recognition/test/002849_calling.jpg,Bingsu/Human_Action_Recognition,calling,1,0,0,0,0,0,0,0,0,0,0,0,0,0,0,0,1,0,0,0
data/external/actions/human_action_recognition/test/002850_calling.jpg,Bingsu/Human_Action_Recognition,calling,1,0,0,0,0,0,0,0,0,0,0,0,0,0,0,0,1,0,0,0
data/external/actions/human_action_recognition/test/002851_calling.jpg,Bingsu/Human_Action_Recognition,calling,1,0,0,0,0,0,0,0,0,0,0,0,0,0,0,0,1,0,0,0
data/external/actions/human_action_recognition/test/002852_calling.jpg,Bingsu/Human_Action_Recognition,calling,1,0,0,0,0,0,0,0,0,0,0,0,0,0,0,0,1,0,0,0
data/external/actions/human_action_recognition/test/002853_calling.jpg,Bingsu/Human_Action_Recognition,calling,1,0,0,0,0,0,0,0,0,0,0,0,0,0,0,0,1,0,0,0
data/external/actions/human_action_recognition/test/002854_calling.jpg,Bingsu/Human_Action_Recognition,calling,1,0,0,0,0,0,0,0,0,0,0,0,0,0,0,0,1,0,0,0
data/external/actions/human_action_recognition/test/002855_calling.jpg,Bingsu/Human_Action_Recognition,calling,1,0,0,0,0,0,0,0,0,0,0,0,0,0,0,0,1,0,0,0
data/external/actions/human_action_recognition/test/002856_calling.jpg,Bingsu/Human_Action_Recognition,calling,1,0,0,0,0,0,0,0,0,0,0,0,0,0,0,0,1,0,0,0
data/external/actions/human_action_recognition/test/002857_calling.jpg,Bingsu/Human_Action_Recognition,calling,1,0,0,0,0,0,0,0,0,0,0,0,0,0,0,0,1,0,0,0
data/external/actions/human_action_recognition/test/002858_calling.jpg,Bingsu/Human_Action_Recognition,calling,1,0,0,0,0,0,0,0,0,0,0,0,0,0,0,0,1,0,0,0
data/external/actions/human_action_recognition/test/002859_calling.jpg,Bingsu/Human_Action_Recognition,calling,1,0,0,0,0,0,0,0,0,0,0,0,0,0,0,0,1,0,0,0
data/external/actions/human_action_recognition/test/002860_calling.jpg,Bingsu/Human_Action_Recognition,calling,1,0,0,0,0,0,0,0,0,0,0,0,0,0,0,0,1,0,0,0
data/external/actions/human_action_recognition/test/002861_calling.jpg,Bingsu/Human_Action_Recognition,calling,1,0,0,0,0,0,0,0,0,0,0,0,0,0,0,0,1,0,0,0
data/external/actions/human_action_recognition/test/002862_calling.jpg,Bingsu/Human_Action_Recognition,calling,1,0,0,0,0,0,0,0,0,0,0,0,0,0,0,0,1,0,0,0
data/external/actions/human_action_recognition/test/002863_calling.jpg,Bingsu/Human_Action_Recognition,calling,1,0,0,0,0,0,0,0,0,0,0,0,0,0,0,0,1,0,0,0
data/external/actions/human_action_recognition/test/002864_calling.jpg,Bingsu/Human_Action_Recognition,calling,1,0,0,0,0,0,0,0,0,0,0,0,0,0,0,0,1,0,0,0
data/external/actions/human_action_recognition/test/002865_calling.jpg,Bingsu/Human_Action_Recognition,calling,1,0,0,0,0,0,0,0,0,0,0,0,0,0,0,0,1,0,0,0
data/external/actions/human_action_recognition/test/002866_calling.jpg,Bingsu/Human_Action_Recognition,calling,1,0,0,0,0,0,0,0,0,0,0,0,0,0,0,0,1,0,0,0
data/external/actions/human_action_recognition/test/002867_calling.jpg,Bingsu/Human_Action_Recognition,calling,1,0,0,0,0,0,0,0,0,0,0,0,0,0,0,0,1,0,0,0
data/external/actions/human_action_recognition/test/002868_calling.jpg,Bingsu/Human_Action_Recognition,calling,1,0,0,0,0,0,0,0,0,0,0,0,0,0,0,0,1,0,0,0
data/external/actions/human_action_recognition/test/002869_calling.jpg,Bingsu/Human_Action_Recognition,calling,1,0,0,0,0,0,0,0,0,0,0,0,0,0,0,0,1,0,0,0
data/external/actions/human_action_recognition/test/002870_calling.jpg,Bingsu/Human_Action_Recognition,calling,1,0,0,0,0,0,0,0,0,0,0,0,0,0,0,0,1,0,0,0
data/external/actions/human_action_recognition/test/002871_calling.jpg,Bingsu/Human_Action_Recognition,calling,1,0,0,0,0,0,0,0,0,0,0,0,0,0,0,0,1,0,0,0
data/external/actions/human_action_recognition/test/002872_calling.jpg,Bingsu/Human_Action_Recognition,calling,1,0,0,0,0,0,0,0,0,0,0,0,0,0,0,0,1,0,0,0
data/external/actions/human_action_recognition/test/002873_calling.jpg,Bingsu/Human_Action_Recognition,calling,1,0,0,0,0,0,0,0,0,0,0,0,0,0,0,0,1,0,0,0
data/external/actions/human_action_recognition/test/002874_calling.jpg,Bingsu/Human_Action_Recognition,calling,1,0,0,0,0,0,0,0,0,0,0,0,0,0,0,0,1,0,0,0
data/external/actions/human_action_recognition/test/002875_calling.jpg,Bingsu/Human_Action_Recognition,calling,1,0,0,0,0,0,0,0,0,0,0,0,0,0,0,0,1,0,0,0
data/external/actions/human_action_recognition/test/002876_calling.jpg,Bingsu/Human_Action_Recognition,calling,1,0,0,0,0,0,0,0,0,0,0,0,0,0,0,0,1,0,0,0
data/external/actions/human_action_recognition/test/002877_calling.jpg,Bingsu/Human_Action_Recognition,calling,1,0,0,0,0,0,0,0,0,0,0,0,0,0,0,0,1,0,0,0
data/external/actions/human_action_recognition/test/002878_calling.jpg,Bingsu/Human_Action_Recognition,calling,1,0,0,0,0,0,0,0,0,0,0,0,0,0,0,0,1,0,0,0
data/external/actions/human_action_recognition/test/002879_calling.jpg,Bingsu/Human_Action_Recognition,calling,1,0,0,0,0,0,0,0,0,0,0,0,0,0,0,0,1,0,0,0
data/external/actions/human_action_recognition/test/002880_calling.jpg,Bingsu/Human_Action_Recognition,calling,1,0,0,0,0,0,0,0,0,0,0,0,0,0,0,0,1,0,0,0
data/external/actions/human_action_recognition/test/002881_calling.jpg,Bingsu/Human_Action_Recognition,calling,1,0,0,0,0,0,0,0,0,0,0,0,0,0,0,0,1,0,0,0
data/external/actions/human_action_recognition/test/002882_calling.jpg,Bingsu/Human_Action_Recognition,calling,1,0,0,0,0,0,0,0,0,0,0,0,0,0,0,0,1,0,0,0
data/external/actions/human_action_recognition/test/002883_calling.jpg,Bingsu/Human_Action_Recognition,calling,1,0,0,0,0,0,0,0,0,0,0,0,0,0,0,0,1,0,0,0
data/external/actions/human_action_recognition/test/002884_calling.jpg,Bingsu/Human_Action_Recognition,calling,1,0,0,0,0,0,0,0,0,0,0,0,0,0,0,0,1,0,0,0
data/external/actions/human_action_recognition/test/002885_calling.jpg,Bingsu/Human_Action_Recognition,calling,1,0,0,0,0,0,0,0,0,0,0,0,0,0,0,0,1,0,0,0
data/external/actions/human_action_recognition/test/002886_calling.jpg,Bingsu/Human_Action_Recognition,calling,1,0,0,0,0,0,0,0,0,0,0,0,0,0,0,0,1,0,0,0
data/external/actions/human_action_recognition/test/002887_calling.jpg,Bingsu/Human_Action_Recognition,calling,1,0,0,0,0,0,0,0,0,0,0,0,0,0,0,0,1,0,0,0
data/external/actions/human_action_recognition/test/002888_calling.jpg,Bingsu/Human_Action_Recognition,calling,1,0,0,0,0,0,0,0,0,0,0,0,0,0,0,0,1,0,0,0
data/external/actions/human_action_recognition/test/002889_calling.jpg,Bingsu/Human_Action_Recognition,calling,1,0,0,0,0,0,0,0,0,0,0,0,0,0,0,0,1,0,0,0
data/external/actions/human_action_recognition/test/002890_calling.jpg,Bingsu/Human_Action_Recognition,calling,1,0,0,0,0,0,0,0,0,0,0,0,0,0,0,0,1,0,0,0
data/external/actions/human_action_recognition/test/002891_calling.jpg,Bingsu/Human_Action_Recognition,calling,1,0,0,0,0,0,0,0,0,0,0,0,0,0,0,0,1,0,0,0
data/external/actions/human_action_recognition/test/002892_calling.jpg,Bingsu/Human_Action_Recognition,calling,1,0,0,0,0,0,0,0,0,0,0,0,0,0,0,0,1,0,0,0
data/external/actions/human_action_recognition/test/002893_calling.jpg,Bingsu/Human_Action_Recognition,calling,1,0,0,0,0,0,0,0,0,0,0,0,0,0,0,0,1,0,0,0
data/external/actions/human_action_recognition/test/002894_calling.jpg,Bingsu/Human_Action_Recognition,calling,1,0,0,0,0,0,0,0,0,0,0,0,0,0,0,0,1,0,0,0
data/external/actions/human_action_recognition/test/002895_calling.jpg,Bingsu/Human_Action_Recognition,calling,1,0,0,0,0,0,0,0,0,0,0,0,0,0,0,0,1,0,0,0
data/external/actions/human_action_recognition/test/002896_calling.jpg,Bingsu/Human_Action_Recognition,calling,1,0,0,0,0,0,0,0,0,0,0,0,0,0,0,0,1,0,0,0
data/external/actions/human_action_recognition/test/002897_calling.jpg,Bingsu/Human_Action_Recognition,calling,1,0,0,0,0,0,0,0,0,0,0,0,0,0,0,0,1,0,0,0
data/external/actions/human_action_recognition/test/002898_calling.jpg,Bingsu/Human_Action_Recognition,calling,1,0,0,0,0,0,0,0,0,0,0,0,0,0,0,0,1,0,0,0
data/external/actions/human_action_recognition/test/002899_calling.jpg,Bingsu/Human_Action_Recognition,calling,1,0,0,0,0,0,0,0,0,0,0,0,0,0,0,0,1,0,0,0
data/external/actions/human_action_recognition/test/002900_calling.jpg,Bingsu/Human_Action_Recognition,calling,1,0,0,0,0,0,0,0,0,0,0,0,0,0,0,0,1,0,0,0
data/external/actions/human_action_recognition/test/002901_calling.jpg,Bingsu/Human_Action_Recognition,calling,1,0,0,0,0,0,0,0,0,0,0,0,0,0,0,0,1,0,0,0
data/external/actions/human_action_recognition/test/002902_calling.jpg,Bingsu/Human_Action_Recognition,calling,1,0,0,0,0,0,0,0,0,0,0,0,0,0,0,0,1,0,0,0
data/external/actions/human_action_recognition/test/002903_calling.jpg,Bingsu/Human_Action_Recognition,calling,1,0,0,0,0,0,0,0,0,0,0,0,0,0,0,0,1,0,0,0
data/external/actions/human_action_recognition/test/002904_calling.jpg,Bingsu/Human_Action_Recognition,calling,1,0,0,0,0,0,0,0,0,0,0,0,0,0,0,0,1,0,0,0
data/external/actions/human_action_recognition/test/002905_calling.jpg,Bingsu/Human_Action_Recognition,calling,1,0,0,0,0,0,0,0,0,0,0,0,0,0,0,0,1,0,0,0
data/external/actions/human_action_recognition/test/002906_calling.jpg,Bingsu/Human_Action_Recognition,calling,1,0,0,0,0,0,0,0,0,0,0,0,0,0,0,0,1,0,0,0
data/external/actions/human_action_recognition/test/002907_calling.jpg,Bingsu/Human_Action_Recognition,calling,1,0,0,0,0,0,0,0,0,0,0,0,0,0,0,0,1,0,0,0
data/external/actions/human_action_recognition/test/002908_calling.jpg,Bingsu/Human_Action_Recognition,calling,1,0,0,0,0,0,0,0,0,0,0,0,0,0,0,0,1,0,0,0
data/external/actions/human_action_recognition/test/002909_calling.jpg,Bingsu/Human_Action_Recognition,calling,1,0,0,0,0,0,0,0,0,0,0,0,0,0,0,0,1,0,0,0
data/external/actions/human_action_recognition/test/002910_calling.jpg,Bingsu/Human_Action_Recognition,calling,1,0,0,0,0,0,0,0,0,0,0,0,0,0,0,0,1,0,0,0
data/external/actions/human_action_recognition/test/002911_calling.jpg,Bingsu/Human_Action_Recognition,calling,1,0,0,0,0,0,0,0,0,0,0,0,0,0,0,0,1,0,0,0
data/external/actions/human_action_recognition/test/002912_calling.jpg,Bingsu/Human_Action_Recognition,calling,1,0,0,0,0,0,0,0,0,0,0,0,0,0,0,0,1,0,0,0
data/external/actions/human_action_recognition/test/002913_calling.jpg,Bingsu/Human_Action_Recognition,calling,1,0,0,0,0,0,0,0,0,0,0,0,0,0,0,0,1,0,0,0
data/external/actions/human_action_recognition/test/002914_calling.jpg,Bingsu/Human_Action_Recognition,calling,1,0,0,0,0,0,0,0,0,0,0,0,0,0,0,0,1,0,0,0
data/external/actions/human_action_recognition/test/002915_calling.jpg,Bingsu/Human_Action_Recognition,calling,1,0,0,0,0,0,0,0,0,0,0,0,0,0,0,0,1,0,0,0
data/external/actions/human_action_recognition/test/002916_calling.jpg,Bingsu/Human_Action_Recognition,calling,1,0,0,0,0,0,0,0,0,0,0,0,0,0,0,0,1,0,0,0
data/external/actions/human_action_recognition/test/002917_calling.jpg,Bingsu/Human_Action_Recognition,calling,1,0,0,0,0,0,0,0,0,0,0,0,0,0,0,0,1,0,0,0
data/external/actions/human_action_recognition/test/002918_calling.jpg,Bingsu/Human_Action_Recognition,calling,1,0,0,0,0,0,0,0,0,0,0,0,0,0,0,0,1,0,0,0
data/external/actions/human_action_recognition/test/002919_calling.jpg,Bingsu/Human_Action_Recognition,calling,1,0,0,0,0,0,0,0,0,0,0,0,0,0,0,0,1,0,0,0
data/external/actions/human_action_recognition/test/002920_calling.jpg,Bingsu/Human_Action_Recognition,calling,1,0,0,0,0,0,0,0,0,0,0,0,0,0,0,0,1,0,0,0
data/external/actions/human_action_recognition/test/002921_calling.jpg,Bingsu/Human_Action_Recognition,calling,1,0,0,0,0,0,0,0,0,0,0,0,0,0,0,0,1,0,0,0
data/external/actions/human_action_recognition/test/002922_calling.jpg,Bingsu/Human_Action_Recognition,calling,1,0,0,0,0,0,0,0,0,0,0,0,0,0,0,0,1,0,0,0
data/external/actions/human_action_recognition/test/002923_calling.jpg,Bingsu/Human_Action_Recognition,calling,1,0,0,0,0,0,0,0,0,0,0,0,0,0,0,0,1,0,0,0
data/external/actions/human_action_recognition/test/002924_calling.jpg,Bingsu/Human_Action_Recognition,calling,1,0,0,0,0,0,0,0,0,0,0,0,0,0,0,0,1,0,0,0
data/external/actions/human_action_recognition/test/002925_calling.jpg,Bingsu/Human_Action_Recognition,calling,1,0,0,0,0,0,0,0,0,0,0,0,0,0,0,0,1,0,0,0
data/external/actions/human_action_recognition/test/002926_calling.jpg,Bingsu/Human_Action_Recognition,calling,1,0,0,0,0,0,0,0,0,0,0,0,0,0,0,0,1,0,0,0
data/external/actions/human_action_recognition/test/002927_calling.jpg,Bingsu/Human_Action_Recognition,calling,1,0,0,0,0,0,0,0,0,0,0,0,0,0,0,0,1,0,0,0
data/external/actions/human_action_recognition/test/002928_calling.jpg,Bingsu/Human_Action_Recognition,calling,1,0,0,0,0,0,0,0,0,0,0,0,0,0,0,0,1,0,0,0
data/external/actions/human_action_recognition/test/002929_calling.jpg,Bingsu/Human_Action_Recognition,calling,1,0,0,0,0,0,0,0,0,0,0,0,0,0,0,0,1,0,0,0
data/external/actions/human_action_recognition/test/002930_calling.jpg,Bingsu/Human_Action_Recognition,calling,1,0,0,0,0,0,0,0,0,0,0,0,0,0,0,0,1,0,0,0
data/external/actions/human_action_recognition/test/002931_calling.jpg,Bingsu/Human_Action_Recognition,calling,1,0,0,0,0,0,0,0,0,0,0,0,0,0,0,0,1,0,0,0
data/external/actions/human_action_recognition/test/002932_calling.jpg,Bingsu/Human_Action_Recognition,calling,1,0,0,0,0,0,0,0,0,0,0,0,0,0,0,0,1,0,0,0
data/external/actions/human_action_recognition/test/002933_calling.jpg,Bingsu/Human_Action_Recognition,calling,1,0,0,0,0,0,0,0,0,0,0,0,0,0,0,0,1,0,0,0
data/external/actions/human_action_recognition/test/002934_calling.jpg,Bingsu/Human_Action_Recognition,calling,1,0,0,0,0,0,0,0,0,0,0,0,0,0,0,0,1,0,0,0
data/external/actions/human_action_recognition/test/002935_calling.jpg,Bingsu/Human_Action_Recognition,calling,1,0,0,0,0,0,0,0,0,0,0,0,0,0,0,0,1,0,0,0
data/external/actions/human_action_recognition/test/002936_calling.jpg,Bingsu/Human_Action_Recognition,calling,1,0,0,0,0,0,0,0,0,0,0,0,0,0,0,0,1,0,0,0
data/external/actions/human_action_recognition/test/002937_calling.jpg,Bingsu/Human_Action_Recognition,calling,1,0,0,0,0,0,0,0,0,0,0,0,0,0,0,0,1,0,0,0
data/external/actions/human_action_recognition/test/002938_calling.jpg,Bingsu/Human_Action_Recognition,calling,1,0,0,0,0,0,0,0,0,0,0,0,0,0,0,0,1,0,0,0
data/external/actions/human_action_recognition/test/002939_calling.jpg,Bingsu/Human_Action_Recognition,calling,1,0,0,0,0,0,0,0,0,0,0,0,0,0,0,0,1,0,0,0
data/external/actions/human_action_recognition/test/002940_calling.jpg,Bingsu/Human_Action_Recognition,calling,1,0,0,0,0,0,0,0,0,0,0,0,0,0,0,0,1,0,0,0
data/external/actions/human_action_recognition/test/002941_calling.jpg,Bingsu/Human_Action_Recognition,calling,1,0,0,0,0,0,0,0,0,0,0,0,0,0,0,0,1,0,0,0
data/external/actions/human_action_recognition/test/002942_calling.jpg,Bingsu/Human_Action_Recognition,calling,1,0,0,0,0,0,0,0,0,0,0,0,0,0,0,0,1,0,0,0
data/external/actions/human_action_recognition/test/002943_calling.jpg,Bingsu/Human_Action_Recognition,calling,1,0,0,0,0,0,0,0,0,0,0,0,0,0,0,0,1,0,0,0
data/external/actions/human_action_recognition/test/002944_calling.jpg,Bingsu/Human_Action_Recognition,calling,1,0,0,0,0,0,0,0,0,0,0,0,0,0,0,0,1,0,0,0
data/external/actions/human_action_recognition/test/002945_calling.jpg,Bingsu/Human_Action_Recognition,calling,1,0,0,0,0,0,0,0,0,0,0,0,0,0,0,0,1,0,0,0
data/external/actions/human_action_recognition/test/002946_calling.jpg,Bingsu/Human_Action_Recognition,calling,1,0,0,0,0,0,0,0,0,0,0,0,0,0,0,0,1,0,0,0
data/external/actions/human_action_recognition/test/002947_calling.jpg,Bingsu/Human_Action_Recognition,calling,1,0,0,0,0,0,0,0,0,0,0,0,0,0,0,0,1,0,0,0
data/external/actions/human_action_recognition/test/002948_calling.jpg,Bingsu/Human_Action_Recognition,calling,1,0,0,0,0,0,0,0,0,0,0,0,0,0,0,0,1,0,0,0
data/external/actions/human_action_recognition/test/002949_calling.jpg,Bingsu/Human_Action_Recognition,calling,1,0,0,0,0,0,0,0,0,0,0,0,0,0,0,0,1,0,0,0
data/external/actions/human_action_recognition/test/002950_calling.jpg,Bingsu/Human_Action_Recognition,calling,1,0,0,0,0,0,0,0,0,0,0,0,0,0,0,0,1,0,0,0
data/external/actions/human_action_recognition/test/002951_calling.jpg,Bingsu/Human_Action_Recognition,calling,1,0,0,0,0,0,0,0,0,0,0,0,0,0,0,0,1,0,0,0
data/external/actions/human_action_recognition/test/002952_calling.jpg,Bingsu/Human_Action_Recognition,calling,1,0,0,0,0,0,0,0,0,0,0,0,0,0,0,0,1,0,0,0
data/external/actions/human_action_recognition/test/002953_calling.jpg,Bingsu/Human_Action_Recognition,calling,1,0,0,0,0,0,0,0,0,0,0,0,0,0,0,0,1,0,0,0
data/external/actions/human_action_recognition/test/002954_calling.jpg,Bingsu/Human_Action_Recognition,calling,1,0,0,0,0,0,0,0,0,0,0,0,0,0,0,0,1,0,0,0
data/external/actions/human_action_recognition/test/002955_calling.jpg,Bingsu/Human_Action_Recognition,calling,1,0,0,0,0,0,0,0,0,0,0,0,0,0,0,0,1,0,0,0
data/external/actions/human_action_recognition/test/002956_calling.jpg,Bingsu/Human_Action_Recognition,calling,1,0,0,0,0,0,0,0,0,0,0,0,0,0,0,0,1,0,0,0
data/external/actions/human_action_recognition/test/002957_calling.jpg,Bingsu/Human_Action_Recognition,calling,1,0,0,0,0,0,0,0,0,0,0,0,0,0,0,0,1,0,0,0
data/external/actions/human_action_recognition/test/002958_calling.jpg,Bingsu/Human_Action_Recognition,calling,1,0,0,0,0,0,0,0,0,0,0,0,0,0,0,0,1,0,0,0
data/external/actions/human_action_recognition/test/002959_calling.jpg,Bingsu/Human_Action_Recognition,calling,1,0,0,0,0,0,0,0,0,0,0,0,0,0,0,0,1,0,0,0
data/external/actions/human_action_recognition/test/002960_calling.jpg,Bingsu/Human_Action_Recognition,calling,1,0,0,0,0,0,0,0,0,0,0,0,0,0,0,0,1,0,0,0
data/external/actions/human_action_recognition/test/002961_calling.jpg,Bingsu/Human_Action_Recognition,calling,1,0,0,0,0,0,0,0,0,0,0,0,0,0,0,0,1,0,0,0
data/external/actions/human_action_recognition/test/002962_calling.jpg,Bingsu/Human_Action_Recognition,calling,1,0,0,0,0,0,0,0,0,0,0,0,0,0,0,0,1,0,0,0
data/external/actions/human_action_recognition/test/002963_calling.jpg,Bingsu/Human_Action_Recognition,calling,1,0,0,0,0,0,0,0,0,0,0,0,0,0,0,0,1,0,0,0
data/external/actions/human_action_recognition/test/002964_calling.jpg,Bingsu/Human_Action_Recognition,calling,1,0,0,0,0,0,0,0,0,0,0,0,0,0,0,0,1,0,0,0
data/external/actions/human_action_recognition/test/002965_calling.jpg,Bingsu/Human_Action_Recognition,calling,1,0,0,0,0,0,0,0,0,0,0,0,0,0,0,0,1,0,0,0
data/external/actions/human_action_recognition/test/002966_calling.jpg,Bingsu/Human_Action_Recognition,calling,1,0,0,0,0,0,0,0,0,0,0,0,0,0,0,0,1,0,0,0
data/external/actions/human_action_recognition/test/002967_calling.jpg,Bingsu/Human_Action_Recognition,calling,1,0,0,0,0,0,0,0,0,0,0,0,0,0,0,0,1,0,0,0
data/external/actions/human_action_recognition/test/002968_calling.jpg,Bingsu/Human_Action_Recognition,calling,1,0,0,0,0,0,0,0,0,0,0,0,0,0,0,0,1,0,0,0
data/external/actions/human_action_recognition/test/002969_calling.jpg,Bingsu/Human_Action_Recognition,calling,1,0,0,0,0,0,0,0,0,0,0,0,0,0,0,0,1,0,0,0
data/external/actions/human_action_recognition/test/002970_calling.jpg,Bingsu/Human_Action_Recognition,calling,1,0,0,0,0,0,0,0,0,0,0,0,0,0,0,0,1,0,0,0
data/external/actions/human_action_recognition/test/002971_calling.jpg,Bingsu/Human_Action_Recognition,calling,1,0,0,0,0,0,0,0,0,0,0,0,0,0,0,0,1,0,0,0
data/external/actions/human_action_recognition/test/002972_calling.jpg,Bingsu/Human_Action_Recognition,calling,1,0,0,0,0,0,0,0,0,0,0,0,0,0,0,0,1,0,0,0
data/external/actions/human_action_recognition/test/002973_calling.jpg,Bingsu/Human_Action_Recognition,calling,1,0,0,0,0,0,0,0,0,0,0,0,0,0,0,0,1,0,0,0
data/external/actions/human_action_recognition/test/002974_calling.jpg,Bingsu/Human_Action_Recognition,calling,1,0,0,0,0,0,0,0,0,0,0,0,0,0,0,0,1,0,0,0
data/external/actions/human_action_recognition/test/002975_calling.jpg,Bingsu/Human_Action_Recognition,calling,1,0,0,0,0,0,0,0,0,0,0,0,0,0,0,0,1,0,0,0
data/external/actions/human_action_recognition/test/002976_calling.jpg,Bingsu/Human_Action_Recognition,calling,1,0,0,0,0,0,0,0,0,0,0,0,0,0,0,0,1,0,0,0
data/external/actions/human_action_recognition/test/002977_calling.jpg,Bingsu/Human_Action_Recognition,calling,1,0,0,0,0,0,0,0,0,0,0,0,0,0,0,0,1,0,0,0
data/external/actions/human_action_recognition/test/002978_calling.jpg,Bingsu/Human_Action_Recognition,calling,1,0,0,0,0,0,0,0,0,0,0,0,0,0,0,0,1,0,0,0
data/external/actions/human_action_recognition/test/002979_calling.jpg,Bingsu/Human_Action_Recognition,calling,1,0,0,0,0,0,0,0,0,0,0,0,0,0,0,0,1,0,0,0
data/external/actions/human_action_recognition/test/002980_calling.jpg,Bingsu/Human_Action_Recognition,calling,1,0,0,0,0,0,0,0,0,0,0,0,0,0,0,0,1,0,0,0
data/external/actions/human_action_recognition/test/002981_calling.jpg,Bingsu/Human_Action_Recognition,calling,1,0,0,0,0,0,0,0,0,0,0,0,0,0,0,0,1,0,0,0
data/external/actions/human_action_recognition/test/002982_calling.jpg,Bingsu/Human_Action_Recognition,calling,1,0,0,0,0,0,0,0,0,0,0,0,0,0,0,0,1,0,0,0
data/external/actions/human_action_recognition/test/002983_calling.jpg,Bingsu/Human_Action_Recognition,calling,1,0,0,0,0,0,0,0,0,0,0,0,0,0,0,0,1,0,0,0
data/external/actions/human_action_recognition/test/002984_calling.jpg,Bingsu/Human_Action_Recognition,calling,1,0,0,0,0,0,0,0,0,0,0,0,0,0,0,0,1,0,0,0
data/external/actions/human_action_recognition/test/002985_calling.jpg,Bingsu/Human_Action_Recognition,calling,1,0,0,0,0,0,0,0,0,0,0,0,0,0,0,0,1,0,0,0
data/external/actions/human_action_recognition/test/002986_calling.jpg,Bingsu/Human_Action_Recognition,calling,1,0,0,0,0,0,0,0,0,0,0,0,0,0,0,0,1,0,0,0
data/external/actions/human_action_recognition/test/002987_calling.jpg,Bingsu/Human_Action_Recognition,calling,1,0,0,0,0,0,0,0,0,0,0,0,0,0,0,0,1,0,0,0
data/external/actions/human_action_recognition/test/002988_calling.jpg,Bingsu/Human_Action_Recognition,calling,1,0,0,0,0,0,0,0,0,0,0,0,0,0,0,0,1,0,0,0
data/external/actions/human_action_recognition/test/002989_calling.jpg,Bingsu/Human_Action_Recognition,calling,1,0,0,0,0,0,0,0,0,0,0,0,0,0,0,0,1,0,0,0
data/external/actions/human_action_recognition/test/002990_calling.jpg,Bingsu/Human_Action_Recognition,calling,1,0,0,0,0,0,0,0,0,0,0,0,0,0,0,0,1,0,0,0
data/external/actions/human_action_recognition/test/002991_calling.jpg,Bingsu/Human_Action_Recognition,calling,1,0,0,0,0,0,0,0,0,0,0,0,0,0,0,0,1,0,0,0
data/external/actions/human_action_recognition/test/002992_calling.jpg,Bingsu/Human_Action_Recognition,calling,1,0,0,0,0,0,0,0,0,0,0,0,0,0,0,0,1,0,0,0
data/external/actions/human_action_recognition/test/002993_calling.jpg,Bingsu/Human_Action_Recognition,calling,1,0,0,0,0,0,0,0,0,0,0,0,0,0,0,0,1,0,0,0
data/external/actions/human_action_recognition/test/002994_calling.jpg,Bingsu/Human_Action_Recognition,calling,1,0,0,0,0,0,0,0,0,0,0,0,0,0,0,0,1,0,0,0
data/external/actions/human_action_recognition/test/002995_calling.jpg,Bingsu/Human_Action_Recognition,calling,1,0,0,0,0,0,0,0,0,0,0,0,0,0,0,0,1,0,0,0
data/external/actions/human_action_recognition/test/002996_calling.jpg,Bingsu/Human_Action_Recognition,calling,1,0,0,0,0,0,0,0,0,0,0,0,0,0,0,0,1,0,0,0
data/external/actions/human_action_recognition/test/002997_calling.jpg,Bingsu/Human_Action_Recognition,calling,1,0,0,0,0,0,0,0,0,0,0,0,0,0,0,0,1,0,0,0
data/external/actions/human_action_recognition/test/002998_calling.jpg,Bingsu/Human_Action_Recognition,calling,1,0,0,0,0,0,0,0,0,0,0,0,0,0,0,0,1,0,0,0
data/external/actions/human_action_recognition/test/002999_calling.jpg,Bingsu/Human_Action_Recognition,calling,1,0,0,0,0,0,0,0,0,0,0,0,0,0,0,0,1,0,0,0
data/external/actions/human_action_recognition/test/003000_calling.jpg,Bingsu/Human_Action_Recognition,calling,1,0,0,0,0,0,0,0,0,0,0,0,0,0,0,0,1,0,0,0
data/external/actions/human_action_recognition/test/003001_calling.jpg,Bingsu/Human_Action_Recognition,calling,1,0,0,0,0,0,0,0,0,0,0,0,0,0,0,0,1,0,0,0
data/external/actions/human_action_recognition/test/003002_calling.jpg,Bingsu/Human_Action_Recognition,calling,1,0,0,0,0,0,0,0,0,0,0,0,0,0,0,0,1,0,0,0
data/external/actions/human_action_recognition/test/003003_calling.jpg,Bingsu/Human_Action_Recognition,calling,1,0,0,0,0,0,0,0,0,0,0,0,0,0,0,0,1,0,0,0
data/external/actions/human_action_recognition/test/003004_calling.jpg,Bingsu/Human_Action_Recognition,calling,1,0,0,0,0,0,0,0,0,0,0,0,0,0,0,0,1,0,0,0
data/external/actions/human_action_recognition/test/003005_calling.jpg,Bingsu/Human_Action_Recognition,calling,1,0,0,0,0,0,0,0,0,0,0,0,0,0,0,0,1,0,0,0
data/external/actions/human_action_recognition/test/003006_calling.jpg,Bingsu/Human_Action_Recognition,calling,1,0,0,0,0,0,0,0,0,0,0,0,0,0,0,0,1,0,0,0
data/external/actions/human_action_recognition/test/003007_calling.jpg,Bingsu/Human_Action_Recognition,calling,1,0,0,0,0,0,0,0,0,0,0,0,0,0,0,0,1,0,0,0
data/external/actions/human_action_recognition/test/003008_calling.jpg,Bingsu/Human_Action_Recognition,calling,1,0,0,0,0,0,0,0,0,0,0,0,0,0,0,0,1,0,0,0
data/external/actions/human_action_recognition/test/003009_calling.jpg,Bingsu/Human_Action_Recognition,calling,1,0,0,0,0,0,0,0,0,0,0,0,0,0,0,0,1,0,0,0
data/external/actions/human_action_recognition/test/003010_calling.jpg,Bingsu/Human_Action_Recognition,calling,1,0,0,0,0,0,0,0,0,0,0,0,0,0,0,0,1,0,0,0
data/external/actions/human_action_recognition/test/003011_calling.jpg,Bingsu/Human_Action_Recognition,calling,1,0,0,0,0,0,0,0,0,0,0,0,0,0,0,0,1,0,0,0
data/external/actions/human_action_recognition/test/003012_calling.jpg,Bingsu/Human_Action_Recognition,calling,1,0,0,0,0,0,0,0,0,0,0,0,0,0,0,0,1,0,0,0
data/external/actions/human_action_recognition/test/003013_calling.jpg,Bingsu/Human_Action_Recognition,calling,1,0,0,0,0,0,0,0,0,0,0,0,0,0,0,0,1,0,0,0
data/external/actions/human_action_recognition/test/003014_calling.jpg,Bingsu/Human_Action_Recognition,calling,1,0,0,0,0,0,0,0,0,0,0,0,0,0,0,0,1,0,0,0
data/external/actions/human_action_recognition/test/003015_calling.jpg,Bingsu/Human_Action_Recognition,calling,1,0,0,0,0,0,0,0,0,0,0,0,0,0,0,0,1,0,0,0
data/external/actions/human_action_recognition/test/003016_calling.jpg,Bingsu/Human_Action_Recognition,calling,1,0,0,0,0,0,0,0,0,0,0,0,0,0,0,0,1,0,0,0
data/external/actions/human_action_recognition/test/003017_calling.jpg,Bingsu/Human_Action_Recognition,calling,1,0,0,0,0,0,0,0,0,0,0,0,0,0,0,0,1,0,0,0
data/external/actions/human_action_recognition/test/003018_calling.jpg,Bingsu/Human_Action_Recognition,calling,1,0,0,0,0,0,0,0,0,0,0,0,0,0,0,0,1,0,0,0
data/external/actions/human_action_recognition/test/003019_calling.jpg,Bingsu/Human_Action_Recognition,calling,1,0,0,0,0,0,0,0,0,0,0,0,0,0,0,0,1,0,0,0
data/external/actions/human_action_recognition/test/003020_calling.jpg,Bingsu/Human_Action_Recognition,calling,1,0,0,0,0,0,0,0,0,0,0,0,0,0,0,0,1,0,0,0
data/external/actions/human_action_recognition/test/003021_calling.jpg,Bingsu/Human_Action_Recognition,calling,1,0,0,0,0,0,0,0,0,0,0,0,0,0,0,0,1,0,0,0
data/external/actions/human_action_recognition/test/003022_calling.jpg,Bingsu/Human_Action_Recognition,calling,1,0,0,0,0,0,0,0,0,0,0,0,0,0,0,0,1,0,0,0
data/external/actions/human_action_recognition/test/003023_calling.jpg,Bingsu/Human_Action_Recognition,calling,1,0,0,0,0,0,0,0,0,0,0,0,0,0,0,0,1,0,0,0
data/external/actions/human_action_recognition/test/003024_calling.jpg,Bingsu/Human_Action_Recognition,calling,1,0,0,0,0,0,0,0,0,0,0,0,0,0,0,0,1,0,0,0
data/external/actions/human_action_recognition/test/003025_calling.jpg,Bingsu/Human_Action_Recognition,calling,1,0,0,0,0,0,0,0,0,0,0,0,0,0,0,0,1,0,0,0
data/external/actions/human_action_recognition/test/003026_calling.jpg,Bingsu/Human_Action_Recognition,calling,1,0,0,0,0,0,0,0,0,0,0,0,0,0,0,0,1,0,0,0
data/external/actions/human_action_recognition/test/003027_calling.jpg,Bingsu/Human_Action_Recognition,calling,1,0,0,0,0,0,0,0,0,0,0,0,0,0,0,0,1,0,0,0
data/external/actions/human_action_recognition/test/003028_calling.jpg,Bingsu/Human_Action_Recognition,calling,1,0,0,0,0,0,0,0,0,0,0,0,0,0,0,0,1,0,0,0
data/external/actions/human_action_recognition/test/003029_calling.jpg,Bingsu/Human_Action_Recognition,calling,1,0,0,0,0,0,0,0,0,0,0,0,0,0,0,0,1,0,0,0
data/external/actions/human_action_recognition/test/003030_calling.jpg,Bingsu/Human_Action_Recognition,calling,1,0,0,0,0,0,0,0,0,0,0,0,0,0,0,0,1,0,0,0
data/external/actions/human_action_recognition/test/003031_calling.jpg,Bingsu/Human_Action_Recognition,calling,1,0,0,0,0,0,0,0,0,0,0,0,0,0,0,0,1,0,0,0
data/external/actions/human_action_recognition/test/003032_calling.jpg,Bingsu/Human_Action_Recognition,calling,1,0,0,0,0,0,0,0,0,0,0,0,0,0,0,0,1,0,0,0
data/external/actions/human_action_recognition/test/003033_calling.jpg,Bingsu/Human_Action_Recognition,calling,1,0,0,0,0,0,0,0,0,0,0,0,0,0,0,0,1,0,0,0
data/external/actions/human_action_recognition/test/003034_calling.jpg,Bingsu/Human_Action_Recognition,calling,1,0,0,0,0,0,0,0,0,0,0,0,0,0,0,0,1,0,0,0
data/external/actions/human_action_recognition/test/003035_calling.jpg,Bingsu/Human_Action_Recognition,calling,1,0,0,0,0,0,0,0,0,0,0,0,0,0,0,0,1,0,0,0
data/external/actions/human_action_recognition/test/003036_calling.jpg,Bingsu/Human_Action_Recognition,calling,1,0,0,0,0,0,0,0,0,0,0,0,0,0,0,0,1,0,0,0
data/external/actions/human_action_recognition/test/003037_calling.jpg,Bingsu/Human_Action_Recognition,calling,1,0,0,0,0,0,0,0,0,0,0,0,0,0,0,0,1,0,0,0
data/external/actions/human_action_recognition/test/003038_calling.jpg,Bingsu/Human_Action_Recognition,calling,1,0,0,0,0,0,0,0,0,0,0,0,0,0,0,0,1,0,0,0
data/external/actions/human_action_recognition/test/003039_calling.jpg,Bingsu/Human_Action_Recognition,calling,1,0,0,0,0,0,0,0,0,0,0,0,0,0,0,0,1,0,0,0
data/external/actions/human_action_recognition/test/003040_calling.jpg,Bingsu/Human_Action_Recognition,calling,1,0,0,0,0,0,0,0,0,0,0,0,0,0,0,0,1,0,0,0
data/external/actions/human_action_recognition/test/003041_calling.jpg,Bingsu/Human_Action_Recognition,calling,1,0,0,0,0,0,0,0,0,0,0,0,0,0,0,0,1,0,0,0
data/external/actions/human_action_recognition/test/003042_calling.jpg,Bingsu/Human_Action_Recognition,calling,1,0,0,0,0,0,0,0,0,0,0,0,0,0,0,0,1,0,0,0
data/external/actions/human_action_recognition/test/003043_calling.jpg,Bingsu/Human_Action_Recognition,calling,1,0,0,0,0,0,0,0,0,0,0,0,0,0,0,0,1,0,0,0
data/external/actions/human_action_recognition/test/003044_calling.jpg,Bingsu/Human_Action_Recognition,calling,1,0,0,0,0,0,0,0,0,0,0,0,0,0,0,0,1,0,0,0
data/external/actions/human_action_recognition/test/003045_calling.jpg,Bingsu/Human_Action_Recognition,calling,1,0,0,0,0,0,0,0,0,0,0,0,0,0,0,0,1,0,0,0
data/external/actions/human_action_recognition/test/003046_calling.jpg,Bingsu/Human_Action_Recognition,calling,1,0,0,0,0,0,0,0,0,0,0,0,0,0,0,0,1,0,0,0
data/external/actions/human_action_recognition/test/003047_calling.jpg,Bingsu/Human_Action_Recognition,calling,1,0,0,0,0,0,0,0,0,0,0,0,0,0,0,0,1,0,0,0
data/external/actions/human_action_recognition/test/003048_calling.jpg,Bingsu/Human_Action_Recognition,calling,1,0,0,0,0,0,0,0,0,0,0,0,0,0,0,0,1,0,0,0
data/external/actions/human_action_recognition/test/003049_calling.jpg,Bingsu/Human_Action_Recognition,calling,1,0,0,0,0,0,0,0,0,0,0,0,0,0,0,0,1,0,0,0
data/external/actions/human_action_recognition/test/003050_calling.jpg,Bingsu/Human_Action_Recognition,calling,1,0,0,0,0,0,0,0,0,0,0,0,0,0,0,0,1,0,0,0
data/external/actions/human_action_recognition/test/003051_calling.jpg,Bingsu/Human_Action_Recognition,calling,1,0,0,0,0,0,0,0,0,0,0,0,0,0,0,0,1,0,0,0
data/external/actions/human_action_recognition/test/003052_calling.jpg,Bingsu/Human_Action_Recognition,calling,1,0,0,0,0,0,0,0,0,0,0,0,0,0,0,0,1,0,0,0
data/external/actions/human_action_recognition/test/003053_calling.jpg,Bingsu/Human_Action_Recognition,calling,1,0,0,0,0,0,0,0,0,0,0,0,0,0,0,0,1,0,0,0
data/external/actions/human_action_recognition/test/003054_calling.jpg,Bingsu/Human_Action_Recognition,calling,1,0,0,0,0,0,0,0,0,0,0,0,0,0,0,0,1,0,0,0
data/external/actions/human_action_recognition/test/003055_calling.jpg,Bingsu/Human_Action_Recognition,calling,1,0,0,0,0,0,0,0,0,0,0,0,0,0,0,0,1,0,0,0
data/external/actions/human_action_recognition/test/003056_calling.jpg,Bingsu/Human_Action_Recognition,calling,1,0,0,0,0,0,0,0,0,0,0,0,0,0,0,0,1,0,0,0
data/external/actions/human_action_recognition/test/003057_calling.jpg,Bingsu/Human_Action_Recognition,calling,1,0,0,0,0,0,0,0,0,0,0,0,0,0,0,0,1,0,0,0
data/external/actions/human_action_recognition/test/003058_calling.jpg,Bingsu/Human_Action_Recognition,calling,1,0,0,0,0,0,0,0,0,0,0,0,0,0,0,0,1,0,0,0
data/external/actions/human_action_recognition/test/003059_calling.jpg,Bingsu/Human_Action_Recognition,calling,1,0,0,0,0,0,0,0,0,0,0,0,0,0,0,0,1,0,0,0
data/external/actions/human_action_recognition/test/003060_calling.jpg,Bingsu/Human_Action_Recognition,calling,1,0,0,0,0,0,0,0,0,0,0,0,0,0,0,0,1,0,0,0
data/external/actions/human_action_recognition/test/003061_calling.jpg,Bingsu/Human_Action_Recognition,calling,1,0,0,0,0,0,0,0,0,0,0,0,0,0,0,0,1,0,0,0
data/external/actions/human_action_recognition/test/003062_calling.jpg,Bingsu/Human_Action_Recognition,calling,1,0,0,0,0,0,0,0,0,0,0,0,0,0,0,0,1,0,0,0
data/external/actions/human_action_recognition/test/003063_calling.jpg,Bingsu/Human_Action_Recognition,calling,1,0,0,0,0,0,0,0,0,0,0,0,0,0,0,0,1,0,0,0
data/external/actions/human_action_recognition/test/003064_calling.jpg,Bingsu/Human_Action_Recognition,calling,1,0,0,0,0,0,0,0,0,0,0,0,0,0,0,0,1,0,0,0
data/external/actions/human_action_recognition/test/003065_calling.jpg,Bingsu/Human_Action_Recognition,calling,1,0,0,0,0,0,0,0,0,0,0,0,0,0,0,0,1,0,0,0
data/external/actions/human_action_recognition/test/003066_calling.jpg,Bingsu/Human_Action_Recognition,calling,1,0,0,0,0,0,0,0,0,0,0,0,0,0,0,0,1,0,0,0
data/external/actions/human_action_recognition/test/003067_calling.jpg,Bingsu/Human_Action_Recognition,calling,1,0,0,0,0,0,0,0,0,0,0,0,0,0,0,0,1,0,0,0
data/external/actions/human_action_recognition/test/003068_calling.jpg,Bingsu/Human_Action_Recognition,calling,1,0,0,0,0,0,0,0,0,0,0,0,0,0,0,0,1,0,0,0
data/external/actions/human_action_recognition/test/003069_calling.jpg,Bingsu/Human_Action_Recognition,calling,1,0,0,0,0,0,0,0,0,0,0,0,0,0,0,0,1,0,0,0
data/external/actions/human_action_recognition/test/003070_calling.jpg,Bingsu/Human_Action_Recognition,calling,1,0,0,0,0,0,0,0,0,0,0,0,0,0,0,0,1,0,0,0
data/external/actions/human_action_recognition/test/003071_calling.jpg,Bingsu/Human_Action_Recognition,calling,1,0,0,0,0,0,0,0,0,0,0,0,0,0,0,0,1,0,0,0
data/external/actions/human_action_recognition/test/003072_calling.jpg,Bingsu/Human_Action_Recognition,calling,1,0,0,0,0,0,0,0,0,0,0,0,0,0,0,0,1,0,0,0
data/external/actions/human_action_recognition/test/003073_calling.jpg,Bingsu/Human_Action_Recognition,calling,1,0,0,0,0,0,0,0,0,0,0,0,0,0,0,0,1,0,0,0
data/external/actions/human_action_recognition/test/003074_calling.jpg,Bingsu/Human_Action_Recognition,calling,1,0,0,0,0,0,0,0,0,0,0,0,0,0,0,0,1,0,0,0
data/external/actions/human_action_recognition/test/003075_calling.jpg,Bingsu/Human_Action_Recognition,calling,1,0,0,0,0,0,0,0,0,0,0,0,0,0,0,0,1,0,0,0
data/external/actions/human_action_recognition/test/003076_calling.jpg,Bingsu/Human_Action_Recognition,calling,1,0,0,0,0,0,0,0,0,0,0,0,0,0,0,0,1,0,0,0
data/external/actions/human_action_recognition/test/003077_calling.jpg,Bingsu/Human_Action_Recognition,calling,1,0,0,0,0,0,0,0,0,0,0,0,0,0,0,0,1,0,0,0
data/external/actions/human_action_recognition/test/003078_calling.jpg,Bingsu/Human_Action_Recognition,calling,1,0,0,0,0,0,0,0,0,0,0,0,0,0,0,0,1,0,0,0
data/external/actions/human_action_recognition/test/003079_calling.jpg,Bingsu/Human_Action_Recognition,calling,1,0,0,0,0,0,0,0,0,0,0,0,0,0,0,0,1,0,0,0
data/external/actions/human_action_recognition/test/003080_calling.jpg,Bingsu/Human_Action_Recognition,calling,1,0,0,0,0,0,0,0,0,0,0,0,0,0,0,0,1,0,0,0
data/external/actions/human_action_recognition/test/003081_calling.jpg,Bingsu/Human_Action_Recognition,calling,1,0,0,0,0,0,0,0,0,0,0,0,0,0,0,0,1,0,0,0
data/external/actions/human_action_recognition/test/003082_calling.jpg,Bingsu/Human_Action_Recognition,calling,1,0,0,0,0,0,0,0,0,0,0,0,0,0,0,0,1,0,0,0
data/external/actions/human_action_recognition/test/003083_calling.jpg,Bingsu/Human_Action_Recognition,calling,1,0,0,0,0,0,0,0,0,0,0,0,0,0,0,0,1,0,0,0
data/external/actions/human_action_recognition/test/003084_calling.jpg,Bingsu/Human_Action_Recognition,calling,1,0,0,0,0,0,0,0,0,0,0,0,0,0,0,0,1,0,0,0
data/external/actions/human_action_recognition/test/003085_calling.jpg,Bingsu/Human_Action_Recognition,calling,1,0,0,0,0,0,0,0,0,0,0,0,0,0,0,0,1,0,0,0
data/external/actions/human_action_recognition/test/003086_calling.jpg,Bingsu/Human_Action_Recognition,calling,1,0,0,0,0,0,0,0,0,0,0,0,0,0,0,0,1,0,0,0
data/external/actions/human_action_recognition/test/003087_calling.jpg,Bingsu/Human_Action_Recognition,calling,1,0,0,0,0,0,0,0,0,0,0,0,0,0,0,0,1,0,0,0
data/external/actions/human_action_recognition/test/003088_calling.jpg,Bingsu/Human_Action_Recognition,calling,1,0,0,0,0,0,0,0,0,0,0,0,0,0,0,0,1,0,0,0
data/external/actions/human_action_recognition/test/003089_calling.jpg,Bingsu/Human_Action_Recognition,calling,1,0,0,0,0,0,0,0,0,0,0,0,0,0,0,0,1,0,0,0
data/external/actions/human_action_recognition/test/003090_calling.jpg,Bingsu/Human_Action_Recognition,calling,1,0,0,0,0,0,0,0,0,0,0,0,0,0,0,0,1,0,0,0
data/external/actions/human_action_recognition/test/003091_calling.jpg,Bingsu/Human_Action_Recognition,calling,1,0,0,0,0,0,0,0,0,0,0,0,0,0,0,0,1,0,0,0
data/external/actions/human_action_recognition/test/003092_calling.jpg,Bingsu/Human_Action_Recognition,calling,1,0,0,0,0,0,0,0,0,0,0,0,0,0,0,0,1,0,0,0
data/external/actions/human_action_recognition/test/003093_calling.jpg,Bingsu/Human_Action_Recognition,calling,1,0,0,0,0,0,0,0,0,0,0,0,0,0,0,0,1,0,0,0
data/external/actions/human_action_recognition/test/003094_calling.jpg,Bingsu/Human_Action_Recognition,calling,1,0,0,0,0,0,0,0,0,0,0,0,0,0,0,0,1,0,0,0
data/external/actions/human_action_recognition/test/003095_calling.jpg,Bingsu/Human_Action_Recognition,calling,1,0,0,0,0,0,0,0,0,0,0,0,0,0,0,0,1,0,0,0
data/external/actions/human_action_recognition/test/003096_calling.jpg,Bingsu/Human_Action_Recognition,calling,1,0,0,0,0,0,0,0,0,0,0,0,0,0,0,0,1,0,0,0
data/external/actions/human_action_recognition/test/003097_calling.jpg,Bingsu/Human_Action_Recognition,calling,1,0,0,0,0,0,0,0,0,0,0,0,0,0,0,0,1,0,0,0
data/external/actions/human_action_recognition/test/003098_calling.jpg,Bingsu/Human_Action_Recognition,calling,1,0,0,0,0,0,0,0,0,0,0,0,0,0,0,0,1,0,0,0
data/external/actions/human_action_recognition/test/003099_calling.jpg,Bingsu/Human_Action_Recognition,calling,1,0,0,0,0,0,0,0,0,0,0,0,0,0,0,0,1,0,0,0
data/external/actions/human_action_recognition/test/003100_calling.jpg,Bingsu/Human_Action_Recognition,calling,1,0,0,0,0,0,0,0,0,0,0,0,0,0,0,0,1,0,0,0
data/external/actions/human_action_recognition/test/003101_calling.jpg,Bingsu/Human_Action_Recognition,calling,1,0,0,0,0,0,0,0,0,0,0,0,0,0,0,0,1,0,0,0
data/external/actions/human_action_recognition/test/003102_calling.jpg,Bingsu/Human_Action_Recognition,calling,1,0,0,0,0,0,0,0,0,0,0,0,0,0,0,0,1,0,0,0
data/external/actions/human_action_recognition/test/003103_calling.jpg,Bingsu/Human_Action_Recognition,calling,1,0,0,0,0,0,0,0,0,0,0,0,0,0,0,0,1,0,0,0
data/external/actions/human_action_recognition/test/003104_calling.jpg,Bingsu/Human_Action_Recognition,calling,1,0,0,0,0,0,0,0,0,0,0,0,0,0,0,0,1,0,0,0
data/external/actions/human_action_recognition/test/003105_calling.jpg,Bingsu/Human_Action_Recognition,calling,1,0,0,0,0,0,0,0,0,0,0,0,0,0,0,0,1,0,0,0
data/external/actions/human_action_recognition/test/003106_calling.jpg,Bingsu/Human_Action_Recognition,calling,1,0,0,0,0,0,0,0,0,0,0,0,0,0,0,0,1,0,0,0
data/external/actions/human_action_recognition/test/003107_calling.jpg,Bingsu/Human_Action_Recognition,calling,1,0,0,0,0,0,0,0,0,0,0,0,0,0,0,0,1,0,0,0
data/external/actions/human_action_recognition/test/003108_calling.jpg,Bingsu/Human_Action_Recognition,calling,1,0,0,0,0,0,0,0,0,0,0,0,0,0,0,0,1,0,0,0
data/external/actions/human_action_recognition/test/003109_calling.jpg,Bingsu/Human_Action_Recognition,calling,1,0,0,0,0,0,0,0,0,0,0,0,0,0,0,0,1,0,0,0
data/external/actions/human_action_recognition/test/003110_calling.jpg,Bingsu/Human_Action_Recognition,calling,1,0,0,0,0,0,0,0,0,0,0,0,0,0,0,0,1,0,0,0
data/external/actions/human_action_recognition/test/003111_calling.jpg,Bingsu/Human_Action_Recognition,calling,1,0,0,0,0,0,0,0,0,0,0,0,0,0,0,0,1,0,0,0
data/external/actions/human_action_recognition/test/003112_calling.jpg,Bingsu/Human_Action_Recognition,calling,1,0,0,0,0,0,0,0,0,0,0,0,0,0,0,0,1,0,0,0
data/external/actions/human_action_recognition/test/003113_calling.jpg,Bingsu/Human_Action_Recognition,calling,1,0,0,0,0,0,0,0,0,0,0,0,0,0,0,0,1,0,0,0
data/external/actions/human_action_recognition/test/003114_calling.jpg,Bingsu/Human_Action_Recognition,calling,1,0,0,0,0,0,0,0,0,0,0,0,0,0,0,0,1,0,0,0
data/external/actions/human_action_recognition/test/003115_calling.jpg,Bingsu/Human_Action_Recognition,calling,1,0,0,0,0,0,0,0,0,0,0,0,0,0,0,0,1,0,0,0
data/external/actions/human_action_recognition/test/003116_calling.jpg,Bingsu/Human_Action_Recognition,calling,1,0,0,0,0,0,0,0,0,0,0,0,0,0,0,0,1,0,0,0
data/external/actions/human_action_recognition/test/003117_calling.jpg,Bingsu/Human_Action_Recognition,calling,1,0,0,0,0,0,0,0,0,0,0,0,0,0,0,0,1,0,0,0
data/external/actions/human_action_recognition/test/003118_calling.jpg,Bingsu/Human_Action_Recognition,calling,1,0,0,0,0,0,0,0,0,0,0,0,0,0,0,0,1,0,0,0
data/external/actions/human_action_recognition/test/003119_calling.jpg,Bingsu/Human_Action_Recognition,calling,1,0,0,0,0,0,0,0,0,0,0,0,0,0,0,0,1,0,0,0
data/external/actions/human_action_recognition/test/003120_calling.jpg,Bingsu/Human_Action_Recognition,calling,1,0,0,0,0,0,0,0,0,0,0,0,0,0,0,0,1,0,0,0
data/external/actions/human_action_recognition/test/003121_calling.jpg,Bingsu/Human_Action_Recognition,calling,1,0,0,0,0,0,0,0,0,0,0,0,0,0,0,0,1,0,0,0
data/external/actions/human_action_recognition/test/003122_calling.jpg,Bingsu/Human_Action_Recognition,calling,1,0,0,0,0,0,0,0,0,0,0,0,0,0,0,0,1,0,0,0
data/external/actions/human_action_recognition/test/003123_calling.jpg,Bingsu/Human_Action_Recognition,calling,1,0,0,0,0,0,0,0,0,0,0,0,0,0,0,0,1,0,0,0
data/external/actions/human_action_recognition/test/003124_calling.jpg,Bingsu/Human_Action_Recognition,calling,1,0,0,0,0,0,0,0,0,0,0,0,0,0,0,0,1,0,0,0
data/external/actions/human_action_recognition/test/003125_calling.jpg,Bingsu/Human_Action_Recognition,calling,1,0,0,0,0,0,0,0,0,0,0,0,0,0,0,0,1,0,0,0
data/external/actions/human_action_recognition/test/003126_calling.jpg,Bingsu/Human_Action_Recognition,calling,1,0,0,0,0,0,0,0,0,0,0,0,0,0,0,0,1,0,0,0
data/external/actions/human_action_recognition/test/003127_calling.jpg,Bingsu/Human_Action_Recognition,calling,1,0,0,0,0,0,0,0,0,0,0,0,0,0,0,0,1,0,0,0
data/external/actions/human_action_recognition/test/003128_calling.jpg,Bingsu/Human_Action_Recognition,calling,1,0,0,0,0,0,0,0,0,0,0,0,0,0,0,0,1,0,0,0
data/external/actions/human_action_recognition/test/003129_calling.jpg,Bingsu/Human_Action_Recognition,calling,1,0,0,0,0,0,0,0,0,0,0,0,0,0,0,0,1,0,0,0
data/external/actions/human_action_recognition/test/003130_calling.jpg,Bingsu/Human_Action_Recognition,calling,1,0,0,0,0,0,0,0,0,0,0,0,0,0,0,0,1,0,0,0
data/external/actions/human_action_recognition/test/003131_calling.jpg,Bingsu/Human_Action_Recognition,calling,1,0,0,0,0,0,0,0,0,0,0,0,0,0,0,0,1,0,0,0
data/external/actions/human_action_recognition/test/003132_calling.jpg,Bingsu/Human_Action_Recognition,calling,1,0,0,0,0,0,0,0,0,0,0,0,0,0,0,0,1,0,0,0
data/external/actions/human_action_recognition/test/003133_calling.jpg,Bingsu/Human_Action_Recognition,calling,1,0,0,0,0,0,0,0,0,0,0,0,0,0,0,0,1,0,0,0
data/external/actions/human_action_recognition/test/003134_calling.jpg,Bingsu/Human_Action_Recognition,calling,1,0,0,0,0,0,0,0,0,0,0,0,0,0,0,0,1,0,0,0
data/external/actions/human_action_recognition/test/003135_calling.jpg,Bingsu/Human_Action_Recognition,calling,1,0,0,0,0,0,0,0,0,0,0,0,0,0,0,0,1,0,0,0
data/external/actions/human_action_recognition/test/003136_calling.jpg,Bingsu/Human_Action_Recognition,calling,1,0,0,0,0,0,0,0,0,0,0,0,0,0,0,0,1,0,0,0
data/external/actions/human_action_recognition/test/003137_calling.jpg,Bingsu/Human_Action_Recognition,calling,1,0,0,0,0,0,0,0,0,0,0,0,0,0,0,0,1,0,0,0
data/external/actions/human_action_recognition/test/003138_calling.jpg,Bingsu/Human_Action_Recognition,calling,1,0,0,0,0,0,0,0,0,0,0,0,0,0,0,0,1,0,0,0
data/external/actions/human_action_recognition/test/003139_calling.jpg,Bingsu/Human_Action_Recognition,calling,1,0,0,0,0,0,0,0,0,0,0,0,0,0,0,0,1,0,0,0
data/external/actions/human_action_recognition/test/003140_calling.jpg,Bingsu/Human_Action_Recognition,calling,1,0,0,0,0,0,0,0,0,0,0,0,0,0,0,0,1,0,0,0
data/external/actions/human_action_recognition/test/003141_calling.jpg,Bingsu/Human_Action_Recognition,calling,1,0,0,0,0,0,0,0,0,0,0,0,0,0,0,0,1,0,0,0
data/external/actions/human_action_recognition/test/003142_calling.jpg,Bingsu/Human_Action_Recognition,calling,1,0,0,0,0,0,0,0,0,0,0,0,0,0,0,0,1,0,0,0
data/external/actions/human_action_recognition/test/003143_calling.jpg,Bingsu/Human_Action_Recognition,calling,1,0,0,0,0,0,0,0,0,0,0,0,0,0,0,0,1,0,0,0
data/external/actions/human_action_recognition/test/003144_calling.jpg,Bingsu/Human_Action_Recognition,calling,1,0,0,0,0,0,0,0,0,0,0,0,0,0,0,0,1,0,0,0
data/external/actions/human_action_recognition/test/003145_calling.jpg,Bingsu/Human_Action_Recognition,calling,1,0,0,0,0,0,0,0,0,0,0,0,0,0,0,0,1,0,0,0
data/external/actions/human_action_recognition/test/003146_calling.jpg,Bingsu/Human_Action_Recognition,calling,1,0,0,0,0,0,0,0,0,0,0,0,0,0,0,0,1,0,0,0
data/external/actions/human_action_recognition/test/003147_calling.jpg,Bingsu/Human_Action_Recognition,calling,1,0,0,0,0,0,0,0,0,0,0,0,0,0,0,0,1,0,0,0
data/external/actions/human_action_recognition/test/003148_calling.jpg,Bingsu/Human_Action_Recognition,calling,1,0,0,0,0,0,0,0,0,0,0,0,0,0,0,0,1,0,0,0
data/external/actions/human_action_recognition/test/003149_calling.jpg,Bingsu/Human_Action_Recognition,calling,1,0,0,0,0,0,0,0,0,0,0,0,0,0,0,0,1,0,0,0
data/external/actions/human_action_recognition/test/003150_calling.jpg,Bingsu/Human_Action_Recognition,calling,1,0,0,0,0,0,0,0,0,0,0,0,0,0,0,0,1,0,0,0
data/external/actions/human_action_recognition/test/003151_calling.jpg,Bingsu/Human_Action_Recognition,calling,1,0,0,0,0,0,0,0,0,0,0,0,0,0,0,0,1,0,0,0
data/external/actions/human_action_recognition/test/003152_calling.jpg,Bingsu/Human_Action_Recognition,calling,1,0,0,0,0,0,0,0,0,0,0,0,0,0,0,0,1,0,0,0
data/external/actions/human_action_recognition/test/003153_calling.jpg,Bingsu/Human_Action_Recognition,calling,1,0,0,0,0,0,0,0,0,0,0,0,0,0,0,0,1,0,0,0
data/external/actions/human_action_recognition/test/003154_calling.jpg,Bingsu/Human_Action_Recognition,calling,1,0,0,0,0,0,0,0,0,0,0,0,0,0,0,0,1,0,0,0
data/external/actions/human_action_recognition/test/003155_calling.jpg,Bingsu/Human_Action_Recognition,calling,1,0,0,0,0,0,0,0,0,0,0,0,0,0,0,0,1,0,0,0
data/external/actions/human_action_recognition/test/003156_calling.jpg,Bingsu/Human_Action_Recognition,calling,1,0,0,0,0,0,0,0,0,0,0,0,0,0,0,0,1,0,0,0
data/external/actions/human_action_recognition/test/003157_calling.jpg,Bingsu/Human_Action_Recognition,calling,1,0,0,0,0,0,0,0,0,0,0,0,0,0,0,0,1,0,0,0
data/external/actions/human_action_recognition/test/003158_calling.jpg,Bingsu/Human_Action_Recognition,calling,1,0,0,0,0,0,0,0,0,0,0,0,0,0,0,0,1,0,0,0
data/external/actions/human_action_recognition/test/003159_calling.jpg,Bingsu/Human_Action_Recognition,calling,1,0,0,0,0,0,0,0,0,0,0,0,0,0,0,0,1,0,0,0
data/external/actions/human_action_recognition/test/003160_calling.jpg,Bingsu/Human_Action_Recognition,calling,1,0,0,0,0,0,0,0,0,0,0,0,0,0,0,0,1,0,0,0
data/external/actions/human_action_recognition/test/003161_calling.jpg,Bingsu/Human_Action_Recognition,calling,1,0,0,0,0,0,0,0,0,0,0,0,0,0,0,0,1,0,0,0
data/external/actions/human_action_recognition/test/003162_calling.jpg,Bingsu/Human_Action_Recognition,calling,1,0,0,0,0,0,0,0,0,0,0,0,0,0,0,0,1,0,0,0
data/external/actions/human_action_recognition/test/003163_calling.jpg,Bingsu/Human_Action_Recognition,calling,1,0,0,0,0,0,0,0,0,0,0,0,0,0,0,0,1,0,0,0
data/external/actions/human_action_recognition/test/003164_calling.jpg,Bingsu/Human_Action_Recognition,calling,1,0,0,0,0,0,0,0,0,0,0,0,0,0,0,0,1,0,0,0
data/external/actions/human_action_recognition/test/003165_calling.jpg,Bingsu/Human_Action_Recognition,calling,1,0,0,0,0,0,0,0,0,0,0,0,0,0,0,0,1,0,0,0
data/external/actions/human_action_recognition/test/003166_calling.jpg,Bingsu/Human_Action_Recognition,calling,1,0,0,0,0,0,0,0,0,0,0,0,0,0,0,0,1,0,0,0
data/external/actions/human_action_recognition/test/003167_calling.jpg,Bingsu/Human_Action_Recognition,calling,1,0,0,0,0,0,0,0,0,0,0,0,0,0,0,0,1,0,0,0
data/external/actions/human_action_recognition/test/003168_calling.jpg,Bingsu/Human_Action_Recognition,calling,1,0,0,0,0,0,0,0,0,0,0,0,0,0,0,0,1,0,0,0
data/external/actions/human_action_recognition/test/003169_calling.jpg,Bingsu/Human_Action_Recognition,calling,1,0,0,0,0,0,0,0,0,0,0,0,0,0,0,0,1,0,0,0
data/external/actions/human_action_recognition/test/003170_calling.jpg,Bingsu/Human_Action_Recognition,calling,1,0,0,0,0,0,0,0,0,0,0,0,0,0,0,0,1,0,0,0
data/external/actions/human_action_recognition/test/003171_calling.jpg,Bingsu/Human_Action_Recognition,calling,1,0,0,0,0,0,0,0,0,0,0,0,0,0,0,0,1,0,0,0
data/external/actions/human_action_recognition/test/003172_calling.jpg,Bingsu/Human_Action_Recognition,calling,1,0,0,0,0,0,0,0,0,0,0,0,0,0,0,0,1,0,0,0
data/external/actions/human_action_recognition/test/003173_calling.jpg,Bingsu/Human_Action_Recognition,calling,1,0,0,0,0,0,0,0,0,0,0,0,0,0,0,0,1,0,0,0
data/external/actions/human_action_recognition/test/003174_calling.jpg,Bingsu/Human_Action_Recognition,calling,1,0,0,0,0,0,0,0,0,0,0,0,0,0,0,0,1,0,0,0
data/external/actions/human_action_recognition/test/003175_calling.jpg,Bingsu/Human_Action_Recognition,calling,1,0,0,0,0,0,0,0,0,0,0,0,0,0,0,0,1,0,0,0
data/external/actions/human_action_recognition/test/003176_calling.jpg,Bingsu/Human_Action_Recognition,calling,1,0,0,0,0,0,0,0,0,0,0,0,0,0,0,0,1,0,0,0
data/external/actions/human_action_recognition/test/003177_calling.jpg,Bingsu/Human_Action_Recognition,calling,1,0,0,0,0,0,0,0,0,0,0,0,0,0,0,0,1,0,0,0
data/external/actions/human_action_recognition/test/003178_calling.jpg,Bingsu/Human_Action_Recognition,calling,1,0,0,0,0,0,0,0,0,0,0,0,0,0,0,0,1,0,0,0
data/external/actions/human_action_recognition/test/003179_calling.jpg,Bingsu/Human_Action_Recognition,calling,1,0,0,0,0,0,0,0,0,0,0,0,0,0,0,0,1,0,0,0
data/external/actions/human_action_recognition/test/003180_calling.jpg,Bingsu/Human_Action_Recognition,calling,1,0,0,0,0,0,0,0,0,0,0,0,0,0,0,0,1,0,0,0
data/external/actions/human_action_recognition/test/003181_calling.jpg,Bingsu/Human_Action_Recognition,calling,1,0,0,0,0,0,0,0,0,0,0,0,0,0,0,0,1,0,0,0
data/external/actions/human_action_recognition/test/003182_calling.jpg,Bingsu/Human_Action_Recognition,calling,1,0,0,0,0,0,0,0,0,0,0,0,0,0,0,0,1,0,0,0
data/external/actions/human_action_recognition/test/003183_calling.jpg,Bingsu/Human_Action_Recognition,calling,1,0,0,0,0,0,0,0,0,0,0,0,0,0,0,0,1,0,0,0
data/external/actions/human_action_recognition/test/003184_calling.jpg,Bingsu/Human_Action_Recognition,calling,1,0,0,0,0,0,0,0,0,0,0,0,0,0,0,0,1,0,0,0
data/external/actions/human_action_recognition/test/003185_calling.jpg,Bingsu/Human_Action_Recognition,calling,1,0,0,0,0,0,0,0,0,0,0,0,0,0,0,0,1,0,0,0
data/external/actions/human_action_recognition/test/003186_calling.jpg,Bingsu/Human_Action_Recognition,calling,1,0,0,0,0,0,0,0,0,0,0,0,0,0,0,0,1,0,0,0
data/external/actions/human_action_recognition/test/003187_calling.jpg,Bingsu/Human_Action_Recognition,calling,1,0,0,0,0,0,0,0,0,0,0,0,0,0,0,0,1,0,0,0
data/external/actions/human_action_recognition/test/003188_calling.jpg,Bingsu/Human_Action_Recognition,calling,1,0,0,0,0,0,0,0,0,0,0,0,0,0,0,0,1,0,0,0
data/external/actions/human_action_recognition/test/003189_calling.jpg,Bingsu/Human_Action_Recognition,calling,1,0,0,0,0,0,0,0,0,0,0,0,0,0,0,0,1,0,0,0
data/external/actions/human_action_recognition/test/003190_calling.jpg,Bingsu/Human_Action_Recognition,calling,1,0,0,0,0,0,0,0,0,0,0,0,0,0,0,0,1,0,0,0
data/external/actions/human_action_recognition/test/003191_calling.jpg,Bingsu/Human_Action_Recognition,calling,1,0,0,0,0,0,0,0,0,0,0,0,0,0,0,0,1,0,0,0
data/external/actions/human_action_recognition/test/003192_calling.jpg,Bingsu/Human_Action_Recognition,calling,1,0,0,0,0,0,0,0,0,0,0,0,0,0,0,0,1,0,0,0
data/external/actions/human_action_recognition/test/003193_calling.jpg,Bingsu/Human_Action_Recognition,calling,1,0,0,0,0,0,0,0,0,0,0,0,0,0,0,0,1,0,0,0
data/external/actions/human_action_recognition/test/003194_calling.jpg,Bingsu/Human_Action_Recognition,calling,1,0,0,0,0,0,0,0,0,0,0,0,0,0,0,0,1,0,0,0
data/external/actions/human_action_recognition/test/003195_calling.jpg,Bingsu/Human_Action_Recognition,calling,1,0,0,0,0,0,0,0,0,0,0,0,0,0,0,0,1,0,0,0
data/external/actions/human_action_recognition/test/003196_calling.jpg,Bingsu/Human_Action_Recognition,calling,1,0,0,0,0,0,0,0,0,0,0,0,0,0,0,0,1,0,0,0
data/external/actions/human_action_recognition/test/003197_calling.jpg,Bingsu/Human_Action_Recognition,calling,1,0,0,0,0,0,0,0,0,0,0,0,0,0,0,0,1,0,0,0
data/external/actions/human_action_recognition/test/003198_calling.jpg,Bingsu/Human_Action_Recognition,calling,1,0,0,0,0,0,0,0,0,0,0,0,0,0,0,0,1,0,0,0
data/external/actions/human_action_recognition/test/003199_calling.jpg,Bingsu/Human_Action_Recognition,calling,1,0,0,0,0,0,0,0,0,0,0,0,0,0,0,0,1,0,0,0
data/external/actions/human_action_recognition/test/003200_calling.jpg,Bingsu/Human_Action_Recognition,calling,1,0,0,0,0,0,0,0,0,0,0,0,0,0,0,0,1,0,0,0
data/external/actions/human_action_recognition/test/003201_calling.jpg,Bingsu/Human_Action_Recognition,calling,1,0,0,0,0,0,0,0,0,0,0,0,0,0,0,0,1,0,0,0
data/external/actions/human_action_recognition/test/003202_calling.jpg,Bingsu/Human_Action_Recognition,calling,1,0,0,0,0,0,0,0,0,0,0,0,0,0,0,0,1,0,0,0
data/external/actions/human_action_recognition/test/003203_calling.jpg,Bingsu/Human_Action_Recognition,calling,1,0,0,0,0,0,0,0,0,0,0,0,0,0,0,0,1,0,0,0
data/external/actions/human_action_recognition/test/003204_calling.jpg,Bingsu/Human_Action_Recognition,calling,1,0,0,0,0,0,0,0,0,0,0,0,0,0,0,0,1,0,0,0
data/external/actions/human_action_recognition/test/003205_calling.jpg,Bingsu/Human_Action_Recognition,calling,1,0,0,0,0,0,0,0,0,0,0,0,0,0,0,0,1,0,0,0
data/external/actions/human_action_recognition/test/003206_calling.jpg,Bingsu/Human_Action_Recognition,calling,1,0,0,0,0,0,0,0,0,0,0,0,0,0,0,0,1,0,0,0
data/external/actions/human_action_recognition/test/003207_calling.jpg,Bingsu/Human_Action_Recognition,calling,1,0,0,0,0,0,0,0,0,0,0,0,0,0,0,0,1,0,0,0
data/external/actions/human_action_recognition/test/003208_calling.jpg,Bingsu/Human_Action_Recognition,calling,1,0,0,0,0,0,0,0,0,0,0,0,0,0,0,0,1,0,0,0
data/external/actions/human_action_recognition/test/003209_calling.jpg,Bingsu/Human_Action_Recognition,calling,1,0,0,0,0,0,0,0,0,0,0,0,0,0,0,0,1,0,0,0
data/external/actions/human_action_recognition/test/003210_calling.jpg,Bingsu/Human_Action_Recognition,calling,1,0,0,0,0,0,0,0,0,0,0,0,0,0,0,0,1,0,0,0
data/external/actions/human_action_recognition/test/003211_calling.jpg,Bingsu/Human_Action_Recognition,calling,1,0,0,0,0,0,0,0,0,0,0,0,0,0,0,0,1,0,0,0
data/external/actions/human_action_recognition/test/003212_calling.jpg,Bingsu/Human_Action_Recognition,calling,1,0,0,0,0,0,0,0,0,0,0,0,0,0,0,0,1,0,0,0
data/external/actions/human_action_recognition/test/003213_calling.jpg,Bingsu/Human_Action_Recognition,calling,1,0,0,0,0,0,0,0,0,0,0,0,0,0,0,0,1,0,0,0
data/external/actions/human_action_recognition/test/003214_calling.jpg,Bingsu/Human_Action_Recognition,calling,1,0,0,0,0,0,0,0,0,0,0,0,0,0,0,0,1,0,0,0
data/external/actions/human_action_recognition/test/003215_calling.jpg,Bingsu/Human_Action_Recognition,calling,1,0,0,0,0,0,0,0,0,0,0,0,0,0,0,0,1,0,0,0
data/external/actions/human_action_recognition/test/003216_calling.jpg,Bingsu/Human_Action_Recognition,calling,1,0,0,0,0,0,0,0,0,0,0,0,0,0,0,0,1,0,0,0
data/external/actions/human_action_recognition/test/003217_calling.jpg,Bingsu/Human_Action_Recognition,calling,1,0,0,0,0,0,0,0,0,0,0,0,0,0,0,0,1,0,0,0
data/external/actions/human_action_recognition/test/003218_calling.jpg,Bingsu/Human_Action_Recognition,calling,1,0,0,0,0,0,0,0,0,0,0,0,0,0,0,0,1,0,0,0
data/external/actions/human_action_recognition/test/003219_calling.jpg,Bingsu/Human_Action_Recognition,calling,1,0,0,0,0,0,0,0,0,0,0,0,0,0,0,0,1,0,0,0
data/external/actions/human_action_recognition/test/003220_calling.jpg,Bingsu/Human_Action_Recognition,calling,1,0,0,0,0,0,0,0,0,0,0,0,0,0,0,0,1,0,0,0
data/external/actions/human_action_recognition/test/003221_calling.jpg,Bingsu/Human_Action_Recognition,calling,1,0,0,0,0,0,0,0,0,0,0,0,0,0,0,0,1,0,0,0
data/external/actions/human_action_recognition/test/003222_calling.jpg,Bingsu/Human_Action_Recognition,calling,1,0,0,0,0,0,0,0,0,0,0,0,0,0,0,0,1,0,0,0
data/external/actions/human_action_recognition/test/003223_calling.jpg,Bingsu/Human_Action_Recognition,calling,1,0,0,0,0,0,0,0,0,0,0,0,0,0,0,0,1,0,0,0
data/external/actions/human_action_recognition/test/003224_calling.jpg,Bingsu/Human_Action_Recognition,calling,1,0,0,0,0,0,0,0,0,0,0,0,0,0,0,0,1,0,0,0
data/external/actions/human_action_recognition/test/003225_calling.jpg,Bingsu/Human_Action_Recognition,calling,1,0,0,0,0,0,0,0,0,0,0,0,0,0,0,0,1,0,0,0
data/external/actions/human_action_recognition/test/003226_calling.jpg,Bingsu/Human_Action_Recognition,calling,1,0,0,0,0,0,0,0,0,0,0,0,0,0,0,0,1,0,0,0
data/external/actions/human_action_recognition/test/003227_calling.jpg,Bingsu/Human_Action_Recognition,calling,1,0,0,0,0,0,0,0,0,0,0,0,0,0,0,0,1,0,0,0
data/external/actions/human_action_recognition/test/003228_calling.jpg,Bingsu/Human_Action_Recognition,calling,1,0,0,0,0,0,0,0,0,0,0,0,0,0,0,0,1,0,0,0
data/external/actions/human_action_recognition/test/003229_calling.jpg,Bingsu/Human_Action_Recognition,calling,1,0,0,0,0,0,0,0,0,0,0,0,0,0,0,0,1,0,0,0
data/external/actions/human_action_recognition/test/003230_calling.jpg,Bingsu/Human_Action_Recognition,calling,1,0,0,0,0,0,0,0,0,0,0,0,0,0,0,0,1,0,0,0
data/external/actions/human_action_recognition/test/003231_calling.jpg,Bingsu/Human_Action_Recognition,calling,1,0,0,0,0,0,0,0,0,0,0,0,0,0,0,0,1,0,0,0
data/external/actions/human_action_recognition/test/003232_calling.jpg,Bingsu/Human_Action_Recognition,calling,1,0,0,0,0,0,0,0,0,0,0,0,0,0,0,0,1,0,0,0
data/external/actions/human_action_recognition/test/003233_calling.jpg,Bingsu/Human_Action_Recognition,calling,1,0,0,0,0,0,0,0,0,0,0,0,0,0,0,0,1,0,0,0
data/external/actions/human_action_recognition/test/003234_calling.jpg,Bingsu/Human_Action_Recognition,calling,1,0,0,0,0,0,0,0,0,0,0,0,0,0,0,0,1,0,0,0
data/external/actions/human_action_recognition/test/003235_calling.jpg,Bingsu/Human_Action_Recognition,calling,1,0,0,0,0,0,0,0,0,0,0,0,0,0,0,0,1,0,0,0
data/external/actions/human_action_recognition/test/003236_calling.jpg,Bingsu/Human_Action_Recognition,calling,1,0,0,0,0,0,0,0,0,0,0,0,0,0,0,0,1,0,0,0
data/external/actions/human_action_recognition/test/003237_calling.jpg,Bingsu/Human_Action_Recognition,calling,1,0,0,0,0,0,0,0,0,0,0,0,0,0,0,0,1,0,0,0
data/external/actions/human_action_recognition/test/003238_calling.jpg,Bingsu/Human_Action_Recognition,calling,1,0,0,0,0,0,0,0,0,0,0,0,0,0,0,0,1,0,0,0
data/external/actions/human_action_recognition/test/003239_calling.jpg,Bingsu/Human_Action_Recognition,calling,1,0,0,0,0,0,0,0,0,0,0,0,0,0,0,0,1,0,0,0
data/external/actions/human_action_recognition/test/003240_calling.jpg,Bingsu/Human_Action_Recognition,calling,1,0,0,0,0,0,0,0,0,0,0,0,0,0,0,0,1,0,0,0
data/external/actions/human_action_recognition/test/003241_calling.jpg,Bingsu/Human_Action_Recognition,calling,1,0,0,0,0,0,0,0,0,0,0,0,0,0,0,0,1,0,0,0
data/external/actions/human_action_recognition/test/003242_calling.jpg,Bingsu/Human_Action_Recognition,calling,1,0,0,0,0,0,0,0,0,0,0,0,0,0,0,0,1,0,0,0
data/external/actions/human_action_recognition/test/003243_calling.jpg,Bingsu/Human_Action_Recognition,calling,1,0,0,0,0,0,0,0,0,0,0,0,0,0,0,0,1,0,0,0
data/external/actions/human_action_recognition/test/003244_calling.jpg,Bingsu/Human_Action_Recognition,calling,1,0,0,0,0,0,0,0,0,0,0,0,0,0,0,0,1,0,0,0
data/external/actions/human_action_recognition/test/003245_calling.jpg,Bingsu/Human_Action_Recognition,calling,1,0,0,0,0,0,0,0,0,0,0,0,0,0,0,0,1,0,0,0
data/external/actions/human_action_recognition/test/003246_calling.jpg,Bingsu/Human_Action_Recognition,calling,1,0,0,0,0,0,0,0,0,0,0,0,0,0,0,0,1,0,0,0
data/external/actions/human_action_recognition/test/003247_calling.jpg,Bingsu/Human_Action_Recognition,calling,1,0,0,0,0,0,0,0,0,0,0,0,0,0,0,0,1,0,0,0
data/external/actions/human_action_recognition/test/003248_calling.jpg,Bingsu/Human_Action_Recognition,calling,1,0,0,0,0,0,0,0,0,0,0,0,0,0,0,0,1,0,0,0
data/external/actions/human_action_recognition/test/003249_calling.jpg,Bingsu/Human_Action_Recognition,calling,1,0,0,0,0,0,0,0,0,0,0,0,0,0,0,0,1,0,0,0
data/external/actions/human_action_recognition/test/003250_calling.jpg,Bingsu/Human_Action_Recognition,calling,1,0,0,0,0,0,0,0,0,0,0,0,0,0,0,0,1,0,0,0
data/external/actions/human_action_recognition/test/003251_calling.jpg,Bingsu/Human_Action_Recognition,calling,1,0,0,0,0,0,0,0,0,0,0,0,0,0,0,0,1,0,0,0
data/external/actions/human_action_recognition/test/003252_calling.jpg,Bingsu/Human_Action_Recognition,calling,1,0,0,0,0,0,0,0,0,0,0,0,0,0,0,0,1,0,0,0
data/external/actions/human_action_recognition/test/003253_calling.jpg,Bingsu/Human_Action_Recognition,calling,1,0,0,0,0,0,0,0,0,0,0,0,0,0,0,0,1,0,0,0
data/external/actions/human_action_recognition/test/003254_calling.jpg,Bingsu/Human_Action_Recognition,calling,1,0,0,0,0,0,0,0,0,0,0,0,0,0,0,0,1,0,0,0
data/external/actions/human_action_recognition/test/003255_calling.jpg,Bingsu/Human_Action_Recognition,calling,1,0,0,0,0,0,0,0,0,0,0,0,0,0,0,0,1,0,0,0
data/external/actions/human_action_recognition/test/003256_calling.jpg,Bingsu/Human_Action_Recognition,calling,1,0,0,0,0,0,0,0,0,0,0,0,0,0,0,0,1,0,0,0
data/external/actions/human_action_recognition/test/003257_calling.jpg,Bingsu/Human_Action_Recognition,calling,1,0,0,0,0,0,0,0,0,0,0,0,0,0,0,0,1,0,0,0
data/external/actions/human_action_recognition/test/003258_calling.jpg,Bingsu/Human_Action_Recognition,calling,1,0,0,0,0,0,0,0,0,0,0,0,0,0,0,0,1,0,0,0
data/external/actions/human_action_recognition/test/003259_calling.jpg,Bingsu/Human_Action_Recognition,calling,1,0,0,0,0,0,0,0,0,0,0,0,0,0,0,0,1,0,0,0
data/external/actions/human_action_recognition/test/003260_calling.jpg,Bingsu/Human_Action_Recognition,calling,1,0,0,0,0,0,0,0,0,0,0,0,0,0,0,0,1,0,0,0
data/external/actions/human_action_recognition/test/003261_calling.jpg,Bingsu/Human_Action_Recognition,calling,1,0,0,0,0,0,0,0,0,0,0,0,0,0,0,0,1,0,0,0
data/external/actions/human_action_recognition/test/003262_calling.jpg,Bingsu/Human_Action_Recognition,calling,1,0,0,0,0,0,0,0,0,0,0,0,0,0,0,0,1,0,0,0
data/external/actions/human_action_recognition/test/003263_calling.jpg,Bingsu/Human_Action_Recognition,calling,1,0,0,0,0,0,0,0,0,0,0,0,0,0,0,0,1,0,0,0
data/external/actions/human_action_recognition/test/003264_calling.jpg,Bingsu/Human_Action_Recognition,calling,1,0,0,0,0,0,0,0,0,0,0,0,0,0,0,0,1,0,0,0
data/external/actions/human_action_recognition/test/003265_calling.jpg,Bingsu/Human_Action_Recognition,calling,1,0,0,0,0,0,0,0,0,0,0,0,0,0,0,0,1,0,0,0
data/external/actions/human_action_recognition/test/003266_calling.jpg,Bingsu/Human_Action_Recognition,calling,1,0,0,0,0,0,0,0,0,0,0,0,0,0,0,0,1,0,0,0
data/external/actions/human_action_recognition/test/003267_calling.jpg,Bingsu/Human_Action_Recognition,calling,1,0,0,0,0,0,0,0,0,0,0,0,0,0,0,0,1,0,0,0
data/external/actions/human_action_recognition/test/003268_calling.jpg,Bingsu/Human_Action_Recognition,calling,1,0,0,0,0,0,0,0,0,0,0,0,0,0,0,0,1,0,0,0
data/external/actions/human_action_recognition/test/003269_calling.jpg,Bingsu/Human_Action_Recognition,calling,1,0,0,0,0,0,0,0,0,0,0,0,0,0,0,0,1,0,0,0
data/external/actions/human_action_recognition/test/003270_calling.jpg,Bingsu/Human_Action_Recognition,calling,1,0,0,0,0,0,0,0,0,0,0,0,0,0,0,0,1,0,0,0
data/external/actions/human_action_recognition/test/003271_calling.jpg,Bingsu/Human_Action_Recognition,calling,1,0,0,0,0,0,0,0,0,0,0,0,0,0,0,0,1,0,0,0
data/external/actions/human_action_recognition/test/003272_calling.jpg,Bingsu/Human_Action_Recognition,calling,1,0,0,0,0,0,0,0,0,0,0,0,0,0,0,0,1,0,0,0
data/external/actions/human_action_recognition/test/003273_calling.jpg,Bingsu/Human_Action_Recognition,calling,1,0,0,0,0,0,0,0,0,0,0,0,0,0,0,0,1,0,0,0
data/external/actions/human_action_recognition/test/003274_calling.jpg,Bingsu/Human_Action_Recognition,calling,1,0,0,0,0,0,0,0,0,0,0,0,0,0,0,0,1,0,0,0
data/external/actions/human_action_recognition/test/003275_calling.jpg,Bingsu/Human_Action_Recognition,calling,1,0,0,0,0,0,0,0,0,0,0,0,0,0,0,0,1,0,0,0
data/external/actions/human_action_recognition/test/003276_calling.jpg,Bingsu/Human_Action_Recognition,calling,1,0,0,0,0,0,0,0,0,0,0,0,0,0,0,0,1,0,0,0
data/external/actions/human_action_recognition/test/003277_calling.jpg,Bingsu/Human_Action_Recognition,calling,1,0,0,0,0,0,0,0,0,0,0,0,0,0,0,0,1,0,0,0
data/external/actions/human_action_recognition/test/003278_calling.jpg,Bingsu/Human_Action_Recognition,calling,1,0,0,0,0,0,0,0,0,0,0,0,0,0,0,0,1,0,0,0
data/external/actions/human_action_recognition/test/003279_calling.jpg,Bingsu/Human_Action_Recognition,calling,1,0,0,0,0,0,0,0,0,0,0,0,0,0,0,0,1,0,0,0
data/external/actions/human_action_recognition/test/003280_calling.jpg,Bingsu/Human_Action_Recognition,calling,1,0,0,0,0,0,0,0,0,0,0,0,0,0,0,0,1,0,0,0
data/external/actions/human_action_recognition/test/003281_calling.jpg,Bingsu/Human_Action_Recognition,calling,1,0,0,0,0,0,0,0,0,0,0,0,0,0,0,0,1,0,0,0
data/external/actions/human_action_recognition/test/003282_calling.jpg,Bingsu/Human_Action_Recognition,calling,1,0,0,0,0,0,0,0,0,0,0,0,0,0,0,0,1,0,0,0
data/external/actions/human_action_recognition/test/003283_calling.jpg,Bingsu/Human_Action_Recognition,calling,1,0,0,0,0,0,0,0,0,0,0,0,0,0,0,0,1,0,0,0
data/external/actions/human_action_recognition/test/003284_calling.jpg,Bingsu/Human_Action_Recognition,calling,1,0,0,0,0,0,0,0,0,0,0,0,0,0,0,0,1,0,0,0
data/external/actions/human_action_recognition/test/003285_calling.jpg,Bingsu/Human_Action_Recognition,calling,1,0,0,0,0,0,0,0,0,0,0,0,0,0,0,0,1,0,0,0
data/external/actions/human_action_recognition/test/003286_calling.jpg,Bingsu/Human_Action_Recognition,calling,1,0,0,0,0,0,0,0,0,0,0,0,0,0,0,0,1,0,0,0
data/external/actions/human_action_recognition/test/003287_calling.jpg,Bingsu/Human_Action_Recognition,calling,1,0,0,0,0,0,0,0,0,0,0,0,0,0,0,0,1,0,0,0
data/external/actions/human_action_recognition/test/003288_calling.jpg,Bingsu/Human_Action_Recognition,calling,1,0,0,0,0,0,0,0,0,0,0,0,0,0,0,0,1,0,0,0
data/external/actions/human_action_recognition/test/003289_calling.jpg,Bingsu/Human_Action_Recognition,calling,1,0,0,0,0,0,0,0,0,0,0,0,0,0,0,0,1,0,0,0
data/external/actions/human_action_recognition/test/003290_calling.jpg,Bingsu/Human_Action_Recognition,calling,1,0,0,0,0,0,0,0,0,0,0,0,0,0,0,0,1,0,0,0
data/external/actions/human_action_recognition/test/003291_calling.jpg,Bingsu/Human_Action_Recognition,calling,1,0,0,0,0,0,0,0,0,0,0,0,0,0,0,0,1,0,0,0
data/external/actions/human_action_recognition/test/003292_calling.jpg,Bingsu/Human_Action_Recognition,calling,1,0,0,0,0,0,0,0,0,0,0,0,0,0,0,0,1,0,0,0
data/external/actions/human_action_recognition/test/003293_calling.jpg,Bingsu/Human_Action_Recognition,calling,1,0,0,0,0,0,0,0,0,0,0,0,0,0,0,0,1,0,0,0
data/external/actions/human_action_recognition/test/003294_calling.jpg,Bingsu/Human_Action_Recognition,calling,1,0,0,0,0,0,0,0,0,0,0,0,0,0,0,0,1,0,0,0
data/external/actions/human_action_recognition/test/003295_calling.jpg,Bingsu/Human_Action_Recognition,calling,1,0,0,0,0,0,0,0,0,0,0,0,0,0,0,0,1,0,0,0
data/external/actions/human_action_recognition/test/003296_calling.jpg,Bingsu/Human_Action_Recognition,calling,1,0,0,0,0,0,0,0,0,0,0,0,0,0,0,0,1,0,0,0
data/external/actions/human_action_recognition/test/003297_calling.jpg,Bingsu/Human_Action_Recognition,calling,1,0,0,0,0,0,0,0,0,0,0,0,0,0,0,0,1,0,0,0
data/external/actions/human_action_recognition/test/003298_calling.jpg,Bingsu/Human_Action_Recognition,calling,1,0,0,0,0,0,0,0,0,0,0,0,0,0,0,0,1,0,0,0
data/external/actions/human_action_recognition/test/003299_calling.jpg,Bingsu/Human_Action_Recognition,calling,1,0,0,0,0,0,0,0,0,0,0,0,0,0,0,0,1,0,0,0
data/external/actions/human_action_recognition/test/003300_calling.jpg,Bingsu/Human_Action_Recognition,calling,1,0,0,0,0,0,0,0,0,0,0,0,0,0,0,0,1,0,0,0
data/external/actions/human_action_recognition/test/003301_calling.jpg,Bingsu/Human_Action_Recognition,calling,1,0,0,0,0,0,0,0,0,0,0,0,0,0,0,0,1,0,0,0
data/external/actions/human_action_recognition/test/003302_calling.jpg,Bingsu/Human_Action_Recognition,calling,1,0,0,0,0,0,0,0,0,0,0,0,0,0,0,0,1,0,0,0
data/external/actions/human_action_recognition/test/003303_calling.jpg,Bingsu/Human_Action_Recognition,calling,1,0,0,0,0,0,0,0,0,0,0,0,0,0,0,0,1,0,0,0
data/external/actions/human_action_recognition/test/003304_calling.jpg,Bingsu/Human_Action_Recognition,calling,1,0,0,0,0,0,0,0,0,0,0,0,0,0,0,0,1,0,0,0
data/external/actions/human_action_recognition/test/003305_calling.jpg,Bingsu/Human_Action_Recognition,calling,1,0,0,0,0,0,0,0,0,0,0,0,0,0,0,0,1,0,0,0
data/external/actions/human_action_recognition/test/003306_calling.jpg,Bingsu/Human_Action_Recognition,calling,1,0,0,0,0,0,0,0,0,0,0,0,0,0,0,0,1,0,0,0
data/external/actions/human_action_recognition/test/003307_calling.jpg,Bingsu/Human_Action_Recognition,calling,1,0,0,0,0,0,0,0,0,0,0,0,0,0,0,0,1,0,0,0
data/external/actions/human_action_recognition/test/003308_calling.jpg,Bingsu/Human_Action_Recognition,calling,1,0,0,0,0,0,0,0,0,0,0,0,0,0,0,0,1,0,0,0
data/external/actions/human_action_recognition/test/003309_calling.jpg,Bingsu/Human_Action_Recognition,calling,1,0,0,0,0,0,0,0,0,0,0,0,0,0,0,0,1,0,0,0
data/external/actions/human_action_recognition/test/003310_calling.jpg,Bingsu/Human_Action_Recognition,calling,1,0,0,0,0,0,0,0,0,0,0,0,0,0,0,0,1,0,0,0
data/external/actions/human_action_recognition/test/003311_calling.jpg,Bingsu/Human_Action_Recognition,calling,1,0,0,0,0,0,0,0,0,0,0,0,0,0,0,0,1,0,0,0
data/external/actions/human_action_recognition/test/003312_calling.jpg,Bingsu/Human_Action_Recognition,calling,1,0,0,0,0,0,0,0,0,0,0,0,0,0,0,0,1,0,0,0
data/external/actions/human_action_recognition/test/003313_calling.jpg,Bingsu/Human_Action_Recognition,calling,1,0,0,0,0,0,0,0,0,0,0,0,0,0,0,0,1,0,0,0
data/external/actions/human_action_recognition/test/003314_calling.jpg,Bingsu/Human_Action_Recognition,calling,1,0,0,0,0,0,0,0,0,0,0,0,0,0,0,0,1,0,0,0
data/external/actions/human_action_recognition/test/003315_calling.jpg,Bingsu/Human_Action_Recognition,calling,1,0,0,0,0,0,0,0,0,0,0,0,0,0,0,0,1,0,0,0
data/external/actions/human_action_recognition/test/003316_calling.jpg,Bingsu/Human_Action_Recognition,calling,1,0,0,0,0,0,0,0,0,0,0,0,0,0,0,0,1,0,0,0
data/external/actions/human_action_recognition/test/003317_calling.jpg,Bingsu/Human_Action_Recognition,calling,1,0,0,0,0,0,0,0,0,0,0,0,0,0,0,0,1,0,0,0
data/external/actions/human_action_recognition/test/003318_calling.jpg,Bingsu/Human_Action_Recognition,calling,1,0,0,0,0,0,0,0,0,0,0,0,0,0,0,0,1,0,0,0
data/external/actions/human_action_recognition/test/003319_calling.jpg,Bingsu/Human_Action_Recognition,calling,1,0,0,0,0,0,0,0,0,0,0,0,0,0,0,0,1,0,0,0
data/external/actions/human_action_recognition/test/003320_calling.jpg,Bingsu/Human_Action_Recognition,calling,1,0,0,0,0,0,0,0,0,0,0,0,0,0,0,0,1,0,0,0
data/external/actions/human_action_recognition/test/003321_calling.jpg,Bingsu/Human_Action_Recognition,calling,1,0,0,0,0,0,0,0,0,0,0,0,0,0,0,0,1,0,0,0
data/external/actions/human_action_recognition/test/003322_calling.jpg,Bingsu/Human_Action_Recognition,calling,1,0,0,0,0,0,0,0,0,0,0,0,0,0,0,0,1,0,0,0
data/external/actions/human_action_recognition/test/003323_calling.jpg,Bingsu/Human_Action_Recognition,calling,1,0,0,0,0,0,0,0,0,0,0,0,0,0,0,0,1,0,0,0
data/external/actions/human_action_recognition/test/003324_calling.jpg,Bingsu/Human_Action_Recognition,calling,1,0,0,0,0,0,0,0,0,0,0,0,0,0,0,0,1,0,0,0
data/external/actions/human_action_recognition/test/003325_calling.jpg,Bingsu/Human_Action_Recognition,calling,1,0,0,0,0,0,0,0,0,0,0,0,0,0,0,0,1,0,0,0
data/external/actions/human_action_recognition/test/003326_calling.jpg,Bingsu/Human_Action_Recognition,calling,1,0,0,0,0,0,0,0,0,0,0,0,0,0,0,0,1,0,0,0
data/external/actions/human_action_recognition/test/003327_calling.jpg,Bingsu/Human_Action_Recognition,calling,1,0,0,0,0,0,0,0,0,0,0,0,0,0,0,0,1,0,0,0
data/external/actions/human_action_recognition/test/003328_calling.jpg,Bingsu/Human_Action_Recognition,calling,1,0,0,0,0,0,0,0,0,0,0,0,0,0,0,0,1,0,0,0
data/external/actions/human_action_recognition/test/003329_calling.jpg,Bingsu/Human_Action_Recognition,calling,1,0,0,0,0,0,0,0,0,0,0,0,0,0,0,0,1,0,0,0
data/external/actions/human_action_recognition/test/003330_calling.jpg,Bingsu/Human_Action_Recognition,calling,1,0,0,0,0,0,0,0,0,0,0,0,0,0,0,0,1,0,0,0
data/external/actions/human_action_recognition/test/003331_calling.jpg,Bingsu/Human_Action_Recognition,calling,1,0,0,0,0,0,0,0,0,0,0,0,0,0,0,0,1,0,0,0
data/external/actions/human_action_recognition/test/003332_calling.jpg,Bingsu/Human_Action_Recognition,calling,1,0,0,0,0,0,0,0,0,0,0,0,0,0,0,0,1,0,0,0
data/external/actions/human_action_recognition/test/003333_calling.jpg,Bingsu/Human_Action_Recognition,calling,1,0,0,0,0,0,0,0,0,0,0,0,0,0,0,0,1,0,0,0
data/external/actions/human_action_recognition/test/003334_calling.jpg,Bingsu/Human_Action_Recognition,calling,1,0,0,0,0,0,0,0,0,0,0,0,0,0,0,0,1,0,0,0
data/external/actions/human_action_recognition/test/003335_calling.jpg,Bingsu/Human_Action_Recognition,calling,1,0,0,0,0,0,0,0,0,0,0,0,0,0,0,0,1,0,0,0
data/external/actions/human_action_recognition/test/003336_calling.jpg,Bingsu/Human_Action_Recognition,calling,1,0,0,0,0,0,0,0,0,0,0,0,0,0,0,0,1,0,0,0
data/external/actions/human_action_recognition/test/003337_calling.jpg,Bingsu/Human_Action_Recognition,calling,1,0,0,0,0,0,0,0,0,0,0,0,0,0,0,0,1,0,0,0
data/external/actions/human_action_recognition/test/003338_calling.jpg,Bingsu/Human_Action_Recognition,calling,1,0,0,0,0,0,0,0,0,0,0,0,0,0,0,0,1,0,0,0
data/external/actions/human_action_recognition/test/003339_calling.jpg,Bingsu/Human_Action_Recognition,calling,1,0,0,0,0,0,0,0,0,0,0,0,0,0,0,0,1,0,0,0
data/external/actions/human_action_recognition/test/003340_calling.jpg,Bingsu/Human_Action_Recognition,calling,1,0,0,0,0,0,0,0,0,0,0,0,0,0,0,0,1,0,0,0
data/external/actions/human_action_recognition/test/003341_calling.jpg,Bingsu/Human_Action_Recognition,calling,1,0,0,0,0,0,0,0,0,0,0,0,0,0,0,0,1,0,0,0
data/external/actions/human_action_recognition/test/003342_calling.jpg,Bingsu/Human_Action_Recognition,calling,1,0,0,0,0,0,0,0,0,0,0,0,0,0,0,0,1,0,0,0
data/external/actions/human_action_recognition/test/003343_calling.jpg,Bingsu/Human_Action_Recognition,calling,1,0,0,0,0,0,0,0,0,0,0,0,0,0,0,0,1,0,0,0
data/external/actions/human_action_recognition/test/003344_calling.jpg,Bingsu/Human_Action_Recognition,calling,1,0,0,0,0,0,0,0,0,0,0,0,0,0,0,0,1,0,0,0
data/external/actions/human_action_recognition/test/003345_calling.jpg,Bingsu/Human_Action_Recognition,calling,1,0,0,0,0,0,0,0,0,0,0,0,0,0,0,0,1,0,0,0
data/external/actions/human_action_recognition/test/003346_calling.jpg,Bingsu/Human_Action_Recognition,calling,1,0,0,0,0,0,0,0,0,0,0,0,0,0,0,0,1,0,0,0
data/external/actions/human_action_recognition/test/003347_calling.jpg,Bingsu/Human_Action_Recognition,calling,1,0,0,0,0,0,0,0,0,0,0,0,0,0,0,0,1,0,0,0
data/external/actions/human_action_recognition/test/003348_calling.jpg,Bingsu/Human_Action_Recognition,calling,1,0,0,0,0,0,0,0,0,0,0,0,0,0,0,0,1,0,0,0
data/external/actions/human_action_recognition/test/003349_calling.jpg,Bingsu/Human_Action_Recognition,calling,1,0,0,0,0,0,0,0,0,0,0,0,0,0,0,0,1,0,0,0
data/external/actions/human_action_recognition/test/003350_calling.jpg,Bingsu/Human_Action_Recognition,calling,1,0,0,0,0,0,0,0,0,0,0,0,0,0,0,0,1,0,0,0
data/external/actions/human_action_recognition/test/003351_calling.jpg,Bingsu/Human_Action_Recognition,calling,1,0,0,0,0,0,0,0,0,0,0,0,0,0,0,0,1,0,0,0
data/external/actions/human_action_recognition/test/003352_calling.jpg,Bingsu/Human_Action_Recognition,calling,1,0,0,0,0,0,0,0,0,0,0,0,0,0,0,0,1,0,0,0
data/external/actions/human_action_recognition/test/003353_calling.jpg,Bingsu/Human_Action_Recognition,calling,1,0,0,0,0,0,0,0,0,0,0,0,0,0,0,0,1,0,0,0
data/external/actions/human_action_recognition/test/003354_calling.jpg,Bingsu/Human_Action_Recognition,calling,1,0,0,0,0,0,0,0,0,0,0,0,0,0,0,0,1,0,0,0
data/external/actions/human_action_recognition/test/003355_calling.jpg,Bingsu/Human_Action_Recognition,calling,1,0,0,0,0,0,0,0,0,0,0,0,0,0,0,0,1,0,0,0
data/external/actions/human_action_recognition/test/003356_calling.jpg,Bingsu/Human_Action_Recognition,calling,1,0,0,0,0,0,0,0,0,0,0,0,0,0,0,0,1,0,0,0
data/external/actions/human_action_recognition/test/003357_calling.jpg,Bingsu/Human_Action_Recognition,calling,1,0,0,0,0,0,0,0,0,0,0,0,0,0,0,0,1,0,0,0
data/external/actions/human_action_recognition/test/003358_calling.jpg,Bingsu/Human_Action_Recognition,calling,1,0,0,0,0,0,0,0,0,0,0,0,0,0,0,0,1,0,0,0
data/external/actions/human_action_recognition/test/003359_calling.jpg,Bingsu/Human_Action_Recognition,calling,1,0,0,0,0,0,0,0,0,0,0,0,0,0,0,0,1,0,0,0
data/external/actions/human_action_recognition/test/003360_calling.jpg,Bingsu/Human_Action_Recognition,calling,1,0,0,0,0,0,0,0,0,0,0,0,0,0,0,0,1,0,0,0
data/external/actions/human_action_recognition/test/003361_calling.jpg,Bingsu/Human_Action_Recognition,calling,1,0,0,0,0,0,0,0,0,0,0,0,0,0,0,0,1,0,0,0
data/external/actions/human_action_recognition/test/003362_calling.jpg,Bingsu/Human_Action_Recognition,calling,1,0,0,0,0,0,0,0,0,0,0,0,0,0,0,0,1,0,0,0
data/external/actions/human_action_recognition/test/003363_calling.jpg,Bingsu/Human_Action_Recognition,calling,1,0,0,0,0,0,0,0,0,0,0,0,0,0,0,0,1,0,0,0
data/external/actions/human_action_recognition/test/003364_calling.jpg,Bingsu/Human_Action_Recognition,calling,1,0,0,0,0,0,0,0,0,0,0,0,0,0,0,0,1,0,0,0
data/external/actions/human_action_recognition/test/003365_calling.jpg,Bingsu/Human_Action_Recognition,calling,1,0,0,0,0,0,0,0,0,0,0,0,0,0,0,0,1,0,0,0
data/external/actions/human_action_recognition/test/003366_calling.jpg,Bingsu/Human_Action_Recognition,calling,1,0,0,0,0,0,0,0,0,0,0,0,0,0,0,0,1,0,0,0
data/external/actions/human_action_recognition/test/003367_calling.jpg,Bingsu/Human_Action_Recognition,calling,1,0,0,0,0,0,0,0,0,0,0,0,0,0,0,0,1,0,0,0
data/external/actions/human_action_recognition/test/003368_calling.jpg,Bingsu/Human_Action_Recognition,calling,1,0,0,0,0,0,0,0,0,0,0,0,0,0,0,0,1,0,0,0
data/external/actions/human_action_recognition/test/003369_calling.jpg,Bingsu/Human_Action_Recognition,calling,1,0,0,0,0,0,0,0,0,0,0,0,0,0,0,0,1,0,0,0
data/external/actions/human_action_recognition/test/003370_calling.jpg,Bingsu/Human_Action_Recognition,calling,1,0,0,0,0,0,0,0,0,0,0,0,0,0,0,0,1,0,0,0
data/external/actions/human_action_recognition/test/003371_calling.jpg,Bingsu/Human_Action_Recognition,calling,1,0,0,0,0,0,0,0,0,0,0,0,0,0,0,0,1,0,0,0
data/external/actions/human_action_recognition/test/003372_calling.jpg,Bingsu/Human_Action_Recognition,calling,1,0,0,0,0,0,0,0,0,0,0,0,0,0,0,0,1,0,0,0
data/external/actions/human_action_recognition/test/003373_calling.jpg,Bingsu/Human_Action_Recognition,calling,1,0,0,0,0,0,0,0,0,0,0,0,0,0,0,0,1,0,0,0
data/external/actions/human_action_recognition/test/003374_calling.jpg,Bingsu/Human_Action_Recognition,calling,1,0,0,0,0,0,0,0,0,0,0,0,0,0,0,0,1,0,0,0
data/external/actions/human_action_recognition/test/003375_calling.jpg,Bingsu/Human_Action_Recognition,calling,1,0,0,0,0,0,0,0,0,0,0,0,0,0,0,0,1,0,0,0
data/external/actions/human_action_recognition/test/003376_calling.jpg,Bingsu/Human_Action_Recognition,calling,1,0,0,0,0,0,0,0,0,0,0,0,0,0,0,0,1,0,0,0
data/external/actions/human_action_recognition/test/003377_calling.jpg,Bingsu/Human_Action_Recognition,calling,1,0,0,0,0,0,0,0,0,0,0,0,0,0,0,0,1,0,0,0
data/external/actions/human_action_recognition/test/003378_calling.jpg,Bingsu/Human_Action_Recognition,calling,1,0,0,0,0,0,0,0,0,0,0,0,0,0,0,0,1,0,0,0
data/external/actions/human_action_recognition/test/003379_calling.jpg,Bingsu/Human_Action_Recognition,calling,1,0,0,0,0,0,0,0,0,0,0,0,0,0,0,0,1,0,0,0
data/external/actions/human_action_recognition/test/003380_calling.jpg,Bingsu/Human_Action_Recognition,calling,1,0,0,0,0,0,0,0,0,0,0,0,0,0,0,0,1,0,0,0
data/external/actions/human_action_recognition/test/003381_calling.jpg,Bingsu/Human_Action_Recognition,calling,1,0,0,0,0,0,0,0,0,0,0,0,0,0,0,0,1,0,0,0
data/external/actions/human_action_recognition/test/003382_calling.jpg,Bingsu/Human_Action_Recognition,calling,1,0,0,0,0,0,0,0,0,0,0,0,0,0,0,0,1,0,0,0
data/external/actions/human_action_recognition/test/003383_calling.jpg,Bingsu/Human_Action_Recognition,calling,1,0,0,0,0,0,0,0,0,0,0,0,0,0,0,0,1,0,0,0
data/external/actions/human_action_recognition/test/003384_calling.jpg,Bingsu/Human_Action_Recognition,calling,1,0,0,0,0,0,0,0,0,0,0,0,0,0,0,0,1,0,0,0
data/external/actions/human_action_recognition/test/003385_calling.jpg,Bingsu/Human_Action_Recognition,calling,1,0,0,0,0,0,0,0,0,0,0,0,0,0,0,0,1,0,0,0
data/external/actions/human_action_recognition/test/003386_calling.jpg,Bingsu/Human_Action_Recognition,calling,1,0,0,0,0,0,0,0,0,0,0,0,0,0,0,0,1,0,0,0
data/external/actions/human_action_recognition/test/003387_calling.jpg,Bingsu/Human_Action_Recognition,calling,1,0,0,0,0,0,0,0,0,0,0,0,0,0,0,0,1,0,0,0
data/external/actions/human_action_recognition/test/003388_calling.jpg,Bingsu/Human_Action_Recognition,calling,1,0,0,0,0,0,0,0,0,0,0,0,0,0,0,0,1,0,0,0
data/external/actions/human_action_recognition/test/003389_calling.jpg,Bingsu/Human_Action_Recognition,calling,1,0,0,0,0,0,0,0,0,0,0,0,0,0,0,0,1,0,0,0
data/external/actions/human_action_recognition/test/003390_calling.jpg,Bingsu/Human_Action_Recognition,calling,1,0,0,0,0,0,0,0,0,0,0,0,0,0,0,0,1,0,0,0
data/external/actions/human_action_recognition/test/003391_calling.jpg,Bingsu/Human_Action_Recognition,calling,1,0,0,0,0,0,0,0,0,0,0,0,0,0,0,0,1,0,0,0
data/external/actions/human_action_recognition/test/003392_calling.jpg,Bingsu/Human_Action_Recognition,calling,1,0,0,0,0,0,0,0,0,0,0,0,0,0,0,0,1,0,0,0
data/external/actions/human_action_recognition/test/003393_calling.jpg,Bingsu/Human_Action_Recognition,calling,1,0,0,0,0,0,0,0,0,0,0,0,0,0,0,0,1,0,0,0
data/external/actions/human_action_recognition/test/003394_calling.jpg,Bingsu/Human_Action_Recognition,calling,1,0,0,0,0,0,0,0,0,0,0,0,0,0,0,0,1,0,0,0
data/external/actions/human_action_recognition/test/003395_calling.jpg,Bingsu/Human_Action_Recognition,calling,1,0,0,0,0,0,0,0,0,0,0,0,0,0,0,0,1,0,0,0
data/external/actions/human_action_recognition/test/003396_calling.jpg,Bingsu/Human_Action_Recognition,calling,1,0,0,0,0,0,0,0,0,0,0,0,0,0,0,0,1,0,0,0
data/external/actions/human_action_recognition/test/003397_calling.jpg,Bingsu/Human_Action_Recognition,calling,1,0,0,0,0,0,0,0,0,0,0,0,0,0,0,0,1,0,0,0
data/external/actions/human_action_recognition/test/003398_calling.jpg,Bingsu/Human_Action_Recognition,calling,1,0,0,0,0,0,0,0,0,0,0,0,0,0,0,0,1,0,0,0
data/external/actions/human_action_recognition/test/003399_calling.jpg,Bingsu/Human_Action_Recognition,calling,1,0,0,0,0,0,0,0,0,0,0,0,0,0,0,0,1,0,0,0
data/external/actions/human_action_recognition/test/003400_calling.jpg,Bingsu/Human_Action_Recognition,calling,1,0,0,0,0,0,0,0,0,0,0,0,0,0,0,0,1,0,0,0
data/external/actions/human_action_recognition/test/003401_calling.jpg,Bingsu/Human_Action_Recognition,calling,1,0,0,0,0,0,0,0,0,0,0,0,0,0,0,0,1,0,0,0
data/external/actions/human_action_recognition/test/003402_calling.jpg,Bingsu/Human_Action_Recognition,calling,1,0,0,0,0,0,0,0,0,0,0,0,0,0,0,0,1,0,0,0
data/external/actions/human_action_recognition/test/003403_calling.jpg,Bingsu/Human_Action_Recognition,calling,1,0,0,0,0,0,0,0,0,0,0,0,0,0,0,0,1,0,0,0
data/external/actions/human_action_recognition/test/003404_calling.jpg,Bingsu/Human_Action_Recognition,calling,1,0,0,0,0,0,0,0,0,0,0,0,0,0,0,0,1,0,0,0
data/external/actions/human_action_recognition/test/003405_calling.jpg,Bingsu/Human_Action_Recognition,calling,1,0,0,0,0,0,0,0,0,0,0,0,0,0,0,0,1,0,0,0
data/external/actions/human_action_recognition/test/003406_calling.jpg,Bingsu/Human_Action_Recognition,calling,1,0,0,0,0,0,0,0,0,0,0,0,0,0,0,0,1,0,0,0
data/external/actions/human_action_recognition/test/003407_calling.jpg,Bingsu/Human_Action_Recognition,calling,1,0,0,0,0,0,0,0,0,0,0,0,0,0,0,0,1,0,0,0
data/external/actions/human_action_recognition/test/003408_calling.jpg,Bingsu/Human_Action_Recognition,calling,1,0,0,0,0,0,0,0,0,0,0,0,0,0,0,0,1,0,0,0
data/external/actions/human_action_recognition/test/003409_calling.jpg,Bingsu/Human_Action_Recognition,calling,1,0,0,0,0,0,0,0,0,0,0,0,0,0,0,0,1,0,0,0
data/external/actions/human_action_recognition/test/003410_calling.jpg,Bingsu/Human_Action_Recognition,calling,1,0,0,0,0,0,0,0,0,0,0,0,0,0,0,0,1,0,0,0
data/external/actions/human_action_recognition/test/003411_calling.jpg,Bingsu/Human_Action_Recognition,calling,1,0,0,0,0,0,0,0,0,0,0,0,0,0,0,0,1,0,0,0
data/external/actions/human_action_recognition/test/003412_calling.jpg,Bingsu/Human_Action_Recognition,calling,1,0,0,0,0,0,0,0,0,0,0,0,0,0,0,0,1,0,0,0
data/external/actions/human_action_recognition/test/003413_calling.jpg,Bingsu/Human_Action_Recognition,calling,1,0,0,0,0,0,0,0,0,0,0,0,0,0,0,0,1,0,0,0
data/external/actions/human_action_recognition/test/003414_calling.jpg,Bingsu/Human_Action_Recognition,calling,1,0,0,0,0,0,0,0,0,0,0,0,0,0,0,0,1,0,0,0
data/external/actions/human_action_recognition/test/003415_calling.jpg,Bingsu/Human_Action_Recognition,calling,1,0,0,0,0,0,0,0,0,0,0,0,0,0,0,0,1,0,0,0
data/external/actions/human_action_recognition/test/003416_calling.jpg,Bingsu/Human_Action_Recognition,calling,1,0,0,0,0,0,0,0,0,0,0,0,0,0,0,0,1,0,0,0
data/external/actions/human_action_recognition/test/003417_calling.jpg,Bingsu/Human_Action_Recognition,calling,1,0,0,0,0,0,0,0,0,0,0,0,0,0,0,0,1,0,0,0
data/external/actions/human_action_recognition/test/003418_calling.jpg,Bingsu/Human_Action_Recognition,calling,1,0,0,0,0,0,0,0,0,0,0,0,0,0,0,0,1,0,0,0
data/external/actions/human_action_recognition/test/003419_calling.jpg,Bingsu/Human_Action_Recognition,calling,1,0,0,0,0,0,0,0,0,0,0,0,0,0,0,0,1,0,0,0
data/external/actions/human_action_recognition/test/003420_calling.jpg,Bingsu/Human_Action_Recognition,calling,1,0,0,0,0,0,0,0,0,0,0,0,0,0,0,0,1,0,0,0
data/external/actions/human_action_recognition/test/003421_calling.jpg,Bingsu/Human_Action_Recognition,calling,1,0,0,0,0,0,0,0,0,0,0,0,0,0,0,0,1,0,0,0
data/external/actions/human_action_recognition/test/003422_calling.jpg,Bingsu/Human_Action_Recognition,calling,1,0,0,0,0,0,0,0,0,0,0,0,0,0,0,0,1,0,0,0
data/external/actions/human_action_recognition/test/003423_calling.jpg,Bingsu/Human_Action_Recognition,calling,1,0,0,0,0,0,0,0,0,0,0,0,0,0,0,0,1,0,0,0
data/external/actions/human_action_recognition/test/003424_calling.jpg,Bingsu/Human_Action_Recognition,calling,1,0,0,0,0,0,0,0,0,0,0,0,0,0,0,0,1,0,0,0
data/external/actions/human_action_recognition/test/003425_calling.jpg,Bingsu/Human_Action_Recognition,calling,1,0,0,0,0,0,0,0,0,0,0,0,0,0,0,0,1,0,0,0
data/external/actions/human_action_recognition/test/003426_calling.jpg,Bingsu/Human_Action_Recognition,calling,1,0,0,0,0,0,0,0,0,0,0,0,0,0,0,0,1,0,0,0
data/external/actions/human_action_recognition/test/003427_calling.jpg,Bingsu/Human_Action_Recognition,calling,1,0,0,0,0,0,0,0,0,0,0,0,0,0,0,0,1,0,0,0
data/external/actions/human_action_recognition/test/003428_calling.jpg,Bingsu/Human_Action_Recognition,calling,1,0,0,0,0,0,0,0,0,0,0,0,0,0,0,0,1,0,0,0
data/external/actions/human_action_recognition/test/003429_calling.jpg,Bingsu/Human_Action_Recognition,calling,1,0,0,0,0,0,0,0,0,0,0,0,0,0,0,0,1,0,0,0
data/external/actions/human_action_recognition/test/003430_calling.jpg,Bingsu/Human_Action_Recognition,calling,1,0,0,0,0,0,0,0,0,0,0,0,0,0,0,0,1,0,0,0
data/external/actions/human_action_recognition/test/003431_calling.jpg,Bingsu/Human_Action_Recognition,calling,1,0,0,0,0,0,0,0,0,0,0,0,0,0,0,0,1,0,0,0
data/external/actions/human_action_recognition/test/003432_calling.jpg,Bingsu/Human_Action_Recognition,calling,1,0,0,0,0,0,0,0,0,0,0,0,0,0,0,0,1,0,0,0
data/external/actions/human_action_recognition/test/003433_calling.jpg,Bingsu/Human_Action_Recognition,calling,1,0,0,0,0,0,0,0,0,0,0,0,0,0,0,0,1,0,0,0
data/external/actions/human_action_recognition/test/003434_calling.jpg,Bingsu/Human_Action_Recognition,calling,1,0,0,0,0,0,0,0,0,0,0,0,0,0,0,0,1,0,0,0
data/external/actions/human_action_recognition/test/003435_calling.jpg,Bingsu/Human_Action_Recognition,calling,1,0,0,0,0,0,0,0,0,0,0,0,0,0,0,0,1,0,0,0
data/external/actions/human_action_recognition/test/003436_calling.jpg,Bingsu/Human_Action_Recognition,calling,1,0,0,0,0,0,0,0,0,0,0,0,0,0,0,0,1,0,0,0
data/external/actions/human_action_recognition/test/003437_calling.jpg,Bingsu/Human_Action_Recognition,calling,1,0,0,0,0,0,0,0,0,0,0,0,0,0,0,0,1,0,0,0
data/external/actions/human_action_recognition/test/003438_calling.jpg,Bingsu/Human_Action_Recognition,calling,1,0,0,0,0,0,0,0,0,0,0,0,0,0,0,0,1,0,0,0
data/external/actions/human_action_recognition/test/003439_calling.jpg,Bingsu/Human_Action_Recognition,calling,1,0,0,0,0,0,0,0,0,0,0,0,0,0,0,0,1,0,0,0
data/external/actions/human_action_recognition/test/003440_calling.jpg,Bingsu/Human_Action_Recognition,calling,1,0,0,0,0,0,0,0,0,0,0,0,0,0,0,0,1,0,0,0
data/external/actions/human_action_recognition/test/003441_calling.jpg,Bingsu/Human_Action_Recognition,calling,1,0,0,0,0,0,0,0,0,0,0,0,0,0,0,0,1,0,0,0
data/external/actions/human_action_recognition/test/003442_calling.jpg,Bingsu/Human_Action_Recognition,calling,1,0,0,0,0,0,0,0,0,0,0,0,0,0,0,0,1,0,0,0
data/external/actions/human_action_recognition/test/003443_calling.jpg,Bingsu/Human_Action_Recognition,calling,1,0,0,0,0,0,0,0,0,0,0,0,0,0,0,0,1,0,0,0
data/external/actions/human_action_recognition/test/003444_calling.jpg,Bingsu/Human_Action_Recognition,calling,1,0,0,0,0,0,0,0,0,0,0,0,0,0,0,0,1,0,0,0
data/external/actions/human_action_recognition/test/003445_calling.jpg,Bingsu/Human_Action_Recognition,calling,1,0,0,0,0,0,0,0,0,0,0,0,0,0,0,0,1,0,0,0
data/external/actions/human_action_recognition/test/003446_calling.jpg,Bingsu/Human_Action_Recognition,calling,1,0,0,0,0,0,0,0,0,0,0,0,0,0,0,0,1,0,0,0
data/external/actions/human_action_recognition/test/003447_calling.jpg,Bingsu/Human_Action_Recognition,calling,1,0,0,0,0,0,0,0,0,0,0,0,0,0,0,0,1,0,0,0
data/external/actions/human_action_recognition/test/003448_calling.jpg,Bingsu/Human_Action_Recognition,calling,1,0,0,0,0,0,0,0,0,0,0,0,0,0,0,0,1,0,0,0
data/external/actions/human_action_recognition/test/003449_calling.jpg,Bingsu/Human_Action_Recognition,calling,1,0,0,0,0,0,0,0,0,0,0,0,0,0,0,0,1,0,0,0
data/external/actions/human_action_recognition/test/003450_calling.jpg,Bingsu/Human_Action_Recognition,calling,1,0,0,0,0,0,0,0,0,0,0,0,0,0,0,0,1,0,0,0
data/external/actions/human_action_recognition/test/003451_calling.jpg,Bingsu/Human_Action_Recognition,calling,1,0,0,0,0,0,0,0,0,0,0,0,0,0,0,0,1,0,0,0
data/external/actions/human_action_recognition/test/003452_calling.jpg,Bingsu/Human_Action_Recognition,calling,1,0,0,0,0,0,0,0,0,0,0,0,0,0,0,0,1,0,0,0
data/external/actions/human_action_recognition/test/003453_calling.jpg,Bingsu/Human_Action_Recognition,calling,1,0,0,0,0,0,0,0,0,0,0,0,0,0,0,0,1,0,0,0
data/external/actions/human_action_recognition/test/003454_calling.jpg,Bingsu/Human_Action_Recognition,calling,1,0,0,0,0,0,0,0,0,0,0,0,0,0,0,0,1,0,0,0
data/external/actions/human_action_recognition/test/003455_calling.jpg,Bingsu/Human_Action_Recognition,calling,1,0,0,0,0,0,0,0,0,0,0,0,0,0,0,0,1,0,0,0
data/external/actions/human_action_recognition/test/003456_calling.jpg,Bingsu/Human_Action_Recognition,calling,1,0,0,0,0,0,0,0,0,0,0,0,0,0,0,0,1,0,0,0
data/external/actions/human_action_recognition/test/003457_calling.jpg,Bingsu/Human_Action_Recognition,calling,1,0,0,0,0,0,0,0,0,0,0,0,0,0,0,0,1,0,0,0
data/external/actions/human_action_recognition/test/003458_calling.jpg,Bingsu/Human_Action_Recognition,calling,1,0,0,0,0,0,0,0,0,0,0,0,0,0,0,0,1,0,0,0
data/external/actions/human_action_recognition/test/003459_calling.jpg,Bingsu/Human_Action_Recognition,calling,1,0,0,0,0,0,0,0,0,0,0,0,0,0,0,0,1,0,0,0
data/external/actions/human_action_recognition/test/003460_calling.jpg,Bingsu/Human_Action_Recognition,calling,1,0,0,0,0,0,0,0,0,0,0,0,0,0,0,0,1,0,0,0
data/external/actions/human_action_recognition/test/003461_calling.jpg,Bingsu/Human_Action_Recognition,calling,1,0,0,0,0,0,0,0,0,0,0,0,0,0,0,0,1,0,0,0
data/external/actions/human_action_recognition/test/003462_calling.jpg,Bingsu/Human_Action_Recognition,calling,1,0,0,0,0,0,0,0,0,0,0,0,0,0,0,0,1,0,0,0
data/external/actions/human_action_recognition/test/003463_calling.jpg,Bingsu/Human_Action_Recognition,calling,1,0,0,0,0,0,0,0,0,0,0,0,0,0,0,0,1,0,0,0
data/external/actions/human_action_recognition/test/003464_calling.jpg,Bingsu/Human_Action_Recognition,calling,1,0,0,0,0,0,0,0,0,0,0,0,0,0,0,0,1,0,0,0
data/external/actions/human_action_recognition/test/003465_calling.jpg,Bingsu/Human_Action_Recognition,calling,1,0,0,0,0,0,0,0,0,0,0,0,0,0,0,0,1,0,0,0
data/external/actions/human_action_recognition/test/003466_calling.jpg,Bingsu/Human_Action_Recognition,calling,1,0,0,0,0,0,0,0,0,0,0,0,0,0,0,0,1,0,0,0
data/external/actions/human_action_recognition/test/003467_calling.jpg,Bingsu/Human_Action_Recognition,calling,1,0,0,0,0,0,0,0,0,0,0,0,0,0,0,0,1,0,0,0
data/external/actions/human_action_recognition/test/003468_calling.jpg,Bingsu/Human_Action_Recognition,calling,1,0,0,0,0,0,0,0,0,0,0,0,0,0,0,0,1,0,0,0
data/external/actions/human_action_recognition/test/003469_calling.jpg,Bingsu/Human_Action_Recognition,calling,1,0,0,0,0,0,0,0,0,0,0,0,0,0,0,0,1,0,0,0
data/external/actions/human_action_recognition/test/003470_calling.jpg,Bingsu/Human_Action_Recognition,calling,1,0,0,0,0,0,0,0,0,0,0,0,0,0,0,0,1,0,0,0
data/external/actions/human_action_recognition/test/003471_calling.jpg,Bingsu/Human_Action_Recognition,calling,1,0,0,0,0,0,0,0,0,0,0,0,0,0,0,0,1,0,0,0
data/external/actions/human_action_recognition/test/003472_calling.jpg,Bingsu/Human_Action_Recognition,calling,1,0,0,0,0,0,0,0,0,0,0,0,0,0,0,0,1,0,0,0
data/external/actions/human_action_recognition/test/003473_calling.jpg,Bingsu/Human_Action_Recognition,calling,1,0,0,0,0,0,0,0,0,0,0,0,0,0,0,0,1,0,0,0
data/external/actions/human_action_recognition/test/003474_calling.jpg,Bingsu/Human_Action_Recognition,calling,1,0,0,0,0,0,0,0,0,0,0,0,0,0,0,0,1,0,0,0
data/external/actions/human_action_recognition/test/003475_calling.jpg,Bingsu/Human_Action_Recognition,calling,1,0,0,0,0,0,0,0,0,0,0,0,0,0,0,0,1,0,0,0
data/external/actions/human_action_recognition/test/003476_calling.jpg,Bingsu/Human_Action_Recognition,calling,1,0,0,0,0,0,0,0,0,0,0,0,0,0,0,0,1,0,0,0
data/external/actions/human_action_recognition/test/003477_calling.jpg,Bingsu/Human_Action_Recognition,calling,1,0,0,0,0,0,0,0,0,0,0,0,0,0,0,0,1,0,0,0
data/external/actions/human_action_recognition/test/003478_calling.jpg,Bingsu/Human_Action_Recognition,calling,1,0,0,0,0,0,0,0,0,0,0,0,0,0,0,0,1,0,0,0
data/external/actions/human_action_recognition/test/003479_calling.jpg,Bingsu/Human_Action_Recognition,calling,1,0,0,0,0,0,0,0,0,0,0,0,0,0,0,0,1,0,0,0
data/external/actions/human_action_recognition/test/003480_calling.jpg,Bingsu/Human_Action_Recognition,calling,1,0,0,0,0,0,0,0,0,0,0,0,0,0,0,0,1,0,0,0
data/external/actions/human_action_recognition/test/003481_calling.jpg,Bingsu/Human_Action_Recognition,calling,1,0,0,0,0,0,0,0,0,0,0,0,0,0,0,0,1,0,0,0
data/external/actions/human_action_recognition/test/003482_calling.jpg,Bingsu/Human_Action_Recognition,calling,1,0,0,0,0,0,0,0,0,0,0,0,0,0,0,0,1,0,0,0
data/external/actions/human_action_recognition/test/003483_calling.jpg,Bingsu/Human_Action_Recognition,calling,1,0,0,0,0,0,0,0,0,0,0,0,0,0,0,0,1,0,0,0
data/external/actions/human_action_recognition/test/003484_calling.jpg,Bingsu/Human_Action_Recognition,calling,1,0,0,0,0,0,0,0,0,0,0,0,0,0,0,0,1,0,0,0
data/external/actions/human_action_recognition/test/003485_calling.jpg,Bingsu/Human_Action_Recognition,calling,1,0,0,0,0,0,0,0,0,0,0,0,0,0,0,0,1,0,0,0
data/external/actions/human_action_recognition/test/003486_calling.jpg,Bingsu/Human_Action_Recognition,calling,1,0,0,0,0,0,0,0,0,0,0,0,0,0,0,0,1,0,0,0
data/external/actions/human_action_recognition/test/003487_calling.jpg,Bingsu/Human_Action_Recognition,calling,1,0,0,0,0,0,0,0,0,0,0,0,0,0,0,0,1,0,0,0
data/external/actions/human_action_recognition/test/003488_calling.jpg,Bingsu/Human_Action_Recognition,calling,1,0,0,0,0,0,0,0,0,0,0,0,0,0,0,0,1,0,0,0
data/external/actions/human_action_recognition/test/003489_calling.jpg,Bingsu/Human_Action_Recognition,calling,1,0,0,0,0,0,0,0,0,0,0,0,0,0,0,0,1,0,0,0
data/external/actions/human_action_recognition/test/003490_calling.jpg,Bingsu/Human_Action_Recognition,calling,1,0,0,0,0,0,0,0,0,0,0,0,0,0,0,0,1,0,0,0
data/external/actions/human_action_recognition/test/003491_calling.jpg,Bingsu/Human_Action_Recognition,calling,1,0,0,0,0,0,0,0,0,0,0,0,0,0,0,0,1,0,0,0
data/external/actions/human_action_recognition/test/003492_calling.jpg,Bingsu/Human_Action_Recognition,calling,1,0,0,0,0,0,0,0,0,0,0,0,0,0,0,0,1,0,0,0
data/external/actions/human_action_recognition/test/003493_calling.jpg,Bingsu/Human_Action_Recognition,calling,1,0,0,0,0,0,0,0,0,0,0,0,0,0,0,0,1,0,0,0
data/external/actions/human_action_recognition/test/003494_calling.jpg,Bingsu/Human_Action_Recognition,calling,1,0,0,0,0,0,0,0,0,0,0,0,0,0,0,0,1,0,0,0
data/external/actions/human_action_recognition/test/003495_calling.jpg,Bingsu/Human_Action_Recognition,calling,1,0,0,0,0,0,0,0,0,0,0,0,0,0,0,0,1,0,0,0
data/external/actions/human_action_recognition/test/003496_calling.jpg,Bingsu/Human_Action_Recognition,calling,1,0,0,0,0,0,0,0,0,0,0,0,0,0,0,0,1,0,0,0
data/external/actions/human_action_recognition/test/003497_calling.jpg,Bingsu/Human_Action_Recognition,calling,1,0,0,0,0,0,0,0,0,0,0,0,0,0,0,0,1,0,0,0
data/external/actions/human_action_recognition/test/003498_calling.jpg,Bingsu/Human_Action_Recognition,calling,1,0,0,0,0,0,0,0,0,0,0,0,0,0,0,0,1,0,0,0
data/external/actions/human_action_recognition/test/003499_calling.jpg,Bingsu/Human_Action_Recognition,calling,1,0,0,0,0,0,0,0,0,0,0,0,0,0,0,0,1,0,0,0
data/external/actions/human_action_recognition/test/003500_calling.jpg,Bingsu/Human_Action_Recognition,calling,1,0,0,0,0,0,0,0,0,0,0,0,0,0,0,0,1,0,0,0
data/external/actions/human_action_recognition/test/003501_calling.jpg,Bingsu/Human_Action_Recognition,calling,1,0,0,0,0,0,0,0,0,0,0,0,0,0,0,0,1,0,0,0
data/external/actions/human_action_recognition/test/003502_calling.jpg,Bingsu/Human_Action_Recognition,calling,1,0,0,0,0,0,0,0,0,0,0,0,0,0,0,0,1,0,0,0
data/external/actions/human_action_recognition/test/003503_calling.jpg,Bingsu/Human_Action_Recognition,calling,1,0,0,0,0,0,0,0,0,0,0,0,0,0,0,0,1,0,0,0
data/external/actions/human_action_recognition/test/003504_calling.jpg,Bingsu/Human_Action_Recognition,calling,1,0,0,0,0,0,0,0,0,0,0,0,0,0,0,0,1,0,0,0
data/external/actions/human_action_recognition/test/003505_calling.jpg,Bingsu/Human_Action_Recognition,calling,1,0,0,0,0,0,0,0,0,0,0,0,0,0,0,0,1,0,0,0
data/external/actions/human_action_recognition/test/003506_calling.jpg,Bingsu/Human_Action_Recognition,calling,1,0,0,0,0,0,0,0,0,0,0,0,0,0,0,0,1,0,0,0
data/external/actions/human_action_recognition/test/003507_calling.jpg,Bingsu/Human_Action_Recognition,calling,1,0,0,0,0,0,0,0,0,0,0,0,0,0,0,0,1,0,0,0
data/external/actions/human_action_recognition/test/003508_calling.jpg,Bingsu/Human_Action_Recognition,calling,1,0,0,0,0,0,0,0,0,0,0,0,0,0,0,0,1,0,0,0
data/external/actions/human_action_recognition/test/003509_calling.jpg,Bingsu/Human_Action_Recognition,calling,1,0,0,0,0,0,0,0,0,0,0,0,0,0,0,0,1,0,0,0
data/external/actions/human_action_recognition/test/003510_calling.jpg,Bingsu/Human_Action_Recognition,calling,1,0,0,0,0,0,0,0,0,0,0,0,0,0,0,0,1,0,0,0
data/external/actions/human_action_recognition/test/003511_calling.jpg,Bingsu/Human_Action_Recognition,calling,1,0,0,0,0,0,0,0,0,0,0,0,0,0,0,0,1,0,0,0
data/external/actions/human_action_recognition/test/003512_calling.jpg,Bingsu/Human_Action_Recognition,calling,1,0,0,0,0,0,0,0,0,0,0,0,0,0,0,0,1,0,0,0
data/external/actions/human_action_recognition/test/003513_calling.jpg,Bingsu/Human_Action_Recognition,calling,1,0,0,0,0,0,0,0,0,0,0,0,0,0,0,0,1,0,0,0
data/external/actions/human_action_recognition/test/003514_calling.jpg,Bingsu/Human_Action_Recognition,calling,1,0,0,0,0,0,0,0,0,0,0,0,0,0,0,0,1,0,0,0
data/external/actions/human_action_recognition/test/003515_calling.jpg,Bingsu/Human_Action_Recognition,calling,1,0,0,0,0,0,0,0,0,0,0,0,0,0,0,0,1,0,0,0
data/external/actions/human_action_recognition/test/003516_calling.jpg,Bingsu/Human_Action_Recognition,calling,1,0,0,0,0,0,0,0,0,0,0,0,0,0,0,0,1,0,0,0
data/external/actions/human_action_recognition/test/003517_calling.jpg,Bingsu/Human_Action_Recognition,calling,1,0,0,0,0,0,0,0,0,0,0,0,0,0,0,0,1,0,0,0
data/external/actions/human_action_recognition/test/003518_calling.jpg,Bingsu/Human_Action_Recognition,calling,1,0,0,0,0,0,0,0,0,0,0,0,0,0,0,0,1,0,0,0
data/external/actions/human_action_recognition/test/003519_calling.jpg,Bingsu/Human_Action_Recognition,calling,1,0,0,0,0,0,0,0,0,0,0,0,0,0,0,0,1,0,0,0
data/external/actions/human_action_recognition/test/003520_calling.jpg,Bingsu/Human_Action_Recognition,calling,1,0,0,0,0,0,0,0,0,0,0,0,0,0,0,0,1,0,0,0
data/external/actions/human_action_recognition/test/003521_calling.jpg,Bingsu/Human_Action_Recognition,calling,1,0,0,0,0,0,0,0,0,0,0,0,0,0,0,0,1,0,0,0
data/external/actions/human_action_recognition/test/003522_calling.jpg,Bingsu/Human_Action_Recognition,calling,1,0,0,0,0,0,0,0,0,0,0,0,0,0,0,0,1,0,0,0
data/external/actions/human_action_recognition/test/003523_calling.jpg,Bingsu/Human_Action_Recognition,calling,1,0,0,0,0,0,0,0,0,0,0,0,0,0,0,0,1,0,0,0
data/external/actions/human_action_recognition/test/003524_calling.jpg,Bingsu/Human_Action_Recognition,calling,1,0,0,0,0,0,0,0,0,0,0,0,0,0,0,0,1,0,0,0
data/external/actions/human_action_recognition/test/003525_calling.jpg,Bingsu/Human_Action_Recognition,calling,1,0,0,0,0,0,0,0,0,0,0,0,0,0,0,0,1,0,0,0
data/external/actions/human_action_recognition/test/003526_calling.jpg,Bingsu/Human_Action_Recognition,calling,1,0,0,0,0,0,0,0,0,0,0,0,0,0,0,0,1,0,0,0
data/external/actions/human_action_recognition/test/003527_calling.jpg,Bingsu/Human_Action_Recognition,calling,1,0,0,0,0,0,0,0,0,0,0,0,0,0,0,0,1,0,0,0
data/external/actions/human_action_recognition/test/003528_calling.jpg,Bingsu/Human_Action_Recognition,calling,1,0,0,0,0,0,0,0,0,0,0,0,0,0,0,0,1,0,0,0
data/external/actions/human_action_recognition/test/003529_calling.jpg,Bingsu/Human_Action_Recognition,calling,1,0,0,0,0,0,0,0,0,0,0,0,0,0,0,0,1,0,0,0
data/external/actions/human_action_recognition/test/003530_calling.jpg,Bingsu/Human_Action_Recognition,calling,1,0,0,0,0,0,0,0,0,0,0,0,0,0,0,0,1,0,0,0
data/external/actions/human_action_recognition/test/003531_calling.jpg,Bingsu/Human_Action_Recognition,calling,1,0,0,0,0,0,0,0,0,0,0,0,0,0,0,0,1,0,0,0
data/external/actions/human_action_recognition/test/003532_calling.jpg,Bingsu/Human_Action_Recognition,calling,1,0,0,0,0,0,0,0,0,0,0,0,0,0,0,0,1,0,0,0
data/external/actions/human_action_recognition/test/003533_calling.jpg,Bingsu/Human_Action_Recognition,calling,1,0,0,0,0,0,0,0,0,0,0,0,0,0,0,0,1,0,0,0
data/external/actions/human_action_recognition/test/003534_calling.jpg,Bingsu/Human_Action_Recognition,calling,1,0,0,0,0,0,0,0,0,0,0,0,0,0,0,0,1,0,0,0
data/external/actions/human_action_recognition/test/003535_calling.jpg,Bingsu/Human_Action_Recognition,calling,1,0,0,0,0,0,0,0,0,0,0,0,0,0,0,0,1,0,0,0
data/external/actions/human_action_recognition/test/003536_calling.jpg,Bingsu/Human_Action_Recognition,calling,1,0,0,0,0,0,0,0,0,0,0,0,0,0,0,0,1,0,0,0
data/external/actions/human_action_recognition/test/003537_calling.jpg,Bingsu/Human_Action_Recognition,calling,1,0,0,0,0,0,0,0,0,0,0,0,0,0,0,0,1,0,0,0
data/external/actions/human_action_recognition/test/003538_calling.jpg,Bingsu/Human_Action_Recognition,calling,1,0,0,0,0,0,0,0,0,0,0,0,0,0,0,0,1,0,0,0
data/external/actions/human_action_recognition/test/003539_calling.jpg,Bingsu/Human_Action_Recognition,calling,1,0,0,0,0,0,0,0,0,0,0,0,0,0,0,0,1,0,0,0
data/external/actions/human_action_recognition/test/003540_calling.jpg,Bingsu/Human_Action_Recognition,calling,1,0,0,0,0,0,0,0,0,0,0,0,0,0,0,0,1,0,0,0
data/external/actions/human_action_recognition/test/003541_calling.jpg,Bingsu/Human_Action_Recognition,calling,1,0,0,0,0,0,0,0,0,0,0,0,0,0,0,0,1,0,0,0
data/external/actions/human_action_recognition/test/003542_calling.jpg,Bingsu/Human_Action_Recognition,calling,1,0,0,0,0,0,0,0,0,0,0,0,0,0,0,0,1,0,0,0
data/external/actions/human_action_recognition/test/003543_calling.jpg,Bingsu/Human_Action_Recognition,calling,1,0,0,0,0,0,0,0,0,0,0,0,0,0,0,0,1,0,0,0
data/external/actions/human_action_recognition/test/003544_calling.jpg,Bingsu/Human_Action_Recognition,calling,1,0,0,0,0,0,0,0,0,0,0,0,0,0,0,0,1,0,0,0
data/external/actions/human_action_recognition/test/003545_calling.jpg,Bingsu/Human_Action_Recognition,calling,1,0,0,0,0,0,0,0,0,0,0,0,0,0,0,0,1,0,0,0
data/external/actions/human_action_recognition/test/003546_calling.jpg,Bingsu/Human_Action_Recognition,calling,1,0,0,0,0,0,0,0,0,0,0,0,0,0,0,0,1,0,0,0
data/external/actions/human_action_recognition/test/003547_calling.jpg,Bingsu/Human_Action_Recognition,calling,1,0,0,0,0,0,0,0,0,0,0,0,0,0,0,0,1,0,0,0
data/external/actions/human_action_recognition/test/003548_calling.jpg,Bingsu/Human_Action_Recognition,calling,1,0,0,0,0,0,0,0,0,0,0,0,0,0,0,0,1,0,0,0
data/external/actions/human_action_recognition/test/003549_calling.jpg,Bingsu/Human_Action_Recognition,calling,1,0,0,0,0,0,0,0,0,0,0,0,0,0,0,0,1,0,0,0
data/external/actions/human_action_recognition/test/003550_calling.jpg,Bingsu/Human_Action_Recognition,calling,1,0,0,0,0,0,0,0,0,0,0,0,0,0,0,0,1,0,0,0
data/external/actions/human_action_recognition/test/003551_calling.jpg,Bingsu/Human_Action_Recognition,calling,1,0,0,0,0,0,0,0,0,0,0,0,0,0,0,0,1,0,0,0
data/external/actions/human_action_recognition/test/003552_calling.jpg,Bingsu/Human_Action_Recognition,calling,1,0,0,0,0,0,0,0,0,0,0,0,0,0,0,0,1,0,0,0
data/external/actions/human_action_recognition/test/003553_calling.jpg,Bingsu/Human_Action_Recognition,calling,1,0,0,0,0,0,0,0,0,0,0,0,0,0,0,0,1,0,0,0
data/external/actions/human_action_recognition/test/003554_calling.jpg,Bingsu/Human_Action_Recognition,calling,1,0,0,0,0,0,0,0,0,0,0,0,0,0,0,0,1,0,0,0
data/external/actions/human_action_recognition/test/003555_calling.jpg,Bingsu/Human_Action_Recognition,calling,1,0,0,0,0,0,0,0,0,0,0,0,0,0,0,0,1,0,0,0
data/external/actions/human_action_recognition/test/003556_calling.jpg,Bingsu/Human_Action_Recognition,calling,1,0,0,0,0,0,0,0,0,0,0,0,0,0,0,0,1,0,0,0
data/external/actions/human_action_recognition/test/003557_calling.jpg,Bingsu/Human_Action_Recognition,calling,1,0,0,0,0,0,0,0,0,0,0,0,0,0,0,0,1,0,0,0
data/external/actions/human_action_recognition/test/003558_calling.jpg,Bingsu/Human_Action_Recognition,calling,1,0,0,0,0,0,0,0,0,0,0,0,0,0,0,0,1,0,0,0
data/external/actions/human_action_recognition/test/003559_calling.jpg,Bingsu/Human_Action_Recognition,calling,1,0,0,0,0,0,0,0,0,0,0,0,0,0,0,0,1,0,0,0
data/external/actions/human_action_recognition/test/003560_calling.jpg,Bingsu/Human_Action_Recognition,calling,1,0,0,0,0,0,0,0,0,0,0,0,0,0,0,0,1,0,0,0
data/external/actions/human_action_recognition/test/003561_calling.jpg,Bingsu/Human_Action_Recognition,calling,1,0,0,0,0,0,0,0,0,0,0,0,0,0,0,0,1,0,0,0
data/external/actions/human_action_recognition/test/003562_calling.jpg,Bingsu/Human_Action_Recognition,calling,1,0,0,0,0,0,0,0,0,0,0,0,0,0,0,0,1,0,0,0
data/external/actions/human_action_recognition/test/003563_calling.jpg,Bingsu/Human_Action_Recognition,calling,1,0,0,0,0,0,0,0,0,0,0,0,0,0,0,0,1,0,0,0
data/external/actions/human_action_recognition/test/003564_calling.jpg,Bingsu/Human_Action_Recognition,calling,1,0,0,0,0,0,0,0,0,0,0,0,0,0,0,0,1,0,0,0
data/external/actions/human_action_recognition/test/003565_calling.jpg,Bingsu/Human_Action_Recognition,calling,1,0,0,0,0,0,0,0,0,0,0,0,0,0,0,0,1,0,0,0
data/external/actions/human_action_recognition/test/003566_calling.jpg,Bingsu/Human_Action_Recognition,calling,1,0,0,0,0,0,0,0,0,0,0,0,0,0,0,0,1,0,0,0
data/external/actions/human_action_recognition/test/003567_calling.jpg,Bingsu/Human_Action_Recognition,calling,1,0,0,0,0,0,0,0,0,0,0,0,0,0,0,0,1,0,0,0
data/external/actions/human_action_recognition/test/003568_calling.jpg,Bingsu/Human_Action_Recognition,calling,1,0,0,0,0,0,0,0,0,0,0,0,0,0,0,0,1,0,0,0
data/external/actions/human_action_recognition/test/003569_calling.jpg,Bingsu/Human_Action_Recognition,calling,1,0,0,0,0,0,0,0,0,0,0,0,0,0,0,0,1,0,0,0
data/external/actions/human_action_recognition/test/003570_calling.jpg,Bingsu/Human_Action_Recognition,calling,1,0,0,0,0,0,0,0,0,0,0,0,0,0,0,0,1,0,0,0
data/external/actions/human_action_recognition/test/003571_calling.jpg,Bingsu/Human_Action_Recognition,calling,1,0,0,0,0,0,0,0,0,0,0,0,0,0,0,0,1,0,0,0
data/external/actions/human_action_recognition/test/003572_calling.jpg,Bingsu/Human_Action_Recognition,calling,1,0,0,0,0,0,0,0,0,0,0,0,0,0,0,0,1,0,0,0
data/external/actions/human_action_recognition/test/003573_calling.jpg,Bingsu/Human_Action_Recognition,calling,1,0,0,0,0,0,0,0,0,0,0,0,0,0,0,0,1,0,0,0
data/external/actions/human_action_recognition/test/003574_calling.jpg,Bingsu/Human_Action_Recognition,calling,1,0,0,0,0,0,0,0,0,0,0,0,0,0,0,0,1,0,0,0
data/external/actions/human_action_recognition/test/003575_calling.jpg,Bingsu/Human_Action_Recognition,calling,1,0,0,0,0,0,0,0,0,0,0,0,0,0,0,0,1,0,0,0
data/external/actions/human_action_recognition/test/003576_calling.jpg,Bingsu/Human_Action_Recognition,calling,1,0,0,0,0,0,0,0,0,0,0,0,0,0,0,0,1,0,0,0
data/external/actions/human_action_recognition/test/003577_calling.jpg,Bingsu/Human_Action_Recognition,calling,1,0,0,0,0,0,0,0,0,0,0,0,0,0,0,0,1,0,0,0
data/external/actions/human_action_recognition/test/003578_calling.jpg,Bingsu/Human_Action_Recognition,calling,1,0,0,0,0,0,0,0,0,0,0,0,0,0,0,0,1,0,0,0
data/external/actions/human_action_recognition/test/003579_calling.jpg,Bingsu/Human_Action_Recognition,calling,1,0,0,0,0,0,0,0,0,0,0,0,0,0,0,0,1,0,0,0
data/external/actions/human_action_recognition/test/003580_calling.jpg,Bingsu/Human_Action_Recognition,calling,1,0,0,0,0,0,0,0,0,0,0,0,0,0,0,0,1,0,0,0
data/external/actions/human_action_recognition/test/003581_calling.jpg,Bingsu/Human_Action_Recognition,calling,1,0,0,0,0,0,0,0,0,0,0,0,0,0,0,0,1,0,0,0
data/external/actions/human_action_recognition/test/003582_calling.jpg,Bingsu/Human_Action_Recognition,calling,1,0,0,0,0,0,0,0,0,0,0,0,0,0,0,0,1,0,0,0
data/external/actions/human_action_recognition/test/003583_calling.jpg,Bingsu/Human_Action_Recognition,calling,1,0,0,0,0,0,0,0,0,0,0,0,0,0,0,0,1,0,0,0
data/external/actions/human_action_recognition/test/003584_calling.jpg,Bingsu/Human_Action_Recognition,calling,1,0,0,0,0,0,0,0,0,0,0,0,0,0,0,0,1,0,0,0
data/external/actions/human_action_recognition/test/003585_calling.jpg,Bingsu/Human_Action_Recognition,calling,1,0,0,0,0,0,0,0,0,0,0,0,0,0,0,0,1,0,0,0
data/external/actions/human_action_recognition/test/003586_calling.jpg,Bingsu/Human_Action_Recognition,calling,1,0,0,0,0,0,0,0,0,0,0,0,0,0,0,0,1,0,0,0
data/external/actions/human_action_recognition/test/003587_calling.jpg,Bingsu/Human_Action_Recognition,calling,1,0,0,0,0,0,0,0,0,0,0,0,0,0,0,0,1,0,0,0
data/external/actions/human_action_recognition/test/003588_calling.jpg,Bingsu/Human_Action_Recognition,calling,1,0,0,0,0,0,0,0,0,0,0,0,0,0,0,0,1,0,0,0
data/external/actions/human_action_recognition/test/003589_calling.jpg,Bingsu/Human_Action_Recognition,calling,1,0,0,0,0,0,0,0,0,0,0,0,0,0,0,0,1,0,0,0
data/external/actions/human_action_recognition/test/003590_calling.jpg,Bingsu/Human_Action_Recognition,calling,1,0,0,0,0,0,0,0,0,0,0,0,0,0,0,0,1,0,0,0
data/external/actions/human_action_recognition/test/003591_calling.jpg,Bingsu/Human_Action_Recognition,calling,1,0,0,0,0,0,0,0,0,0,0,0,0,0,0,0,1,0,0,0
data/external/actions/human_action_recognition/test/003592_calling.jpg,Bingsu/Human_Action_Recognition,calling,1,0,0,0,0,0,0,0,0,0,0,0,0,0,0,0,1,0,0,0
data/external/actions/human_action_recognition/test/003593_calling.jpg,Bingsu/Human_Action_Recognition,calling,1,0,0,0,0,0,0,0,0,0,0,0,0,0,0,0,1,0,0,0
data/external/actions/human_action_recognition/test/003594_calling.jpg,Bingsu/Human_Action_Recognition,calling,1,0,0,0,0,0,0,0,0,0,0,0,0,0,0,0,1,0,0,0
data/external/actions/human_action_recognition/test/003595_calling.jpg,Bingsu/Human_Action_Recognition,calling,1,0,0,0,0,0,0,0,0,0,0,0,0,0,0,0,1,0,0,0
data/external/actions/human_action_recognition/test/003596_calling.jpg,Bingsu/Human_Action_Recognition,calling,1,0,0,0,0,0,0,0,0,0,0,0,0,0,0,0,1,0,0,0
data/external/actions/human_action_recognition/test/003597_calling.jpg,Bingsu/Human_Action_Recognition,calling,1,0,0,0,0,0,0,0,0,0,0,0,0,0,0,0,1,0,0,0
data/external/actions/human_action_recognition/test/003598_calling.jpg,Bingsu/Human_Action_Recognition,calling,1,0,0,0,0,0,0,0,0,0,0,0,0,0,0,0,1,0,0,0
data/external/actions/human_action_recognition/test/003599_calling.jpg,Bingsu/Human_Action_Recognition,calling,1,0,0,0,0,0,0,0,0,0,0,0,0,0,0,0,1,0,0,0
data/external/actions/human_action_recognition/test/003600_calling.jpg,Bingsu/Human_Action_Recognition,calling,1,0,0,0,0,0,0,0,0,0,0,0,0,0,0,0,1,0,0,0
data/external/actions/human_action_recognition/test/003601_calling.jpg,Bingsu/Human_Action_Recognition,calling,1,0,0,0,0,0,0,0,0,0,0,0,0,0,0,0,1,0,0,0
data/external/actions/human_action_recognition/test/003602_calling.jpg,Bingsu/Human_Action_Recognition,calling,1,0,0,0,0,0,0,0,0,0,0,0,0,0,0,0,1,0,0,0
data/external/actions/human_action_recognition/test/003603_calling.jpg,Bingsu/Human_Action_Recognition,calling,1,0,0,0,0,0,0,0,0,0,0,0,0,0,0,0,1,0,0,0
data/external/actions/human_action_recognition/test/003604_calling.jpg,Bingsu/Human_Action_Recognition,calling,1,0,0,0,0,0,0,0,0,0,0,0,0,0,0,0,1,0,0,0
data/external/actions/human_action_recognition/test/003605_calling.jpg,Bingsu/Human_Action_Recognition,calling,1,0,0,0,0,0,0,0,0,0,0,0,0,0,0,0,1,0,0,0
data/external/actions/human_action_recognition/test/003606_calling.jpg,Bingsu/Human_Action_Recognition,calling,1,0,0,0,0,0,0,0,0,0,0,0,0,0,0,0,1,0,0,0
data/external/actions/human_action_recognition/test/003607_calling.jpg,Bingsu/Human_Action_Recognition,calling,1,0,0,0,0,0,0,0,0,0,0,0,0,0,0,0,1,0,0,0
data/external/actions/human_action_recognition/test/003608_calling.jpg,Bingsu/Human_Action_Recognition,calling,1,0,0,0,0,0,0,0,0,0,0,0,0,0,0,0,1,0,0,0
data/external/actions/human_action_recognition/test/003609_calling.jpg,Bingsu/Human_Action_Recognition,calling,1,0,0,0,0,0,0,0,0,0,0,0,0,0,0,0,1,0,0,0
data/external/actions/human_action_recognition/test/003610_calling.jpg,Bingsu/Human_Action_Recognition,calling,1,0,0,0,0,0,0,0,0,0,0,0,0,0,0,0,1,0,0,0
data/external/actions/human_action_recognition/test/003611_calling.jpg,Bingsu/Human_Action_Recognition,calling,1,0,0,0,0,0,0,0,0,0,0,0,0,0,0,0,1,0,0,0
data/external/actions/human_action_recognition/test/003612_calling.jpg,Bingsu/Human_Action_Recognition,calling,1,0,0,0,0,0,0,0,0,0,0,0,0,0,0,0,1,0,0,0
data/external/actions/human_action_recognition/test/003613_calling.jpg,Bingsu/Human_Action_Recognition,calling,1,0,0,0,0,0,0,0,0,0,0,0,0,0,0,0,1,0,0,0
data/external/actions/human_action_recognition/test/003614_calling.jpg,Bingsu/Human_Action_Recognition,calling,1,0,0,0,0,0,0,0,0,0,0,0,0,0,0,0,1,0,0,0
data/external/actions/human_action_recognition/test/003615_calling.jpg,Bingsu/Human_Action_Recognition,calling,1,0,0,0,0,0,0,0,0,0,0,0,0,0,0,0,1,0,0,0
data/external/actions/human_action_recognition/test/003616_calling.jpg,Bingsu/Human_Action_Recognition,calling,1,0,0,0,0,0,0,0,0,0,0,0,0,0,0,0,1,0,0,0
data/external/actions/human_action_recognition/test/003617_calling.jpg,Bingsu/Human_Action_Recognition,calling,1,0,0,0,0,0,0,0,0,0,0,0,0,0,0,0,1,0,0,0
data/external/actions/human_action_recognition/test/003618_calling.jpg,Bingsu/Human_Action_Recognition,calling,1,0,0,0,0,0,0,0,0,0,0,0,0,0,0,0,1,0,0,0
data/external/actions/human_action_recognition/test/003619_calling.jpg,Bingsu/Human_Action_Recognition,calling,1,0,0,0,0,0,0,0,0,0,0,0,0,0,0,0,1,0,0,0
data/external/actions/human_action_recognition/test/003620_calling.jpg,Bingsu/Human_Action_Recognition,calling,1,0,0,0,0,0,0,0,0,0,0,0,0,0,0,0,1,0,0,0
data/external/actions/human_action_recognition/test/003621_calling.jpg,Bingsu/Human_Action_Recognition,calling,1,0,0,0,0,0,0,0,0,0,0,0,0,0,0,0,1,0,0,0
data/external/actions/human_action_recognition/test/003622_calling.jpg,Bingsu/Human_Action_Recognition,calling,1,0,0,0,0,0,0,0,0,0,0,0,0,0,0,0,1,0,0,0
data/external/actions/human_action_recognition/test/003623_calling.jpg,Bingsu/Human_Action_Recognition,calling,1,0,0,0,0,0,0,0,0,0,0,0,0,0,0,0,1,0,0,0
data/external/actions/human_action_recognition/test/003624_calling.jpg,Bingsu/Human_Action_Recognition,calling,1,0,0,0,0,0,0,0,0,0,0,0,0,0,0,0,1,0,0,0
data/external/actions/human_action_recognition/test/003625_calling.jpg,Bingsu/Human_Action_Recognition,calling,1,0,0,0,0,0,0,0,0,0,0,0,0,0,0,0,1,0,0,0
data/external/actions/human_action_recognition/test/003626_calling.jpg,Bingsu/Human_Action_Recognition,calling,1,0,0,0,0,0,0,0,0,0,0,0,0,0,0,0,1,0,0,0
data/external/actions/human_action_recognition/test/003627_calling.jpg,Bingsu/Human_Action_Recognition,calling,1,0,0,0,0,0,0,0,0,0,0,0,0,0,0,0,1,0,0,0
data/external/actions/human_action_recognition/test/003628_calling.jpg,Bingsu/Human_Action_Recognition,calling,1,0,0,0,0,0,0,0,0,0,0,0,0,0,0,0,1,0,0,0
data/external/actions/human_action_recognition/test/003629_calling.jpg,Bingsu/Human_Action_Recognition,calling,1,0,0,0,0,0,0,0,0,0,0,0,0,0,0,0,1,0,0,0
data/external/actions/human_action_recognition/test/003630_calling.jpg,Bingsu/Human_Action_Recognition,calling,1,0,0,0,0,0,0,0,0,0,0,0,0,0,0,0,1,0,0,0
data/external/actions/human_action_recognition/test/003631_calling.jpg,Bingsu/Human_Action_Recognition,calling,1,0,0,0,0,0,0,0,0,0,0,0,0,0,0,0,1,0,0,0
data/external/actions/human_action_recognition/test/003632_calling.jpg,Bingsu/Human_Action_Recognition,calling,1,0,0,0,0,0,0,0,0,0,0,0,0,0,0,0,1,0,0,0
data/external/actions/human_action_recognition/test/003633_calling.jpg,Bingsu/Human_Action_Recognition,calling,1,0,0,0,0,0,0,0,0,0,0,0,0,0,0,0,1,0,0,0
data/external/actions/human_action_recognition/test/003634_calling.jpg,Bingsu/Human_Action_Recognition,calling,1,0,0,0,0,0,0,0,0,0,0,0,0,0,0,0,1,0,0,0
data/external/actions/human_action_recognition/test/003635_calling.jpg,Bingsu/Human_Action_Recognition,calling,1,0,0,0,0,0,0,0,0,0,0,0,0,0,0,0,1,0,0,0
data/external/actions/human_action_recognition/test/003636_calling.jpg,Bingsu/Human_Action_Recognition,calling,1,0,0,0,0,0,0,0,0,0,0,0,0,0,0,0,1,0,0,0
data/external/actions/human_action_recognition/test/003637_calling.jpg,Bingsu/Human_Action_Recognition,calling,1,0,0,0,0,0,0,0,0,0,0,0,0,0,0,0,1,0,0,0
data/external/actions/human_action_recognition/test/003638_calling.jpg,Bingsu/Human_Action_Recognition,calling,1,0,0,0,0,0,0,0,0,0,0,0,0,0,0,0,1,0,0,0
data/external/actions/human_action_recognition/test/003639_calling.jpg,Bingsu/Human_Action_Recognition,calling,1,0,0,0,0,0,0,0,0,0,0,0,0,0,0,0,1,0,0,0
data/external/actions/human_action_recognition/test/003640_calling.jpg,Bingsu/Human_Action_Recognition,calling,1,0,0,0,0,0,0,0,0,0,0,0,0,0,0,0,1,0,0,0
data/external/actions/human_action_recognition/test/003641_calling.jpg,Bingsu/Human_Action_Recognition,calling,1,0,0,0,0,0,0,0,0,0,0,0,0,0,0,0,1,0,0,0
data/external/actions/human_action_recognition/test/003642_calling.jpg,Bingsu/Human_Action_Recognition,calling,1,0,0,0,0,0,0,0,0,0,0,0,0,0,0,0,1,0,0,0
data/external/actions/human_action_recognition/test/003643_calling.jpg,Bingsu/Human_Action_Recognition,calling,1,0,0,0,0,0,0,0,0,0,0,0,0,0,0,0,1,0,0,0
data/external/actions/human_action_recognition/test/003644_calling.jpg,Bingsu/Human_Action_Recognition,calling,1,0,0,0,0,0,0,0,0,0,0,0,0,0,0,0,1,0,0,0
data/external/actions/human_action_recognition/test/003645_calling.jpg,Bingsu/Human_Action_Recognition,calling,1,0,0,0,0,0,0,0,0,0,0,0,0,0,0,0,1,0,0,0
data/external/actions/human_action_recognition/test/003646_calling.jpg,Bingsu/Human_Action_Recognition,calling,1,0,0,0,0,0,0,0,0,0,0,0,0,0,0,0,1,0,0,0
data/external/actions/human_action_recognition/test/003647_calling.jpg,Bingsu/Human_Action_Recognition,calling,1,0,0,0,0,0,0,0,0,0,0,0,0,0,0,0,1,0,0,0
data/external/actions/human_action_recognition/test/003648_calling.jpg,Bingsu/Human_Action_Recognition,calling,1,0,0,0,0,0,0,0,0,0,0,0,0,0,0,0,1,0,0,0
data/external/actions/human_action_recognition/test/003649_calling.jpg,Bingsu/Human_Action_Recognition,calling,1,0,0,0,0,0,0,0,0,0,0,0,0,0,0,0,1,0,0,0
data/external/actions/human_action_recognition/test/003650_calling.jpg,Bingsu/Human_Action_Recognition,calling,1,0,0,0,0,0,0,0,0,0,0,0,0,0,0,0,1,0,0,0
data/external/actions/human_action_recognition/test/003651_calling.jpg,Bingsu/Human_Action_Recognition,calling,1,0,0,0,0,0,0,0,0,0,0,0,0,0,0,0,1,0,0,0
data/external/actions/human_action_recognition/test/003652_calling.jpg,Bingsu/Human_Action_Recognition,calling,1,0,0,0,0,0,0,0,0,0,0,0,0,0,0,0,1,0,0,0
data/external/actions/human_action_recognition/test/003653_calling.jpg,Bingsu/Human_Action_Recognition,calling,1,0,0,0,0,0,0,0,0,0,0,0,0,0,0,0,1,0,0,0
data/external/actions/human_action_recognition/test/003654_calling.jpg,Bingsu/Human_Action_Recognition,calling,1,0,0,0,0,0,0,0,0,0,0,0,0,0,0,0,1,0,0,0
data/external/actions/human_action_recognition/test/003655_calling.jpg,Bingsu/Human_Action_Recognition,calling,1,0,0,0,0,0,0,0,0,0,0,0,0,0,0,0,1,0,0,0
data/external/actions/human_action_recognition/test/003656_calling.jpg,Bingsu/Human_Action_Recognition,calling,1,0,0,0,0,0,0,0,0,0,0,0,0,0,0,0,1,0,0,0
data/external/actions/human_action_recognition/test/003657_calling.jpg,Bingsu/Human_Action_Recognition,calling,1,0,0,0,0,0,0,0,0,0,0,0,0,0,0,0,1,0,0,0
data/external/actions/human_action_recognition/test/003658_calling.jpg,Bingsu/Human_Action_Recognition,calling,1,0,0,0,0,0,0,0,0,0,0,0,0,0,0,0,1,0,0,0
data/external/actions/human_action_recognition/test/003659_calling.jpg,Bingsu/Human_Action_Recognition,calling,1,0,0,0,0,0,0,0,0,0,0,0,0,0,0,0,1,0,0,0
data/external/actions/human_action_recognition/test/003660_calling.jpg,Bingsu/Human_Action_Recognition,calling,1,0,0,0,0,0,0,0,0,0,0,0,0,0,0,0,1,0,0,0
data/external/actions/human_action_recognition/test/003661_calling.jpg,Bingsu/Human_Action_Recognition,calling,1,0,0,0,0,0,0,0,0,0,0,0,0,0,0,0,1,0,0,0
data/external/actions/human_action_recognition/test/003662_calling.jpg,Bingsu/Human_Action_Recognition,calling,1,0,0,0,0,0,0,0,0,0,0,0,0,0,0,0,1,0,0,0
data/external/actions/human_action_recognition/test/003663_calling.jpg,Bingsu/Human_Action_Recognition,calling,1,0,0,0,0,0,0,0,0,0,0,0,0,0,0,0,1,0,0,0
data/external/actions/human_action_recognition/test/003664_calling.jpg,Bingsu/Human_Action_Recognition,calling,1,0,0,0,0,0,0,0,0,0,0,0,0,0,0,0,1,0,0,0
data/external/actions/human_action_recognition/test/003665_calling.jpg,Bingsu/Human_Action_Recognition,calling,1,0,0,0,0,0,0,0,0,0,0,0,0,0,0,0,1,0,0,0
data/external/actions/human_action_recognition/test/003666_calling.jpg,Bingsu/Human_Action_Recognition,calling,1,0,0,0,0,0,0,0,0,0,0,0,0,0,0,0,1,0,0,0
data/external/actions/human_action_recognition/test/003667_calling.jpg,Bingsu/Human_Action_Recognition,calling,1,0,0,0,0,0,0,0,0,0,0,0,0,0,0,0,1,0,0,0
data/external/actions/human_action_recognition/test/003668_calling.jpg,Bingsu/Human_Action_Recognition,calling,1,0,0,0,0,0,0,0,0,0,0,0,0,0,0,0,1,0,0,0
data/external/actions/human_action_recognition/test/003669_calling.jpg,Bingsu/Human_Action_Recognition,calling,1,0,0,0,0,0,0,0,0,0,0,0,0,0,0,0,1,0,0,0
data/external/actions/human_action_recognition/test/003670_calling.jpg,Bingsu/Human_Action_Recognition,calling,1,0,0,0,0,0,0,0,0,0,0,0,0,0,0,0,1,0,0,0
data/external/actions/human_action_recognition/test/003671_calling.jpg,Bingsu/Human_Action_Recognition,calling,1,0,0,0,0,0,0,0,0,0,0,0,0,0,0,0,1,0,0,0
data/external/actions/human_action_recognition/test/003672_calling.jpg,Bingsu/Human_Action_Recognition,calling,1,0,0,0,0,0,0,0,0,0,0,0,0,0,0,0,1,0,0,0
data/external/actions/human_action_recognition/test/003673_calling.jpg,Bingsu/Human_Action_Recognition,calling,1,0,0,0,0,0,0,0,0,0,0,0,0,0,0,0,1,0,0,0
data/external/actions/human_action_recognition/test/003674_calling.jpg,Bingsu/Human_Action_Recognition,calling,1,0,0,0,0,0,0,0,0,0,0,0,0,0,0,0,1,0,0,0
data/external/actions/human_action_recognition/test/003675_calling.jpg,Bingsu/Human_Action_Recognition,calling,1,0,0,0,0,0,0,0,0,0,0,0,0,0,0,0,1,0,0,0
data/external/actions/human_action_recognition/test/003676_calling.jpg,Bingsu/Human_Action_Recognition,calling,1,0,0,0,0,0,0,0,0,0,0,0,0,0,0,0,1,0,0,0
data/external/actions/human_action_recognition/test/003677_calling.jpg,Bingsu/Human_Action_Recognition,calling,1,0,0,0,0,0,0,0,0,0,0,0,0,0,0,0,1,0,0,0
data/external/actions/human_action_recognition/test/003678_calling.jpg,Bingsu/Human_Action_Recognition,calling,1,0,0,0,0,0,0,0,0,0,0,0,0,0,0,0,1,0,0,0
data/external/actions/human_action_recognition/test/003679_calling.jpg,Bingsu/Human_Action_Recognition,calling,1,0,0,0,0,0,0,0,0,0,0,0,0,0,0,0,1,0,0,0
data/external/actions/human_action_recognition/test/003680_calling.jpg,Bingsu/Human_Action_Recognition,calling,1,0,0,0,0,0,0,0,0,0,0,0,0,0,0,0,1,0,0,0
data/external/actions/human_action_recognition/test/003681_calling.jpg,Bingsu/Human_Action_Recognition,calling,1,0,0,0,0,0,0,0,0,0,0,0,0,0,0,0,1,0,0,0
data/external/actions/human_action_recognition/test/003682_calling.jpg,Bingsu/Human_Action_Recognition,calling,1,0,0,0,0,0,0,0,0,0,0,0,0,0,0,0,1,0,0,0
data/external/actions/human_action_recognition/test/003683_calling.jpg,Bingsu/Human_Action_Recognition,calling,1,0,0,0,0,0,0,0,0,0,0,0,0,0,0,0,1,0,0,0
data/external/actions/human_action_recognition/test/003684_calling.jpg,Bingsu/Human_Action_Recognition,calling,1,0,0,0,0,0,0,0,0,0,0,0,0,0,0,0,1,0,0,0
data/external/actions/human_action_recognition/test/003685_calling.jpg,Bingsu/Human_Action_Recognition,calling,1,0,0,0,0,0,0,0,0,0,0,0,0,0,0,0,1,0,0,0
data/external/actions/human_action_recognition/test/003686_calling.jpg,Bingsu/Human_Action_Recognition,calling,1,0,0,0,0,0,0,0,0,0,0,0,0,0,0,0,1,0,0,0
data/external/actions/human_action_recognition/test/003687_calling.jpg,Bingsu/Human_Action_Recognition,calling,1,0,0,0,0,0,0,0,0,0,0,0,0,0,0,0,1,0,0,0
data/external/actions/human_action_recognition/test/003688_calling.jpg,Bingsu/Human_Action_Recognition,calling,1,0,0,0,0,0,0,0,0,0,0,0,0,0,0,0,1,0,0,0
data/external/actions/human_action_recognition/test/003689_calling.jpg,Bingsu/Human_Action_Recognition,calling,1,0,0,0,0,0,0,0,0,0,0,0,0,0,0,0,1,0,0,0
data/external/actions/human_action_recognition/test/003690_calling.jpg,Bingsu/Human_Action_Recognition,calling,1,0,0,0,0,0,0,0,0,0,0,0,0,0,0,0,1,0,0,0
data/external/actions/human_action_recognition/test/003691_calling.jpg,Bingsu/Human_Action_Recognition,calling,1,0,0,0,0,0,0,0,0,0,0,0,0,0,0,0,1,0,0,0
data/external/actions/human_action_recognition/test/003692_calling.jpg,Bingsu/Human_Action_Recognition,calling,1,0,0,0,0,0,0,0,0,0,0,0,0,0,0,0,1,0,0,0
data/external/actions/human_action_recognition/test/003693_calling.jpg,Bingsu/Human_Action_Recognition,calling,1,0,0,0,0,0,0,0,0,0,0,0,0,0,0,0,1,0,0,0
data/external/actions/human_action_recognition/test/003694_calling.jpg,Bingsu/Human_Action_Recognition,calling,1,0,0,0,0,0,0,0,0,0,0,0,0,0,0,0,1,0,0,0
data/external/actions/human_action_recognition/test/003695_calling.jpg,Bingsu/Human_Action_Recognition,calling,1,0,0,0,0,0,0,0,0,0,0,0,0,0,0,0,1,0,0,0
data/external/actions/human_action_recognition/test/003696_calling.jpg,Bingsu/Human_Action_Recognition,calling,1,0,0,0,0,0,0,0,0,0,0,0,0,0,0,0,1,0,0,0
data/external/actions/human_action_recognition/test/003697_calling.jpg,Bingsu/Human_Action_Recognition,calling,1,0,0,0,0,0,0,0,0,0,0,0,0,0,0,0,1,0,0,0
data/external/actions/human_action_recognition/test/003698_calling.jpg,Bingsu/Human_Action_Recognition,calling,1,0,0,0,0,0,0,0,0,0,0,0,0,0,0,0,1,0,0,0
data/external/actions/human_action_recognition/test/003699_calling.jpg,Bingsu/Human_Action_Recognition,calling,1,0,0,0,0,0,0,0,0,0,0,0,0,0,0,0,1,0,0,0
data/external/actions/human_action_recognition/test/003700_calling.jpg,Bingsu/Human_Action_Recognition,calling,1,0,0,0,0,0,0,0,0,0,0,0,0,0,0,0,1,0,0,0
data/external/actions/human_action_recognition/test/003701_calling.jpg,Bingsu/Human_Action_Recognition,calling,1,0,0,0,0,0,0,0,0,0,0,0,0,0,0,0,1,0,0,0
data/external/actions/human_action_recognition/test/003702_calling.jpg,Bingsu/Human_Action_Recognition,calling,1,0,0,0,0,0,0,0,0,0,0,0,0,0,0,0,1,0,0,0
data/external/actions/human_action_recognition/test/003703_calling.jpg,Bingsu/Human_Action_Recognition,calling,1,0,0,0,0,0,0,0,0,0,0,0,0,0,0,0,1,0,0,0
data/external/actions/human_action_recognition/test/003704_calling.jpg,Bingsu/Human_Action_Recognition,calling,1,0,0,0,0,0,0,0,0,0,0,0,0,0,0,0,1,0,0,0
data/external/actions/human_action_recognition/test/003705_calling.jpg,Bingsu/Human_Action_Recognition,calling,1,0,0,0,0,0,0,0,0,0,0,0,0,0,0,0,1,0,0,0
data/external/actions/human_action_recognition/test/003706_calling.jpg,Bingsu/Human_Action_Recognition,calling,1,0,0,0,0,0,0,0,0,0,0,0,0,0,0,0,1,0,0,0
data/external/actions/human_action_recognition/test/003707_calling.jpg,Bingsu/Human_Action_Recognition,calling,1,0,0,0,0,0,0,0,0,0,0,0,0,0,0,0,1,0,0,0
data/external/actions/human_action_recognition/test/003708_calling.jpg,Bingsu/Human_Action_Recognition,calling,1,0,0,0,0,0,0,0,0,0,0,0,0,0,0,0,1,0,0,0
data/external/actions/human_action_recognition/test/003709_calling.jpg,Bingsu/Human_Action_Recognition,calling,1,0,0,0,0,0,0,0,0,0,0,0,0,0,0,0,1,0,0,0
data/external/actions/human_action_recognition/test/003710_calling.jpg,Bingsu/Human_Action_Recognition,calling,1,0,0,0,0,0,0,0,0,0,0,0,0,0,0,0,1,0,0,0
data/external/actions/human_action_recognition/test/003711_calling.jpg,Bingsu/Human_Action_Recognition,calling,1,0,0,0,0,0,0,0,0,0,0,0,0,0,0,0,1,0,0,0
data/external/actions/human_action_recognition/test/003712_calling.jpg,Bingsu/Human_Action_Recognition,calling,1,0,0,0,0,0,0,0,0,0,0,0,0,0,0,0,1,0,0,0
data/external/actions/human_action_recognition/test/003713_calling.jpg,Bingsu/Human_Action_Recognition,calling,1,0,0,0,0,0,0,0,0,0,0,0,0,0,0,0,1,0,0,0
data/external/actions/human_action_recognition/test/003714_calling.jpg,Bingsu/Human_Action_Recognition,calling,1,0,0,0,0,0,0,0,0,0,0,0,0,0,0,0,1,0,0,0
data/external/actions/human_action_recognition/test/003715_calling.jpg,Bingsu/Human_Action_Recognition,calling,1,0,0,0,0,0,0,0,0,0,0,0,0,0,0,0,1,0,0,0
data/external/actions/human_action_recognition/test/003716_calling.jpg,Bingsu/Human_Action_Recognition,calling,1,0,0,0,0,0,0,0,0,0,0,0,0,0,0,0,1,0,0,0
data/external/actions/human_action_recognition/test/003717_calling.jpg,Bingsu/Human_Action_Recognition,calling,1,0,0,0,0,0,0,0,0,0,0,0,0,0,0,0,1,0,0,0
data/external/actions/human_action_recognition/test/003718_calling.jpg,Bingsu/Human_Action_Recognition,calling,1,0,0,0,0,0,0,0,0,0,0,0,0,0,0,0,1,0,0,0
data/external/actions/human_action_recognition/test/003719_calling.jpg,Bingsu/Human_Action_Recognition,calling,1,0,0,0,0,0,0,0,0,0,0,0,0,0,0,0,1,0,0,0
data/external/actions/human_action_recognition/test/003720_calling.jpg,Bingsu/Human_Action_Recognition,calling,1,0,0,0,0,0,0,0,0,0,0,0,0,0,0,0,1,0,0,0
data/external/actions/human_action_recognition/test/003721_calling.jpg,Bingsu/Human_Action_Recognition,calling,1,0,0,0,0,0,0,0,0,0,0,0,0,0,0,0,1,0,0,0
data/external/actions/human_action_recognition/test/003722_calling.jpg,Bingsu/Human_Action_Recognition,calling,1,0,0,0,0,0,0,0,0,0,0,0,0,0,0,0,1,0,0,0
data/external/actions/human_action_recognition/test/003723_calling.jpg,Bingsu/Human_Action_Recognition,calling,1,0,0,0,0,0,0,0,0,0,0,0,0,0,0,0,1,0,0,0
data/external/actions/human_action_recognition/test/003724_calling.jpg,Bingsu/Human_Action_Recognition,calling,1,0,0,0,0,0,0,0,0,0,0,0,0,0,0,0,1,0,0,0
data/external/actions/human_action_recognition/test/003725_calling.jpg,Bingsu/Human_Action_Recognition,calling,1,0,0,0,0,0,0,0,0,0,0,0,0,0,0,0,1,0,0,0
data/external/actions/human_action_recognition/test/003726_calling.jpg,Bingsu/Human_Action_Recognition,calling,1,0,0,0,0,0,0,0,0,0,0,0,0,0,0,0,1,0,0,0
data/external/actions/human_action_recognition/test/003727_calling.jpg,Bingsu/Human_Action_Recognition,calling,1,0,0,0,0,0,0,0,0,0,0,0,0,0,0,0,1,0,0,0
data/external/actions/human_action_recognition/test/003728_calling.jpg,Bingsu/Human_Action_Recognition,calling,1,0,0,0,0,0,0,0,0,0,0,0,0,0,0,0,1,0,0,0
data/external/actions/human_action_recognition/test/003729_calling.jpg,Bingsu/Human_Action_Recognition,calling,1,0,0,0,0,0,0,0,0,0,0,0,0,0,0,0,1,0,0,0
data/external/actions/human_action_recognition/test/003730_calling.jpg,Bingsu/Human_Action_Recognition,calling,1,0,0,0,0,0,0,0,0,0,0,0,0,0,0,0,1,0,0,0
data/external/actions/human_action_recognition/test/003731_calling.jpg,Bingsu/Human_Action_Recognition,calling,1,0,0,0,0,0,0,0,0,0,0,0,0,0,0,0,1,0,0,0
data/external/actions/human_action_recognition/test/003732_calling.jpg,Bingsu/Human_Action_Recognition,calling,1,0,0,0,0,0,0,0,0,0,0,0,0,0,0,0,1,0,0,0
data/external/actions/human_action_recognition/test/003733_calling.jpg,Bingsu/Human_Action_Recognition,calling,1,0,0,0,0,0,0,0,0,0,0,0,0,0,0,0,1,0,0,0
data/external/actions/human_action_recognition/test/003734_calling.jpg,Bingsu/Human_Action_Recognition,calling,1,0,0,0,0,0,0,0,0,0,0,0,0,0,0,0,1,0,0,0
data/external/actions/human_action_recognition/test/003735_calling.jpg,Bingsu/Human_Action_Recognition,calling,1,0,0,0,0,0,0,0,0,0,0,0,0,0,0,0,1,0,0,0
data/external/actions/human_action_recognition/test/003736_calling.jpg,Bingsu/Human_Action_Recognition,calling,1,0,0,0,0,0,0,0,0,0,0,0,0,0,0,0,1,0,0,0
data/external/actions/human_action_recognition/test/003737_calling.jpg,Bingsu/Human_Action_Recognition,calling,1,0,0,0,0,0,0,0,0,0,0,0,0,0,0,0,1,0,0,0
data/external/actions/human_action_recognition/test/003738_calling.jpg,Bingsu/Human_Action_Recognition,calling,1,0,0,0,0,0,0,0,0,0,0,0,0,0,0,0,1,0,0,0
data/external/actions/human_action_recognition/test/003739_calling.jpg,Bingsu/Human_Action_Recognition,calling,1,0,0,0,0,0,0,0,0,0,0,0,0,0,0,0,1,0,0,0
data/external/actions/human_action_recognition/test/003740_calling.jpg,Bingsu/Human_Action_Recognition,calling,1,0,0,0,0,0,0,0,0,0,0,0,0,0,0,0,1,0,0,0
data/external/actions/human_action_recognition/test/003741_calling.jpg,Bingsu/Human_Action_Recognition,calling,1,0,0,0,0,0,0,0,0,0,0,0,0,0,0,0,1,0,0,0
data/external/actions/human_action_recognition/test/003742_calling.jpg,Bingsu/Human_Action_Recognition,calling,1,0,0,0,0,0,0,0,0,0,0,0,0,0,0,0,1,0,0,0
data/external/actions/human_action_recognition/test/003743_calling.jpg,Bingsu/Human_Action_Recognition,calling,1,0,0,0,0,0,0,0,0,0,0,0,0,0,0,0,1,0,0,0
data/external/actions/human_action_recognition/test/003744_calling.jpg,Bingsu/Human_Action_Recognition,calling,1,0,0,0,0,0,0,0,0,0,0,0,0,0,0,0,1,0,0,0
data/external/actions/human_action_recognition/test/003745_calling.jpg,Bingsu/Human_Action_Recognition,calling,1,0,0,0,0,0,0,0,0,0,0,0,0,0,0,0,1,0,0,0
data/external/actions/human_action_recognition/test/003746_calling.jpg,Bingsu/Human_Action_Recognition,calling,1,0,0,0,0,0,0,0,0,0,0,0,0,0,0,0,1,0,0,0
data/external/actions/human_action_recognition/test/003747_calling.jpg,Bingsu/Human_Action_Recognition,calling,1,0,0,0,0,0,0,0,0,0,0,0,0,0,0,0,1,0,0,0
data/external/actions/human_action_recognition/test/003748_calling.jpg,Bingsu/Human_Action_Recognition,calling,1,0,0,0,0,0,0,0,0,0,0,0,0,0,0,0,1,0,0,0
data/external/actions/human_action_recognition/test/003749_calling.jpg,Bingsu/Human_Action_Recognition,calling,1,0,0,0,0,0,0,0,0,0,0,0,0,0,0,0,1,0,0,0
data/external/actions/human_action_recognition/test/003750_calling.jpg,Bingsu/Human_Action_Recognition,calling,1,0,0,0,0,0,0,0,0,0,0,0,0,0,0,0,1,0,0,0
data/external/actions/human_action_recognition/test/003751_calling.jpg,Bingsu/Human_Action_Recognition,calling,1,0,0,0,0,0,0,0,0,0,0,0,0,0,0,0,1,0,0,0
data/external/actions/human_action_recognition/test/003752_calling.jpg,Bingsu/Human_Action_Recognition,calling,1,0,0,0,0,0,0,0,0,0,0,0,0,0,0,0,1,0,0,0
data/external/actions/human_action_recognition/test/003753_calling.jpg,Bingsu/Human_Action_Recognition,calling,1,0,0,0,0,0,0,0,0,0,0,0,0,0,0,0,1,0,0,0
data/external/actions/human_action_recognition/test/003754_calling.jpg,Bingsu/Human_Action_Recognition,calling,1,0,0,0,0,0,0,0,0,0,0,0,0,0,0,0,1,0,0,0
data/external/actions/human_action_recognition/test/003755_calling.jpg,Bingsu/Human_Action_Recognition,calling,1,0,0,0,0,0,0,0,0,0,0,0,0,0,0,0,1,0,0,0
data/external/actions/human_action_recognition/test/003756_calling.jpg,Bingsu/Human_Action_Recognition,calling,1,0,0,0,0,0,0,0,0,0,0,0,0,0,0,0,1,0,0,0
data/external/actions/human_action_recognition/test/003757_calling.jpg,Bingsu/Human_Action_Recognition,calling,1,0,0,0,0,0,0,0,0,0,0,0,0,0,0,0,1,0,0,0
data/external/actions/human_action_recognition/test/003758_calling.jpg,Bingsu/Human_Action_Recognition,calling,1,0,0,0,0,0,0,0,0,0,0,0,0,0,0,0,1,0,0,0
data/external/actions/human_action_recognition/test/003759_calling.jpg,Bingsu/Human_Action_Recognition,calling,1,0,0,0,0,0,0,0,0,0,0,0,0,0,0,0,1,0,0,0
data/external/actions/human_action_recognition/test/003760_calling.jpg,Bingsu/Human_Action_Recognition,calling,1,0,0,0,0,0,0,0,0,0,0,0,0,0,0,0,1,0,0,0
data/external/actions/human_action_recognition/test/003761_calling.jpg,Bingsu/Human_Action_Recognition,calling,1,0,0,0,0,0,0,0,0,0,0,0,0,0,0,0,1,0,0,0
data/external/actions/human_action_recognition/test/003762_calling.jpg,Bingsu/Human_Action_Recognition,calling,1,0,0,0,0,0,0,0,0,0,0,0,0,0,0,0,1,0,0,0
data/external/actions/human_action_recognition/test/003763_calling.jpg,Bingsu/Human_Action_Recognition,calling,1,0,0,0,0,0,0,0,0,0,0,0,0,0,0,0,1,0,0,0
data/external/actions/human_action_recognition/test/003764_calling.jpg,Bingsu/Human_Action_Recognition,calling,1,0,0,0,0,0,0,0,0,0,0,0,0,0,0,0,1,0,0,0
data/external/actions/human_action_recognition/test/003765_calling.jpg,Bingsu/Human_Action_Recognition,calling,1,0,0,0,0,0,0,0,0,0,0,0,0,0,0,0,1,0,0,0
data/external/actions/human_action_recognition/test/003766_calling.jpg,Bingsu/Human_Action_Recognition,calling,1,0,0,0,0,0,0,0,0,0,0,0,0,0,0,0,1,0,0,0
data/external/actions/human_action_recognition/test/003767_calling.jpg,Bingsu/Human_Action_Recognition,calling,1,0,0,0,0,0,0,0,0,0,0,0,0,0,0,0,1,0,0,0
data/external/actions/human_action_recognition/test/003768_calling.jpg,Bingsu/Human_Action_Recognition,calling,1,0,0,0,0,0,0,0,0,0,0,0,0,0,0,0,1,0,0,0
data/external/actions/human_action_recognition/test/003769_calling.jpg,Bingsu/Human_Action_Recognition,calling,1,0,0,0,0,0,0,0,0,0,0,0,0,0,0,0,1,0,0,0
data/external/actions/human_action_recognition/test/003770_calling.jpg,Bingsu/Human_Action_Recognition,calling,1,0,0,0,0,0,0,0,0,0,0,0,0,0,0,0,1,0,0,0
data/external/actions/human_action_recognition/test/003771_calling.jpg,Bingsu/Human_Action_Recognition,calling,1,0,0,0,0,0,0,0,0,0,0,0,0,0,0,0,1,0,0,0
data/external/actions/human_action_recognition/test/003772_calling.jpg,Bingsu/Human_Action_Recognition,calling,1,0,0,0,0,0,0,0,0,0,0,0,0,0,0,0,1,0,0,0
data/external/actions/human_action_recognition/test/003773_calling.jpg,Bingsu/Human_Action_Recognition,calling,1,0,0,0,0,0,0,0,0,0,0,0,0,0,0,0,1,0,0,0
data/external/actions/human_action_recognition/test/003774_calling.jpg,Bingsu/Human_Action_Recognition,calling,1,0,0,0,0,0,0,0,0,0,0,0,0,0,0,0,1,0,0,0
data/external/actions/human_action_recognition/test/003775_calling.jpg,Bingsu/Human_Action_Recognition,calling,1,0,0,0,0,0,0,0,0,0,0,0,0,0,0,0,1,0,0,0
data/external/actions/human_action_recognition/test/003776_calling.jpg,Bingsu/Human_Action_Recognition,calling,1,0,0,0,0,0,0,0,0,0,0,0,0,0,0,0,1,0,0,0
data/external/actions/human_action_recognition/test/003777_calling.jpg,Bingsu/Human_Action_Recognition,calling,1,0,0,0,0,0,0,0,0,0,0,0,0,0,0,0,1,0,0,0
data/external/actions/human_action_recognition/test/003778_calling.jpg,Bingsu/Human_Action_Recognition,calling,1,0,0,0,0,0,0,0,0,0,0,0,0,0,0,0,1,0,0,0
data/external/actions/human_action_recognition/test/003779_calling.jpg,Bingsu/Human_Action_Recognition,calling,1,0,0,0,0,0,0,0,0,0,0,0,0,0,0,0,1,0,0,0
data/external/actions/human_action_recognition/test/003780_calling.jpg,Bingsu/Human_Action_Recognition,calling,1,0,0,0,0,0,0,0,0,0,0,0,0,0,0,0,1,0,0,0
data/external/actions/human_action_recognition/test/003781_calling.jpg,Bingsu/Human_Action_Recognition,calling,1,0,0,0,0,0,0,0,0,0,0,0,0,0,0,0,1,0,0,0
data/external/actions/human_action_recognition/test/003782_calling.jpg,Bingsu/Human_Action_Recognition,calling,1,0,0,0,0,0,0,0,0,0,0,0,0,0,0,0,1,0,0,0
data/external/actions/human_action_recognition/test/003783_calling.jpg,Bingsu/Human_Action_Recognition,calling,1,0,0,0,0,0,0,0,0,0,0,0,0,0,0,0,1,0,0,0
data/external/actions/human_action_recognition/test/003784_calling.jpg,Bingsu/Human_Action_Recognition,calling,1,0,0,0,0,0,0,0,0,0,0,0,0,0,0,0,1,0,0,0
data/external/actions/human_action_recognition/test/003785_calling.jpg,Bingsu/Human_Action_Recognition,calling,1,0,0,0,0,0,0,0,0,0,0,0,0,0,0,0,1,0,0,0
data/external/actions/human_action_recognition/test/003786_calling.jpg,Bingsu/Human_Action_Recognition,calling,1,0,0,0,0,0,0,0,0,0,0,0,0,0,0,0,1,0,0,0
data/external/actions/human_action_recognition/test/003787_calling.jpg,Bingsu/Human_Action_Recognition,calling,1,0,0,0,0,0,0,0,0,0,0,0,0,0,0,0,1,0,0,0
data/external/actions/human_action_recognition/test/003788_calling.jpg,Bingsu/Human_Action_Recognition,calling,1,0,0,0,0,0,0,0,0,0,0,0,0,0,0,0,1,0,0,0
data/external/actions/human_action_recognition/test/003789_calling.jpg,Bingsu/Human_Action_Recognition,calling,1,0,0,0,0,0,0,0,0,0,0,0,0,0,0,0,1,0,0,0
data/external/actions/human_action_recognition/test/003790_calling.jpg,Bingsu/Human_Action_Recognition,calling,1,0,0,0,0,0,0,0,0,0,0,0,0,0,0,0,1,0,0,0
data/external/actions/human_action_recognition/test/003791_calling.jpg,Bingsu/Human_Action_Recognition,calling,1,0,0,0,0,0,0,0,0,0,0,0,0,0,0,0,1,0,0,0
data/external/actions/human_action_recognition/test/003792_calling.jpg,Bingsu/Human_Action_Recognition,calling,1,0,0,0,0,0,0,0,0,0,0,0,0,0,0,0,1,0,0,0
data/external/actions/human_action_recognition/test/003793_calling.jpg,Bingsu/Human_Action_Recognition,calling,1,0,0,0,0,0,0,0,0,0,0,0,0,0,0,0,1,0,0,0
data/external/actions/human_action_recognition/test/003794_calling.jpg,Bingsu/Human_Action_Recognition,calling,1,0,0,0,0,0,0,0,0,0,0,0,0,0,0,0,1,0,0,0
data/external/actions/human_action_recognition/test/003795_calling.jpg,Bingsu/Human_Action_Recognition,calling,1,0,0,0,0,0,0,0,0,0,0,0,0,0,0,0,1,0,0,0
data/external/actions/human_action_recognition/test/003796_calling.jpg,Bingsu/Human_Action_Recognition,calling,1,0,0,0,0,0,0,0,0,0,0,0,0,0,0,0,1,0,0,0
data/external/actions/human_action_recognition/test/003797_calling.jpg,Bingsu/Human_Action_Recognition,calling,1,0,0,0,0,0,0,0,0,0,0,0,0,0,0,0,1,0,0,0
data/external/actions/human_action_recognition/test/003798_calling.jpg,Bingsu/Human_Action_Recognition,calling,1,0,0,0,0,0,0,0,0,0,0,0,0,0,0,0,1,0,0,0
data/external/actions/human_action_recognition/test/003799_calling.jpg,Bingsu/Human_Action_Recognition,calling,1,0,0,0,0,0,0,0,0,0,0,0,0,0,0,0,1,0,0,0
data/external/actions/human_action_recognition/test/003800_calling.jpg,Bingsu/Human_Action_Recognition,calling,1,0,0,0,0,0,0,0,0,0,0,0,0,0,0,0,1,0,0,0
data/external/actions/human_action_recognition/test/003801_calling.jpg,Bingsu/Human_Action_Recognition,calling,1,0,0,0,0,0,0,0,0,0,0,0,0,0,0,0,1,0,0,0
data/external/actions/human_action_recognition/test/003802_calling.jpg,Bingsu/Human_Action_Recognition,calling,1,0,0,0,0,0,0,0,0,0,0,0,0,0,0,0,1,0,0,0
data/external/actions/human_action_recognition/test/003803_calling.jpg,Bingsu/Human_Action_Recognition,calling,1,0,0,0,0,0,0,0,0,0,0,0,0,0,0,0,1,0,0,0
data/external/actions/human_action_recognition/test/003804_calling.jpg,Bingsu/Human_Action_Recognition,calling,1,0,0,0,0,0,0,0,0,0,0,0,0,0,0,0,1,0,0,0
data/external/actions/human_action_recognition/test/003805_calling.jpg,Bingsu/Human_Action_Recognition,calling,1,0,0,0,0,0,0,0,0,0,0,0,0,0,0,0,1,0,0,0
data/external/actions/human_action_recognition/test/003806_calling.jpg,Bingsu/Human_Action_Recognition,calling,1,0,0,0,0,0,0,0,0,0,0,0,0,0,0,0,1,0,0,0
data/external/actions/human_action_recognition/test/003807_calling.jpg,Bingsu/Human_Action_Recognition,calling,1,0,0,0,0,0,0,0,0,0,0,0,0,0,0,0,1,0,0,0
data/external/actions/human_action_recognition/test/003808_calling.jpg,Bingsu/Human_Action_Recognition,calling,1,0,0,0,0,0,0,0,0,0,0,0,0,0,0,0,1,0,0,0
data/external/actions/human_action_recognition/test/003809_calling.jpg,Bingsu/Human_Action_Recognition,calling,1,0,0,0,0,0,0,0,0,0,0,0,0,0,0,0,1,0,0,0
data/external/actions/human_action_recognition/test/003810_calling.jpg,Bingsu/Human_Action_Recognition,calling,1,0,0,0,0,0,0,0,0,0,0,0,0,0,0,0,1,0,0,0
data/external/actions/human_action_recognition/test/003811_calling.jpg,Bingsu/Human_Action_Recognition,calling,1,0,0,0,0,0,0,0,0,0,0,0,0,0,0,0,1,0,0,0
data/external/actions/human_action_recognition/test/003812_calling.jpg,Bingsu/Human_Action_Recognition,calling,1,0,0,0,0,0,0,0,0,0,0,0,0,0,0,0,1,0,0,0
data/external/actions/human_action_recognition/test/003813_calling.jpg,Bingsu/Human_Action_Recognition,calling,1,0,0,0,0,0,0,0,0,0,0,0,0,0,0,0,1,0,0,0
data/external/actions/human_action_recognition/test/003814_calling.jpg,Bingsu/Human_Action_Recognition,calling,1,0,0,0,0,0,0,0,0,0,0,0,0,0,0,0,1,0,0,0
data/external/actions/human_action_recognition/test/003815_calling.jpg,Bingsu/Human_Action_Recognition,calling,1,0,0,0,0,0,0,0,0,0,0,0,0,0,0,0,1,0,0,0
data/external/actions/human_action_recognition/test/003816_calling.jpg,Bingsu/Human_Action_Recognition,calling,1,0,0,0,0,0,0,0,0,0,0,0,0,0,0,0,1,0,0,0
data/external/actions/human_action_recognition/test/003817_calling.jpg,Bingsu/Human_Action_Recognition,calling,1,0,0,0,0,0,0,0,0,0,0,0,0,0,0,0,1,0,0,0
data/external/actions/human_action_recognition/test/003818_calling.jpg,Bingsu/Human_Action_Recognition,calling,1,0,0,0,0,0,0,0,0,0,0,0,0,0,0,0,1,0,0,0
data/external/actions/human_action_recognition/test/003819_calling.jpg,Bingsu/Human_Action_Recognition,calling,1,0,0,0,0,0,0,0,0,0,0,0,0,0,0,0,1,0,0,0
data/external/actions/human_action_recognition/test/003820_calling.jpg,Bingsu/Human_Action_Recognition,calling,1,0,0,0,0,0,0,0,0,0,0,0,0,0,0,0,1,0,0,0
data/external/actions/human_action_recognition/test/003821_calling.jpg,Bingsu/Human_Action_Recognition,calling,1,0,0,0,0,0,0,0,0,0,0,0,0,0,0,0,1,0,0,0
data/external/actions/human_action_recognition/test/003822_calling.jpg,Bingsu/Human_Action_Recognition,calling,1,0,0,0,0,0,0,0,0,0,0,0,0,0,0,0,1,0,0,0
data/external/actions/human_action_recognition/test/003823_calling.jpg,Bingsu/Human_Action_Recognition,calling,1,0,0,0,0,0,0,0,0,0,0,0,0,0,0,0,1,0,0,0
data/external/actions/human_action_recognition/test/003824_calling.jpg,Bingsu/Human_Action_Recognition,calling,1,0,0,0,0,0,0,0,0,0,0,0,0,0,0,0,1,0,0,0
data/external/actions/human_action_recognition/test/003825_calling.jpg,Bingsu/Human_Action_Recognition,calling,1,0,0,0,0,0,0,0,0,0,0,0,0,0,0,0,1,0,0,0
data/external/actions/human_action_recognition/test/003826_calling.jpg,Bingsu/Human_Action_Recognition,calling,1,0,0,0,0,0,0,0,0,0,0,0,0,0,0,0,1,0,0,0
data/external/actions/human_action_recognition/test/003827_calling.jpg,Bingsu/Human_Action_Recognition,calling,1,0,0,0,0,0,0,0,0,0,0,0,0,0,0,0,1,0,0,0
data/external/actions/human_action_recognition/test/003828_calling.jpg,Bingsu/Human_Action_Recognition,calling,1,0,0,0,0,0,0,0,0,0,0,0,0,0,0,0,1,0,0,0
data/external/actions/human_action_recognition/test/003829_calling.jpg,Bingsu/Human_Action_Recognition,calling,1,0,0,0,0,0,0,0,0,0,0,0,0,0,0,0,1,0,0,0
data/external/actions/human_action_recognition/test/003830_calling.jpg,Bingsu/Human_Action_Recognition,calling,1,0,0,0,0,0,0,0,0,0,0,0,0,0,0,0,1,0,0,0
data/external/actions/human_action_recognition/test/003831_calling.jpg,Bingsu/Human_Action_Recognition,calling,1,0,0,0,0,0,0,0,0,0,0,0,0,0,0,0,1,0,0,0
data/external/actions/human_action_recognition/test/003832_calling.jpg,Bingsu/Human_Action_Recognition,calling,1,0,0,0,0,0,0,0,0,0,0,0,0,0,0,0,1,0,0,0
data/external/actions/human_action_recognition/test/003833_calling.jpg,Bingsu/Human_Action_Recognition,calling,1,0,0,0,0,0,0,0,0,0,0,0,0,0,0,0,1,0,0,0
data/external/actions/human_action_recognition/test/003834_calling.jpg,Bingsu/Human_Action_Recognition,calling,1,0,0,0,0,0,0,0,0,0,0,0,0,0,0,0,1,0,0,0
data/external/actions/human_action_recognition/test/003835_calling.jpg,Bingsu/Human_Action_Recognition,calling,1,0,0,0,0,0,0,0,0,0,0,0,0,0,0,0,1,0,0,0
data/external/actions/human_action_recognition/test/003836_calling.jpg,Bingsu/Human_Action_Recognition,calling,1,0,0,0,0,0,0,0,0,0,0,0,0,0,0,0,1,0,0,0
data/external/actions/human_action_recognition/test/003837_calling.jpg,Bingsu/Human_Action_Recognition,calling,1,0,0,0,0,0,0,0,0,0,0,0,0,0,0,0,1,0,0,0
data/external/actions/human_action_recognition/test/003838_calling.jpg,Bingsu/Human_Action_Recognition,calling,1,0,0,0,0,0,0,0,0,0,0,0,0,0,0,0,1,0,0,0
data/external/actions/human_action_recognition/test/003839_calling.jpg,Bingsu/Human_Action_Recognition,calling,1,0,0,0,0,0,0,0,0,0,0,0,0,0,0,0,1,0,0,0
data/external/actions/human_action_recognition/test/003840_calling.jpg,Bingsu/Human_Action_Recognition,calling,1,0,0,0,0,0,0,0,0,0,0,0,0,0,0,0,1,0,0,0
data/external/actions/human_action_recognition/test/003841_calling.jpg,Bingsu/Human_Action_Recognition,calling,1,0,0,0,0,0,0,0,0,0,0,0,0,0,0,0,1,0,0,0
data/external/actions/human_action_recognition/test/003842_calling.jpg,Bingsu/Human_Action_Recognition,calling,1,0,0,0,0,0,0,0,0,0,0,0,0,0,0,0,1,0,0,0
data/external/actions/human_action_recognition/test/003843_calling.jpg,Bingsu/Human_Action_Recognition,calling,1,0,0,0,0,0,0,0,0,0,0,0,0,0,0,0,1,0,0,0
data/external/actions/human_action_recognition/test/003844_calling.jpg,Bingsu/Human_Action_Recognition,calling,1,0,0,0,0,0,0,0,0,0,0,0,0,0,0,0,1,0,0,0
data/external/actions/human_action_recognition/test/003845_calling.jpg,Bingsu/Human_Action_Recognition,calling,1,0,0,0,0,0,0,0,0,0,0,0,0,0,0,0,1,0,0,0
data/external/actions/human_action_recognition/test/003846_calling.jpg,Bingsu/Human_Action_Recognition,calling,1,0,0,0,0,0,0,0,0,0,0,0,0,0,0,0,1,0,0,0
data/external/actions/human_action_recognition/test/003847_calling.jpg,Bingsu/Human_Action_Recognition,calling,1,0,0,0,0,0,0,0,0,0,0,0,0,0,0,0,1,0,0,0
data/external/actions/human_action_recognition/test/003848_calling.jpg,Bingsu/Human_Action_Recognition,calling,1,0,0,0,0,0,0,0,0,0,0,0,0,0,0,0,1,0,0,0
data/external/actions/human_action_recognition/test/003849_calling.jpg,Bingsu/Human_Action_Recognition,calling,1,0,0,0,0,0,0,0,0,0,0,0,0,0,0,0,1,0,0,0
data/external/actions/human_action_recognition/test/003850_calling.jpg,Bingsu/Human_Action_Recognition,calling,1,0,0,0,0,0,0,0,0,0,0,0,0,0,0,0,1,0,0,0
data/external/actions/human_action_recognition/test/003851_calling.jpg,Bingsu/Human_Action_Recognition,calling,1,0,0,0,0,0,0,0,0,0,0,0,0,0,0,0,1,0,0,0
data/external/actions/human_action_recognition/test/003852_calling.jpg,Bingsu/Human_Action_Recognition,calling,1,0,0,0,0,0,0,0,0,0,0,0,0,0,0,0,1,0,0,0
data/external/actions/human_action_recognition/test/003853_calling.jpg,Bingsu/Human_Action_Recognition,calling,1,0,0,0,0,0,0,0,0,0,0,0,0,0,0,0,1,0,0,0
data/external/actions/human_action_recognition/test/003854_calling.jpg,Bingsu/Human_Action_Recognition,calling,1,0,0,0,0,0,0,0,0,0,0,0,0,0,0,0,1,0,0,0
data/external/actions/human_action_recognition/test/003855_calling.jpg,Bingsu/Human_Action_Recognition,calling,1,0,0,0,0,0,0,0,0,0,0,0,0,0,0,0,1,0,0,0
data/external/actions/human_action_recognition/test/003856_calling.jpg,Bingsu/Human_Action_Recognition,calling,1,0,0,0,0,0,0,0,0,0,0,0,0,0,0,0,1,0,0,0
data/external/actions/human_action_recognition/test/003857_calling.jpg,Bingsu/Human_Action_Recognition,calling,1,0,0,0,0,0,0,0,0,0,0,0,0,0,0,0,1,0,0,0
data/external/actions/human_action_recognition/test/003858_calling.jpg,Bingsu/Human_Action_Recognition,calling,1,0,0,0,0,0,0,0,0,0,0,0,0,0,0,0,1,0,0,0
data/external/actions/human_action_recognition/test/003859_calling.jpg,Bingsu/Human_Action_Recognition,calling,1,0,0,0,0,0,0,0,0,0,0,0,0,0,0,0,1,0,0,0
data/external/actions/human_action_recognition/test/003860_calling.jpg,Bingsu/Human_Action_Recognition,calling,1,0,0,0,0,0,0,0,0,0,0,0,0,0,0,0,1,0,0,0
data/external/actions/human_action_recognition/test/003861_calling.jpg,Bingsu/Human_Action_Recognition,calling,1,0,0,0,0,0,0,0,0,0,0,0,0,0,0,0,1,0,0,0
data/external/actions/human_action_recognition/test/003862_calling.jpg,Bingsu/Human_Action_Recognition,calling,1,0,0,0,0,0,0,0,0,0,0,0,0,0,0,0,1,0,0,0
data/external/actions/human_action_recognition/test/003863_calling.jpg,Bingsu/Human_Action_Recognition,calling,1,0,0,0,0,0,0,0,0,0,0,0,0,0,0,0,1,0,0,0
data/external/actions/human_action_recognition/test/003864_calling.jpg,Bingsu/Human_Action_Recognition,calling,1,0,0,0,0,0,0,0,0,0,0,0,0,0,0,0,1,0,0,0
data/external/actions/human_action_recognition/test/003865_calling.jpg,Bingsu/Human_Action_Recognition,calling,1,0,0,0,0,0,0,0,0,0,0,0,0,0,0,0,1,0,0,0
data/external/actions/human_action_recognition/test/003866_calling.jpg,Bingsu/Human_Action_Recognition,calling,1,0,0,0,0,0,0,0,0,0,0,0,0,0,0,0,1,0,0,0
data/external/actions/human_action_recognition/test/003867_calling.jpg,Bingsu/Human_Action_Recognition,calling,1,0,0,0,0,0,0,0,0,0,0,0,0,0,0,0,1,0,0,0
data/external/actions/human_action_recognition/test/003868_calling.jpg,Bingsu/Human_Action_Recognition,calling,1,0,0,0,0,0,0,0,0,0,0,0,0,0,0,0,1,0,0,0
data/external/actions/human_action_recognition/test/003869_calling.jpg,Bingsu/Human_Action_Recognition,calling,1,0,0,0,0,0,0,0,0,0,0,0,0,0,0,0,1,0,0,0
data/external/actions/human_action_recognition/test/003870_calling.jpg,Bingsu/Human_Action_Recognition,calling,1,0,0,0,0,0,0,0,0,0,0,0,0,0,0,0,1,0,0,0
data/external/actions/human_action_recognition/test/003871_calling.jpg,Bingsu/Human_Action_Recognition,calling,1,0,0,0,0,0,0,0,0,0,0,0,0,0,0,0,1,0,0,0
data/external/actions/human_action_recognition/test/003872_calling.jpg,Bingsu/Human_Action_Recognition,calling,1,0,0,0,0,0,0,0,0,0,0,0,0,0,0,0,1,0,0,0
data/external/actions/human_action_recognition/test/003873_calling.jpg,Bingsu/Human_Action_Recognition,calling,1,0,0,0,0,0,0,0,0,0,0,0,0,0,0,0,1,0,0,0
data/external/actions/human_action_recognition/test/003874_calling.jpg,Bingsu/Human_Action_Recognition,calling,1,0,0,0,0,0,0,0,0,0,0,0,0,0,0,0,1,0,0,0
data/external/actions/human_action_recognition/test/003875_calling.jpg,Bingsu/Human_Action_Recognition,calling,1,0,0,0,0,0,0,0,0,0,0,0,0,0,0,0,1,0,0,0
data/external/actions/human_action_recognition/test/003876_calling.jpg,Bingsu/Human_Action_Recognition,calling,1,0,0,0,0,0,0,0,0,0,0,0,0,0,0,0,1,0,0,0
data/external/actions/human_action_recognition/test/003877_calling.jpg,Bingsu/Human_Action_Recognition,calling,1,0,0,0,0,0,0,0,0,0,0,0,0,0,0,0,1,0,0,0
data/external/actions/human_action_recognition/test/003878_calling.jpg,Bingsu/Human_Action_Recognition,calling,1,0,0,0,0,0,0,0,0,0,0,0,0,0,0,0,1,0,0,0
data/external/actions/human_action_recognition/test/003879_calling.jpg,Bingsu/Human_Action_Recognition,calling,1,0,0,0,0,0,0,0,0,0,0,0,0,0,0,0,1,0,0,0
data/external/actions/human_action_recognition/test/003880_calling.jpg,Bingsu/Human_Action_Recognition,calling,1,0,0,0,0,0,0,0,0,0,0,0,0,0,0,0,1,0,0,0
data/external/actions/human_action_recognition/test/003881_calling.jpg,Bingsu/Human_Action_Recognition,calling,1,0,0,0,0,0,0,0,0,0,0,0,0,0,0,0,1,0,0,0
data/external/actions/human_action_recognition/test/003882_calling.jpg,Bingsu/Human_Action_Recognition,calling,1,0,0,0,0,0,0,0,0,0,0,0,0,0,0,0,1,0,0,0
data/external/actions/human_action_recognition/test/003883_calling.jpg,Bingsu/Human_Action_Recognition,calling,1,0,0,0,0,0,0,0,0,0,0,0,0,0,0,0,1,0,0,0
data/external/actions/human_action_recognition/test/003884_calling.jpg,Bingsu/Human_Action_Recognition,calling,1,0,0,0,0,0,0,0,0,0,0,0,0,0,0,0,1,0,0,0
data/external/actions/human_action_recognition/test/003885_calling.jpg,Bingsu/Human_Action_Recognition,calling,1,0,0,0,0,0,0,0,0,0,0,0,0,0,0,0,1,0,0,0
data/external/actions/human_action_recognition/test/003886_calling.jpg,Bingsu/Human_Action_Recognition,calling,1,0,0,0,0,0,0,0,0,0,0,0,0,0,0,0,1,0,0,0
data/external/actions/human_action_recognition/test/003887_calling.jpg,Bingsu/Human_Action_Recognition,calling,1,0,0,0,0,0,0,0,0,0,0,0,0,0,0,0,1,0,0,0
data/external/actions/human_action_recognition/test/003888_calling.jpg,Bingsu/Human_Action_Recognition,calling,1,0,0,0,0,0,0,0,0,0,0,0,0,0,0,0,1,0,0,0
data/external/actions/human_action_recognition/test/003889_calling.jpg,Bingsu/Human_Action_Recognition,calling,1,0,0,0,0,0,0,0,0,0,0,0,0,0,0,0,1,0,0,0
data/external/actions/human_action_recognition/test/003890_calling.jpg,Bingsu/Human_Action_Recognition,calling,1,0,0,0,0,0,0,0,0,0,0,0,0,0,0,0,1,0,0,0
data/external/actions/human_action_recognition/test/003891_calling.jpg,Bingsu/Human_Action_Recognition,calling,1,0,0,0,0,0,0,0,0,0,0,0,0,0,0,0,1,0,0,0
data/external/actions/human_action_recognition/test/003892_calling.jpg,Bingsu/Human_Action_Recognition,calling,1,0,0,0,0,0,0,0,0,0,0,0,0,0,0,0,1,0,0,0
data/external/actions/human_action_recognition/test/003893_calling.jpg,Bingsu/Human_Action_Recognition,calling,1,0,0,0,0,0,0,0,0,0,0,0,0,0,0,0,1,0,0,0
data/external/actions/human_action_recognition/test/003894_calling.jpg,Bingsu/Human_Action_Recognition,calling,1,0,0,0,0,0,0,0,0,0,0,0,0,0,0,0,1,0,0,0
data/external/actions/human_action_recognition/test/003895_calling.jpg,Bingsu/Human_Action_Recognition,calling,1,0,0,0,0,0,0,0,0,0,0,0,0,0,0,0,1,0,0,0
data/external/actions/human_action_recognition/test/003896_calling.jpg,Bingsu/Human_Action_Recognition,calling,1,0,0,0,0,0,0,0,0,0,0,0,0,0,0,0,1,0,0,0
data/external/actions/human_action_recognition/test/003897_calling.jpg,Bingsu/Human_Action_Recognition,calling,1,0,0,0,0,0,0,0,0,0,0,0,0,0,0,0,1,0,0,0
data/external/actions/human_action_recognition/test/003898_calling.jpg,Bingsu/Human_Action_Recognition,calling,1,0,0,0,0,0,0,0,0,0,0,0,0,0,0,0,1,0,0,0
data/external/actions/human_action_recognition/test/003899_calling.jpg,Bingsu/Human_Action_Recognition,calling,1,0,0,0,0,0,0,0,0,0,0,0,0,0,0,0,1,0,0,0
data/external/actions/human_action_recognition/test/003900_calling.jpg,Bingsu/Human_Action_Recognition,calling,1,0,0,0,0,0,0,0,0,0,0,0,0,0,0,0,1,0,0,0
data/external/actions/human_action_recognition/test/003901_calling.jpg,Bingsu/Human_Action_Recognition,calling,1,0,0,0,0,0,0,0,0,0,0,0,0,0,0,0,1,0,0,0
data/external/actions/human_action_recognition/test/003902_calling.jpg,Bingsu/Human_Action_Recognition,calling,1,0,0,0,0,0,0,0,0,0,0,0,0,0,0,0,1,0,0,0
data/external/actions/human_action_recognition/test/003903_calling.jpg,Bingsu/Human_Action_Recognition,calling,1,0,0,0,0,0,0,0,0,0,0,0,0,0,0,0,1,0,0,0
data/external/actions/human_action_recognition/test/003904_calling.jpg,Bingsu/Human_Action_Recognition,calling,1,0,0,0,0,0,0,0,0,0,0,0,0,0,0,0,1,0,0,0
data/external/actions/human_action_recognition/test/003905_calling.jpg,Bingsu/Human_Action_Recognition,calling,1,0,0,0,0,0,0,0,0,0,0,0,0,0,0,0,1,0,0,0
data/external/actions/human_action_recognition/test/003906_calling.jpg,Bingsu/Human_Action_Recognition,calling,1,0,0,0,0,0,0,0,0,0,0,0,0,0,0,0,1,0,0,0
data/external/actions/human_action_recognition/test/003907_calling.jpg,Bingsu/Human_Action_Recognition,calling,1,0,0,0,0,0,0,0,0,0,0,0,0,0,0,0,1,0,0,0
data/external/actions/human_action_recognition/test/003908_calling.jpg,Bingsu/Human_Action_Recognition,calling,1,0,0,0,0,0,0,0,0,0,0,0,0,0,0,0,1,0,0,0
data/external/actions/human_action_recognition/test/003909_calling.jpg,Bingsu/Human_Action_Recognition,calling,1,0,0,0,0,0,0,0,0,0,0,0,0,0,0,0,1,0,0,0
data/external/actions/human_action_recognition/test/003910_calling.jpg,Bingsu/Human_Action_Recognition,calling,1,0,0,0,0,0,0,0,0,0,0,0,0,0,0,0,1,0,0,0
data/external/actions/human_action_recognition/test/003911_calling.jpg,Bingsu/Human_Action_Recognition,calling,1,0,0,0,0,0,0,0,0,0,0,0,0,0,0,0,1,0,0,0
data/external/actions/human_action_recognition/test/003912_calling.jpg,Bingsu/Human_Action_Recognition,calling,1,0,0,0,0,0,0,0,0,0,0,0,0,0,0,0,1,0,0,0
data/external/actions/human_action_recognition/test/003913_calling.jpg,Bingsu/Human_Action_Recognition,calling,1,0,0,0,0,0,0,0,0,0,0,0,0,0,0,0,1,0,0,0
data/external/actions/human_action_recognition/test/003914_calling.jpg,Bingsu/Human_Action_Recognition,calling,1,0,0,0,0,0,0,0,0,0,0,0,0,0,0,0,1,0,0,0
data/external/actions/human_action_recognition/test/003915_calling.jpg,Bingsu/Human_Action_Recognition,calling,1,0,0,0,0,0,0,0,0,0,0,0,0,0,0,0,1,0,0,0
data/external/actions/human_action_recognition/test/003916_calling.jpg,Bingsu/Human_Action_Recognition,calling,1,0,0,0,0,0,0,0,0,0,0,0,0,0,0,0,1,0,0,0
data/external/actions/human_action_recognition/test/003917_calling.jpg,Bingsu/Human_Action_Recognition,calling,1,0,0,0,0,0,0,0,0,0,0,0,0,0,0,0,1,0,0,0
data/external/actions/human_action_recognition/test/003918_calling.jpg,Bingsu/Human_Action_Recognition,calling,1,0,0,0,0,0,0,0,0,0,0,0,0,0,0,0,1,0,0,0
data/external/actions/human_action_recognition/test/003919_calling.jpg,Bingsu/Human_Action_Recognition,calling,1,0,0,0,0,0,0,0,0,0,0,0,0,0,0,0,1,0,0,0
data/external/actions/human_action_recognition/test/003920_calling.jpg,Bingsu/Human_Action_Recognition,calling,1,0,0,0,0,0,0,0,0,0,0,0,0,0,0,0,1,0,0,0
data/external/actions/human_action_recognition/test/003921_calling.jpg,Bingsu/Human_Action_Recognition,calling,1,0,0,0,0,0,0,0,0,0,0,0,0,0,0,0,1,0,0,0
data/external/actions/human_action_recognition/test/003922_calling.jpg,Bingsu/Human_Action_Recognition,calling,1,0,0,0,0,0,0,0,0,0,0,0,0,0,0,0,1,0,0,0
data/external/actions/human_action_recognition/test/003923_calling.jpg,Bingsu/Human_Action_Recognition,calling,1,0,0,0,0,0,0,0,0,0,0,0,0,0,0,0,1,0,0,0
data/external/actions/human_action_recognition/test/003924_calling.jpg,Bingsu/Human_Action_Recognition,calling,1,0,0,0,0,0,0,0,0,0,0,0,0,0,0,0,1,0,0,0
data/external/actions/human_action_recognition/test/003925_calling.jpg,Bingsu/Human_Action_Recognition,calling,1,0,0,0,0,0,0,0,0,0,0,0,0,0,0,0,1,0,0,0
data/external/actions/human_action_recognition/test/003926_calling.jpg,Bingsu/Human_Action_Recognition,calling,1,0,0,0,0,0,0,0,0,0,0,0,0,0,0,0,1,0,0,0
data/external/actions/human_action_recognition/test/003927_calling.jpg,Bingsu/Human_Action_Recognition,calling,1,0,0,0,0,0,0,0,0,0,0,0,0,0,0,0,1,0,0,0
data/external/actions/human_action_recognition/test/003928_calling.jpg,Bingsu/Human_Action_Recognition,calling,1,0,0,0,0,0,0,0,0,0,0,0,0,0,0,0,1,0,0,0
data/external/actions/human_action_recognition/test/003929_calling.jpg,Bingsu/Human_Action_Recognition,calling,1,0,0,0,0,0,0,0,0,0,0,0,0,0,0,0,1,0,0,0
data/external/actions/human_action_recognition/test/003930_calling.jpg,Bingsu/Human_Action_Recognition,calling,1,0,0,0,0,0,0,0,0,0,0,0,0,0,0,0,1,0,0,0
data/external/actions/human_action_recognition/test/003931_calling.jpg,Bingsu/Human_Action_Recognition,calling,1,0,0,0,0,0,0,0,0,0,0,0,0,0,0,0,1,0,0,0
data/external/actions/human_action_recognition/test/003932_calling.jpg,Bingsu/Human_Action_Recognition,calling,1,0,0,0,0,0,0,0,0,0,0,0,0,0,0,0,1,0,0,0
data/external/actions/human_action_recognition/test/003933_calling.jpg,Bingsu/Human_Action_Recognition,calling,1,0,0,0,0,0,0,0,0,0,0,0,0,0,0,0,1,0,0,0
data/external/actions/human_action_recognition/test/003934_calling.jpg,Bingsu/Human_Action_Recognition,calling,1,0,0,0,0,0,0,0,0,0,0,0,0,0,0,0,1,0,0,0
data/external/actions/human_action_recognition/test/003935_calling.jpg,Bingsu/Human_Action_Recognition,calling,1,0,0,0,0,0,0,0,0,0,0,0,0,0,0,0,1,0,0,0
data/external/actions/human_action_recognition/test/003936_calling.jpg,Bingsu/Human_Action_Recognition,calling,1,0,0,0,0,0,0,0,0,0,0,0,0,0,0,0,1,0,0,0
data/external/actions/human_action_recognition/test/003937_calling.jpg,Bingsu/Human_Action_Recognition,calling,1,0,0,0,0,0,0,0,0,0,0,0,0,0,0,0,1,0,0,0
data/external/actions/human_action_recognition/test/003938_calling.jpg,Bingsu/Human_Action_Recognition,calling,1,0,0,0,0,0,0,0,0,0,0,0,0,0,0,0,1,0,0,0
data/external/actions/human_action_recognition/test/003939_calling.jpg,Bingsu/Human_Action_Recognition,calling,1,0,0,0,0,0,0,0,0,0,0,0,0,0,0,0,1,0,0,0
data/external/actions/human_action_recognition/test/003940_calling.jpg,Bingsu/Human_Action_Recognition,calling,1,0,0,0,0,0,0,0,0,0,0,0,0,0,0,0,1,0,0,0
data/external/actions/human_action_recognition/test/003941_calling.jpg,Bingsu/Human_Action_Recognition,calling,1,0,0,0,0,0,0,0,0,0,0,0,0,0,0,0,1,0,0,0
data/external/actions/human_action_recognition/test/003942_calling.jpg,Bingsu/Human_Action_Recognition,calling,1,0,0,0,0,0,0,0,0,0,0,0,0,0,0,0,1,0,0,0
data/external/actions/human_action_recognition/test/003943_calling.jpg,Bingsu/Human_Action_Recognition,calling,1,0,0,0,0,0,0,0,0,0,0,0,0,0,0,0,1,0,0,0
data/external/actions/human_action_recognition/test/003944_calling.jpg,Bingsu/Human_Action_Recognition,calling,1,0,0,0,0,0,0,0,0,0,0,0,0,0,0,0,1,0,0,0
data/external/actions/human_action_recognition/test/003945_calling.jpg,Bingsu/Human_Action_Recognition,calling,1,0,0,0,0,0,0,0,0,0,0,0,0,0,0,0,1,0,0,0
data/external/actions/human_action_recognition/test/003946_calling.jpg,Bingsu/Human_Action_Recognition,calling,1,0,0,0,0,0,0,0,0,0,0,0,0,0,0,0,1,0,0,0
data/external/actions/human_action_recognition/test/003947_calling.jpg,Bingsu/Human_Action_Recognition,calling,1,0,0,0,0,0,0,0,0,0,0,0,0,0,0,0,1,0,0,0
data/external/actions/human_action_recognition/test/003948_calling.jpg,Bingsu/Human_Action_Recognition,calling,1,0,0,0,0,0,0,0,0,0,0,0,0,0,0,0,1,0,0,0
data/external/actions/human_action_recognition/test/003949_calling.jpg,Bingsu/Human_Action_Recognition,calling,1,0,0,0,0,0,0,0,0,0,0,0,0,0,0,0,1,0,0,0
data/external/actions/human_action_recognition/test/003950_calling.jpg,Bingsu/Human_Action_Recognition,calling,1,0,0,0,0,0,0,0,0,0,0,0,0,0,0,0,1,0,0,0
data/external/actions/human_action_recognition/test/003951_calling.jpg,Bingsu/Human_Action_Recognition,calling,1,0,0,0,0,0,0,0,0,0,0,0,0,0,0,0,1,0,0,0
data/external/actions/human_action_recognition/test/003952_calling.jpg,Bingsu/Human_Action_Recognition,calling,1,0,0,0,0,0,0,0,0,0,0,0,0,0,0,0,1,0,0,0
data/external/actions/human_action_recognition/test/003953_calling.jpg,Bingsu/Human_Action_Recognition,calling,1,0,0,0,0,0,0,0,0,0,0,0,0,0,0,0,1,0,0,0
data/external/actions/human_action_recognition/test/003954_calling.jpg,Bingsu/Human_Action_Recognition,calling,1,0,0,0,0,0,0,0,0,0,0,0,0,0,0,0,1,0,0,0
data/external/actions/human_action_recognition/test/003955_calling.jpg,Bingsu/Human_Action_Recognition,calling,1,0,0,0,0,0,0,0,0,0,0,0,0,0,0,0,1,0,0,0
data/external/actions/human_action_recognition/test/003956_calling.jpg,Bingsu/Human_Action_Recognition,calling,1,0,0,0,0,0,0,0,0,0,0,0,0,0,0,0,1,0,0,0
data/external/actions/human_action_recognition/test/003957_calling.jpg,Bingsu/Human_Action_Recognition,calling,1,0,0,0,0,0,0,0,0,0,0,0,0,0,0,0,1,0,0,0
data/external/actions/human_action_recognition/test/003958_calling.jpg,Bingsu/Human_Action_Recognition,calling,1,0,0,0,0,0,0,0,0,0,0,0,0,0,0,0,1,0,0,0
data/external/actions/human_action_recognition/test/003959_calling.jpg,Bingsu/Human_Action_Recognition,calling,1,0,0,0,0,0,0,0,0,0,0,0,0,0,0,0,1,0,0,0
data/external/actions/human_action_recognition/test/003960_calling.jpg,Bingsu/Human_Action_Recognition,calling,1,0,0,0,0,0,0,0,0,0,0,0,0,0,0,0,1,0,0,0
data/external/actions/human_action_recognition/test/003961_calling.jpg,Bingsu/Human_Action_Recognition,calling,1,0,0,0,0,0,0,0,0,0,0,0,0,0,0,0,1,0,0,0
data/external/actions/human_action_recognition/test/003962_calling.jpg,Bingsu/Human_Action_Recognition,calling,1,0,0,0,0,0,0,0,0,0,0,0,0,0,0,0,1,0,0,0
data/external/actions/human_action_recognition/test/003963_calling.jpg,Bingsu/Human_Action_Recognition,calling,1,0,0,0,0,0,0,0,0,0,0,0,0,0,0,0,1,0,0,0
data/external/actions/human_action_recognition/test/003964_calling.jpg,Bingsu/Human_Action_Recognition,calling,1,0,0,0,0,0,0,0,0,0,0,0,0,0,0,0,1,0,0,0
data/external/actions/human_action_recognition/test/003965_calling.jpg,Bingsu/Human_Action_Recognition,calling,1,0,0,0,0,0,0,0,0,0,0,0,0,0,0,0,1,0,0,0
data/external/actions/human_action_recognition/test/003966_calling.jpg,Bingsu/Human_Action_Recognition,calling,1,0,0,0,0,0,0,0,0,0,0,0,0,0,0,0,1,0,0,0
data/external/actions/human_action_recognition/test/003967_calling.jpg,Bingsu/Human_Action_Recognition,calling,1,0,0,0,0,0,0,0,0,0,0,0,0,0,0,0,1,0,0,0
data/external/actions/human_action_recognition/test/003968_calling.jpg,Bingsu/Human_Action_Recognition,calling,1,0,0,0,0,0,0,0,0,0,0,0,0,0,0,0,1,0,0,0
data/external/actions/human_action_recognition/test/003969_calling.jpg,Bingsu/Human_Action_Recognition,calling,1,0,0,0,0,0,0,0,0,0,0,0,0,0,0,0,1,0,0,0
data/external/actions/human_action_recognition/test/003970_calling.jpg,Bingsu/Human_Action_Recognition,calling,1,0,0,0,0,0,0,0,0,0,0,0,0,0,0,0,1,0,0,0
data/external/actions/human_action_recognition/test/003971_calling.jpg,Bingsu/Human_Action_Recognition,calling,1,0,0,0,0,0,0,0,0,0,0,0,0,0,0,0,1,0,0,0
data/external/actions/human_action_recognition/test/003972_calling.jpg,Bingsu/Human_Action_Recognition,calling,1,0,0,0,0,0,0,0,0,0,0,0,0,0,0,0,1,0,0,0
data/external/actions/human_action_recognition/test/003973_calling.jpg,Bingsu/Human_Action_Recognition,calling,1,0,0,0,0,0,0,0,0,0,0,0,0,0,0,0,1,0,0,0
data/external/actions/human_action_recognition/test/003974_calling.jpg,Bingsu/Human_Action_Recognition,calling,1,0,0,0,0,0,0,0,0,0,0,0,0,0,0,0,1,0,0,0
data/external/actions/human_action_recognition/test/003975_calling.jpg,Bingsu/Human_Action_Recognition,calling,1,0,0,0,0,0,0,0,0,0,0,0,0,0,0,0,1,0,0,0
data/external/actions/human_action_recognition/test/003976_calling.jpg,Bingsu/Human_Action_Recognition,calling,1,0,0,0,0,0,0,0,0,0,0,0,0,0,0,0,1,0,0,0
data/external/actions/human_action_recognition/test/003977_calling.jpg,Bingsu/Human_Action_Recognition,calling,1,0,0,0,0,0,0,0,0,0,0,0,0,0,0,0,1,0,0,0
data/external/actions/human_action_recognition/test/003978_calling.jpg,Bingsu/Human_Action_Recognition,calling,1,0,0,0,0,0,0,0,0,0,0,0,0,0,0,0,1,0,0,0
data/external/actions/human_action_recognition/test/003979_calling.jpg,Bingsu/Human_Action_Recognition,calling,1,0,0,0,0,0,0,0,0,0,0,0,0,0,0,0,1,0,0,0
data/external/actions/human_action_recognition/test/003980_calling.jpg,Bingsu/Human_Action_Recognition,calling,1,0,0,0,0,0,0,0,0,0,0,0,0,0,0,0,1,0,0,0
data/external/actions/human_action_recognition/test/003981_calling.jpg,Bingsu/Human_Action_Recognition,calling,1,0,0,0,0,0,0,0,0,0,0,0,0,0,0,0,1,0,0,0
data/external/actions/human_action_recognition/test/003982_calling.jpg,Bingsu/Human_Action_Recognition,calling,1,0,0,0,0,0,0,0,0,0,0,0,0,0,0,0,1,0,0,0
data/external/actions/human_action_recognition/test/003983_calling.jpg,Bingsu/Human_Action_Recognition,calling,1,0,0,0,0,0,0,0,0,0,0,0,0,0,0,0,1,0,0,0
data/external/actions/human_action_recognition/test/003984_calling.jpg,Bingsu/Human_Action_Recognition,calling,1,0,0,0,0,0,0,0,0,0,0,0,0,0,0,0,1,0,0,0
data/external/actions/human_action_recognition/test/003985_calling.jpg,Bingsu/Human_Action_Recognition,calling,1,0,0,0,0,0,0,0,0,0,0,0,0,0,0,0,1,0,0,0
data/external/actions/human_action_recognition/test/003986_calling.jpg,Bingsu/Human_Action_Recognition,calling,1,0,0,0,0,0,0,0,0,0,0,0,0,0,0,0,1,0,0,0
data/external/actions/human_action_recognition/test/003987_calling.jpg,Bingsu/Human_Action_Recognition,calling,1,0,0,0,0,0,0,0,0,0,0,0,0,0,0,0,1,0,0,0
data/external/actions/human_action_recognition/test/003988_calling.jpg,Bingsu/Human_Action_Recognition,calling,1,0,0,0,0,0,0,0,0,0,0,0,0,0,0,0,1,0,0,0
data/external/actions/human_action_recognition/test/003989_calling.jpg,Bingsu/Human_Action_Recognition,calling,1,0,0,0,0,0,0,0,0,0,0,0,0,0,0,0,1,0,0,0
data/external/actions/human_action_recognition/test/003990_calling.jpg,Bingsu/Human_Action_Recognition,calling,1,0,0,0,0,0,0,0,0,0,0,0,0,0,0,0,1,0,0,0
data/external/actions/human_action_recognition/test/003991_calling.jpg,Bingsu/Human_Action_Recognition,calling,1,0,0,0,0,0,0,0,0,0,0,0,0,0,0,0,1,0,0,0
data/external/actions/human_action_recognition/test/003992_calling.jpg,Bingsu/Human_Action_Recognition,calling,1,0,0,0,0,0,0,0,0,0,0,0,0,0,0,0,1,0,0,0
data/external/actions/human_action_recognition/test/003993_calling.jpg,Bingsu/Human_Action_Recognition,calling,1,0,0,0,0,0,0,0,0,0,0,0,0,0,0,0,1,0,0,0
data/external/actions/human_action_recognition/test/003994_calling.jpg,Bingsu/Human_Action_Recognition,calling,1,0,0,0,0,0,0,0,0,0,0,0,0,0,0,0,1,0,0,0
data/external/actions/human_action_recognition/test/003995_calling.jpg,Bingsu/Human_Action_Recognition,calling,1,0,0,0,0,0,0,0,0,0,0,0,0,0,0,0,1,0,0,0
data/external/actions/human_action_recognition/test/003996_calling.jpg,Bingsu/Human_Action_Recognition,calling,1,0,0,0,0,0,0,0,0,0,0,0,0,0,0,0,1,0,0,0
data/external/actions/human_action_recognition/test/003997_calling.jpg,Bingsu/Human_Action_Recognition,calling,1,0,0,0,0,0,0,0,0,0,0,0,0,0,0,0,1,0,0,0
data/external/actions/human_action_recognition/test/003998_calling.jpg,Bingsu/Human_Action_Recognition,calling,1,0,0,0,0,0,0,0,0,0,0,0,0,0,0,0,1,0,0,0
data/external/actions/human_action_recognition/test/003999_calling.jpg,Bingsu/Human_Action_Recognition,calling,1,0,0,0,0,0,0,0,0,0,0,0,0,0,0,0,1,0,0,0
data/external/actions/human_action_recognition/test/004000_calling.jpg,Bingsu/Human_Action_Recognition,calling,1,0,0,0,0,0,0,0,0,0,0,0,0,0,0,0,1,0,0,0
data/external/actions/human_action_recognition/test/004001_calling.jpg,Bingsu/Human_Action_Recognition,calling,1,0,0,0,0,0,0,0,0,0,0,0,0,0,0,0,1,0,0,0
data/external/actions/human_action_recognition/test/004002_calling.jpg,Bingsu/Human_Action_Recognition,calling,1,0,0,0,0,0,0,0,0,0,0,0,0,0,0,0,1,0,0,0
data/external/actions/human_action_recognition/test/004003_calling.jpg,Bingsu/Human_Action_Recognition,calling,1,0,0,0,0,0,0,0,0,0,0,0,0,0,0,0,1,0,0,0
data/external/actions/human_action_recognition/test/004004_calling.jpg,Bingsu/Human_Action_Recognition,calling,1,0,0,0,0,0,0,0,0,0,0,0,0,0,0,0,1,0,0,0
data/external/actions/human_action_recognition/test/004005_calling.jpg,Bingsu/Human_Action_Recognition,calling,1,0,0,0,0,0,0,0,0,0,0,0,0,0,0,0,1,0,0,0
data/external/actions/human_action_recognition/test/004006_calling.jpg,Bingsu/Human_Action_Recognition,calling,1,0,0,0,0,0,0,0,0,0,0,0,0,0,0,0,1,0,0,0
data/external/actions/human_action_recognition/test/004007_calling.jpg,Bingsu/Human_Action_Recognition,calling,1,0,0,0,0,0,0,0,0,0,0,0,0,0,0,0,1,0,0,0
data/external/actions/human_action_recognition/test/004008_calling.jpg,Bingsu/Human_Action_Recognition,calling,1,0,0,0,0,0,0,0,0,0,0,0,0,0,0,0,1,0,0,0
data/external/actions/human_action_recognition/test/004009_calling.jpg,Bingsu/Human_Action_Recognition,calling,1,0,0,0,0,0,0,0,0,0,0,0,0,0,0,0,1,0,0,0
data/external/actions/human_action_recognition/test/004010_calling.jpg,Bingsu/Human_Action_Recognition,calling,1,0,0,0,0,0,0,0,0,0,0,0,0,0,0,0,1,0,0,0
data/external/actions/human_action_recognition/test/004011_calling.jpg,Bingsu/Human_Action_Recognition,calling,1,0,0,0,0,0,0,0,0,0,0,0,0,0,0,0,1,0,0,0
data/external/actions/human_action_recognition/test/004012_calling.jpg,Bingsu/Human_Action_Recognition,calling,1,0,0,0,0,0,0,0,0,0,0,0,0,0,0,0,1,0,0,0
data/external/actions/human_action_recognition/test/004013_calling.jpg,Bingsu/Human_Action_Recognition,calling,1,0,0,0,0,0,0,0,0,0,0,0,0,0,0,0,1,0,0,0
data/external/actions/human_action_recognition/test/004014_calling.jpg,Bingsu/Human_Action_Recognition,calling,1,0,0,0,0,0,0,0,0,0,0,0,0,0,0,0,1,0,0,0
data/external/actions/human_action_recognition/test/004015_calling.jpg,Bingsu/Human_Action_Recognition,calling,1,0,0,0,0,0,0,0,0,0,0,0,0,0,0,0,1,0,0,0
data/external/actions/human_action_recognition/test/004016_calling.jpg,Bingsu/Human_Action_Recognition,calling,1,0,0,0,0,0,0,0,0,0,0,0,0,0,0,0,1,0,0,0
data/external/actions/human_action_recognition/test/004017_calling.jpg,Bingsu/Human_Action_Recognition,calling,1,0,0,0,0,0,0,0,0,0,0,0,0,0,0,0,1,0,0,0
data/external/actions/human_action_recognition/test/004018_calling.jpg,Bingsu/Human_Action_Recognition,calling,1,0,0,0,0,0,0,0,0,0,0,0,0,0,0,0,1,0,0,0
data/external/actions/human_action_recognition/test/004019_calling.jpg,Bingsu/Human_Action_Recognition,calling,1,0,0,0,0,0,0,0,0,0,0,0,0,0,0,0,1,0,0,0
data/external/actions/human_action_recognition/test/004020_calling.jpg,Bingsu/Human_Action_Recognition,calling,1,0,0,0,0,0,0,0,0,0,0,0,0,0,0,0,1,0,0,0
data/external/actions/human_action_recognition/test/004021_calling.jpg,Bingsu/Human_Action_Recognition,calling,1,0,0,0,0,0,0,0,0,0,0,0,0,0,0,0,1,0,0,0
data/external/actions/human_action_recognition/test/004022_calling.jpg,Bingsu/Human_Action_Recognition,calling,1,0,0,0,0,0,0,0,0,0,0,0,0,0,0,0,1,0,0,0
data/external/actions/human_action_recognition/test/004023_calling.jpg,Bingsu/Human_Action_Recognition,calling,1,0,0,0,0,0,0,0,0,0,0,0,0,0,0,0,1,0,0,0
data/external/actions/human_action_recognition/test/004024_calling.jpg,Bingsu/Human_Action_Recognition,calling,1,0,0,0,0,0,0,0,0,0,0,0,0,0,0,0,1,0,0,0
data/external/actions/human_action_recognition/test/004025_calling.jpg,Bingsu/Human_Action_Recognition,calling,1,0,0,0,0,0,0,0,0,0,0,0,0,0,0,0,1,0,0,0
data/external/actions/human_action_recognition/test/004026_calling.jpg,Bingsu/Human_Action_Recognition,calling,1,0,0,0,0,0,0,0,0,0,0,0,0,0,0,0,1,0,0,0
data/external/actions/human_action_recognition/test/004027_calling.jpg,Bingsu/Human_Action_Recognition,calling,1,0,0,0,0,0,0,0,0,0,0,0,0,0,0,0,1,0,0,0
data/external/actions/human_action_recognition/test/004028_calling.jpg,Bingsu/Human_Action_Recognition,calling,1,0,0,0,0,0,0,0,0,0,0,0,0,0,0,0,1,0,0,0
data/external/actions/human_action_recognition/test/004029_calling.jpg,Bingsu/Human_Action_Recognition,calling,1,0,0,0,0,0,0,0,0,0,0,0,0,0,0,0,1,0,0,0
data/external/actions/human_action_recognition/test/004030_calling.jpg,Bingsu/Human_Action_Recognition,calling,1,0,0,0,0,0,0,0,0,0,0,0,0,0,0,0,1,0,0,0
data/external/actions/human_action_recognition/test/004031_calling.jpg,Bingsu/Human_Action_Recognition,calling,1,0,0,0,0,0,0,0,0,0,0,0,0,0,0,0,1,0,0,0
data/external/actions/human_action_recognition/test/004032_calling.jpg,Bingsu/Human_Action_Recognition,calling,1,0,0,0,0,0,0,0,0,0,0,0,0,0,0,0,1,0,0,0
data/external/actions/human_action_recognition/test/004033_calling.jpg,Bingsu/Human_Action_Recognition,calling,1,0,0,0,0,0,0,0,0,0,0,0,0,0,0,0,1,0,0,0
data/external/actions/human_action_recognition/test/004034_calling.jpg,Bingsu/Human_Action_Recognition,calling,1,0,0,0,0,0,0,0,0,0,0,0,0,0,0,0,1,0,0,0
data/external/actions/human_action_recognition/test/004035_calling.jpg,Bingsu/Human_Action_Recognition,calling,1,0,0,0,0,0,0,0,0,0,0,0,0,0,0,0,1,0,0,0
data/external/actions/human_action_recognition/test/004036_calling.jpg,Bingsu/Human_Action_Recognition,calling,1,0,0,0,0,0,0,0,0,0,0,0,0,0,0,0,1,0,0,0
data/external/actions/human_action_recognition/test/004037_calling.jpg,Bingsu/Human_Action_Recognition,calling,1,0,0,0,0,0,0,0,0,0,0,0,0,0,0,0,1,0,0,0
data/external/actions/human_action_recognition/test/004038_calling.jpg,Bingsu/Human_Action_Recognition,calling,1,0,0,0,0,0,0,0,0,0,0,0,0,0,0,0,1,0,0,0
data/external/actions/human_action_recognition/test/004039_calling.jpg,Bingsu/Human_Action_Recognition,calling,1,0,0,0,0,0,0,0,0,0,0,0,0,0,0,0,1,0,0,0
data/external/actions/human_action_recognition/test/004040_calling.jpg,Bingsu/Human_Action_Recognition,calling,1,0,0,0,0,0,0,0,0,0,0,0,0,0,0,0,1,0,0,0
data/external/actions/human_action_recognition/test/004041_calling.jpg,Bingsu/Human_Action_Recognition,calling,1,0,0,0,0,0,0,0,0,0,0,0,0,0,0,0,1,0,0,0
data/external/actions/human_action_recognition/test/004042_calling.jpg,Bingsu/Human_Action_Recognition,calling,1,0,0,0,0,0,0,0,0,0,0,0,0,0,0,0,1,0,0,0
data/external/actions/human_action_recognition/test/004043_calling.jpg,Bingsu/Human_Action_Recognition,calling,1,0,0,0,0,0,0,0,0,0,0,0,0,0,0,0,1,0,0,0
data/external/actions/human_action_recognition/test/004044_calling.jpg,Bingsu/Human_Action_Recognition,calling,1,0,0,0,0,0,0,0,0,0,0,0,0,0,0,0,1,0,0,0
data/external/actions/human_action_recognition/test/004045_calling.jpg,Bingsu/Human_Action_Recognition,calling,1,0,0,0,0,0,0,0,0,0,0,0,0,0,0,0,1,0,0,0
data/external/actions/human_action_recognition/test/004046_calling.jpg,Bingsu/Human_Action_Recognition,calling,1,0,0,0,0,0,0,0,0,0,0,0,0,0,0,0,1,0,0,0
data/external/actions/human_action_recognition/test/004047_calling.jpg,Bingsu/Human_Action_Recognition,calling,1,0,0,0,0,0,0,0,0,0,0,0,0,0,0,0,1,0,0,0
data/external/actions/human_action_recognition/test/004048_calling.jpg,Bingsu/Human_Action_Recognition,calling,1,0,0,0,0,0,0,0,0,0,0,0,0,0,0,0,1,0,0,0
data/external/actions/human_action_recognition/test/004049_calling.jpg,Bingsu/Human_Action_Recognition,calling,1,0,0,0,0,0,0,0,0,0,0,0,0,0,0,0,1,0,0,0
data/external/actions/human_action_recognition/test/004050_calling.jpg,Bingsu/Human_Action_Recognition,calling,1,0,0,0,0,0,0,0,0,0,0,0,0,0,0,0,1,0,0,0
data/external/actions/human_action_recognition/test/004051_calling.jpg,Bingsu/Human_Action_Recognition,calling,1,0,0,0,0,0,0,0,0,0,0,0,0,0,0,0,1,0,0,0
data/external/actions/human_action_recognition/test/004052_calling.jpg,Bingsu/Human_Action_Recognition,calling,1,0,0,0,0,0,0,0,0,0,0,0,0,0,0,0,1,0,0,0
data/external/actions/human_action_recognition/test/004053_calling.jpg,Bingsu/Human_Action_Recognition,calling,1,0,0,0,0,0,0,0,0,0,0,0,0,0,0,0,1,0,0,0
data/external/actions/human_action_recognition/test/004054_calling.jpg,Bingsu/Human_Action_Recognition,calling,1,0,0,0,0,0,0,0,0,0,0,0,0,0,0,0,1,0,0,0
data/external/actions/human_action_recognition/test/004055_calling.jpg,Bingsu/Human_Action_Recognition,calling,1,0,0,0,0,0,0,0,0,0,0,0,0,0,0,0,1,0,0,0
data/external/actions/human_action_recognition/test/004056_calling.jpg,Bingsu/Human_Action_Recognition,calling,1,0,0,0,0,0,0,0,0,0,0,0,0,0,0,0,1,0,0,0
data/external/actions/human_action_recognition/test/004057_calling.jpg,Bingsu/Human_Action_Recognition,calling,1,0,0,0,0,0,0,0,0,0,0,0,0,0,0,0,1,0,0,0
data/external/actions/human_action_recognition/test/004058_calling.jpg,Bingsu/Human_Action_Recognition,calling,1,0,0,0,0,0,0,0,0,0,0,0,0,0,0,0,1,0,0,0
data/external/actions/human_action_recognition/test/004059_calling.jpg,Bingsu/Human_Action_Recognition,calling,1,0,0,0,0,0,0,0,0,0,0,0,0,0,0,0,1,0,0,0
data/external/actions/human_action_recognition/test/004060_calling.jpg,Bingsu/Human_Action_Recognition,calling,1,0,0,0,0,0,0,0,0,0,0,0,0,0,0,0,1,0,0,0
data/external/actions/human_action_recognition/test/004061_calling.jpg,Bingsu/Human_Action_Recognition,calling,1,0,0,0,0,0,0,0,0,0,0,0,0,0,0,0,1,0,0,0
data/external/actions/human_action_recognition/test/004062_calling.jpg,Bingsu/Human_Action_Recognition,calling,1,0,0,0,0,0,0,0,0,0,0,0,0,0,0,0,1,0,0,0
data/external/actions/human_action_recognition/test/004063_calling.jpg,Bingsu/Human_Action_Recognition,calling,1,0,0,0,0,0,0,0,0,0,0,0,0,0,0,0,1,0,0,0
data/external/actions/human_action_recognition/test/004064_calling.jpg,Bingsu/Human_Action_Recognition,calling,1,0,0,0,0,0,0,0,0,0,0,0,0,0,0,0,1,0,0,0
data/external/actions/human_action_recognition/test/004065_calling.jpg,Bingsu/Human_Action_Recognition,calling,1,0,0,0,0,0,0,0,0,0,0,0,0,0,0,0,1,0,0,0
data/external/actions/human_action_recognition/test/004066_calling.jpg,Bingsu/Human_Action_Recognition,calling,1,0,0,0,0,0,0,0,0,0,0,0,0,0,0,0,1,0,0,0
data/external/actions/human_action_recognition/test/004067_calling.jpg,Bingsu/Human_Action_Recognition,calling,1,0,0,0,0,0,0,0,0,0,0,0,0,0,0,0,1,0,0,0
data/external/actions/human_action_recognition/test/004068_calling.jpg,Bingsu/Human_Action_Recognition,calling,1,0,0,0,0,0,0,0,0,0,0,0,0,0,0,0,1,0,0,0
data/external/actions/human_action_recognition/test/004069_calling.jpg,Bingsu/Human_Action_Recognition,calling,1,0,0,0,0,0,0,0,0,0,0,0,0,0,0,0,1,0,0,0
data/external/actions/human_action_recognition/test/004070_calling.jpg,Bingsu/Human_Action_Recognition,calling,1,0,0,0,0,0,0,0,0,0,0,0,0,0,0,0,1,0,0,0
data/external/actions/human_action_recognition/test/004071_calling.jpg,Bingsu/Human_Action_Recognition,calling,1,0,0,0,0,0,0,0,0,0,0,0,0,0,0,0,1,0,0,0
data/external/actions/human_action_recognition/test/004072_calling.jpg,Bingsu/Human_Action_Recognition,calling,1,0,0,0,0,0,0,0,0,0,0,0,0,0,0,0,1,0,0,0
data/external/actions/human_action_recognition/test/004073_calling.jpg,Bingsu/Human_Action_Recognition,calling,1,0,0,0,0,0,0,0,0,0,0,0,0,0,0,0,1,0,0,0
data/external/actions/human_action_recognition/test/004074_calling.jpg,Bingsu/Human_Action_Recognition,calling,1,0,0,0,0,0,0,0,0,0,0,0,0,0,0,0,1,0,0,0
data/external/actions/human_action_recognition/test/004075_calling.jpg,Bingsu/Human_Action_Recognition,calling,1,0,0,0,0,0,0,0,0,0,0,0,0,0,0,0,1,0,0,0
data/external/actions/human_action_recognition/test/004076_calling.jpg,Bingsu/Human_Action_Recognition,calling,1,0,0,0,0,0,0,0,0,0,0,0,0,0,0,0,1,0,0,0
data/external/actions/human_action_recognition/test/004077_calling.jpg,Bingsu/Human_Action_Recognition,calling,1,0,0,0,0,0,0,0,0,0,0,0,0,0,0,0,1,0,0,0
data/external/actions/human_action_recognition/test/004078_calling.jpg,Bingsu/Human_Action_Recognition,calling,1,0,0,0,0,0,0,0,0,0,0,0,0,0,0,0,1,0,0,0
data/external/actions/human_action_recognition/test/004079_calling.jpg,Bingsu/Human_Action_Recognition,calling,1,0,0,0,0,0,0,0,0,0,0,0,0,0,0,0,1,0,0,0
data/external/actions/human_action_recognition/test/004080_calling.jpg,Bingsu/Human_Action_Recognition,calling,1,0,0,0,0,0,0,0,0,0,0,0,0,0,0,0,1,0,0,0
data/external/actions/human_action_recognition/test/004081_calling.jpg,Bingsu/Human_Action_Recognition,calling,1,0,0,0,0,0,0,0,0,0,0,0,0,0,0,0,1,0,0,0
data/external/actions/human_action_recognition/test/004082_calling.jpg,Bingsu/Human_Action_Recognition,calling,1,0,0,0,0,0,0,0,0,0,0,0,0,0,0,0,1,0,0,0
data/external/actions/human_action_recognition/test/004083_calling.jpg,Bingsu/Human_Action_Recognition,calling,1,0,0,0,0,0,0,0,0,0,0,0,0,0,0,0,1,0,0,0
data/external/actions/human_action_recognition/test/004084_calling.jpg,Bingsu/Human_Action_Recognition,calling,1,0,0,0,0,0,0,0,0,0,0,0,0,0,0,0,1,0,0,0
data/external/actions/human_action_recognition/test/004085_calling.jpg,Bingsu/Human_Action_Recognition,calling,1,0,0,0,0,0,0,0,0,0,0,0,0,0,0,0,1,0,0,0
data/external/actions/human_action_recognition/test/004086_calling.jpg,Bingsu/Human_Action_Recognition,calling,1,0,0,0,0,0,0,0,0,0,0,0,0,0,0,0,1,0,0,0
data/external/actions/human_action_recognition/test/004087_calling.jpg,Bingsu/Human_Action_Recognition,calling,1,0,0,0,0,0,0,0,0,0,0,0,0,0,0,0,1,0,0,0
data/external/actions/human_action_recognition/test/004088_calling.jpg,Bingsu/Human_Action_Recognition,calling,1,0,0,0,0,0,0,0,0,0,0,0,0,0,0,0,1,0,0,0
data/external/actions/human_action_recognition/test/004089_calling.jpg,Bingsu/Human_Action_Recognition,calling,1,0,0,0,0,0,0,0,0,0,0,0,0,0,0,0,1,0,0,0
data/external/actions/human_action_recognition/test/004090_calling.jpg,Bingsu/Human_Action_Recognition,calling,1,0,0,0,0,0,0,0,0,0,0,0,0,0,0,0,1,0,0,0
data/external/actions/human_action_recognition/test/004091_calling.jpg,Bingsu/Human_Action_Recognition,calling,1,0,0,0,0,0,0,0,0,0,0,0,0,0,0,0,1,0,0,0
data/external/actions/human_action_recognition/test/004092_calling.jpg,Bingsu/Human_Action_Recognition,calling,1,0,0,0,0,0,0,0,0,0,0,0,0,0,0,0,1,0,0,0
data/external/actions/human_action_recognition/test/004093_calling.jpg,Bingsu/Human_Action_Recognition,calling,1,0,0,0,0,0,0,0,0,0,0,0,0,0,0,0,1,0,0,0
data/external/actions/human_action_recognition/test/004094_calling.jpg,Bingsu/Human_Action_Recognition,calling,1,0,0,0,0,0,0,0,0,0,0,0,0,0,0,0,1,0,0,0
data/external/actions/human_action_recognition/test/004095_calling.jpg,Bingsu/Human_Action_Recognition,calling,1,0,0,0,0,0,0,0,0,0,0,0,0,0,0,0,1,0,0,0
data/external/actions/human_action_recognition/test/004096_calling.jpg,Bingsu/Human_Action_Recognition,calling,1,0,0,0,0,0,0,0,0,0,0,0,0,0,0,0,1,0,0,0
data/external/actions/human_action_recognition/test/004097_calling.jpg,Bingsu/Human_Action_Recognition,calling,1,0,0,0,0,0,0,0,0,0,0,0,0,0,0,0,1,0,0,0
data/external/actions/human_action_recognition/test/004098_calling.jpg,Bingsu/Human_Action_Recognition,calling,1,0,0,0,0,0,0,0,0,0,0,0,0,0,0,0,1,0,0,0
data/external/actions/human_action_recognition/test/004099_calling.jpg,Bingsu/Human_Action_Recognition,calling,1,0,0,0,0,0,0,0,0,0,0,0,0,0,0,0,1,0,0,0
data/external/actions/human_action_recognition/test/004100_calling.jpg,Bingsu/Human_Action_Recognition,calling,1,0,0,0,0,0,0,0,0,0,0,0,0,0,0,0,1,0,0,0
data/external/actions/human_action_recognition/test/004101_calling.jpg,Bingsu/Human_Action_Recognition,calling,1,0,0,0,0,0,0,0,0,0,0,0,0,0,0,0,1,0,0,0
data/external/actions/human_action_recognition/test/004102_calling.jpg,Bingsu/Human_Action_Recognition,calling,1,0,0,0,0,0,0,0,0,0,0,0,0,0,0,0,1,0,0,0
data/external/actions/human_action_recognition/test/004103_calling.jpg,Bingsu/Human_Action_Recognition,calling,1,0,0,0,0,0,0,0,0,0,0,0,0,0,0,0,1,0,0,0
data/external/actions/human_action_recognition/test/004104_calling.jpg,Bingsu/Human_Action_Recognition,calling,1,0,0,0,0,0,0,0,0,0,0,0,0,0,0,0,1,0,0,0
data/external/actions/human_action_recognition/test/004105_calling.jpg,Bingsu/Human_Action_Recognition,calling,1,0,0,0,0,0,0,0,0,0,0,0,0,0,0,0,1,0,0,0
data/external/actions/human_action_recognition/test/004106_calling.jpg,Bingsu/Human_Action_Recognition,calling,1,0,0,0,0,0,0,0,0,0,0,0,0,0,0,0,1,0,0,0
data/external/actions/human_action_recognition/test/004107_calling.jpg,Bingsu/Human_Action_Recognition,calling,1,0,0,0,0,0,0,0,0,0,0,0,0,0,0,0,1,0,0,0
data/external/actions/human_action_recognition/test/004108_calling.jpg,Bingsu/Human_Action_Recognition,calling,1,0,0,0,0,0,0,0,0,0,0,0,0,0,0,0,1,0,0,0
data/external/actions/human_action_recognition/test/004109_calling.jpg,Bingsu/Human_Action_Recognition,calling,1,0,0,0,0,0,0,0,0,0,0,0,0,0,0,0,1,0,0,0
data/external/actions/human_action_recognition/test/004110_calling.jpg,Bingsu/Human_Action_Recognition,calling,1,0,0,0,0,0,0,0,0,0,0,0,0,0,0,0,1,0,0,0
data/external/actions/human_action_recognition/test/004111_calling.jpg,Bingsu/Human_Action_Recognition,calling,1,0,0,0,0,0,0,0,0,0,0,0,0,0,0,0,1,0,0,0
data/external/actions/human_action_recognition/test/004112_calling.jpg,Bingsu/Human_Action_Recognition,calling,1,0,0,0,0,0,0,0,0,0,0,0,0,0,0,0,1,0,0,0
data/external/actions/human_action_recognition/test/004113_calling.jpg,Bingsu/Human_Action_Recognition,calling,1,0,0,0,0,0,0,0,0,0,0,0,0,0,0,0,1,0,0,0
data/external/actions/human_action_recognition/test/004114_calling.jpg,Bingsu/Human_Action_Recognition,calling,1,0,0,0,0,0,0,0,0,0,0,0,0,0,0,0,1,0,0,0
data/external/actions/human_action_recognition/test/004115_calling.jpg,Bingsu/Human_Action_Recognition,calling,1,0,0,0,0,0,0,0,0,0,0,0,0,0,0,0,1,0,0,0
data/external/actions/human_action_recognition/test/004116_calling.jpg,Bingsu/Human_Action_Recognition,calling,1,0,0,0,0,0,0,0,0,0,0,0,0,0,0,0,1,0,0,0
data/external/actions/human_action_recognition/test/004117_calling.jpg,Bingsu/Human_Action_Recognition,calling,1,0,0,0,0,0,0,0,0,0,0,0,0,0,0,0,1,0,0,0
data/external/actions/human_action_recognition/test/004118_calling.jpg,Bingsu/Human_Action_Recognition,calling,1,0,0,0,0,0,0,0,0,0,0,0,0,0,0,0,1,0,0,0
data/external/actions/human_action_recognition/test/004119_calling.jpg,Bingsu/Human_Action_Recognition,calling,1,0,0,0,0,0,0,0,0,0,0,0,0,0,0,0,1,0,0,0
data/external/actions/human_action_recognition/test/004120_calling.jpg,Bingsu/Human_Action_Recognition,calling,1,0,0,0,0,0,0,0,0,0,0,0,0,0,0,0,1,0,0,0
data/external/actions/human_action_recognition/test/004121_calling.jpg,Bingsu/Human_Action_Recognition,calling,1,0,0,0,0,0,0,0,0,0,0,0,0,0,0,0,1,0,0,0
data/external/actions/human_action_recognition/test/004122_calling.jpg,Bingsu/Human_Action_Recognition,calling,1,0,0,0,0,0,0,0,0,0,0,0,0,0,0,0,1,0,0,0
data/external/actions/human_action_recognition/test/004123_calling.jpg,Bingsu/Human_Action_Recognition,calling,1,0,0,0,0,0,0,0,0,0,0,0,0,0,0,0,1,0,0,0
data/external/actions/human_action_recognition/test/004124_calling.jpg,Bingsu/Human_Action_Recognition,calling,1,0,0,0,0,0,0,0,0,0,0,0,0,0,0,0,1,0,0,0
data/external/actions/human_action_recognition/test/004125_calling.jpg,Bingsu/Human_Action_Recognition,calling,1,0,0,0,0,0,0,0,0,0,0,0,0,0,0,0,1,0,0,0
data/external/actions/human_action_recognition/test/004126_calling.jpg,Bingsu/Human_Action_Recognition,calling,1,0,0,0,0,0,0,0,0,0,0,0,0,0,0,0,1,0,0,0
data/external/actions/human_action_recognition/test/004127_calling.jpg,Bingsu/Human_Action_Recognition,calling,1,0,0,0,0,0,0,0,0,0,0,0,0,0,0,0,1,0,0,0
data/external/actions/human_action_recognition/test/004128_calling.jpg,Bingsu/Human_Action_Recognition,calling,1,0,0,0,0,0,0,0,0,0,0,0,0,0,0,0,1,0,0,0
data/external/actions/human_action_recognition/test/004129_calling.jpg,Bingsu/Human_Action_Recognition,calling,1,0,0,0,0,0,0,0,0,0,0,0,0,0,0,0,1,0,0,0
data/external/actions/human_action_recognition/test/004130_calling.jpg,Bingsu/Human_Action_Recognition,calling,1,0,0,0,0,0,0,0,0,0,0,0,0,0,0,0,1,0,0,0
data/external/actions/human_action_recognition/test/004131_calling.jpg,Bingsu/Human_Action_Recognition,calling,1,0,0,0,0,0,0,0,0,0,0,0,0,0,0,0,1,0,0,0
data/external/actions/human_action_recognition/test/004132_calling.jpg,Bingsu/Human_Action_Recognition,calling,1,0,0,0,0,0,0,0,0,0,0,0,0,0,0,0,1,0,0,0
data/external/actions/human_action_recognition/test/004133_calling.jpg,Bingsu/Human_Action_Recognition,calling,1,0,0,0,0,0,0,0,0,0,0,0,0,0,0,0,1,0,0,0
data/external/actions/human_action_recognition/test/004134_calling.jpg,Bingsu/Human_Action_Recognition,calling,1,0,0,0,0,0,0,0,0,0,0,0,0,0,0,0,1,0,0,0
data/external/actions/human_action_recognition/test/004135_calling.jpg,Bingsu/Human_Action_Recognition,calling,1,0,0,0,0,0,0,0,0,0,0,0,0,0,0,0,1,0,0,0
data/external/actions/human_action_recognition/test/004136_calling.jpg,Bingsu/Human_Action_Recognition,calling,1,0,0,0,0,0,0,0,0,0,0,0,0,0,0,0,1,0,0,0
data/external/actions/human_action_recognition/test/004137_calling.jpg,Bingsu/Human_Action_Recognition,calling,1,0,0,0,0,0,0,0,0,0,0,0,0,0,0,0,1,0,0,0
data/external/actions/human_action_recognition/test/004138_calling.jpg,Bingsu/Human_Action_Recognition,calling,1,0,0,0,0,0,0,0,0,0,0,0,0,0,0,0,1,0,0,0
data/external/actions/human_action_recognition/test/004139_calling.jpg,Bingsu/Human_Action_Recognition,calling,1,0,0,0,0,0,0,0,0,0,0,0,0,0,0,0,1,0,0,0
data/external/actions/human_action_recognition/test/004140_calling.jpg,Bingsu/Human_Action_Recognition,calling,1,0,0,0,0,0,0,0,0,0,0,0,0,0,0,0,1,0,0,0
data/external/actions/human_action_recognition/test/004141_calling.jpg,Bingsu/Human_Action_Recognition,calling,1,0,0,0,0,0,0,0,0,0,0,0,0,0,0,0,1,0,0,0
data/external/actions/human_action_recognition/test/004142_calling.jpg,Bingsu/Human_Action_Recognition,calling,1,0,0,0,0,0,0,0,0,0,0,0,0,0,0,0,1,0,0,0
data/external/actions/human_action_recognition/test/004143_calling.jpg,Bingsu/Human_Action_Recognition,calling,1,0,0,0,0,0,0,0,0,0,0,0,0,0,0,0,1,0,0,0
data/external/actions/human_action_recognition/test/004144_calling.jpg,Bingsu/Human_Action_Recognition,calling,1,0,0,0,0,0,0,0,0,0,0,0,0,0,0,0,1,0,0,0
data/external/actions/human_action_recognition/test/004145_calling.jpg,Bingsu/Human_Action_Recognition,calling,1,0,0,0,0,0,0,0,0,0,0,0,0,0,0,0,1,0,0,0
data/external/actions/human_action_recognition/test/004146_calling.jpg,Bingsu/Human_Action_Recognition,calling,1,0,0,0,0,0,0,0,0,0,0,0,0,0,0,0,1,0,0,0
data/external/actions/human_action_recognition/test/004147_calling.jpg,Bingsu/Human_Action_Recognition,calling,1,0,0,0,0,0,0,0,0,0,0,0,0,0,0,0,1,0,0,0
data/external/actions/human_action_recognition/test/004148_calling.jpg,Bingsu/Human_Action_Recognition,calling,1,0,0,0,0,0,0,0,0,0,0,0,0,0,0,0,1,0,0,0
data/external/actions/human_action_recognition/test/004149_calling.jpg,Bingsu/Human_Action_Recognition,calling,1,0,0,0,0,0,0,0,0,0,0,0,0,0,0,0,1,0,0,0
data/external/actions/human_action_recognition/test/004150_calling.jpg,Bingsu/Human_Action_Recognition,calling,1,0,0,0,0,0,0,0,0,0,0,0,0,0,0,0,1,0,0,0
data/external/actions/human_action_recognition/test/004151_calling.jpg,Bingsu/Human_Action_Recognition,calling,1,0,0,0,0,0,0,0,0,0,0,0,0,0,0,0,1,0,0,0
data/external/actions/human_action_recognition/test/004152_calling.jpg,Bingsu/Human_Action_Recognition,calling,1,0,0,0,0,0,0,0,0,0,0,0,0,0,0,0,1,0,0,0
data/external/actions/human_action_recognition/test/004153_calling.jpg,Bingsu/Human_Action_Recognition,calling,1,0,0,0,0,0,0,0,0,0,0,0,0,0,0,0,1,0,0,0
data/external/actions/human_action_recognition/test/004154_calling.jpg,Bingsu/Human_Action_Recognition,calling,1,0,0,0,0,0,0,0,0,0,0,0,0,0,0,0,1,0,0,0
data/external/actions/human_action_recognition/test/004155_calling.jpg,Bingsu/Human_Action_Recognition,calling,1,0,0,0,0,0,0,0,0,0,0,0,0,0,0,0,1,0,0,0
data/external/actions/human_action_recognition/test/004156_calling.jpg,Bingsu/Human_Action_Recognition,calling,1,0,0,0,0,0,0,0,0,0,0,0,0,0,0,0,1,0,0,0
data/external/actions/human_action_recognition/test/004157_calling.jpg,Bingsu/Human_Action_Recognition,calling,1,0,0,0,0,0,0,0,0,0,0,0,0,0,0,0,1,0,0,0
data/external/actions/human_action_recognition/test/004158_calling.jpg,Bingsu/Human_Action_Recognition,calling,1,0,0,0,0,0,0,0,0,0,0,0,0,0,0,0,1,0,0,0
data/external/actions/human_action_recognition/test/004159_calling.jpg,Bingsu/Human_Action_Recognition,calling,1,0,0,0,0,0,0,0,0,0,0,0,0,0,0,0,1,0,0,0
data/external/actions/human_action_recognition/test/004160_calling.jpg,Bingsu/Human_Action_Recognition,calling,1,0,0,0,0,0,0,0,0,0,0,0,0,0,0,0,1,0,0,0
data/external/actions/human_action_recognition/test/004161_calling.jpg,Bingsu/Human_Action_Recognition,calling,1,0,0,0,0,0,0,0,0,0,0,0,0,0,0,0,1,0,0,0
data/external/actions/human_action_recognition/test/004162_calling.jpg,Bingsu/Human_Action_Recognition,calling,1,0,0,0,0,0,0,0,0,0,0,0,0,0,0,0,1,0,0,0
data/external/actions/human_action_recognition/test/004163_calling.jpg,Bingsu/Human_Action_Recognition,calling,1,0,0,0,0,0,0,0,0,0,0,0,0,0,0,0,1,0,0,0
data/external/actions/human_action_recognition/test/004164_calling.jpg,Bingsu/Human_Action_Recognition,calling,1,0,0,0,0,0,0,0,0,0,0,0,0,0,0,0,1,0,0,0
data/external/actions/human_action_recognition/test/004165_calling.jpg,Bingsu/Human_Action_Recognition,calling,1,0,0,0,0,0,0,0,0,0,0,0,0,0,0,0,1,0,0,0
data/external/actions/human_action_recognition/test/004166_calling.jpg,Bingsu/Human_Action_Recognition,calling,1,0,0,0,0,0,0,0,0,0,0,0,0,0,0,0,1,0,0,0
data/external/actions/human_action_recognition/test/004167_calling.jpg,Bingsu/Human_Action_Recognition,calling,1,0,0,0,0,0,0,0,0,0,0,0,0,0,0,0,1,0,0,0
data/external/actions/human_action_recognition/test/004168_calling.jpg,Bingsu/Human_Action_Recognition,calling,1,0,0,0,0,0,0,0,0,0,0,0,0,0,0,0,1,0,0,0
data/external/actions/human_action_recognition/test/004169_calling.jpg,Bingsu/Human_Action_Recognition,calling,1,0,0,0,0,0,0,0,0,0,0,0,0,0,0,0,1,0,0,0
data/external/actions/human_action_recognition/test/004170_calling.jpg,Bingsu/Human_Action_Recognition,calling,1,0,0,0,0,0,0,0,0,0,0,0,0,0,0,0,1,0,0,0
data/external/actions/human_action_recognition/test/004171_calling.jpg,Bingsu/Human_Action_Recognition,calling,1,0,0,0,0,0,0,0,0,0,0,0,0,0,0,0,1,0,0,0
data/external/actions/human_action_recognition/test/004172_calling.jpg,Bingsu/Human_Action_Recognition,calling,1,0,0,0,0,0,0,0,0,0,0,0,0,0,0,0,1,0,0,0
data/external/actions/human_action_recognition/test/004173_calling.jpg,Bingsu/Human_Action_Recognition,calling,1,0,0,0,0,0,0,0,0,0,0,0,0,0,0,0,1,0,0,0
data/external/actions/human_action_recognition/test/004174_calling.jpg,Bingsu/Human_Action_Recognition,calling,1,0,0,0,0,0,0,0,0,0,0,0,0,0,0,0,1,0,0,0
data/external/actions/human_action_recognition/test/004175_calling.jpg,Bingsu/Human_Action_Recognition,calling,1,0,0,0,0,0,0,0,0,0,0,0,0,0,0,0,1,0,0,0
data/external/actions/human_action_recognition/test/004176_calling.jpg,Bingsu/Human_Action_Recognition,calling,1,0,0,0,0,0,0,0,0,0,0,0,0,0,0,0,1,0,0,0
data/external/actions/human_action_recognition/test/004177_calling.jpg,Bingsu/Human_Action_Recognition,calling,1,0,0,0,0,0,0,0,0,0,0,0,0,0,0,0,1,0,0,0
data/external/actions/human_action_recognition/test/004178_calling.jpg,Bingsu/Human_Action_Recognition,calling,1,0,0,0,0,0,0,0,0,0,0,0,0,0,0,0,1,0,0,0
data/external/actions/human_action_recognition/test/004179_calling.jpg,Bingsu/Human_Action_Recognition,calling,1,0,0,0,0,0,0,0,0,0,0,0,0,0,0,0,1,0,0,0
data/external/actions/human_action_recognition/test/004180_calling.jpg,Bingsu/Human_Action_Recognition,calling,1,0,0,0,0,0,0,0,0,0,0,0,0,0,0,0,1,0,0,0
data/external/actions/human_action_recognition/test/004181_calling.jpg,Bingsu/Human_Action_Recognition,calling,1,0,0,0,0,0,0,0,0,0,0,0,0,0,0,0,1,0,0,0
data/external/actions/human_action_recognition/test/004182_calling.jpg,Bingsu/Human_Action_Recognition,calling,1,0,0,0,0,0,0,0,0,0,0,0,0,0,0,0,1,0,0,0
data/external/actions/human_action_recognition/test/004183_calling.jpg,Bingsu/Human_Action_Recognition,calling,1,0,0,0,0,0,0,0,0,0,0,0,0,0,0,0,1,0,0,0
data/external/actions/human_action_recognition/test/004184_calling.jpg,Bingsu/Human_Action_Recognition,calling,1,0,0,0,0,0,0,0,0,0,0,0,0,0,0,0,1,0,0,0
data/external/actions/human_action_recognition/test/004185_calling.jpg,Bingsu/Human_Action_Recognition,calling,1,0,0,0,0,0,0,0,0,0,0,0,0,0,0,0,1,0,0,0
data/external/actions/human_action_recognition/test/004186_calling.jpg,Bingsu/Human_Action_Recognition,calling,1,0,0,0,0,0,0,0,0,0,0,0,0,0,0,0,1,0,0,0
data/external/actions/human_action_recognition/test/004187_calling.jpg,Bingsu/Human_Action_Recognition,calling,1,0,0,0,0,0,0,0,0,0,0,0,0,0,0,0,1,0,0,0
data/external/actions/human_action_recognition/test/004188_calling.jpg,Bingsu/Human_Action_Recognition,calling,1,0,0,0,0,0,0,0,0,0,0,0,0,0,0,0,1,0,0,0
data/external/actions/human_action_recognition/test/004189_calling.jpg,Bingsu/Human_Action_Recognition,calling,1,0,0,0,0,0,0,0,0,0,0,0,0,0,0,0,1,0,0,0
data/external/actions/human_action_recognition/test/004190_calling.jpg,Bingsu/Human_Action_Recognition,calling,1,0,0,0,0,0,0,0,0,0,0,0,0,0,0,0,1,0,0,0
data/external/actions/human_action_recognition/test/004191_calling.jpg,Bingsu/Human_Action_Recognition,calling,1,0,0,0,0,0,0,0,0,0,0,0,0,0,0,0,1,0,0,0
data/external/actions/human_action_recognition/test/004192_calling.jpg,Bingsu/Human_Action_Recognition,calling,1,0,0,0,0,0,0,0,0,0,0,0,0,0,0,0,1,0,0,0
data/external/actions/human_action_recognition/test/004193_calling.jpg,Bingsu/Human_Action_Recognition,calling,1,0,0,0,0,0,0,0,0,0,0,0,0,0,0,0,1,0,0,0
data/external/actions/human_action_recognition/test/004194_calling.jpg,Bingsu/Human_Action_Recognition,calling,1,0,0,0,0,0,0,0,0,0,0,0,0,0,0,0,1,0,0,0
data/external/actions/human_action_recognition/test/004195_calling.jpg,Bingsu/Human_Action_Recognition,calling,1,0,0,0,0,0,0,0,0,0,0,0,0,0,0,0,1,0,0,0
data/external/actions/human_action_recognition/test/004196_calling.jpg,Bingsu/Human_Action_Recognition,calling,1,0,0,0,0,0,0,0,0,0,0,0,0,0,0,0,1,0,0,0
data/external/actions/human_action_recognition/test/004197_calling.jpg,Bingsu/Human_Action_Recognition,calling,1,0,0,0,0,0,0,0,0,0,0,0,0,0,0,0,1,0,0,0
data/external/actions/human_action_recognition/test/004198_calling.jpg,Bingsu/Human_Action_Recognition,calling,1,0,0,0,0,0,0,0,0,0,0,0,0,0,0,0,1,0,0,0
data/external/actions/human_action_recognition/test/004199_calling.jpg,Bingsu/Human_Action_Recognition,calling,1,0,0,0,0,0,0,0,0,0,0,0,0,0,0,0,1,0,0,0
data/external/actions/human_action_recognition/test/004200_calling.jpg,Bingsu/Human_Action_Recognition,calling,1,0,0,0,0,0,0,0,0,0,0,0,0,0,0,0,1,0,0,0
data/external/actions/human_action_recognition/test/004201_calling.jpg,Bingsu/Human_Action_Recognition,calling,1,0,0,0,0,0,0,0,0,0,0,0,0,0,0,0,1,0,0,0
data/external/actions/human_action_recognition/test/004202_calling.jpg,Bingsu/Human_Action_Recognition,calling,1,0,0,0,0,0,0,0,0,0,0,0,0,0,0,0,1,0,0,0
data/external/actions/human_action_recognition/test/004203_calling.jpg,Bingsu/Human_Action_Recognition,calling,1,0,0,0,0,0,0,0,0,0,0,0,0,0,0,0,1,0,0,0
data/external/actions/human_action_recognition/test/004204_calling.jpg,Bingsu/Human_Action_Recognition,calling,1,0,0,0,0,0,0,0,0,0,0,0,0,0,0,0,1,0,0,0
data/external/actions/human_action_recognition/test/004205_calling.jpg,Bingsu/Human_Action_Recognition,calling,1,0,0,0,0,0,0,0,0,0,0,0,0,0,0,0,1,0,0,0
data/external/actions/human_action_recognition/test/004206_calling.jpg,Bingsu/Human_Action_Recognition,calling,1,0,0,0,0,0,0,0,0,0,0,0,0,0,0,0,1,0,0,0
data/external/actions/human_action_recognition/test/004207_calling.jpg,Bingsu/Human_Action_Recognition,calling,1,0,0,0,0,0,0,0,0,0,0,0,0,0,0,0,1,0,0,0
data/external/actions/human_action_recognition/test/004208_calling.jpg,Bingsu/Human_Action_Recognition,calling,1,0,0,0,0,0,0,0,0,0,0,0,0,0,0,0,1,0,0,0
data/external/actions/human_action_recognition/test/004209_calling.jpg,Bingsu/Human_Action_Recognition,calling,1,0,0,0,0,0,0,0,0,0,0,0,0,0,0,0,1,0,0,0
data/external/actions/human_action_recognition/test/004210_calling.jpg,Bingsu/Human_Action_Recognition,calling,1,0,0,0,0,0,0,0,0,0,0,0,0,0,0,0,1,0,0,0
data/external/actions/human_action_recognition/test/004211_calling.jpg,Bingsu/Human_Action_Recognition,calling,1,0,0,0,0,0,0,0,0,0,0,0,0,0,0,0,1,0,0,0
data/external/actions/human_action_recognition/test/004212_calling.jpg,Bingsu/Human_Action_Recognition,calling,1,0,0,0,0,0,0,0,0,0,0,0,0,0,0,0,1,0,0,0
data/external/actions/human_action_recognition/test/004213_calling.jpg,Bingsu/Human_Action_Recognition,calling,1,0,0,0,0,0,0,0,0,0,0,0,0,0,0,0,1,0,0,0
data/external/actions/human_action_recognition/test/004214_calling.jpg,Bingsu/Human_Action_Recognition,calling,1,0,0,0,0,0,0,0,0,0,0,0,0,0,0,0,1,0,0,0
data/external/actions/human_action_recognition/test/004215_calling.jpg,Bingsu/Human_Action_Recognition,calling,1,0,0,0,0,0,0,0,0,0,0,0,0,0,0,0,1,0,0,0
data/external/actions/human_action_recognition/test/004216_calling.jpg,Bingsu/Human_Action_Recognition,calling,1,0,0,0,0,0,0,0,0,0,0,0,0,0,0,0,1,0,0,0
data/external/actions/human_action_recognition/test/004217_calling.jpg,Bingsu/Human_Action_Recognition,calling,1,0,0,0,0,0,0,0,0,0,0,0,0,0,0,0,1,0,0,0
data/external/actions/human_action_recognition/test/004218_calling.jpg,Bingsu/Human_Action_Recognition,calling,1,0,0,0,0,0,0,0,0,0,0,0,0,0,0,0,1,0,0,0
data/external/actions/human_action_recognition/test/004219_calling.jpg,Bingsu/Human_Action_Recognition,calling,1,0,0,0,0,0,0,0,0,0,0,0,0,0,0,0,1,0,0,0
data/external/actions/human_action_recognition/test/004220_calling.jpg,Bingsu/Human_Action_Recognition,calling,1,0,0,0,0,0,0,0,0,0,0,0,0,0,0,0,1,0,0,0
data/external/actions/human_action_recognition/test/004221_calling.jpg,Bingsu/Human_Action_Recognition,calling,1,0,0,0,0,0,0,0,0,0,0,0,0,0,0,0,1,0,0,0
data/external/actions/human_action_recognition/test/004222_calling.jpg,Bingsu/Human_Action_Recognition,calling,1,0,0,0,0,0,0,0,0,0,0,0,0,0,0,0,1,0,0,0
data/external/actions/human_action_recognition/test/004223_calling.jpg,Bingsu/Human_Action_Recognition,calling,1,0,0,0,0,0,0,0,0,0,0,0,0,0,0,0,1,0,0,0
data/external/actions/human_action_recognition/test/004224_calling.jpg,Bingsu/Human_Action_Recognition,calling,1,0,0,0,0,0,0,0,0,0,0,0,0,0,0,0,1,0,0,0
data/external/actions/human_action_recognition/test/004225_calling.jpg,Bingsu/Human_Action_Recognition,calling,1,0,0,0,0,0,0,0,0,0,0,0,0,0,0,0,1,0,0,0
data/external/actions/human_action_recognition/test/004226_calling.jpg,Bingsu/Human_Action_Recognition,calling,1,0,0,0,0,0,0,0,0,0,0,0,0,0,0,0,1,0,0,0
data/external/actions/human_action_recognition/test/004227_calling.jpg,Bingsu/Human_Action_Recognition,calling,1,0,0,0,0,0,0,0,0,0,0,0,0,0,0,0,1,0,0,0
data/external/actions/human_action_recognition/test/004228_calling.jpg,Bingsu/Human_Action_Recognition,calling,1,0,0,0,0,0,0,0,0,0,0,0,0,0,0,0,1,0,0,0
data/external/actions/human_action_recognition/test/004229_calling.jpg,Bingsu/Human_Action_Recognition,calling,1,0,0,0,0,0,0,0,0,0,0,0,0,0,0,0,1,0,0,0
data/external/actions/human_action_recognition/test/004230_calling.jpg,Bingsu/Human_Action_Recognition,calling,1,0,0,0,0,0,0,0,0,0,0,0,0,0,0,0,1,0,0,0
data/external/actions/human_action_recognition/test/004231_calling.jpg,Bingsu/Human_Action_Recognition,calling,1,0,0,0,0,0,0,0,0,0,0,0,0,0,0,0,1,0,0,0
data/external/actions/human_action_recognition/test/004232_calling.jpg,Bingsu/Human_Action_Recognition,calling,1,0,0,0,0,0,0,0,0,0,0,0,0,0,0,0,1,0,0,0
data/external/actions/human_action_recognition/test/004233_calling.jpg,Bingsu/Human_Action_Recognition,calling,1,0,0,0,0,0,0,0,0,0,0,0,0,0,0,0,1,0,0,0
data/external/actions/human_action_recognition/test/004234_calling.jpg,Bingsu/Human_Action_Recognition,calling,1,0,0,0,0,0,0,0,0,0,0,0,0,0,0,0,1,0,0,0
data/external/actions/human_action_recognition/test/004235_calling.jpg,Bingsu/Human_Action_Recognition,calling,1,0,0,0,0,0,0,0,0,0,0,0,0,0,0,0,1,0,0,0
data/external/actions/human_action_recognition/test/004236_calling.jpg,Bingsu/Human_Action_Recognition,calling,1,0,0,0,0,0,0,0,0,0,0,0,0,0,0,0,1,0,0,0
data/external/actions/human_action_recognition/test/004237_calling.jpg,Bingsu/Human_Action_Recognition,calling,1,0,0,0,0,0,0,0,0,0,0,0,0,0,0,0,1,0,0,0
data/external/actions/human_action_recognition/test/004238_calling.jpg,Bingsu/Human_Action_Recognition,calling,1,0,0,0,0,0,0,0,0,0,0,0,0,0,0,0,1,0,0,0
data/external/actions/human_action_recognition/test/004239_calling.jpg,Bingsu/Human_Action_Recognition,calling,1,0,0,0,0,0,0,0,0,0,0,0,0,0,0,0,1,0,0,0
data/external/actions/human_action_recognition/test/004240_calling.jpg,Bingsu/Human_Action_Recognition,calling,1,0,0,0,0,0,0,0,0,0,0,0,0,0,0,0,1,0,0,0
data/external/actions/human_action_recognition/test/004241_calling.jpg,Bingsu/Human_Action_Recognition,calling,1,0,0,0,0,0,0,0,0,0,0,0,0,0,0,0,1,0,0,0
data/external/actions/human_action_recognition/test/004242_calling.jpg,Bingsu/Human_Action_Recognition,calling,1,0,0,0,0,0,0,0,0,0,0,0,0,0,0,0,1,0,0,0
data/external/actions/human_action_recognition/test/004243_calling.jpg,Bingsu/Human_Action_Recognition,calling,1,0,0,0,0,0,0,0,0,0,0,0,0,0,0,0,1,0,0,0
data/external/actions/human_action_recognition/test/004244_calling.jpg,Bingsu/Human_Action_Recognition,calling,1,0,0,0,0,0,0,0,0,0,0,0,0,0,0,0,1,0,0,0
data/external/actions/human_action_recognition/test/004245_calling.jpg,Bingsu/Human_Action_Recognition,calling,1,0,0,0,0,0,0,0,0,0,0,0,0,0,0,0,1,0,0,0
data/external/actions/human_action_recognition/test/004246_calling.jpg,Bingsu/Human_Action_Recognition,calling,1,0,0,0,0,0,0,0,0,0,0,0,0,0,0,0,1,0,0,0
data/external/actions/human_action_recognition/test/004247_calling.jpg,Bingsu/Human_Action_Recognition,calling,1,0,0,0,0,0,0,0,0,0,0,0,0,0,0,0,1,0,0,0
data/external/actions/human_action_recognition/test/004248_calling.jpg,Bingsu/Human_Action_Recognition,calling,1,0,0,0,0,0,0,0,0,0,0,0,0,0,0,0,1,0,0,0
data/external/actions/human_action_recognition/test/004249_calling.jpg,Bingsu/Human_Action_Recognition,calling,1,0,0,0,0,0,0,0,0,0,0,0,0,0,0,0,1,0,0,0
data/external/actions/human_action_recognition/test/004250_calling.jpg,Bingsu/Human_Action_Recognition,calling,1,0,0,0,0,0,0,0,0,0,0,0,0,0,0,0,1,0,0,0
data/external/actions/human_action_recognition/test/004251_calling.jpg,Bingsu/Human_Action_Recognition,calling,1,0,0,0,0,0,0,0,0,0,0,0,0,0,0,0,1,0,0,0
data/external/actions/human_action_recognition/test/004252_calling.jpg,Bingsu/Human_Action_Recognition,calling,1,0,0,0,0,0,0,0,0,0,0,0,0,0,0,0,1,0,0,0
data/external/actions/human_action_recognition/test/004253_calling.jpg,Bingsu/Human_Action_Recognition,calling,1,0,0,0,0,0,0,0,0,0,0,0,0,0,0,0,1,0,0,0
data/external/actions/human_action_recognition/test/004254_calling.jpg,Bingsu/Human_Action_Recognition,calling,1,0,0,0,0,0,0,0,0,0,0,0,0,0,0,0,1,0,0,0
data/external/actions/human_action_recognition/test/004255_calling.jpg,Bingsu/Human_Action_Recognition,calling,1,0,0,0,0,0,0,0,0,0,0,0,0,0,0,0,1,0,0,0
data/external/actions/human_action_recognition/test/004256_calling.jpg,Bingsu/Human_Action_Recognition,calling,1,0,0,0,0,0,0,0,0,0,0,0,0,0,0,0,1,0,0,0
data/external/actions/human_action_recognition/test/004257_calling.jpg,Bingsu/Human_Action_Recognition,calling,1,0,0,0,0,0,0,0,0,0,0,0,0,0,0,0,1,0,0,0
data/external/actions/human_action_recognition/test/004258_calling.jpg,Bingsu/Human_Action_Recognition,calling,1,0,0,0,0,0,0,0,0,0,0,0,0,0,0,0,1,0,0,0
data/external/actions/human_action_recognition/test/004259_calling.jpg,Bingsu/Human_Action_Recognition,calling,1,0,0,0,0,0,0,0,0,0,0,0,0,0,0,0,1,0,0,0
data/external/actions/human_action_recognition/test/004260_calling.jpg,Bingsu/Human_Action_Recognition,calling,1,0,0,0,0,0,0,0,0,0,0,0,0,0,0,0,1,0,0,0
data/external/actions/human_action_recognition/test/004261_calling.jpg,Bingsu/Human_Action_Recognition,calling,1,0,0,0,0,0,0,0,0,0,0,0,0,0,0,0,1,0,0,0
data/external/actions/human_action_recognition/test/004262_calling.jpg,Bingsu/Human_Action_Recognition,calling,1,0,0,0,0,0,0,0,0,0,0,0,0,0,0,0,1,0,0,0
data/external/actions/human_action_recognition/test/004263_calling.jpg,Bingsu/Human_Action_Recognition,calling,1,0,0,0,0,0,0,0,0,0,0,0,0,0,0,0,1,0,0,0
data/external/actions/human_action_recognition/test/004264_calling.jpg,Bingsu/Human_Action_Recognition,calling,1,0,0,0,0,0,0,0,0,0,0,0,0,0,0,0,1,0,0,0
data/external/actions/human_action_recognition/test/004265_calling.jpg,Bingsu/Human_Action_Recognition,calling,1,0,0,0,0,0,0,0,0,0,0,0,0,0,0,0,1,0,0,0
data/external/actions/human_action_recognition/test/004266_calling.jpg,Bingsu/Human_Action_Recognition,calling,1,0,0,0,0,0,0,0,0,0,0,0,0,0,0,0,1,0,0,0
data/external/actions/human_action_recognition/test/004267_calling.jpg,Bingsu/Human_Action_Recognition,calling,1,0,0,0,0,0,0,0,0,0,0,0,0,0,0,0,1,0,0,0
data/external/actions/human_action_recognition/test/004268_calling.jpg,Bingsu/Human_Action_Recognition,calling,1,0,0,0,0,0,0,0,0,0,0,0,0,0,0,0,1,0,0,0
data/external/actions/human_action_recognition/test/004269_calling.jpg,Bingsu/Human_Action_Recognition,calling,1,0,0,0,0,0,0,0,0,0,0,0,0,0,0,0,1,0,0,0
data/external/actions/human_action_recognition/test/004270_calling.jpg,Bingsu/Human_Action_Recognition,calling,1,0,0,0,0,0,0,0,0,0,0,0,0,0,0,0,1,0,0,0
data/external/actions/human_action_recognition/test/004271_calling.jpg,Bingsu/Human_Action_Recognition,calling,1,0,0,0,0,0,0,0,0,0,0,0,0,0,0,0,1,0,0,0
data/external/actions/human_action_recognition/test/004272_calling.jpg,Bingsu/Human_Action_Recognition,calling,1,0,0,0,0,0,0,0,0,0,0,0,0,0,0,0,1,0,0,0
data/external/actions/human_action_recognition/test/004273_calling.jpg,Bingsu/Human_Action_Recognition,calling,1,0,0,0,0,0,0,0,0,0,0,0,0,0,0,0,1,0,0,0
data/external/actions/human_action_recognition/test/004274_calling.jpg,Bingsu/Human_Action_Recognition,calling,1,0,0,0,0,0,0,0,0,0,0,0,0,0,0,0,1,0,0,0
data/external/actions/human_action_recognition/test/004275_calling.jpg,Bingsu/Human_Action_Recognition,calling,1,0,0,0,0,0,0,0,0,0,0,0,0,0,0,0,1,0,0,0
data/external/actions/human_action_recognition/test/004276_calling.jpg,Bingsu/Human_Action_Recognition,calling,1,0,0,0,0,0,0,0,0,0,0,0,0,0,0,0,1,0,0,0
data/external/actions/human_action_recognition/test/004277_calling.jpg,Bingsu/Human_Action_Recognition,calling,1,0,0,0,0,0,0,0,0,0,0,0,0,0,0,0,1,0,0,0
data/external/actions/human_action_recognition/test/004278_calling.jpg,Bingsu/Human_Action_Recognition,calling,1,0,0,0,0,0,0,0,0,0,0,0,0,0,0,0,1,0,0,0
data/external/actions/human_action_recognition/test/004279_calling.jpg,Bingsu/Human_Action_Recognition,calling,1,0,0,0,0,0,0,0,0,0,0,0,0,0,0,0,1,0,0,0
data/external/actions/human_action_recognition/test/004280_calling.jpg,Bingsu/Human_Action_Recognition,calling,1,0,0,0,0,0,0,0,0,0,0,0,0,0,0,0,1,0,0,0
data/external/actions/human_action_recognition/test/004281_calling.jpg,Bingsu/Human_Action_Recognition,calling,1,0,0,0,0,0,0,0,0,0,0,0,0,0,0,0,1,0,0,0
data/external/actions/human_action_recognition/test/004282_calling.jpg,Bingsu/Human_Action_Recognition,calling,1,0,0,0,0,0,0,0,0,0,0,0,0,0,0,0,1,0,0,0
data/external/actions/human_action_recognition/test/004283_calling.jpg,Bingsu/Human_Action_Recognition,calling,1,0,0,0,0,0,0,0,0,0,0,0,0,0,0,0,1,0,0,0
data/external/actions/human_action_recognition/test/004284_calling.jpg,Bingsu/Human_Action_Recognition,calling,1,0,0,0,0,0,0,0,0,0,0,0,0,0,0,0,1,0,0,0
data/external/actions/human_action_recognition/test/004285_calling.jpg,Bingsu/Human_Action_Recognition,calling,1,0,0,0,0,0,0,0,0,0,0,0,0,0,0,0,1,0,0,0
data/external/actions/human_action_recognition/test/004286_calling.jpg,Bingsu/Human_Action_Recognition,calling,1,0,0,0,0,0,0,0,0,0,0,0,0,0,0,0,1,0,0,0
data/external/actions/human_action_recognition/test/004287_calling.jpg,Bingsu/Human_Action_Recognition,calling,1,0,0,0,0,0,0,0,0,0,0,0,0,0,0,0,1,0,0,0
data/external/actions/human_action_recognition/test/004288_calling.jpg,Bingsu/Human_Action_Recognition,calling,1,0,0,0,0,0,0,0,0,0,0,0,0,0,0,0,1,0,0,0
data/external/actions/human_action_recognition/test/004289_calling.jpg,Bingsu/Human_Action_Recognition,calling,1,0,0,0,0,0,0,0,0,0,0,0,0,0,0,0,1,0,0,0
data/external/actions/human_action_recognition/test/004290_calling.jpg,Bingsu/Human_Action_Recognition,calling,1,0,0,0,0,0,0,0,0,0,0,0,0,0,0,0,1,0,0,0
data/external/actions/human_action_recognition/test/004291_calling.jpg,Bingsu/Human_Action_Recognition,calling,1,0,0,0,0,0,0,0,0,0,0,0,0,0,0,0,1,0,0,0
data/external/actions/human_action_recognition/test/004292_calling.jpg,Bingsu/Human_Action_Recognition,calling,1,0,0,0,0,0,0,0,0,0,0,0,0,0,0,0,1,0,0,0
data/external/actions/human_action_recognition/test/004293_calling.jpg,Bingsu/Human_Action_Recognition,calling,1,0,0,0,0,0,0,0,0,0,0,0,0,0,0,0,1,0,0,0
data/external/actions/human_action_recognition/test/004294_calling.jpg,Bingsu/Human_Action_Recognition,calling,1,0,0,0,0,0,0,0,0,0,0,0,0,0,0,0,1,0,0,0
data/external/actions/human_action_recognition/test/004295_calling.jpg,Bingsu/Human_Action_Recognition,calling,1,0,0,0,0,0,0,0,0,0,0,0,0,0,0,0,1,0,0,0
data/external/actions/human_action_recognition/test/004296_calling.jpg,Bingsu/Human_Action_Recognition,calling,1,0,0,0,0,0,0,0,0,0,0,0,0,0,0,0,1,0,0,0
data/external/actions/human_action_recognition/test/004297_calling.jpg,Bingsu/Human_Action_Recognition,calling,1,0,0,0,0,0,0,0,0,0,0,0,0,0,0,0,1,0,0,0
data/external/actions/human_action_recognition/test/004298_calling.jpg,Bingsu/Human_Action_Recognition,calling,1,0,0,0,0,0,0,0,0,0,0,0,0,0,0,0,1,0,0,0
data/external/actions/human_action_recognition/test/004299_calling.jpg,Bingsu/Human_Action_Recognition,calling,1,0,0,0,0,0,0,0,0,0,0,0,0,0,0,0,1,0,0,0
data/external/actions/human_action_recognition/test/004300_calling.jpg,Bingsu/Human_Action_Recognition,calling,1,0,0,0,0,0,0,0,0,0,0,0,0,0,0,0,1,0,0,0
data/external/actions/human_action_recognition/test/004301_calling.jpg,Bingsu/Human_Action_Recognition,calling,1,0,0,0,0,0,0,0,0,0,0,0,0,0,0,0,1,0,0,0
data/external/actions/human_action_recognition/test/004302_calling.jpg,Bingsu/Human_Action_Recognition,calling,1,0,0,0,0,0,0,0,0,0,0,0,0,0,0,0,1,0,0,0
data/external/actions/human_action_recognition/test/004303_calling.jpg,Bingsu/Human_Action_Recognition,calling,1,0,0,0,0,0,0,0,0,0,0,0,0,0,0,0,1,0,0,0
data/external/actions/human_action_recognition/test/004304_calling.jpg,Bingsu/Human_Action_Recognition,calling,1,0,0,0,0,0,0,0,0,0,0,0,0,0,0,0,1,0,0,0
data/external/actions/human_action_recognition/test/004305_calling.jpg,Bingsu/Human_Action_Recognition,calling,1,0,0,0,0,0,0,0,0,0,0,0,0,0,0,0,1,0,0,0
data/external/actions/human_action_recognition/test/004306_calling.jpg,Bingsu/Human_Action_Recognition,calling,1,0,0,0,0,0,0,0,0,0,0,0,0,0,0,0,1,0,0,0
data/external/actions/human_action_recognition/test/004307_calling.jpg,Bingsu/Human_Action_Recognition,calling,1,0,0,0,0,0,0,0,0,0,0,0,0,0,0,0,1,0,0,0
data/external/actions/human_action_recognition/test/004308_calling.jpg,Bingsu/Human_Action_Recognition,calling,1,0,0,0,0,0,0,0,0,0,0,0,0,0,0,0,1,0,0,0
data/external/actions/human_action_recognition/test/004309_calling.jpg,Bingsu/Human_Action_Recognition,calling,1,0,0,0,0,0,0,0,0,0,0,0,0,0,0,0,1,0,0,0
data/external/actions/human_action_recognition/test/004310_calling.jpg,Bingsu/Human_Action_Recognition,calling,1,0,0,0,0,0,0,0,0,0,0,0,0,0,0,0,1,0,0,0
data/external/actions/human_action_recognition/test/004311_calling.jpg,Bingsu/Human_Action_Recognition,calling,1,0,0,0,0,0,0,0,0,0,0,0,0,0,0,0,1,0,0,0
data/external/actions/human_action_recognition/test/004312_calling.jpg,Bingsu/Human_Action_Recognition,calling,1,0,0,0,0,0,0,0,0,0,0,0,0,0,0,0,1,0,0,0
data/external/actions/human_action_recognition/test/004313_calling.jpg,Bingsu/Human_Action_Recognition,calling,1,0,0,0,0,0,0,0,0,0,0,0,0,0,0,0,1,0,0,0
data/external/actions/human_action_recognition/test/004314_calling.jpg,Bingsu/Human_Action_Recognition,calling,1,0,0,0,0,0,0,0,0,0,0,0,0,0,0,0,1,0,0,0
data/external/actions/human_action_recognition/test/004315_calling.jpg,Bingsu/Human_Action_Recognition,calling,1,0,0,0,0,0,0,0,0,0,0,0,0,0,0,0,1,0,0,0
data/external/actions/human_action_recognition/test/004316_calling.jpg,Bingsu/Human_Action_Recognition,calling,1,0,0,0,0,0,0,0,0,0,0,0,0,0,0,0,1,0,0,0
data/external/actions/human_action_recognition/test/004317_calling.jpg,Bingsu/Human_Action_Recognition,calling,1,0,0,0,0,0,0,0,0,0,0,0,0,0,0,0,1,0,0,0
data/external/actions/human_action_recognition/test/004318_calling.jpg,Bingsu/Human_Action_Recognition,calling,1,0,0,0,0,0,0,0,0,0,0,0,0,0,0,0,1,0,0,0
data/external/actions/human_action_recognition/test/004319_calling.jpg,Bingsu/Human_Action_Recognition,calling,1,0,0,0,0,0,0,0,0,0,0,0,0,0,0,0,1,0,0,0
data/external/actions/human_action_recognition/test/004320_calling.jpg,Bingsu/Human_Action_Recognition,calling,1,0,0,0,0,0,0,0,0,0,0,0,0,0,0,0,1,0,0,0
data/external/actions/human_action_recognition/test/004321_calling.jpg,Bingsu/Human_Action_Recognition,calling,1,0,0,0,0,0,0,0,0,0,0,0,0,0,0,0,1,0,0,0
data/external/actions/human_action_recognition/test/004322_calling.jpg,Bingsu/Human_Action_Recognition,calling,1,0,0,0,0,0,0,0,0,0,0,0,0,0,0,0,1,0,0,0
data/external/actions/human_action_recognition/test/004323_calling.jpg,Bingsu/Human_Action_Recognition,calling,1,0,0,0,0,0,0,0,0,0,0,0,0,0,0,0,1,0,0,0
data/external/actions/human_action_recognition/test/004324_calling.jpg,Bingsu/Human_Action_Recognition,calling,1,0,0,0,0,0,0,0,0,0,0,0,0,0,0,0,1,0,0,0
data/external/actions/human_action_recognition/test/004325_calling.jpg,Bingsu/Human_Action_Recognition,calling,1,0,0,0,0,0,0,0,0,0,0,0,0,0,0,0,1,0,0,0
data/external/actions/human_action_recognition/test/004326_calling.jpg,Bingsu/Human_Action_Recognition,calling,1,0,0,0,0,0,0,0,0,0,0,0,0,0,0,0,1,0,0,0
data/external/actions/human_action_recognition/test/004327_calling.jpg,Bingsu/Human_Action_Recognition,calling,1,0,0,0,0,0,0,0,0,0,0,0,0,0,0,0,1,0,0,0
data/external/actions/human_action_recognition/test/004328_calling.jpg,Bingsu/Human_Action_Recognition,calling,1,0,0,0,0,0,0,0,0,0,0,0,0,0,0,0,1,0,0,0
data/external/actions/human_action_recognition/test/004329_calling.jpg,Bingsu/Human_Action_Recognition,calling,1,0,0,0,0,0,0,0,0,0,0,0,0,0,0,0,1,0,0,0
data/external/actions/human_action_recognition/test/004330_calling.jpg,Bingsu/Human_Action_Recognition,calling,1,0,0,0,0,0,0,0,0,0,0,0,0,0,0,0,1,0,0,0
data/external/actions/human_action_recognition/test/004331_calling.jpg,Bingsu/Human_Action_Recognition,calling,1,0,0,0,0,0,0,0,0,0,0,0,0,0,0,0,1,0,0,0
data/external/actions/human_action_recognition/test/004332_calling.jpg,Bingsu/Human_Action_Recognition,calling,1,0,0,0,0,0,0,0,0,0,0,0,0,0,0,0,1,0,0,0
data/external/actions/human_action_recognition/test/004333_calling.jpg,Bingsu/Human_Action_Recognition,calling,1,0,0,0,0,0,0,0,0,0,0,0,0,0,0,0,1,0,0,0
data/external/actions/human_action_recognition/test/004334_calling.jpg,Bingsu/Human_Action_Recognition,calling,1,0,0,0,0,0,0,0,0,0,0,0,0,0,0,0,1,0,0,0
data/external/actions/human_action_recognition/test/004335_calling.jpg,Bingsu/Human_Action_Recognition,calling,1,0,0,0,0,0,0,0,0,0,0,0,0,0,0,0,1,0,0,0
data/external/actions/human_action_recognition/test/004336_calling.jpg,Bingsu/Human_Action_Recognition,calling,1,0,0,0,0,0,0,0,0,0,0,0,0,0,0,0,1,0,0,0
data/external/actions/human_action_recognition/test/004337_calling.jpg,Bingsu/Human_Action_Recognition,calling,1,0,0,0,0,0,0,0,0,0,0,0,0,0,0,0,1,0,0,0
data/external/actions/human_action_recognition/test/004338_calling.jpg,Bingsu/Human_Action_Recognition,calling,1,0,0,0,0,0,0,0,0,0,0,0,0,0,0,0,1,0,0,0
data/external/actions/human_action_recognition/test/004339_calling.jpg,Bingsu/Human_Action_Recognition,calling,1,0,0,0,0,0,0,0,0,0,0,0,0,0,0,0,1,0,0,0
data/external/actions/human_action_recognition/test/004340_calling.jpg,Bingsu/Human_Action_Recognition,calling,1,0,0,0,0,0,0,0,0,0,0,0,0,0,0,0,1,0,0,0
data/external/actions/human_action_recognition/test/004341_calling.jpg,Bingsu/Human_Action_Recognition,calling,1,0,0,0,0,0,0,0,0,0,0,0,0,0,0,0,1,0,0,0
data/external/actions/human_action_recognition/test/004342_calling.jpg,Bingsu/Human_Action_Recognition,calling,1,0,0,0,0,0,0,0,0,0,0,0,0,0,0,0,1,0,0,0
data/external/actions/human_action_recognition/test/004343_calling.jpg,Bingsu/Human_Action_Recognition,calling,1,0,0,0,0,0,0,0,0,0,0,0,0,0,0,0,1,0,0,0
data/external/actions/human_action_recognition/test/004344_calling.jpg,Bingsu/Human_Action_Recognition,calling,1,0,0,0,0,0,0,0,0,0,0,0,0,0,0,0,1,0,0,0
data/external/actions/human_action_recognition/test/004345_calling.jpg,Bingsu/Human_Action_Recognition,calling,1,0,0,0,0,0,0,0,0,0,0,0,0,0,0,0,1,0,0,0
data/external/actions/human_action_recognition/test/004346_calling.jpg,Bingsu/Human_Action_Recognition,calling,1,0,0,0,0,0,0,0,0,0,0,0,0,0,0,0,1,0,0,0
data/external/actions/human_action_recognition/test/004347_calling.jpg,Bingsu/Human_Action_Recognition,calling,1,0,0,0,0,0,0,0,0,0,0,0,0,0,0,0,1,0,0,0
data/external/actions/human_action_recognition/test/004348_calling.jpg,Bingsu/Human_Action_Recognition,calling,1,0,0,0,0,0,0,0,0,0,0,0,0,0,0,0,1,0,0,0
data/external/actions/human_action_recognition/test/004349_calling.jpg,Bingsu/Human_Action_Recognition,calling,1,0,0,0,0,0,0,0,0,0,0,0,0,0,0,0,1,0,0,0
data/external/actions/human_action_recognition/test/004350_calling.jpg,Bingsu/Human_Action_Recognition,calling,1,0,0,0,0,0,0,0,0,0,0,0,0,0,0,0,1,0,0,0
data/external/actions/human_action_recognition/test/004351_calling.jpg,Bingsu/Human_Action_Recognition,calling,1,0,0,0,0,0,0,0,0,0,0,0,0,0,0,0,1,0,0,0
data/external/actions/human_action_recognition/test/004352_calling.jpg,Bingsu/Human_Action_Recognition,calling,1,0,0,0,0,0,0,0,0,0,0,0,0,0,0,0,1,0,0,0
data/external/actions/human_action_recognition/test/004353_calling.jpg,Bingsu/Human_Action_Recognition,calling,1,0,0,0,0,0,0,0,0,0,0,0,0,0,0,0,1,0,0,0
data/external/actions/human_action_recognition/test/004354_calling.jpg,Bingsu/Human_Action_Recognition,calling,1,0,0,0,0,0,0,0,0,0,0,0,0,0,0,0,1,0,0,0
data/external/actions/human_action_recognition/test/004355_calling.jpg,Bingsu/Human_Action_Recognition,calling,1,0,0,0,0,0,0,0,0,0,0,0,0,0,0,0,1,0,0,0
data/external/actions/human_action_recognition/test/004356_calling.jpg,Bingsu/Human_Action_Recognition,calling,1,0,0,0,0,0,0,0,0,0,0,0,0,0,0,0,1,0,0,0
data/external/actions/human_action_recognition/test/004357_calling.jpg,Bingsu/Human_Action_Recognition,calling,1,0,0,0,0,0,0,0,0,0,0,0,0,0,0,0,1,0,0,0
data/external/actions/human_action_recognition/test/004358_calling.jpg,Bingsu/Human_Action_Recognition,calling,1,0,0,0,0,0,0,0,0,0,0,0,0,0,0,0,1,0,0,0
data/external/actions/human_action_recognition/test/004359_calling.jpg,Bingsu/Human_Action_Recognition,calling,1,0,0,0,0,0,0,0,0,0,0,0,0,0,0,0,1,0,0,0
data/external/actions/human_action_recognition/test/004360_calling.jpg,Bingsu/Human_Action_Recognition,calling,1,0,0,0,0,0,0,0,0,0,0,0,0,0,0,0,1,0,0,0
data/external/actions/human_action_recognition/test/004361_calling.jpg,Bingsu/Human_Action_Recognition,calling,1,0,0,0,0,0,0,0,0,0,0,0,0,0,0,0,1,0,0,0
data/external/actions/human_action_recognition/test/004362_calling.jpg,Bingsu/Human_Action_Recognition,calling,1,0,0,0,0,0,0,0,0,0,0,0,0,0,0,0,1,0,0,0
data/external/actions/human_action_recognition/test/004363_calling.jpg,Bingsu/Human_Action_Recognition,calling,1,0,0,0,0,0,0,0,0,0,0,0,0,0,0,0,1,0,0,0
data/external/actions/human_action_recognition/test/004364_calling.jpg,Bingsu/Human_Action_Recognition,calling,1,0,0,0,0,0,0,0,0,0,0,0,0,0,0,0,1,0,0,0
data/external/actions/human_action_recognition/test/004365_calling.jpg,Bingsu/Human_Action_Recognition,calling,1,0,0,0,0,0,0,0,0,0,0,0,0,0,0,0,1,0,0,0
data/external/actions/human_action_recognition/test/004366_calling.jpg,Bingsu/Human_Action_Recognition,calling,1,0,0,0,0,0,0,0,0,0,0,0,0,0,0,0,1,0,0,0
data/external/actions/human_action_recognition/test/004367_calling.jpg,Bingsu/Human_Action_Recognition,calling,1,0,0,0,0,0,0,0,0,0,0,0,0,0,0,0,1,0,0,0
data/external/actions/human_action_recognition/test/004368_calling.jpg,Bingsu/Human_Action_Recognition,calling,1,0,0,0,0,0,0,0,0,0,0,0,0,0,0,0,1,0,0,0
data/external/actions/human_action_recognition/test/004369_calling.jpg,Bingsu/Human_Action_Recognition,calling,1,0,0,0,0,0,0,0,0,0,0,0,0,0,0,0,1,0,0,0
data/external/actions/human_action_recognition/test/004370_calling.jpg,Bingsu/Human_Action_Recognition,calling,1,0,0,0,0,0,0,0,0,0,0,0,0,0,0,0,1,0,0,0
data/external/actions/human_action_recognition/test/004371_calling.jpg,Bingsu/Human_Action_Recognition,calling,1,0,0,0,0,0,0,0,0,0,0,0,0,0,0,0,1,0,0,0
data/external/actions/human_action_recognition/test/004372_calling.jpg,Bingsu/Human_Action_Recognition,calling,1,0,0,0,0,0,0,0,0,0,0,0,0,0,0,0,1,0,0,0
data/external/actions/human_action_recognition/test/004373_calling.jpg,Bingsu/Human_Action_Recognition,calling,1,0,0,0,0,0,0,0,0,0,0,0,0,0,0,0,1,0,0,0
data/external/actions/human_action_recognition/test/004374_calling.jpg,Bingsu/Human_Action_Recognition,calling,1,0,0,0,0,0,0,0,0,0,0,0,0,0,0,0,1,0,0,0
data/external/actions/human_action_recognition/test/004375_calling.jpg,Bingsu/Human_Action_Recognition,calling,1,0,0,0,0,0,0,0,0,0,0,0,0,0,0,0,1,0,0,0
data/external/actions/human_action_recognition/test/004376_calling.jpg,Bingsu/Human_Action_Recognition,calling,1,0,0,0,0,0,0,0,0,0,0,0,0,0,0,0,1,0,0,0
data/external/actions/human_action_recognition/test/004377_calling.jpg,Bingsu/Human_Action_Recognition,calling,1,0,0,0,0,0,0,0,0,0,0,0,0,0,0,0,1,0,0,0
data/external/actions/human_action_recognition/test/004378_calling.jpg,Bingsu/Human_Action_Recognition,calling,1,0,0,0,0,0,0,0,0,0,0,0,0,0,0,0,1,0,0,0
data/external/actions/human_action_recognition/test/004379_calling.jpg,Bingsu/Human_Action_Recognition,calling,1,0,0,0,0,0,0,0,0,0,0,0,0,0,0,0,1,0,0,0
data/external/actions/human_action_recognition/test/004380_calling.jpg,Bingsu/Human_Action_Recognition,calling,1,0,0,0,0,0,0,0,0,0,0,0,0,0,0,0,1,0,0,0
data/external/actions/human_action_recognition/test/004381_calling.jpg,Bingsu/Human_Action_Recognition,calling,1,0,0,0,0,0,0,0,0,0,0,0,0,0,0,0,1,0,0,0
data/external/actions/human_action_recognition/test/004382_calling.jpg,Bingsu/Human_Action_Recognition,calling,1,0,0,0,0,0,0,0,0,0,0,0,0,0,0,0,1,0,0,0
data/external/actions/human_action_recognition/test/004383_calling.jpg,Bingsu/Human_Action_Recognition,calling,1,0,0,0,0,0,0,0,0,0,0,0,0,0,0,0,1,0,0,0
data/external/actions/human_action_recognition/test/004384_calling.jpg,Bingsu/Human_Action_Recognition,calling,1,0,0,0,0,0,0,0,0,0,0,0,0,0,0,0,1,0,0,0
data/external/actions/human_action_recognition/test/004385_calling.jpg,Bingsu/Human_Action_Recognition,calling,1,0,0,0,0,0,0,0,0,0,0,0,0,0,0,0,1,0,0,0
data/external/actions/human_action_recognition/test/004386_calling.jpg,Bingsu/Human_Action_Recognition,calling,1,0,0,0,0,0,0,0,0,0,0,0,0,0,0,0,1,0,0,0
data/external/actions/human_action_recognition/test/004387_calling.jpg,Bingsu/Human_Action_Recognition,calling,1,0,0,0,0,0,0,0,0,0,0,0,0,0,0,0,1,0,0,0
data/external/actions/human_action_recognition/test/004388_calling.jpg,Bingsu/Human_Action_Recognition,calling,1,0,0,0,0,0,0,0,0,0,0,0,0,0,0,0,1,0,0,0
data/external/actions/human_action_recognition/test/004389_calling.jpg,Bingsu/Human_Action_Recognition,calling,1,0,0,0,0,0,0,0,0,0,0,0,0,0,0,0,1,0,0,0
data/external/actions/human_action_recognition/test/004390_calling.jpg,Bingsu/Human_Action_Recognition,calling,1,0,0,0,0,0,0,0,0,0,0,0,0,0,0,0,1,0,0,0
data/external/actions/human_action_recognition/test/004391_calling.jpg,Bingsu/Human_Action_Recognition,calling,1,0,0,0,0,0,0,0,0,0,0,0,0,0,0,0,1,0,0,0
data/external/actions/human_action_recognition/test/004392_calling.jpg,Bingsu/Human_Action_Recognition,calling,1,0,0,0,0,0,0,0,0,0,0,0,0,0,0,0,1,0,0,0
data/external/actions/human_action_recognition/test/004393_calling.jpg,Bingsu/Human_Action_Recognition,calling,1,0,0,0,0,0,0,0,0,0,0,0,0,0,0,0,1,0,0,0
data/external/actions/human_action_recognition/test/004394_calling.jpg,Bingsu/Human_Action_Recognition,calling,1,0,0,0,0,0,0,0,0,0,0,0,0,0,0,0,1,0,0,0
data/external/actions/human_action_recognition/test/004395_calling.jpg,Bingsu/Human_Action_Recognition,calling,1,0,0,0,0,0,0,0,0,0,0,0,0,0,0,0,1,0,0,0
data/external/actions/human_action_recognition/test/004396_calling.jpg,Bingsu/Human_Action_Recognition,calling,1,0,0,0,0,0,0,0,0,0,0,0,0,0,0,0,1,0,0,0
data/external/actions/human_action_recognition/test/004397_calling.jpg,Bingsu/Human_Action_Recognition,calling,1,0,0,0,0,0,0,0,0,0,0,0,0,0,0,0,1,0,0,0
data/external/actions/human_action_recognition/test/004398_calling.jpg,Bingsu/Human_Action_Recognition,calling,1,0,0,0,0,0,0,0,0,0,0,0,0,0,0,0,1,0,0,0
data/external/actions/human_action_recognition/test/004399_calling.jpg,Bingsu/Human_Action_Recognition,calling,1,0,0,0,0,0,0,0,0,0,0,0,0,0,0,0,1,0,0,0
data/external/actions/human_action_recognition/test/004400_calling.jpg,Bingsu/Human_Action_Recognition,calling,1,0,0,0,0,0,0,0,0,0,0,0,0,0,0,0,1,0,0,0
data/external/actions/human_action_recognition/test/004401_calling.jpg,Bingsu/Human_Action_Recognition,calling,1,0,0,0,0,0,0,0,0,0,0,0,0,0,0,0,1,0,0,0
data/external/actions/human_action_recognition/test/004402_calling.jpg,Bingsu/Human_Action_Recognition,calling,1,0,0,0,0,0,0,0,0,0,0,0,0,0,0,0,1,0,0,0
data/external/actions/human_action_recognition/test/004403_calling.jpg,Bingsu/Human_Action_Recognition,calling,1,0,0,0,0,0,0,0,0,0,0,0,0,0,0,0,1,0,0,0
data/external/actions/human_action_recognition/test/004404_calling.jpg,Bingsu/Human_Action_Recognition,calling,1,0,0,0,0,0,0,0,0,0,0,0,0,0,0,0,1,0,0,0
data/external/actions/human_action_recognition/test/004405_calling.jpg,Bingsu/Human_Action_Recognition,calling,1,0,0,0,0,0,0,0,0,0,0,0,0,0,0,0,1,0,0,0
data/external/actions/human_action_recognition/test/004406_calling.jpg,Bingsu/Human_Action_Recognition,calling,1,0,0,0,0,0,0,0,0,0,0,0,0,0,0,0,1,0,0,0
data/external/actions/human_action_recognition/test/004407_calling.jpg,Bingsu/Human_Action_Recognition,calling,1,0,0,0,0,0,0,0,0,0,0,0,0,0,0,0,1,0,0,0
data/external/actions/human_action_recognition/test/004408_calling.jpg,Bingsu/Human_Action_Recognition,calling,1,0,0,0,0,0,0,0,0,0,0,0,0,0,0,0,1,0,0,0
data/external/actions/human_action_recognition/test/004409_calling.jpg,Bingsu/Human_Action_Recognition,calling,1,0,0,0,0,0,0,0,0,0,0,0,0,0,0,0,1,0,0,0
data/external/actions/human_action_recognition/test/004410_calling.jpg,Bingsu/Human_Action_Recognition,calling,1,0,0,0,0,0,0,0,0,0,0,0,0,0,0,0,1,0,0,0
data/external/actions/human_action_recognition/test/004411_calling.jpg,Bingsu/Human_Action_Recognition,calling,1,0,0,0,0,0,0,0,0,0,0,0,0,0,0,0,1,0,0,0
data/external/actions/human_action_recognition/test/004412_calling.jpg,Bingsu/Human_Action_Recognition,calling,1,0,0,0,0,0,0,0,0,0,0,0,0,0,0,0,1,0,0,0
data/external/actions/human_action_recognition/test/004413_calling.jpg,Bingsu/Human_Action_Recognition,calling,1,0,0,0,0,0,0,0,0,0,0,0,0,0,0,0,1,0,0,0
data/external/actions/human_action_recognition/test/004414_calling.jpg,Bingsu/Human_Action_Recognition,calling,1,0,0,0,0,0,0,0,0,0,0,0,0,0,0,0,1,0,0,0
data/external/actions/human_action_recognition/test/004415_calling.jpg,Bingsu/Human_Action_Recognition,calling,1,0,0,0,0,0,0,0,0,0,0,0,0,0,0,0,1,0,0,0
data/external/actions/human_action_recognition/test/004416_calling.jpg,Bingsu/Human_Action_Recognition,calling,1,0,0,0,0,0,0,0,0,0,0,0,0,0,0,0,1,0,0,0
data/external/actions/human_action_recognition/test/004417_calling.jpg,Bingsu/Human_Action_Recognition,calling,1,0,0,0,0,0,0,0,0,0,0,0,0,0,0,0,1,0,0,0
data/external/actions/human_action_recognition/test/004418_calling.jpg,Bingsu/Human_Action_Recognition,calling,1,0,0,0,0,0,0,0,0,0,0,0,0,0,0,0,1,0,0,0
data/external/actions/human_action_recognition/test/004419_calling.jpg,Bingsu/Human_Action_Recognition,calling,1,0,0,0,0,0,0,0,0,0,0,0,0,0,0,0,1,0,0,0
data/external/actions/human_action_recognition/test/004420_calling.jpg,Bingsu/Human_Action_Recognition,calling,1,0,0,0,0,0,0,0,0,0,0,0,0,0,0,0,1,0,0,0
data/external/actions/human_action_recognition/test/004421_calling.jpg,Bingsu/Human_Action_Recognition,calling,1,0,0,0,0,0,0,0,0,0,0,0,0,0,0,0,1,0,0,0
data/external/actions/human_action_recognition/test/004422_calling.jpg,Bingsu/Human_Action_Recognition,calling,1,0,0,0,0,0,0,0,0,0,0,0,0,0,0,0,1,0,0,0
data/external/actions/human_action_recognition/test/004423_calling.jpg,Bingsu/Human_Action_Recognition,calling,1,0,0,0,0,0,0,0,0,0,0,0,0,0,0,0,1,0,0,0
data/external/actions/human_action_recognition/test/004424_calling.jpg,Bingsu/Human_Action_Recognition,calling,1,0,0,0,0,0,0,0,0,0,0,0,0,0,0,0,1,0,0,0
data/external/actions/human_action_recognition/test/004425_calling.jpg,Bingsu/Human_Action_Recognition,calling,1,0,0,0,0,0,0,0,0,0,0,0,0,0,0,0,1,0,0,0
data/external/actions/human_action_recognition/test/004426_calling.jpg,Bingsu/Human_Action_Recognition,calling,1,0,0,0,0,0,0,0,0,0,0,0,0,0,0,0,1,0,0,0
data/external/actions/human_action_recognition/test/004427_calling.jpg,Bingsu/Human_Action_Recognition,calling,1,0,0,0,0,0,0,0,0,0,0,0,0,0,0,0,1,0,0,0
data/external/actions/human_action_recognition/test/004428_calling.jpg,Bingsu/Human_Action_Recognition,calling,1,0,0,0,0,0,0,0,0,0,0,0,0,0,0,0,1,0,0,0
data/external/actions/human_action_recognition/test/004429_calling.jpg,Bingsu/Human_Action_Recognition,calling,1,0,0,0,0,0,0,0,0,0,0,0,0,0,0,0,1,0,0,0
data/external/actions/human_action_recognition/test/004430_calling.jpg,Bingsu/Human_Action_Recognition,calling,1,0,0,0,0,0,0,0,0,0,0,0,0,0,0,0,1,0,0,0
data/external/actions/human_action_recognition/test/004431_calling.jpg,Bingsu/Human_Action_Recognition,calling,1,0,0,0,0,0,0,0,0,0,0,0,0,0,0,0,1,0,0,0
data/external/actions/human_action_recognition/test/004432_calling.jpg,Bingsu/Human_Action_Recognition,calling,1,0,0,0,0,0,0,0,0,0,0,0,0,0,0,0,1,0,0,0
data/external/actions/human_action_recognition/test/004433_calling.jpg,Bingsu/Human_Action_Recognition,calling,1,0,0,0,0,0,0,0,0,0,0,0,0,0,0,0,1,0,0,0
data/external/actions/human_action_recognition/test/004434_calling.jpg,Bingsu/Human_Action_Recognition,calling,1,0,0,0,0,0,0,0,0,0,0,0,0,0,0,0,1,0,0,0
data/external/actions/human_action_recognition/test/004435_calling.jpg,Bingsu/Human_Action_Recognition,calling,1,0,0,0,0,0,0,0,0,0,0,0,0,0,0,0,1,0,0,0
data/external/actions/human_action_recognition/test/004436_calling.jpg,Bingsu/Human_Action_Recognition,calling,1,0,0,0,0,0,0,0,0,0,0,0,0,0,0,0,1,0,0,0
data/external/actions/human_action_recognition/test/004437_calling.jpg,Bingsu/Human_Action_Recognition,calling,1,0,0,0,0,0,0,0,0,0,0,0,0,0,0,0,1,0,0,0
data/external/actions/human_action_recognition/test/004438_calling.jpg,Bingsu/Human_Action_Recognition,calling,1,0,0,0,0,0,0,0,0,0,0,0,0,0,0,0,1,0,0,0
data/external/actions/human_action_recognition/test/004439_calling.jpg,Bingsu/Human_Action_Recognition,calling,1,0,0,0,0,0,0,0,0,0,0,0,0,0,0,0,1,0,0,0
data/external/actions/human_action_recognition/test/004440_calling.jpg,Bingsu/Human_Action_Recognition,calling,1,0,0,0,0,0,0,0,0,0,0,0,0,0,0,0,1,0,0,0
data/external/actions/human_action_recognition/test/004441_calling.jpg,Bingsu/Human_Action_Recognition,calling,1,0,0,0,0,0,0,0,0,0,0,0,0,0,0,0,1,0,0,0
data/external/actions/human_action_recognition/test/004442_calling.jpg,Bingsu/Human_Action_Recognition,calling,1,0,0,0,0,0,0,0,0,0,0,0,0,0,0,0,1,0,0,0
data/external/actions/human_action_recognition/test/004443_calling.jpg,Bingsu/Human_Action_Recognition,calling,1,0,0,0,0,0,0,0,0,0,0,0,0,0,0,0,1,0,0,0
data/external/actions/human_action_recognition/test/004444_calling.jpg,Bingsu/Human_Action_Recognition,calling,1,0,0,0,0,0,0,0,0,0,0,0,0,0,0,0,1,0,0,0
data/external/actions/human_action_recognition/test/004445_calling.jpg,Bingsu/Human_Action_Recognition,calling,1,0,0,0,0,0,0,0,0,0,0,0,0,0,0,0,1,0,0,0
data/external/actions/human_action_recognition/test/004446_calling.jpg,Bingsu/Human_Action_Recognition,calling,1,0,0,0,0,0,0,0,0,0,0,0,0,0,0,0,1,0,0,0
data/external/actions/human_action_recognition/test/004447_calling.jpg,Bingsu/Human_Action_Recognition,calling,1,0,0,0,0,0,0,0,0,0,0,0,0,0,0,0,1,0,0,0
data/external/actions/human_action_recognition/test/004448_calling.jpg,Bingsu/Human_Action_Recognition,calling,1,0,0,0,0,0,0,0,0,0,0,0,0,0,0,0,1,0,0,0
data/external/actions/human_action_recognition/test/004449_calling.jpg,Bingsu/Human_Action_Recognition,calling,1,0,0,0,0,0,0,0,0,0,0,0,0,0,0,0,1,0,0,0
data/external/actions/human_action_recognition/test/004450_calling.jpg,Bingsu/Human_Action_Recognition,calling,1,0,0,0,0,0,0,0,0,0,0,0,0,0,0,0,1,0,0,0
data/external/actions/human_action_recognition/test/004451_calling.jpg,Bingsu/Human_Action_Recognition,calling,1,0,0,0,0,0,0,0,0,0,0,0,0,0,0,0,1,0,0,0
data/external/actions/human_action_recognition/test/004452_calling.jpg,Bingsu/Human_Action_Recognition,calling,1,0,0,0,0,0,0,0,0,0,0,0,0,0,0,0,1,0,0,0
data/external/actions/human_action_recognition/test/004453_calling.jpg,Bingsu/Human_Action_Recognition,calling,1,0,0,0,0,0,0,0,0,0,0,0,0,0,0,0,1,0,0,0
data/external/actions/human_action_recognition/test/004454_calling.jpg,Bingsu/Human_Action_Recognition,calling,1,0,0,0,0,0,0,0,0,0,0,0,0,0,0,0,1,0,0,0
data/external/actions/human_action_recognition/test/004455_calling.jpg,Bingsu/Human_Action_Recognition,calling,1,0,0,0,0,0,0,0,0,0,0,0,0,0,0,0,1,0,0,0
data/external/actions/human_action_recognition/test/004456_calling.jpg,Bingsu/Human_Action_Recognition,calling,1,0,0,0,0,0,0,0,0,0,0,0,0,0,0,0,1,0,0,0
data/external/actions/human_action_recognition/test/004457_calling.jpg,Bingsu/Human_Action_Recognition,calling,1,0,0,0,0,0,0,0,0,0,0,0,0,0,0,0,1,0,0,0
data/external/actions/human_action_recognition/test/004458_calling.jpg,Bingsu/Human_Action_Recognition,calling,1,0,0,0,0,0,0,0,0,0,0,0,0,0,0,0,1,0,0,0
data/external/actions/human_action_recognition/test/004459_calling.jpg,Bingsu/Human_Action_Recognition,calling,1,0,0,0,0,0,0,0,0,0,0,0,0,0,0,0,1,0,0,0
data/external/actions/human_action_recognition/test/004460_calling.jpg,Bingsu/Human_Action_Recognition,calling,1,0,0,0,0,0,0,0,0,0,0,0,0,0,0,0,1,0,0,0
data/external/actions/human_action_recognition/test/004461_calling.jpg,Bingsu/Human_Action_Recognition,calling,1,0,0,0,0,0,0,0,0,0,0,0,0,0,0,0,1,0,0,0
data/external/actions/human_action_recognition/test/004462_calling.jpg,Bingsu/Human_Action_Recognition,calling,1,0,0,0,0,0,0,0,0,0,0,0,0,0,0,0,1,0,0,0
data/external/actions/human_action_recognition/test/004463_calling.jpg,Bingsu/Human_Action_Recognition,calling,1,0,0,0,0,0,0,0,0,0,0,0,0,0,0,0,1,0,0,0
data/external/actions/human_action_recognition/test/004464_calling.jpg,Bingsu/Human_Action_Recognition,calling,1,0,0,0,0,0,0,0,0,0,0,0,0,0,0,0,1,0,0,0
data/external/actions/human_action_recognition/test/004465_calling.jpg,Bingsu/Human_Action_Recognition,calling,1,0,0,0,0,0,0,0,0,0,0,0,0,0,0,0,1,0,0,0
data/external/actions/human_action_recognition/test/004466_calling.jpg,Bingsu/Human_Action_Recognition,calling,1,0,0,0,0,0,0,0,0,0,0,0,0,0,0,0,1,0,0,0
data/external/actions/human_action_recognition/test/004467_calling.jpg,Bingsu/Human_Action_Recognition,calling,1,0,0,0,0,0,0,0,0,0,0,0,0,0,0,0,1,0,0,0
data/external/actions/human_action_recognition/test/004468_calling.jpg,Bingsu/Human_Action_Recognition,calling,1,0,0,0,0,0,0,0,0,0,0,0,0,0,0,0,1,0,0,0
data/external/actions/human_action_recognition/test/004469_calling.jpg,Bingsu/Human_Action_Recognition,calling,1,0,0,0,0,0,0,0,0,0,0,0,0,0,0,0,1,0,0,0
data/external/actions/human_action_recognition/test/004470_calling.jpg,Bingsu/Human_Action_Recognition,calling,1,0,0,0,0,0,0,0,0,0,0,0,0,0,0,0,1,0,0,0
data/external/actions/human_action_recognition/test/004471_calling.jpg,Bingsu/Human_Action_Recognition,calling,1,0,0,0,0,0,0,0,0,0,0,0,0,0,0,0,1,0,0,0
data/external/actions/human_action_recognition/test/004472_calling.jpg,Bingsu/Human_Action_Recognition,calling,1,0,0,0,0,0,0,0,0,0,0,0,0,0,0,0,1,0,0,0
data/external/actions/human_action_recognition/test/004473_calling.jpg,Bingsu/Human_Action_Recognition,calling,1,0,0,0,0,0,0,0,0,0,0,0,0,0,0,0,1,0,0,0
data/external/actions/human_action_recognition/test/004474_calling.jpg,Bingsu/Human_Action_Recognition,calling,1,0,0,0,0,0,0,0,0,0,0,0,0,0,0,0,1,0,0,0
data/external/actions/human_action_recognition/test/004475_calling.jpg,Bingsu/Human_Action_Recognition,calling,1,0,0,0,0,0,0,0,0,0,0,0,0,0,0,0,1,0,0,0
data/external/actions/human_action_recognition/test/004476_calling.jpg,Bingsu/Human_Action_Recognition,calling,1,0,0,0,0,0,0,0,0,0,0,0,0,0,0,0,1,0,0,0
data/external/actions/human_action_recognition/test/004477_calling.jpg,Bingsu/Human_Action_Recognition,calling,1,0,0,0,0,0,0,0,0,0,0,0,0,0,0,0,1,0,0,0
data/external/actions/human_action_recognition/test/004478_calling.jpg,Bingsu/Human_Action_Recognition,calling,1,0,0,0,0,0,0,0,0,0,0,0,0,0,0,0,1,0,0,0
data/external/actions/human_action_recognition/test/004479_calling.jpg,Bingsu/Human_Action_Recognition,calling,1,0,0,0,0,0,0,0,0,0,0,0,0,0,0,0,1,0,0,0
data/external/actions/human_action_recognition/test/004480_calling.jpg,Bingsu/Human_Action_Recognition,calling,1,0,0,0,0,0,0,0,0,0,0,0,0,0,0,0,1,0,0,0
data/external/actions/human_action_recognition/test/004481_calling.jpg,Bingsu/Human_Action_Recognition,calling,1,0,0,0,0,0,0,0,0,0,0,0,0,0,0,0,1,0,0,0
data/external/actions/human_action_recognition/test/004482_calling.jpg,Bingsu/Human_Action_Recognition,calling,1,0,0,0,0,0,0,0,0,0,0,0,0,0,0,0,1,0,0,0
data/external/actions/human_action_recognition/test/004483_calling.jpg,Bingsu/Human_Action_Recognition,calling,1,0,0,0,0,0,0,0,0,0,0,0,0,0,0,0,1,0,0,0
data/external/actions/human_action_recognition/test/004484_calling.jpg,Bingsu/Human_Action_Recognition,calling,1,0,0,0,0,0,0,0,0,0,0,0,0,0,0,0,1,0,0,0
data/external/actions/human_action_recognition/test/004485_calling.jpg,Bingsu/Human_Action_Recognition,calling,1,0,0,0,0,0,0,0,0,0,0,0,0,0,0,0,1,0,0,0
data/external/actions/human_action_recognition/test/004486_calling.jpg,Bingsu/Human_Action_Recognition,calling,1,0,0,0,0,0,0,0,0,0,0,0,0,0,0,0,1,0,0,0
data/external/actions/human_action_recognition/test/004487_calling.jpg,Bingsu/Human_Action_Recognition,calling,1,0,0,0,0,0,0,0,0,0,0,0,0,0,0,0,1,0,0,0
data/external/actions/human_action_recognition/test/004488_calling.jpg,Bingsu/Human_Action_Recognition,calling,1,0,0,0,0,0,0,0,0,0,0,0,0,0,0,0,1,0,0,0
data/external/actions/human_action_recognition/test/004489_calling.jpg,Bingsu/Human_Action_Recognition,calling,1,0,0,0,0,0,0,0,0,0,0,0,0,0,0,0,1,0,0,0
data/external/actions/human_action_recognition/test/004490_calling.jpg,Bingsu/Human_Action_Recognition,calling,1,0,0,0,0,0,0,0,0,0,0,0,0,0,0,0,1,0,0,0
data/external/actions/human_action_recognition/test/004491_calling.jpg,Bingsu/Human_Action_Recognition,calling,1,0,0,0,0,0,0,0,0,0,0,0,0,0,0,0,1,0,0,0
data/external/actions/human_action_recognition/test/004492_calling.jpg,Bingsu/Human_Action_Recognition,calling,1,0,0,0,0,0,0,0,0,0,0,0,0,0,0,0,1,0,0,0
data/external/actions/human_action_recognition/test/004493_calling.jpg,Bingsu/Human_Action_Recognition,calling,1,0,0,0,0,0,0,0,0,0,0,0,0,0,0,0,1,0,0,0
data/external/actions/human_action_recognition/test/004494_calling.jpg,Bingsu/Human_Action_Recognition,calling,1,0,0,0,0,0,0,0,0,0,0,0,0,0,0,0,1,0,0,0
data/external/actions/human_action_recognition/test/004495_calling.jpg,Bingsu/Human_Action_Recognition,calling,1,0,0,0,0,0,0,0,0,0,0,0,0,0,0,0,1,0,0,0
data/external/actions/human_action_recognition/test/004496_calling.jpg,Bingsu/Human_Action_Recognition,calling,1,0,0,0,0,0,0,0,0,0,0,0,0,0,0,0,1,0,0,0
data/external/actions/human_action_recognition/test/004497_calling.jpg,Bingsu/Human_Action_Recognition,calling,1,0,0,0,0,0,0,0,0,0,0,0,0,0,0,0,1,0,0,0
data/external/actions/human_action_recognition/test/004498_calling.jpg,Bingsu/Human_Action_Recognition,calling,1,0,0,0,0,0,0,0,0,0,0,0,0,0,0,0,1,0,0,0
data/external/actions/human_action_recognition/test/004499_calling.jpg,Bingsu/Human_Action_Recognition,calling,1,0,0,0,0,0,0,0,0,0,0,0,0,0,0,0,1,0,0,0
data/external/actions/human_action_recognition/test/004500_calling.jpg,Bingsu/Human_Action_Recognition,calling,1,0,0,0,0,0,0,0,0,0,0,0,0,0,0,0,1,0,0,0
data/external/actions/human_action_recognition/test/004501_calling.jpg,Bingsu/Human_Action_Recognition,calling,1,0,0,0,0,0,0,0,0,0,0,0,0,0,0,0,1,0,0,0
data/external/actions/human_action_recognition/test/004502_calling.jpg,Bingsu/Human_Action_Recognition,calling,1,0,0,0,0,0,0,0,0,0,0,0,0,0,0,0,1,0,0,0
data/external/actions/human_action_recognition/test/004503_calling.jpg,Bingsu/Human_Action_Recognition,calling,1,0,0,0,0,0,0,0,0,0,0,0,0,0,0,0,1,0,0,0
data/external/actions/human_action_recognition/test/004504_calling.jpg,Bingsu/Human_Action_Recognition,calling,1,0,0,0,0,0,0,0,0,0,0,0,0,0,0,0,1,0,0,0
data/external/actions/human_action_recognition/test/004505_calling.jpg,Bingsu/Human_Action_Recognition,calling,1,0,0,0,0,0,0,0,0,0,0,0,0,0,0,0,1,0,0,0
data/external/actions/human_action_recognition/test/004506_calling.jpg,Bingsu/Human_Action_Recognition,calling,1,0,0,0,0,0,0,0,0,0,0,0,0,0,0,0,1,0,0,0
data/external/actions/human_action_recognition/test/004507_calling.jpg,Bingsu/Human_Action_Recognition,calling,1,0,0,0,0,0,0,0,0,0,0,0,0,0,0,0,1,0,0,0
data/external/actions/human_action_recognition/test/004508_calling.jpg,Bingsu/Human_Action_Recognition,calling,1,0,0,0,0,0,0,0,0,0,0,0,0,0,0,0,1,0,0,0
data/external/actions/human_action_recognition/test/004509_calling.jpg,Bingsu/Human_Action_Recognition,calling,1,0,0,0,0,0,0,0,0,0,0,0,0,0,0,0,1,0,0,0
data/external/actions/human_action_recognition/test/004510_calling.jpg,Bingsu/Human_Action_Recognition,calling,1,0,0,0,0,0,0,0,0,0,0,0,0,0,0,0,1,0,0,0
data/external/actions/human_action_recognition/test/004511_calling.jpg,Bingsu/Human_Action_Recognition,calling,1,0,0,0,0,0,0,0,0,0,0,0,0,0,0,0,1,0,0,0
data/external/actions/human_action_recognition/test/004512_calling.jpg,Bingsu/Human_Action_Recognition,calling,1,0,0,0,0,0,0,0,0,0,0,0,0,0,0,0,1,0,0,0
data/external/actions/human_action_recognition/test/004513_calling.jpg,Bingsu/Human_Action_Recognition,calling,1,0,0,0,0,0,0,0,0,0,0,0,0,0,0,0,1,0,0,0
data/external/actions/human_action_recognition/test/004514_calling.jpg,Bingsu/Human_Action_Recognition,calling,1,0,0,0,0,0,0,0,0,0,0,0,0,0,0,0,1,0,0,0
data/external/actions/human_action_recognition/test/004515_calling.jpg,Bingsu/Human_Action_Recognition,calling,1,0,0,0,0,0,0,0,0,0,0,0,0,0,0,0,1,0,0,0
data/external/actions/human_action_recognition/test/004516_calling.jpg,Bingsu/Human_Action_Recognition,calling,1,0,0,0,0,0,0,0,0,0,0,0,0,0,0,0,1,0,0,0
data/external/actions/human_action_recognition/test/004517_calling.jpg,Bingsu/Human_Action_Recognition,calling,1,0,0,0,0,0,0,0,0,0,0,0,0,0,0,0,1,0,0,0
data/external/actions/human_action_recognition/test/004518_calling.jpg,Bingsu/Human_Action_Recognition,calling,1,0,0,0,0,0,0,0,0,0,0,0,0,0,0,0,1,0,0,0
data/external/actions/human_action_recognition/test/004519_calling.jpg,Bingsu/Human_Action_Recognition,calling,1,0,0,0,0,0,0,0,0,0,0,0,0,0,0,0,1,0,0,0
data/external/actions/human_action_recognition/test/004520_calling.jpg,Bingsu/Human_Action_Recognition,calling,1,0,0,0,0,0,0,0,0,0,0,0,0,0,0,0,1,0,0,0
data/external/actions/human_action_recognition/test/004521_calling.jpg,Bingsu/Human_Action_Recognition,calling,1,0,0,0,0,0,0,0,0,0,0,0,0,0,0,0,1,0,0,0
data/external/actions/human_action_recognition/test/004522_calling.jpg,Bingsu/Human_Action_Recognition,calling,1,0,0,0,0,0,0,0,0,0,0,0,0,0,0,0,1,0,0,0
data/external/actions/human_action_recognition/test/004523_calling.jpg,Bingsu/Human_Action_Recognition,calling,1,0,0,0,0,0,0,0,0,0,0,0,0,0,0,0,1,0,0,0
data/external/actions/human_action_recognition/test/004524_calling.jpg,Bingsu/Human_Action_Recognition,calling,1,0,0,0,0,0,0,0,0,0,0,0,0,0,0,0,1,0,0,0
data/external/actions/human_action_recognition/test/004525_calling.jpg,Bingsu/Human_Action_Recognition,calling,1,0,0,0,0,0,0,0,0,0,0,0,0,0,0,0,1,0,0,0
data/external/actions/human_action_recognition/test/004526_calling.jpg,Bingsu/Human_Action_Recognition,calling,1,0,0,0,0,0,0,0,0,0,0,0,0,0,0,0,1,0,0,0
data/external/actions/human_action_recognition/test/004527_calling.jpg,Bingsu/Human_Action_Recognition,calling,1,0,0,0,0,0,0,0,0,0,0,0,0,0,0,0,1,0,0,0
data/external/actions/human_action_recognition/test/004528_calling.jpg,Bingsu/Human_Action_Recognition,calling,1,0,0,0,0,0,0,0,0,0,0,0,0,0,0,0,1,0,0,0
data/external/actions/human_action_recognition/test/004529_calling.jpg,Bingsu/Human_Action_Recognition,calling,1,0,0,0,0,0,0,0,0,0,0,0,0,0,0,0,1,0,0,0
data/external/actions/human_action_recognition/test/004530_calling.jpg,Bingsu/Human_Action_Recognition,calling,1,0,0,0,0,0,0,0,0,0,0,0,0,0,0,0,1,0,0,0
data/external/actions/human_action_recognition/test/004531_calling.jpg,Bingsu/Human_Action_Recognition,calling,1,0,0,0,0,0,0,0,0,0,0,0,0,0,0,0,1,0,0,0
data/external/actions/human_action_recognition/test/004532_calling.jpg,Bingsu/Human_Action_Recognition,calling,1,0,0,0,0,0,0,0,0,0,0,0,0,0,0,0,1,0,0,0
data/external/actions/human_action_recognition/test/004533_calling.jpg,Bingsu/Human_Action_Recognition,calling,1,0,0,0,0,0,0,0,0,0,0,0,0,0,0,0,1,0,0,0
data/external/actions/human_action_recognition/test/004534_calling.jpg,Bingsu/Human_Action_Recognition,calling,1,0,0,0,0,0,0,0,0,0,0,0,0,0,0,0,1,0,0,0
data/external/actions/human_action_recognition/test/004535_calling.jpg,Bingsu/Human_Action_Recognition,calling,1,0,0,0,0,0,0,0,0,0,0,0,0,0,0,0,1,0,0,0
data/external/actions/human_action_recognition/test/004536_calling.jpg,Bingsu/Human_Action_Recognition,calling,1,0,0,0,0,0,0,0,0,0,0,0,0,0,0,0,1,0,0,0
data/external/actions/human_action_recognition/test/004537_calling.jpg,Bingsu/Human_Action_Recognition,calling,1,0,0,0,0,0,0,0,0,0,0,0,0,0,0,0,1,0,0,0
data/external/actions/human_action_recognition/test/004538_calling.jpg,Bingsu/Human_Action_Recognition,calling,1,0,0,0,0,0,0,0,0,0,0,0,0,0,0,0,1,0,0,0
data/external/actions/human_action_recognition/test/004539_calling.jpg,Bingsu/Human_Action_Recognition,calling,1,0,0,0,0,0,0,0,0,0,0,0,0,0,0,0,1,0,0,0
data/external/actions/human_action_recognition/test/004540_calling.jpg,Bingsu/Human_Action_Recognition,calling,1,0,0,0,0,0,0,0,0,0,0,0,0,0,0,0,1,0,0,0
data/external/actions/human_action_recognition/test/004541_calling.jpg,Bingsu/Human_Action_Recognition,calling,1,0,0,0,0,0,0,0,0,0,0,0,0,0,0,0,1,0,0,0
data/external/actions/human_action_recognition/test/004542_calling.jpg,Bingsu/Human_Action_Recognition,calling,1,0,0,0,0,0,0,0,0,0,0,0,0,0,0,0,1,0,0,0
data/external/actions/human_action_recognition/test/004543_calling.jpg,Bingsu/Human_Action_Recognition,calling,1,0,0,0,0,0,0,0,0,0,0,0,0,0,0,0,1,0,0,0
data/external/actions/human_action_recognition/test/004544_calling.jpg,Bingsu/Human_Action_Recognition,calling,1,0,0,0,0,0,0,0,0,0,0,0,0,0,0,0,1,0,0,0
data/external/actions/human_action_recognition/test/004545_calling.jpg,Bingsu/Human_Action_Recognition,calling,1,0,0,0,0,0,0,0,0,0,0,0,0,0,0,0,1,0,0,0
data/external/actions/human_action_recognition/test/004546_calling.jpg,Bingsu/Human_Action_Recognition,calling,1,0,0,0,0,0,0,0,0,0,0,0,0,0,0,0,1,0,0,0
data/external/actions/human_action_recognition/test/004547_calling.jpg,Bingsu/Human_Action_Recognition,calling,1,0,0,0,0,0,0,0,0,0,0,0,0,0,0,0,1,0,0,0
data/external/actions/human_action_recognition/test/004548_calling.jpg,Bingsu/Human_Action_Recognition,calling,1,0,0,0,0,0,0,0,0,0,0,0,0,0,0,0,1,0,0,0
data/external/actions/human_action_recognition/test/004549_calling.jpg,Bingsu/Human_Action_Recognition,calling,1,0,0,0,0,0,0,0,0,0,0,0,0,0,0,0,1,0,0,0
data/external/actions/human_action_recognition/test/004550_calling.jpg,Bingsu/Human_Action_Recognition,calling,1,0,0,0,0,0,0,0,0,0,0,0,0,0,0,0,1,0,0,0
data/external/actions/human_action_recognition/test/004551_calling.jpg,Bingsu/Human_Action_Recognition,calling,1,0,0,0,0,0,0,0,0,0,0,0,0,0,0,0,1,0,0,0
data/external/actions/human_action_recognition/test/004552_calling.jpg,Bingsu/Human_Action_Recognition,calling,1,0,0,0,0,0,0,0,0,0,0,0,0,0,0,0,1,0,0,0
data/external/actions/human_action_recognition/test/004553_calling.jpg,Bingsu/Human_Action_Recognition,calling,1,0,0,0,0,0,0,0,0,0,0,0,0,0,0,0,1,0,0,0
data/external/actions/human_action_recognition/test/004554_calling.jpg,Bingsu/Human_Action_Recognition,calling,1,0,0,0,0,0,0,0,0,0,0,0,0,0,0,0,1,0,0,0
data/external/actions/human_action_recognition/test/004555_calling.jpg,Bingsu/Human_Action_Recognition,calling,1,0,0,0,0,0,0,0,0,0,0,0,0,0,0,0,1,0,0,0
data/external/actions/human_action_recognition/test/004556_calling.jpg,Bingsu/Human_Action_Recognition,calling,1,0,0,0,0,0,0,0,0,0,0,0,0,0,0,0,1,0,0,0
data/external/actions/human_action_recognition/test/004557_calling.jpg,Bingsu/Human_Action_Recognition,calling,1,0,0,0,0,0,0,0,0,0,0,0,0,0,0,0,1,0,0,0
data/external/actions/human_action_recognition/test/004558_calling.jpg,Bingsu/Human_Action_Recognition,calling,1,0,0,0,0,0,0,0,0,0,0,0,0,0,0,0,1,0,0,0
data/external/actions/human_action_recognition/test/004559_calling.jpg,Bingsu/Human_Action_Recognition,calling,1,0,0,0,0,0,0,0,0,0,0,0,0,0,0,0,1,0,0,0
data/external/actions/human_action_recognition/test/004560_calling.jpg,Bingsu/Human_Action_Recognition,calling,1,0,0,0,0,0,0,0,0,0,0,0,0,0,0,0,1,0,0,0
data/external/actions/human_action_recognition/test/004561_calling.jpg,Bingsu/Human_Action_Recognition,calling,1,0,0,0,0,0,0,0,0,0,0,0,0,0,0,0,1,0,0,0
data/external/actions/human_action_recognition/test/004562_calling.jpg,Bingsu/Human_Action_Recognition,calling,1,0,0,0,0,0,0,0,0,0,0,0,0,0,0,0,1,0,0,0
data/external/actions/human_action_recognition/test/004563_calling.jpg,Bingsu/Human_Action_Recognition,calling,1,0,0,0,0,0,0,0,0,0,0,0,0,0,0,0,1,0,0,0
data/external/actions/human_action_recognition/test/004564_calling.jpg,Bingsu/Human_Action_Recognition,calling,1,0,0,0,0,0,0,0,0,0,0,0,0,0,0,0,1,0,0,0
data/external/actions/human_action_recognition/test/004565_calling.jpg,Bingsu/Human_Action_Recognition,calling,1,0,0,0,0,0,0,0,0,0,0,0,0,0,0,0,1,0,0,0
data/external/actions/human_action_recognition/test/004566_calling.jpg,Bingsu/Human_Action_Recognition,calling,1,0,0,0,0,0,0,0,0,0,0,0,0,0,0,0,1,0,0,0
data/external/actions/human_action_recognition/test/004567_calling.jpg,Bingsu/Human_Action_Recognition,calling,1,0,0,0,0,0,0,0,0,0,0,0,0,0,0,0,1,0,0,0
data/external/actions/human_action_recognition/test/004568_calling.jpg,Bingsu/Human_Action_Recognition,calling,1,0,0,0,0,0,0,0,0,0,0,0,0,0,0,0,1,0,0,0
data/external/actions/human_action_recognition/test/004569_calling.jpg,Bingsu/Human_Action_Recognition,calling,1,0,0,0,0,0,0,0,0,0,0,0,0,0,0,0,1,0,0,0
data/external/actions/human_action_recognition/test/004570_calling.jpg,Bingsu/Human_Action_Recognition,calling,1,0,0,0,0,0,0,0,0,0,0,0,0,0,0,0,1,0,0,0
data/external/actions/human_action_recognition/test/004571_calling.jpg,Bingsu/Human_Action_Recognition,calling,1,0,0,0,0,0,0,0,0,0,0,0,0,0,0,0,1,0,0,0
data/external/actions/human_action_recognition/test/004572_calling.jpg,Bingsu/Human_Action_Recognition,calling,1,0,0,0,0,0,0,0,0,0,0,0,0,0,0,0,1,0,0,0
data/external/actions/human_action_recognition/test/004573_calling.jpg,Bingsu/Human_Action_Recognition,calling,1,0,0,0,0,0,0,0,0,0,0,0,0,0,0,0,1,0,0,0
data/external/actions/human_action_recognition/test/004574_calling.jpg,Bingsu/Human_Action_Recognition,calling,1,0,0,0,0,0,0,0,0,0,0,0,0,0,0,0,1,0,0,0
data/external/actions/human_action_recognition/test/004575_calling.jpg,Bingsu/Human_Action_Recognition,calling,1,0,0,0,0,0,0,0,0,0,0,0,0,0,0,0,1,0,0,0
data/external/actions/human_action_recognition/test/004576_calling.jpg,Bingsu/Human_Action_Recognition,calling,1,0,0,0,0,0,0,0,0,0,0,0,0,0,0,0,1,0,0,0
data/external/actions/human_action_recognition/test/004577_calling.jpg,Bingsu/Human_Action_Recognition,calling,1,0,0,0,0,0,0,0,0,0,0,0,0,0,0,0,1,0,0,0
data/external/actions/human_action_recognition/test/004578_calling.jpg,Bingsu/Human_Action_Recognition,calling,1,0,0,0,0,0,0,0,0,0,0,0,0,0,0,0,1,0,0,0
data/external/actions/human_action_recognition/test/004579_calling.jpg,Bingsu/Human_Action_Recognition,calling,1,0,0,0,0,0,0,0,0,0,0,0,0,0,0,0,1,0,0,0
data/external/actions/human_action_recognition/test/004580_calling.jpg,Bingsu/Human_Action_Recognition,calling,1,0,0,0,0,0,0,0,0,0,0,0,0,0,0,0,1,0,0,0
data/external/actions/human_action_recognition/test/004581_calling.jpg,Bingsu/Human_Action_Recognition,calling,1,0,0,0,0,0,0,0,0,0,0,0,0,0,0,0,1,0,0,0
data/external/actions/human_action_recognition/test/004582_calling.jpg,Bingsu/Human_Action_Recognition,calling,1,0,0,0,0,0,0,0,0,0,0,0,0,0,0,0,1,0,0,0
data/external/actions/human_action_recognition/test/004583_calling.jpg,Bingsu/Human_Action_Recognition,calling,1,0,0,0,0,0,0,0,0,0,0,0,0,0,0,0,1,0,0,0
data/external/actions/human_action_recognition/test/004584_calling.jpg,Bingsu/Human_Action_Recognition,calling,1,0,0,0,0,0,0,0,0,0,0,0,0,0,0,0,1,0,0,0
data/external/actions/human_action_recognition/test/004585_calling.jpg,Bingsu/Human_Action_Recognition,calling,1,0,0,0,0,0,0,0,0,0,0,0,0,0,0,0,1,0,0,0
data/external/actions/human_action_recognition/test/004586_calling.jpg,Bingsu/Human_Action_Recognition,calling,1,0,0,0,0,0,0,0,0,0,0,0,0,0,0,0,1,0,0,0
data/external/actions/human_action_recognition/test/004587_calling.jpg,Bingsu/Human_Action_Recognition,calling,1,0,0,0,0,0,0,0,0,0,0,0,0,0,0,0,1,0,0,0
data/external/actions/human_action_recognition/test/004588_calling.jpg,Bingsu/Human_Action_Recognition,calling,1,0,0,0,0,0,0,0,0,0,0,0,0,0,0,0,1,0,0,0
data/external/actions/human_action_recognition/test/004589_calling.jpg,Bingsu/Human_Action_Recognition,calling,1,0,0,0,0,0,0,0,0,0,0,0,0,0,0,0,1,0,0,0
data/external/actions/human_action_recognition/test/004590_calling.jpg,Bingsu/Human_Action_Recognition,calling,1,0,0,0,0,0,0,0,0,0,0,0,0,0,0,0,1,0,0,0
data/external/actions/human_action_recognition/test/004591_calling.jpg,Bingsu/Human_Action_Recognition,calling,1,0,0,0,0,0,0,0,0,0,0,0,0,0,0,0,1,0,0,0
data/external/actions/human_action_recognition/test/004592_calling.jpg,Bingsu/Human_Action_Recognition,calling,1,0,0,0,0,0,0,0,0,0,0,0,0,0,0,0,1,0,0,0
data/external/actions/human_action_recognition/test/004593_calling.jpg,Bingsu/Human_Action_Recognition,calling,1,0,0,0,0,0,0,0,0,0,0,0,0,0,0,0,1,0,0,0
data/external/actions/human_action_recognition/test/004594_calling.jpg,Bingsu/Human_Action_Recognition,calling,1,0,0,0,0,0,0,0,0,0,0,0,0,0,0,0,1,0,0,0
data/external/actions/human_action_recognition/test/004595_calling.jpg,Bingsu/Human_Action_Recognition,calling,1,0,0,0,0,0,0,0,0,0,0,0,0,0,0,0,1,0,0,0
data/external/actions/human_action_recognition/test/004596_calling.jpg,Bingsu/Human_Action_Recognition,calling,1,0,0,0,0,0,0,0,0,0,0,0,0,0,0,0,1,0,0,0
data/external/actions/human_action_recognition/test/004597_calling.jpg,Bingsu/Human_Action_Recognition,calling,1,0,0,0,0,0,0,0,0,0,0,0,0,0,0,0,1,0,0,0
data/external/actions/human_action_recognition/test/004598_calling.jpg,Bingsu/Human_Action_Recognition,calling,1,0,0,0,0,0,0,0,0,0,0,0,0,0,0,0,1,0,0,0
data/external/actions/human_action_recognition/test/004599_calling.jpg,Bingsu/Human_Action_Recognition,calling,1,0,0,0,0,0,0,0,0,0,0,0,0,0,0,0,1,0,0,0
data/external/actions/human_action_recognition/test/004600_calling.jpg,Bingsu/Human_Action_Recognition,calling,1,0,0,0,0,0,0,0,0,0,0,0,0,0,0,0,1,0,0,0
data/external/actions/human_action_recognition/test/004601_calling.jpg,Bingsu/Human_Action_Recognition,calling,1,0,0,0,0,0,0,0,0,0,0,0,0,0,0,0,1,0,0,0
data/external/actions/human_action_recognition/test/004602_calling.jpg,Bingsu/Human_Action_Recognition,calling,1,0,0,0,0,0,0,0,0,0,0,0,0,0,0,0,1,0,0,0
data/external/actions/human_action_recognition/test/004603_calling.jpg,Bingsu/Human_Action_Recognition,calling,1,0,0,0,0,0,0,0,0,0,0,0,0,0,0,0,1,0,0,0
data/external/actions/human_action_recognition/test/004604_calling.jpg,Bingsu/Human_Action_Recognition,calling,1,0,0,0,0,0,0,0,0,0,0,0,0,0,0,0,1,0,0,0
data/external/actions/human_action_recognition/test/004605_calling.jpg,Bingsu/Human_Action_Recognition,calling,1,0,0,0,0,0,0,0,0,0,0,0,0,0,0,0,1,0,0,0
data/external/actions/human_action_recognition/test/004606_calling.jpg,Bingsu/Human_Action_Recognition,calling,1,0,0,0,0,0,0,0,0,0,0,0,0,0,0,0,1,0,0,0
data/external/actions/human_action_recognition/test/004607_calling.jpg,Bingsu/Human_Action_Recognition,calling,1,0,0,0,0,0,0,0,0,0,0,0,0,0,0,0,1,0,0,0
data/external/actions/human_action_recognition/test/004608_calling.jpg,Bingsu/Human_Action_Recognition,calling,1,0,0,0,0,0,0,0,0,0,0,0,0,0,0,0,1,0,0,0
data/external/actions/human_action_recognition/test/004609_calling.jpg,Bingsu/Human_Action_Recognition,calling,1,0,0,0,0,0,0,0,0,0,0,0,0,0,0,0,1,0,0,0
data/external/actions/human_action_recognition/test/004610_calling.jpg,Bingsu/Human_Action_Recognition,calling,1,0,0,0,0,0,0,0,0,0,0,0,0,0,0,0,1,0,0,0
data/external/actions/human_action_recognition/test/004611_calling.jpg,Bingsu/Human_Action_Recognition,calling,1,0,0,0,0,0,0,0,0,0,0,0,0,0,0,0,1,0,0,0
data/external/actions/human_action_recognition/test/004612_calling.jpg,Bingsu/Human_Action_Recognition,calling,1,0,0,0,0,0,0,0,0,0,0,0,0,0,0,0,1,0,0,0
data/external/actions/human_action_recognition/test/004613_calling.jpg,Bingsu/Human_Action_Recognition,calling,1,0,0,0,0,0,0,0,0,0,0,0,0,0,0,0,1,0,0,0
data/external/actions/human_action_recognition/test/004614_calling.jpg,Bingsu/Human_Action_Recognition,calling,1,0,0,0,0,0,0,0,0,0,0,0,0,0,0,0,1,0,0,0
data/external/actions/human_action_recognition/test/004615_calling.jpg,Bingsu/Human_Action_Recognition,calling,1,0,0,0,0,0,0,0,0,0,0,0,0,0,0,0,1,0,0,0
data/external/actions/human_action_recognition/test/004616_calling.jpg,Bingsu/Human_Action_Recognition,calling,1,0,0,0,0,0,0,0,0,0,0,0,0,0,0,0,1,0,0,0
data/external/actions/human_action_recognition/test/004617_calling.jpg,Bingsu/Human_Action_Recognition,calling,1,0,0,0,0,0,0,0,0,0,0,0,0,0,0,0,1,0,0,0
data/external/actions/human_action_recognition/test/004618_calling.jpg,Bingsu/Human_Action_Recognition,calling,1,0,0,0,0,0,0,0,0,0,0,0,0,0,0,0,1,0,0,0
data/external/actions/human_action_recognition/test/004619_calling.jpg,Bingsu/Human_Action_Recognition,calling,1,0,0,0,0,0,0,0,0,0,0,0,0,0,0,0,1,0,0,0
data/external/actions/human_action_recognition/test/004620_calling.jpg,Bingsu/Human_Action_Recognition,calling,1,0,0,0,0,0,0,0,0,0,0,0,0,0,0,0,1,0,0,0
data/external/actions/human_action_recognition/test/004621_calling.jpg,Bingsu/Human_Action_Recognition,calling,1,0,0,0,0,0,0,0,0,0,0,0,0,0,0,0,1,0,0,0
data/external/actions/human_action_recognition/test/004622_calling.jpg,Bingsu/Human_Action_Recognition,calling,1,0,0,0,0,0,0,0,0,0,0,0,0,0,0,0,1,0,0,0
data/external/actions/human_action_recognition/test/004623_calling.jpg,Bingsu/Human_Action_Recognition,calling,1,0,0,0,0,0,0,0,0,0,0,0,0,0,0,0,1,0,0,0
data/external/actions/human_action_recognition/test/004624_calling.jpg,Bingsu/Human_Action_Recognition,calling,1,0,0,0,0,0,0,0,0,0,0,0,0,0,0,0,1,0,0,0
data/external/actions/human_action_recognition/test/004625_calling.jpg,Bingsu/Human_Action_Recognition,calling,1,0,0,0,0,0,0,0,0,0,0,0,0,0,0,0,1,0,0,0
data/external/actions/human_action_recognition/test/004626_calling.jpg,Bingsu/Human_Action_Recognition,calling,1,0,0,0,0,0,0,0,0,0,0,0,0,0,0,0,1,0,0,0
data/external/actions/human_action_recognition/test/004627_calling.jpg,Bingsu/Human_Action_Recognition,calling,1,0,0,0,0,0,0,0,0,0,0,0,0,0,0,0,1,0,0,0
data/external/actions/human_action_recognition/test/004628_calling.jpg,Bingsu/Human_Action_Recognition,calling,1,0,0,0,0,0,0,0,0,0,0,0,0,0,0,0,1,0,0,0
data/external/actions/human_action_recognition/test/004629_calling.jpg,Bingsu/Human_Action_Recognition,calling,1,0,0,0,0,0,0,0,0,0,0,0,0,0,0,0,1,0,0,0
data/external/actions/human_action_recognition/test/004630_calling.jpg,Bingsu/Human_Action_Recognition,calling,1,0,0,0,0,0,0,0,0,0,0,0,0,0,0,0,1,0,0,0
data/external/actions/human_action_recognition/test/004631_calling.jpg,Bingsu/Human_Action_Recognition,calling,1,0,0,0,0,0,0,0,0,0,0,0,0,0,0,0,1,0,0,0
data/external/actions/human_action_recognition/test/004632_calling.jpg,Bingsu/Human_Action_Recognition,calling,1,0,0,0,0,0,0,0,0,0,0,0,0,0,0,0,1,0,0,0
data/external/actions/human_action_recognition/test/004633_calling.jpg,Bingsu/Human_Action_Recognition,calling,1,0,0,0,0,0,0,0,0,0,0,0,0,0,0,0,1,0,0,0
data/external/actions/human_action_recognition/test/004634_calling.jpg,Bingsu/Human_Action_Recognition,calling,1,0,0,0,0,0,0,0,0,0,0,0,0,0,0,0,1,0,0,0
data/external/actions/human_action_recognition/test/004635_calling.jpg,Bingsu/Human_Action_Recognition,calling,1,0,0,0,0,0,0,0,0,0,0,0,0,0,0,0,1,0,0,0
data/external/actions/human_action_recognition/test/004636_calling.jpg,Bingsu/Human_Action_Recognition,calling,1,0,0,0,0,0,0,0,0,0,0,0,0,0,0,0,1,0,0,0
data/external/actions/human_action_recognition/test/004637_calling.jpg,Bingsu/Human_Action_Recognition,calling,1,0,0,0,0,0,0,0,0,0,0,0,0,0,0,0,1,0,0,0
data/external/actions/human_action_recognition/test/004638_calling.jpg,Bingsu/Human_Action_Recognition,calling,1,0,0,0,0,0,0,0,0,0,0,0,0,0,0,0,1,0,0,0
data/external/actions/human_action_recognition/test/004639_calling.jpg,Bingsu/Human_Action_Recognition,calling,1,0,0,0,0,0,0,0,0,0,0,0,0,0,0,0,1,0,0,0
data/external/actions/human_action_recognition/test/004640_calling.jpg,Bingsu/Human_Action_Recognition,calling,1,0,0,0,0,0,0,0,0,0,0,0,0,0,0,0,1,0,0,0
data/external/actions/human_action_recognition/test/004641_calling.jpg,Bingsu/Human_Action_Recognition,calling,1,0,0,0,0,0,0,0,0,0,0,0,0,0,0,0,1,0,0,0
data/external/actions/human_action_recognition/test/004642_calling.jpg,Bingsu/Human_Action_Recognition,calling,1,0,0,0,0,0,0,0,0,0,0,0,0,0,0,0,1,0,0,0
data/external/actions/human_action_recognition/test/004643_calling.jpg,Bingsu/Human_Action_Recognition,calling,1,0,0,0,0,0,0,0,0,0,0,0,0,0,0,0,1,0,0,0
data/external/actions/human_action_recognition/test/004644_calling.jpg,Bingsu/Human_Action_Recognition,calling,1,0,0,0,0,0,0,0,0,0,0,0,0,0,0,0,1,0,0,0
data/external/actions/human_action_recognition/test/004645_calling.jpg,Bingsu/Human_Action_Recognition,calling,1,0,0,0,0,0,0,0,0,0,0,0,0,0,0,0,1,0,0,0
data/external/actions/human_action_recognition/test/004646_calling.jpg,Bingsu/Human_Action_Recognition,calling,1,0,0,0,0,0,0,0,0,0,0,0,0,0,0,0,1,0,0,0
data/external/actions/human_action_recognition/test/004647_calling.jpg,Bingsu/Human_Action_Recognition,calling,1,0,0,0,0,0,0,0,0,0,0,0,0,0,0,0,1,0,0,0
data/external/actions/human_action_recognition/test/004648_calling.jpg,Bingsu/Human_Action_Recognition,calling,1,0,0,0,0,0,0,0,0,0,0,0,0,0,0,0,1,0,0,0
data/external/actions/human_action_recognition/test/004649_calling.jpg,Bingsu/Human_Action_Recognition,calling,1,0,0,0,0,0,0,0,0,0,0,0,0,0,0,0,1,0,0,0
data/external/actions/human_action_recognition/test/004650_calling.jpg,Bingsu/Human_Action_Recognition,calling,1,0,0,0,0,0,0,0,0,0,0,0,0,0,0,0,1,0,0,0
data/external/actions/human_action_recognition/test/004651_calling.jpg,Bingsu/Human_Action_Recognition,calling,1,0,0,0,0,0,0,0,0,0,0,0,0,0,0,0,1,0,0,0
data/external/actions/human_action_recognition/test/004652_calling.jpg,Bingsu/Human_Action_Recognition,calling,1,0,0,0,0,0,0,0,0,0,0,0,0,0,0,0,1,0,0,0
data/external/actions/human_action_recognition/test/004653_calling.jpg,Bingsu/Human_Action_Recognition,calling,1,0,0,0,0,0,0,0,0,0,0,0,0,0,0,0,1,0,0,0
data/external/actions/human_action_recognition/test/004654_calling.jpg,Bingsu/Human_Action_Recognition,calling,1,0,0,0,0,0,0,0,0,0,0,0,0,0,0,0,1,0,0,0
data/external/actions/human_action_recognition/test/004655_calling.jpg,Bingsu/Human_Action_Recognition,calling,1,0,0,0,0,0,0,0,0,0,0,0,0,0,0,0,1,0,0,0
data/external/actions/human_action_recognition/test/004656_calling.jpg,Bingsu/Human_Action_Recognition,calling,1,0,0,0,0,0,0,0,0,0,0,0,0,0,0,0,1,0,0,0
data/external/actions/human_action_recognition/test/004657_calling.jpg,Bingsu/Human_Action_Recognition,calling,1,0,0,0,0,0,0,0,0,0,0,0,0,0,0,0,1,0,0,0
data/external/actions/human_action_recognition/test/004658_calling.jpg,Bingsu/Human_Action_Recognition,calling,1,0,0,0,0,0,0,0,0,0,0,0,0,0,0,0,1,0,0,0
data/external/actions/human_action_recognition/test/004659_calling.jpg,Bingsu/Human_Action_Recognition,calling,1,0,0,0,0,0,0,0,0,0,0,0,0,0,0,0,1,0,0,0
data/external/actions/human_action_recognition/test/004660_calling.jpg,Bingsu/Human_Action_Recognition,calling,1,0,0,0,0,0,0,0,0,0,0,0,0,0,0,0,1,0,0,0
data/external/actions/human_action_recognition/test/004661_calling.jpg,Bingsu/Human_Action_Recognition,calling,1,0,0,0,0,0,0,0,0,0,0,0,0,0,0,0,1,0,0,0
data/external/actions/human_action_recognition/test/004662_calling.jpg,Bingsu/Human_Action_Recognition,calling,1,0,0,0,0,0,0,0,0,0,0,0,0,0,0,0,1,0,0,0
data/external/actions/human_action_recognition/test/004663_calling.jpg,Bingsu/Human_Action_Recognition,calling,1,0,0,0,0,0,0,0,0,0,0,0,0,0,0,0,1,0,0,0
data/external/actions/human_action_recognition/test/004664_calling.jpg,Bingsu/Human_Action_Recognition,calling,1,0,0,0,0,0,0,0,0,0,0,0,0,0,0,0,1,0,0,0
data/external/actions/human_action_recognition/test/004665_calling.jpg,Bingsu/Human_Action_Recognition,calling,1,0,0,0,0,0,0,0,0,0,0,0,0,0,0,0,1,0,0,0
data/external/actions/human_action_recognition/test/004666_calling.jpg,Bingsu/Human_Action_Recognition,calling,1,0,0,0,0,0,0,0,0,0,0,0,0,0,0,0,1,0,0,0
data/external/actions/human_action_recognition/test/004667_calling.jpg,Bingsu/Human_Action_Recognition,calling,1,0,0,0,0,0,0,0,0,0,0,0,0,0,0,0,1,0,0,0
data/external/actions/human_action_recognition/test/004668_calling.jpg,Bingsu/Human_Action_Recognition,calling,1,0,0,0,0,0,0,0,0,0,0,0,0,0,0,0,1,0,0,0
data/external/actions/human_action_recognition/test/004669_calling.jpg,Bingsu/Human_Action_Recognition,calling,1,0,0,0,0,0,0,0,0,0,0,0,0,0,0,0,1,0,0,0
data/external/actions/human_action_recognition/test/004670_calling.jpg,Bingsu/Human_Action_Recognition,calling,1,0,0,0,0,0,0,0,0,0,0,0,0,0,0,0,1,0,0,0
data/external/actions/human_action_recognition/test/004671_calling.jpg,Bingsu/Human_Action_Recognition,calling,1,0,0,0,0,0,0,0,0,0,0,0,0,0,0,0,1,0,0,0
data/external/actions/human_action_recognition/test/004672_calling.jpg,Bingsu/Human_Action_Recognition,calling,1,0,0,0,0,0,0,0,0,0,0,0,0,0,0,0,1,0,0,0
data/external/actions/human_action_recognition/test/004673_calling.jpg,Bingsu/Human_Action_Recognition,calling,1,0,0,0,0,0,0,0,0,0,0,0,0,0,0,0,1,0,0,0
data/external/actions/human_action_recognition/test/004674_calling.jpg,Bingsu/Human_Action_Recognition,calling,1,0,0,0,0,0,0,0,0,0,0,0,0,0,0,0,1,0,0,0
data/external/actions/human_action_recognition/test/004675_calling.jpg,Bingsu/Human_Action_Recognition,calling,1,0,0,0,0,0,0,0,0,0,0,0,0,0,0,0,1,0,0,0
data/external/actions/human_action_recognition/test/004676_calling.jpg,Bingsu/Human_Action_Recognition,calling,1,0,0,0,0,0,0,0,0,0,0,0,0,0,0,0,1,0,0,0
data/external/actions/human_action_recognition/test/004677_calling.jpg,Bingsu/Human_Action_Recognition,calling,1,0,0,0,0,0,0,0,0,0,0,0,0,0,0,0,1,0,0,0
data/external/actions/human_action_recognition/test/004678_calling.jpg,Bingsu/Human_Action_Recognition,calling,1,0,0,0,0,0,0,0,0,0,0,0,0,0,0,0,1,0,0,0
data/external/actions/human_action_recognition/test/004679_calling.jpg,Bingsu/Human_Action_Recognition,calling,1,0,0,0,0,0,0,0,0,0,0,0,0,0,0,0,1,0,0,0
data/external/actions/human_action_recognition/test/004680_calling.jpg,Bingsu/Human_Action_Recognition,calling,1,0,0,0,0,0,0,0,0,0,0,0,0,0,0,0,1,0,0,0
data/external/actions/human_action_recognition/test/004681_calling.jpg,Bingsu/Human_Action_Recognition,calling,1,0,0,0,0,0,0,0,0,0,0,0,0,0,0,0,1,0,0,0
data/external/actions/human_action_recognition/test/004682_calling.jpg,Bingsu/Human_Action_Recognition,calling,1,0,0,0,0,0,0,0,0,0,0,0,0,0,0,0,1,0,0,0
data/external/actions/human_action_recognition/test/004683_calling.jpg,Bingsu/Human_Action_Recognition,calling,1,0,0,0,0,0,0,0,0,0,0,0,0,0,0,0,1,0,0,0
data/external/actions/human_action_recognition/test/004684_calling.jpg,Bingsu/Human_Action_Recognition,calling,1,0,0,0,0,0,0,0,0,0,0,0,0,0,0,0,1,0,0,0
data/external/actions/human_action_recognition/test/004685_calling.jpg,Bingsu/Human_Action_Recognition,calling,1,0,0,0,0,0,0,0,0,0,0,0,0,0,0,0,1,0,0,0
data/external/actions/human_action_recognition/test/004686_calling.jpg,Bingsu/Human_Action_Recognition,calling,1,0,0,0,0,0,0,0,0,0,0,0,0,0,0,0,1,0,0,0
data/external/actions/human_action_recognition/test/004687_calling.jpg,Bingsu/Human_Action_Recognition,calling,1,0,0,0,0,0,0,0,0,0,0,0,0,0,0,0,1,0,0,0
data/external/actions/human_action_recognition/test/004688_calling.jpg,Bingsu/Human_Action_Recognition,calling,1,0,0,0,0,0,0,0,0,0,0,0,0,0,0,0,1,0,0,0
data/external/actions/human_action_recognition/test/004689_calling.jpg,Bingsu/Human_Action_Recognition,calling,1,0,0,0,0,0,0,0,0,0,0,0,0,0,0,0,1,0,0,0
data/external/actions/human_action_recognition/test/004690_calling.jpg,Bingsu/Human_Action_Recognition,calling,1,0,0,0,0,0,0,0,0,0,0,0,0,0,0,0,1,0,0,0
data/external/actions/human_action_recognition/test/004691_calling.jpg,Bingsu/Human_Action_Recognition,calling,1,0,0,0,0,0,0,0,0,0,0,0,0,0,0,0,1,0,0,0
data/external/actions/human_action_recognition/test/004692_calling.jpg,Bingsu/Human_Action_Recognition,calling,1,0,0,0,0,0,0,0,0,0,0,0,0,0,0,0,1,0,0,0
data/external/actions/human_action_recognition/test/004693_calling.jpg,Bingsu/Human_Action_Recognition,calling,1,0,0,0,0,0,0,0,0,0,0,0,0,0,0,0,1,0,0,0
data/external/actions/human_action_recognition/test/004694_calling.jpg,Bingsu/Human_Action_Recognition,calling,1,0,0,0,0,0,0,0,0,0,0,0,0,0,0,0,1,0,0,0
data/external/actions/human_action_recognition/test/004695_calling.jpg,Bingsu/Human_Action_Recognition,calling,1,0,0,0,0,0,0,0,0,0,0,0,0,0,0,0,1,0,0,0
data/external/actions/human_action_recognition/test/004696_calling.jpg,Bingsu/Human_Action_Recognition,calling,1,0,0,0,0,0,0,0,0,0,0,0,0,0,0,0,1,0,0,0
data/external/actions/human_action_recognition/test/004697_calling.jpg,Bingsu/Human_Action_Recognition,calling,1,0,0,0,0,0,0,0,0,0,0,0,0,0,0,0,1,0,0,0
data/external/actions/human_action_recognition/test/004698_calling.jpg,Bingsu/Human_Action_Recognition,calling,1,0,0,0,0,0,0,0,0,0,0,0,0,0,0,0,1,0,0,0
data/external/actions/human_action_recognition/test/004699_calling.jpg,Bingsu/Human_Action_Recognition,calling,1,0,0,0,0,0,0,0,0,0,0,0,0,0,0,0,1,0,0,0
data/external/actions/human_action_recognition/test/004700_calling.jpg,Bingsu/Human_Action_Recognition,calling,1,0,0,0,0,0,0,0,0,0,0,0,0,0,0,0,1,0,0,0
data/external/actions/human_action_recognition/test/004701_calling.jpg,Bingsu/Human_Action_Recognition,calling,1,0,0,0,0,0,0,0,0,0,0,0,0,0,0,0,1,0,0,0
data/external/actions/human_action_recognition/test/004702_calling.jpg,Bingsu/Human_Action_Recognition,calling,1,0,0,0,0,0,0,0,0,0,0,0,0,0,0,0,1,0,0,0
data/external/actions/human_action_recognition/test/004703_calling.jpg,Bingsu/Human_Action_Recognition,calling,1,0,0,0,0,0,0,0,0,0,0,0,0,0,0,0,1,0,0,0
data/external/actions/human_action_recognition/test/004704_calling.jpg,Bingsu/Human_Action_Recognition,calling,1,0,0,0,0,0,0,0,0,0,0,0,0,0,0,0,1,0,0,0
data/external/actions/human_action_recognition/test/004705_calling.jpg,Bingsu/Human_Action_Recognition,calling,1,0,0,0,0,0,0,0,0,0,0,0,0,0,0,0,1,0,0,0
data/external/actions/human_action_recognition/test/004706_calling.jpg,Bingsu/Human_Action_Recognition,calling,1,0,0,0,0,0,0,0,0,0,0,0,0,0,0,0,1,0,0,0
data/external/actions/human_action_recognition/test/004707_calling.jpg,Bingsu/Human_Action_Recognition,calling,1,0,0,0,0,0,0,0,0,0,0,0,0,0,0,0,1,0,0,0
data/external/actions/human_action_recognition/test/004708_calling.jpg,Bingsu/Human_Action_Recognition,calling,1,0,0,0,0,0,0,0,0,0,0,0,0,0,0,0,1,0,0,0
data/external/actions/human_action_recognition/test/004709_calling.jpg,Bingsu/Human_Action_Recognition,calling,1,0,0,0,0,0,0,0,0,0,0,0,0,0,0,0,1,0,0,0
data/external/actions/human_action_recognition/test/004710_calling.jpg,Bingsu/Human_Action_Recognition,calling,1,0,0,0,0,0,0,0,0,0,0,0,0,0,0,0,1,0,0,0
data/external/actions/human_action_recognition/test/004711_calling.jpg,Bingsu/Human_Action_Recognition,calling,1,0,0,0,0,0,0,0,0,0,0,0,0,0,0,0,1,0,0,0
data/external/actions/human_action_recognition/test/004712_calling.jpg,Bingsu/Human_Action_Recognition,calling,1,0,0,0,0,0,0,0,0,0,0,0,0,0,0,0,1,0,0,0
data/external/actions/human_action_recognition/test/004713_calling.jpg,Bingsu/Human_Action_Recognition,calling,1,0,0,0,0,0,0,0,0,0,0,0,0,0,0,0,1,0,0,0
data/external/actions/human_action_recognition/test/004714_calling.jpg,Bingsu/Human_Action_Recognition,calling,1,0,0,0,0,0,0,0,0,0,0,0,0,0,0,0,1,0,0,0
data/external/actions/human_action_recognition/test/004715_calling.jpg,Bingsu/Human_Action_Recognition,calling,1,0,0,0,0,0,0,0,0,0,0,0,0,0,0,0,1,0,0,0
data/external/actions/human_action_recognition/test/004716_calling.jpg,Bingsu/Human_Action_Recognition,calling,1,0,0,0,0,0,0,0,0,0,0,0,0,0,0,0,1,0,0,0
data/external/actions/human_action_recognition/test/004717_calling.jpg,Bingsu/Human_Action_Recognition,calling,1,0,0,0,0,0,0,0,0,0,0,0,0,0,0,0,1,0,0,0
data/external/actions/human_action_recognition/test/004718_calling.jpg,Bingsu/Human_Action_Recognition,calling,1,0,0,0,0,0,0,0,0,0,0,0,0,0,0,0,1,0,0,0
data/external/actions/human_action_recognition/test/004719_calling.jpg,Bingsu/Human_Action_Recognition,calling,1,0,0,0,0,0,0,0,0,0,0,0,0,0,0,0,1,0,0,0
data/external/actions/human_action_recognition/test/004720_calling.jpg,Bingsu/Human_Action_Recognition,calling,1,0,0,0,0,0,0,0,0,0,0,0,0,0,0,0,1,0,0,0
data/external/actions/human_action_recognition/test/004721_calling.jpg,Bingsu/Human_Action_Recognition,calling,1,0,0,0,0,0,0,0,0,0,0,0,0,0,0,0,1,0,0,0
data/external/actions/human_action_recognition/test/004722_calling.jpg,Bingsu/Human_Action_Recognition,calling,1,0,0,0,0,0,0,0,0,0,0,0,0,0,0,0,1,0,0,0
data/external/actions/human_action_recognition/test/004723_calling.jpg,Bingsu/Human_Action_Recognition,calling,1,0,0,0,0,0,0,0,0,0,0,0,0,0,0,0,1,0,0,0
data/external/actions/human_action_recognition/test/004724_calling.jpg,Bingsu/Human_Action_Recognition,calling,1,0,0,0,0,0,0,0,0,0,0,0,0,0,0,0,1,0,0,0
data/external/actions/human_action_recognition/test/004725_calling.jpg,Bingsu/Human_Action_Recognition,calling,1,0,0,0,0,0,0,0,0,0,0,0,0,0,0,0,1,0,0,0
data/external/actions/human_action_recognition/test/004726_calling.jpg,Bingsu/Human_Action_Recognition,calling,1,0,0,0,0,0,0,0,0,0,0,0,0,0,0,0,1,0,0,0
data/external/actions/human_action_recognition/test/004727_calling.jpg,Bingsu/Human_Action_Recognition,calling,1,0,0,0,0,0,0,0,0,0,0,0,0,0,0,0,1,0,0,0
data/external/actions/human_action_recognition/test/004728_calling.jpg,Bingsu/Human_Action_Recognition,calling,1,0,0,0,0,0,0,0,0,0,0,0,0,0,0,0,1,0,0,0
data/external/actions/human_action_recognition/test/004729_calling.jpg,Bingsu/Human_Action_Recognition,calling,1,0,0,0,0,0,0,0,0,0,0,0,0,0,0,0,1,0,0,0
data/external/actions/human_action_recognition/test/004730_calling.jpg,Bingsu/Human_Action_Recognition,calling,1,0,0,0,0,0,0,0,0,0,0,0,0,0,0,0,1,0,0,0
data/external/actions/human_action_recognition/test/004731_calling.jpg,Bingsu/Human_Action_Recognition,calling,1,0,0,0,0,0,0,0,0,0,0,0,0,0,0,0,1,0,0,0
data/external/actions/human_action_recognition/test/004732_calling.jpg,Bingsu/Human_Action_Recognition,calling,1,0,0,0,0,0,0,0,0,0,0,0,0,0,0,0,1,0,0,0
data/external/actions/human_action_recognition/test/004733_calling.jpg,Bingsu/Human_Action_Recognition,calling,1,0,0,0,0,0,0,0,0,0,0,0,0,0,0,0,1,0,0,0
data/external/actions/human_action_recognition/test/004734_calling.jpg,Bingsu/Human_Action_Recognition,calling,1,0,0,0,0,0,0,0,0,0,0,0,0,0,0,0,1,0,0,0
data/external/actions/human_action_recognition/test/004735_calling.jpg,Bingsu/Human_Action_Recognition,calling,1,0,0,0,0,0,0,0,0,0,0,0,0,0,0,0,1,0,0,0
data/external/actions/human_action_recognition/test/004736_calling.jpg,Bingsu/Human_Action_Recognition,calling,1,0,0,0,0,0,0,0,0,0,0,0,0,0,0,0,1,0,0,0
data/external/actions/human_action_recognition/test/004737_calling.jpg,Bingsu/Human_Action_Recognition,calling,1,0,0,0,0,0,0,0,0,0,0,0,0,0,0,0,1,0,0,0
data/external/actions/human_action_recognition/test/004738_calling.jpg,Bingsu/Human_Action_Recognition,calling,1,0,0,0,0,0,0,0,0,0,0,0,0,0,0,0,1,0,0,0
data/external/actions/human_action_recognition/test/004739_calling.jpg,Bingsu/Human_Action_Recognition,calling,1,0,0,0,0,0,0,0,0,0,0,0,0,0,0,0,1,0,0,0
data/external/actions/human_action_recognition/test/004740_calling.jpg,Bingsu/Human_Action_Recognition,calling,1,0,0,0,0,0,0,0,0,0,0,0,0,0,0,0,1,0,0,0
data/external/actions/human_action_recognition/test/004741_calling.jpg,Bingsu/Human_Action_Recognition,calling,1,0,0,0,0,0,0,0,0,0,0,0,0,0,0,0,1,0,0,0
data/external/actions/human_action_recognition/test/004742_calling.jpg,Bingsu/Human_Action_Recognition,calling,1,0,0,0,0,0,0,0,0,0,0,0,0,0,0,0,1,0,0,0
data/external/actions/human_action_recognition/test/004743_calling.jpg,Bingsu/Human_Action_Recognition,calling,1,0,0,0,0,0,0,0,0,0,0,0,0,0,0,0,1,0,0,0
data/external/actions/human_action_recognition/test/004744_calling.jpg,Bingsu/Human_Action_Recognition,calling,1,0,0,0,0,0,0,0,0,0,0,0,0,0,0,0,1,0,0,0
data/external/actions/human_action_recognition/test/004745_calling.jpg,Bingsu/Human_Action_Recognition,calling,1,0,0,0,0,0,0,0,0,0,0,0,0,0,0,0,1,0,0,0
data/external/actions/human_action_recognition/test/004746_calling.jpg,Bingsu/Human_Action_Recognition,calling,1,0,0,0,0,0,0,0,0,0,0,0,0,0,0,0,1,0,0,0
data/external/actions/human_action_recognition/test/004747_calling.jpg,Bingsu/Human_Action_Recognition,calling,1,0,0,0,0,0,0,0,0,0,0,0,0,0,0,0,1,0,0,0
data/external/actions/human_action_recognition/test/004748_calling.jpg,Bingsu/Human_Action_Recognition,calling,1,0,0,0,0,0,0,0,0,0,0,0,0,0,0,0,1,0,0,0
data/external/actions/human_action_recognition/test/004749_calling.jpg,Bingsu/Human_Action_Recognition,calling,1,0,0,0,0,0,0,0,0,0,0,0,0,0,0,0,1,0,0,0
data/external/actions/human_action_recognition/test/004750_calling.jpg,Bingsu/Human_Action_Recognition,calling,1,0,0,0,0,0,0,0,0,0,0,0,0,0,0,0,1,0,0,0
data/external/actions/human_action_recognition/test/004751_calling.jpg,Bingsu/Human_Action_Recognition,calling,1,0,0,0,0,0,0,0,0,0,0,0,0,0,0,0,1,0,0,0
data/external/actions/human_action_recognition/test/004752_calling.jpg,Bingsu/Human_Action_Recognition,calling,1,0,0,0,0,0,0,0,0,0,0,0,0,0,0,0,1,0,0,0
data/external/actions/human_action_recognition/test/004753_calling.jpg,Bingsu/Human_Action_Recognition,calling,1,0,0,0,0,0,0,0,0,0,0,0,0,0,0,0,1,0,0,0
data/external/actions/human_action_recognition/test/004754_calling.jpg,Bingsu/Human_Action_Recognition,calling,1,0,0,0,0,0,0,0,0,0,0,0,0,0,0,0,1,0,0,0
data/external/actions/human_action_recognition/test/004755_calling.jpg,Bingsu/Human_Action_Recognition,calling,1,0,0,0,0,0,0,0,0,0,0,0,0,0,0,0,1,0,0,0
data/external/actions/human_action_recognition/test/004756_calling.jpg,Bingsu/Human_Action_Recognition,calling,1,0,0,0,0,0,0,0,0,0,0,0,0,0,0,0,1,0,0,0
data/external/actions/human_action_recognition/test/004757_calling.jpg,Bingsu/Human_Action_Recognition,calling,1,0,0,0,0,0,0,0,0,0,0,0,0,0,0,0,1,0,0,0
data/external/actions/human_action_recognition/test/004758_calling.jpg,Bingsu/Human_Action_Recognition,calling,1,0,0,0,0,0,0,0,0,0,0,0,0,0,0,0,1,0,0,0
data/external/actions/human_action_recognition/test/004759_calling.jpg,Bingsu/Human_Action_Recognition,calling,1,0,0,0,0,0,0,0,0,0,0,0,0,0,0,0,1,0,0,0
data/external/actions/human_action_recognition/test/004760_calling.jpg,Bingsu/Human_Action_Recognition,calling,1,0,0,0,0,0,0,0,0,0,0,0,0,0,0,0,1,0,0,0
data/external/actions/human_action_recognition/test/004761_calling.jpg,Bingsu/Human_Action_Recognition,calling,1,0,0,0,0,0,0,0,0,0,0,0,0,0,0,0,1,0,0,0
data/external/actions/human_action_recognition/test/004762_calling.jpg,Bingsu/Human_Action_Recognition,calling,1,0,0,0,0,0,0,0,0,0,0,0,0,0,0,0,1,0,0,0
data/external/actions/human_action_recognition/test/004763_calling.jpg,Bingsu/Human_Action_Recognition,calling,1,0,0,0,0,0,0,0,0,0,0,0,0,0,0,0,1,0,0,0
data/external/actions/human_action_recognition/test/004764_calling.jpg,Bingsu/Human_Action_Recognition,calling,1,0,0,0,0,0,0,0,0,0,0,0,0,0,0,0,1,0,0,0
data/external/actions/human_action_recognition/test/004765_calling.jpg,Bingsu/Human_Action_Recognition,calling,1,0,0,0,0,0,0,0,0,0,0,0,0,0,0,0,1,0,0,0
data/external/actions/human_action_recognition/test/004766_calling.jpg,Bingsu/Human_Action_Recognition,calling,1,0,0,0,0,0,0,0,0,0,0,0,0,0,0,0,1,0,0,0
data/external/actions/human_action_recognition/test/004767_calling.jpg,Bingsu/Human_Action_Recognition,calling,1,0,0,0,0,0,0,0,0,0,0,0,0,0,0,0,1,0,0,0
data/external/actions/human_action_recognition/test/004768_calling.jpg,Bingsu/Human_Action_Recognition,calling,1,0,0,0,0,0,0,0,0,0,0,0,0,0,0,0,1,0,0,0
data/external/actions/human_action_recognition/test/004769_calling.jpg,Bingsu/Human_Action_Recognition,calling,1,0,0,0,0,0,0,0,0,0,0,0,0,0,0,0,1,0,0,0
data/external/actions/human_action_recognition/test/004770_calling.jpg,Bingsu/Human_Action_Recognition,calling,1,0,0,0,0,0,0,0,0,0,0,0,0,0,0,0,1,0,0,0
data/external/actions/human_action_recognition/test/004771_calling.jpg,Bingsu/Human_Action_Recognition,calling,1,0,0,0,0,0,0,0,0,0,0,0,0,0,0,0,1,0,0,0
data/external/actions/human_action_recognition/test/004772_calling.jpg,Bingsu/Human_Action_Recognition,calling,1,0,0,0,0,0,0,0,0,0,0,0,0,0,0,0,1,0,0,0
data/external/actions/human_action_recognition/test/004773_calling.jpg,Bingsu/Human_Action_Recognition,calling,1,0,0,0,0,0,0,0,0,0,0,0,0,0,0,0,1,0,0,0
data/external/actions/human_action_recognition/test/004774_calling.jpg,Bingsu/Human_Action_Recognition,calling,1,0,0,0,0,0,0,0,0,0,0,0,0,0,0,0,1,0,0,0
data/external/actions/human_action_recognition/test/004775_calling.jpg,Bingsu/Human_Action_Recognition,calling,1,0,0,0,0,0,0,0,0,0,0,0,0,0,0,0,1,0,0,0
data/external/actions/human_action_recognition/test/004776_calling.jpg,Bingsu/Human_Action_Recognition,calling,1,0,0,0,0,0,0,0,0,0,0,0,0,0,0,0,1,0,0,0
data/external/actions/human_action_recognition/test/004777_calling.jpg,Bingsu/Human_Action_Recognition,calling,1,0,0,0,0,0,0,0,0,0,0,0,0,0,0,0,1,0,0,0
data/external/actions/human_action_recognition/test/004778_calling.jpg,Bingsu/Human_Action_Recognition,calling,1,0,0,0,0,0,0,0,0,0,0,0,0,0,0,0,1,0,0,0
data/external/actions/human_action_recognition/test/004779_calling.jpg,Bingsu/Human_Action_Recognition,calling,1,0,0,0,0,0,0,0,0,0,0,0,0,0,0,0,1,0,0,0
data/external/actions/human_action_recognition/test/004780_calling.jpg,Bingsu/Human_Action_Recognition,calling,1,0,0,0,0,0,0,0,0,0,0,0,0,0,0,0,1,0,0,0
data/external/actions/human_action_recognition/test/004781_calling.jpg,Bingsu/Human_Action_Recognition,calling,1,0,0,0,0,0,0,0,0,0,0,0,0,0,0,0,1,0,0,0
data/external/actions/human_action_recognition/test/004782_calling.jpg,Bingsu/Human_Action_Recognition,calling,1,0,0,0,0,0,0,0,0,0,0,0,0,0,0,0,1,0,0,0
data/external/actions/human_action_recognition/test/004783_calling.jpg,Bingsu/Human_Action_Recognition,calling,1,0,0,0,0,0,0,0,0,0,0,0,0,0,0,0,1,0,0,0
data/external/actions/human_action_recognition/test/004784_calling.jpg,Bingsu/Human_Action_Recognition,calling,1,0,0,0,0,0,0,0,0,0,0,0,0,0,0,0,1,0,0,0
data/external/actions/human_action_recognition/test/004785_calling.jpg,Bingsu/Human_Action_Recognition,calling,1,0,0,0,0,0,0,0,0,0,0,0,0,0,0,0,1,0,0,0
data/external/actions/human_action_recognition/test/004786_calling.jpg,Bingsu/Human_Action_Recognition,calling,1,0,0,0,0,0,0,0,0,0,0,0,0,0,0,0,1,0,0,0
data/external/actions/human_action_recognition/test/004787_calling.jpg,Bingsu/Human_Action_Recognition,calling,1,0,0,0,0,0,0,0,0,0,0,0,0,0,0,0,1,0,0,0
data/external/actions/human_action_recognition/test/004788_calling.jpg,Bingsu/Human_Action_Recognition,calling,1,0,0,0,0,0,0,0,0,0,0,0,0,0,0,0,1,0,0,0
data/external/actions/human_action_recognition/test/004789_calling.jpg,Bingsu/Human_Action_Recognition,calling,1,0,0,0,0,0,0,0,0,0,0,0,0,0,0,0,1,0,0,0
data/external/actions/human_action_recognition/test/004790_calling.jpg,Bingsu/Human_Action_Recognition,calling,1,0,0,0,0,0,0,0,0,0,0,0,0,0,0,0,1,0,0,0
data/external/actions/human_action_recognition/test/004791_calling.jpg,Bingsu/Human_Action_Recognition,calling,1,0,0,0,0,0,0,0,0,0,0,0,0,0,0,0,1,0,0,0
data/external/actions/human_action_recognition/test/004792_calling.jpg,Bingsu/Human_Action_Recognition,calling,1,0,0,0,0,0,0,0,0,0,0,0,0,0,0,0,1,0,0,0
data/external/actions/human_action_recognition/test/004793_calling.jpg,Bingsu/Human_Action_Recognition,calling,1,0,0,0,0,0,0,0,0,0,0,0,0,0,0,0,1,0,0,0
data/external/actions/human_action_recognition/test/004794_calling.jpg,Bingsu/Human_Action_Recognition,calling,1,0,0,0,0,0,0,0,0,0,0,0,0,0,0,0,1,0,0,0
data/external/actions/human_action_recognition/test/004795_calling.jpg,Bingsu/Human_Action_Recognition,calling,1,0,0,0,0,0,0,0,0,0,0,0,0,0,0,0,1,0,0,0
data/external/actions/human_action_recognition/test/004796_calling.jpg,Bingsu/Human_Action_Recognition,calling,1,0,0,0,0,0,0,0,0,0,0,0,0,0,0,0,1,0,0,0
data/external/actions/human_action_recognition/test/004797_calling.jpg,Bingsu/Human_Action_Recognition,calling,1,0,0,0,0,0,0,0,0,0,0,0,0,0,0,0,1,0,0,0
data/external/actions/human_action_recognition/test/004798_calling.jpg,Bingsu/Human_Action_Recognition,calling,1,0,0,0,0,0,0,0,0,0,0,0,0,0,0,0,1,0,0,0
data/external/actions/human_action_recognition/test/004799_calling.jpg,Bingsu/Human_Action_Recognition,calling,1,0,0,0,0,0,0,0,0,0,0,0,0,0,0,0,1,0,0,0
data/external/actions/human_action_recognition/test/004800_calling.jpg,Bingsu/Human_Action_Recognition,calling,1,0,0,0,0,0,0,0,0,0,0,0,0,0,0,0,1,0,0,0
data/external/actions/human_action_recognition/test/004801_calling.jpg,Bingsu/Human_Action_Recognition,calling,1,0,0,0,0,0,0,0,0,0,0,0,0,0,0,0,1,0,0,0
data/external/actions/human_action_recognition/test/004802_calling.jpg,Bingsu/Human_Action_Recognition,calling,1,0,0,0,0,0,0,0,0,0,0,0,0,0,0,0,1,0,0,0
data/external/actions/human_action_recognition/test/004803_calling.jpg,Bingsu/Human_Action_Recognition,calling,1,0,0,0,0,0,0,0,0,0,0,0,0,0,0,0,1,0,0,0
data/external/actions/human_action_recognition/test/004804_calling.jpg,Bingsu/Human_Action_Recognition,calling,1,0,0,0,0,0,0,0,0,0,0,0,0,0,0,0,1,0,0,0
data/external/actions/human_action_recognition/test/004805_calling.jpg,Bingsu/Human_Action_Recognition,calling,1,0,0,0,0,0,0,0,0,0,0,0,0,0,0,0,1,0,0,0
data/external/actions/human_action_recognition/test/004806_calling.jpg,Bingsu/Human_Action_Recognition,calling,1,0,0,0,0,0,0,0,0,0,0,0,0,0,0,0,1,0,0,0
data/external/actions/human_action_recognition/test/004807_calling.jpg,Bingsu/Human_Action_Recognition,calling,1,0,0,0,0,0,0,0,0,0,0,0,0,0,0,0,1,0,0,0
data/external/actions/human_action_recognition/test/004808_calling.jpg,Bingsu/Human_Action_Recognition,calling,1,0,0,0,0,0,0,0,0,0,0,0,0,0,0,0,1,0,0,0
data/external/actions/human_action_recognition/test/004809_calling.jpg,Bingsu/Human_Action_Recognition,calling,1,0,0,0,0,0,0,0,0,0,0,0,0,0,0,0,1,0,0,0
data/external/actions/human_action_recognition/test/004810_calling.jpg,Bingsu/Human_Action_Recognition,calling,1,0,0,0,0,0,0,0,0,0,0,0,0,0,0,0,1,0,0,0
data/external/actions/human_action_recognition/test/004811_calling.jpg,Bingsu/Human_Action_Recognition,calling,1,0,0,0,0,0,0,0,0,0,0,0,0,0,0,0,1,0,0,0
data/external/actions/human_action_recognition/test/004812_calling.jpg,Bingsu/Human_Action_Recognition,calling,1,0,0,0,0,0,0,0,0,0,0,0,0,0,0,0,1,0,0,0
data/external/actions/human_action_recognition/test/004813_calling.jpg,Bingsu/Human_Action_Recognition,calling,1,0,0,0,0,0,0,0,0,0,0,0,0,0,0,0,1,0,0,0
data/external/actions/human_action_recognition/test/004814_calling.jpg,Bingsu/Human_Action_Recognition,calling,1,0,0,0,0,0,0,0,0,0,0,0,0,0,0,0,1,0,0,0
data/external/actions/human_action_recognition/test/004815_calling.jpg,Bingsu/Human_Action_Recognition,calling,1,0,0,0,0,0,0,0,0,0,0,0,0,0,0,0,1,0,0,0
data/external/actions/human_action_recognition/test/004816_calling.jpg,Bingsu/Human_Action_Recognition,calling,1,0,0,0,0,0,0,0,0,0,0,0,0,0,0,0,1,0,0,0
data/external/actions/human_action_recognition/test/004817_calling.jpg,Bingsu/Human_Action_Recognition,calling,1,0,0,0,0,0,0,0,0,0,0,0,0,0,0,0,1,0,0,0
data/external/actions/human_action_recognition/test/004818_calling.jpg,Bingsu/Human_Action_Recognition,calling,1,0,0,0,0,0,0,0,0,0,0,0,0,0,0,0,1,0,0,0
data/external/actions/human_action_recognition/test/004819_calling.jpg,Bingsu/Human_Action_Recognition,calling,1,0,0,0,0,0,0,0,0,0,0,0,0,0,0,0,1,0,0,0
data/external/actions/human_action_recognition/test/004820_calling.jpg,Bingsu/Human_Action_Recognition,calling,1,0,0,0,0,0,0,0,0,0,0,0,0,0,0,0,1,0,0,0
data/external/actions/human_action_recognition/test/004821_calling.jpg,Bingsu/Human_Action_Recognition,calling,1,0,0,0,0,0,0,0,0,0,0,0,0,0,0,0,1,0,0,0
data/external/actions/human_action_recognition/test/004822_calling.jpg,Bingsu/Human_Action_Recognition,calling,1,0,0,0,0,0,0,0,0,0,0,0,0,0,0,0,1,0,0,0
data/external/actions/human_action_recognition/test/004823_calling.jpg,Bingsu/Human_Action_Recognition,calling,1,0,0,0,0,0,0,0,0,0,0,0,0,0,0,0,1,0,0,0
data/external/actions/human_action_recognition/test/004824_calling.jpg,Bingsu/Human_Action_Recognition,calling,1,0,0,0,0,0,0,0,0,0,0,0,0,0,0,0,1,0,0,0
data/external/actions/human_action_recognition/test/004825_calling.jpg,Bingsu/Human_Action_Recognition,calling,1,0,0,0,0,0,0,0,0,0,0,0,0,0,0,0,1,0,0,0
data/external/actions/human_action_recognition/test/004826_calling.jpg,Bingsu/Human_Action_Recognition,calling,1,0,0,0,0,0,0,0,0,0,0,0,0,0,0,0,1,0,0,0
data/external/actions/human_action_recognition/test/004827_calling.jpg,Bingsu/Human_Action_Recognition,calling,1,0,0,0,0,0,0,0,0,0,0,0,0,0,0,0,1,0,0,0
data/external/actions/human_action_recognition/test/004828_calling.jpg,Bingsu/Human_Action_Recognition,calling,1,0,0,0,0,0,0,0,0,0,0,0,0,0,0,0,1,0,0,0
data/external/actions/human_action_recognition/test/004829_calling.jpg,Bingsu/Human_Action_Recognition,calling,1,0,0,0,0,0,0,0,0,0,0,0,0,0,0,0,1,0,0,0
data/external/actions/human_action_recognition/test/004830_calling.jpg,Bingsu/Human_Action_Recognition,calling,1,0,0,0,0,0,0,0,0,0,0,0,0,0,0,0,1,0,0,0
data/external/actions/human_action_recognition/test/004831_calling.jpg,Bingsu/Human_Action_Recognition,calling,1,0,0,0,0,0,0,0,0,0,0,0,0,0,0,0,1,0,0,0
data/external/actions/human_action_recognition/test/004832_calling.jpg,Bingsu/Human_Action_Recognition,calling,1,0,0,0,0,0,0,0,0,0,0,0,0,0,0,0,1,0,0,0
data/external/actions/human_action_recognition/test/004833_calling.jpg,Bingsu/Human_Action_Recognition,calling,1,0,0,0,0,0,0,0,0,0,0,0,0,0,0,0,1,0,0,0
data/external/actions/human_action_recognition/test/004834_calling.jpg,Bingsu/Human_Action_Recognition,calling,1,0,0,0,0,0,0,0,0,0,0,0,0,0,0,0,1,0,0,0
data/external/actions/human_action_recognition/test/004835_calling.jpg,Bingsu/Human_Action_Recognition,calling,1,0,0,0,0,0,0,0,0,0,0,0,0,0,0,0,1,0,0,0
data/external/actions/human_action_recognition/test/004836_calling.jpg,Bingsu/Human_Action_Recognition,calling,1,0,0,0,0,0,0,0,0,0,0,0,0,0,0,0,1,0,0,0
data/external/actions/human_action_recognition/test/004837_calling.jpg,Bingsu/Human_Action_Recognition,calling,1,0,0,0,0,0,0,0,0,0,0,0,0,0,0,0,1,0,0,0
data/external/actions/human_action_recognition/test/004838_calling.jpg,Bingsu/Human_Action_Recognition,calling,1,0,0,0,0,0,0,0,0,0,0,0,0,0,0,0,1,0,0,0
data/external/actions/human_action_recognition/test/004839_calling.jpg,Bingsu/Human_Action_Recognition,calling,1,0,0,0,0,0,0,0,0,0,0,0,0,0,0,0,1,0,0,0
data/external/actions/human_action_recognition/test/004840_calling.jpg,Bingsu/Human_Action_Recognition,calling,1,0,0,0,0,0,0,0,0,0,0,0,0,0,0,0,1,0,0,0
data/external/actions/human_action_recognition/test/004841_calling.jpg,Bingsu/Human_Action_Recognition,calling,1,0,0,0,0,0,0,0,0,0,0,0,0,0,0,0,1,0,0,0
data/external/actions/human_action_recognition/test/004842_calling.jpg,Bingsu/Human_Action_Recognition,calling,1,0,0,0,0,0,0,0,0,0,0,0,0,0,0,0,1,0,0,0
data/external/actions/human_action_recognition/test/004843_calling.jpg,Bingsu/Human_Action_Recognition,calling,1,0,0,0,0,0,0,0,0,0,0,0,0,0,0,0,1,0,0,0
data/external/actions/human_action_recognition/test/004844_calling.jpg,Bingsu/Human_Action_Recognition,calling,1,0,0,0,0,0,0,0,0,0,0,0,0,0,0,0,1,0,0,0
data/external/actions/human_action_recognition/test/004845_calling.jpg,Bingsu/Human_Action_Recognition,calling,1,0,0,0,0,0,0,0,0,0,0,0,0,0,0,0,1,0,0,0
data/external/actions/human_action_recognition/test/004846_calling.jpg,Bingsu/Human_Action_Recognition,calling,1,0,0,0,0,0,0,0,0,0,0,0,0,0,0,0,1,0,0,0
data/external/actions/human_action_recognition/test/004847_calling.jpg,Bingsu/Human_Action_Recognition,calling,1,0,0,0,0,0,0,0,0,0,0,0,0,0,0,0,1,0,0,0
data/external/actions/human_action_recognition/test/004848_calling.jpg,Bingsu/Human_Action_Recognition,calling,1,0,0,0,0,0,0,0,0,0,0,0,0,0,0,0,1,0,0,0
data/external/actions/human_action_recognition/test/004849_calling.jpg,Bingsu/Human_Action_Recognition,calling,1,0,0,0,0,0,0,0,0,0,0,0,0,0,0,0,1,0,0,0
data/external/actions/human_action_recognition/test/004850_calling.jpg,Bingsu/Human_Action_Recognition,calling,1,0,0,0,0,0,0,0,0,0,0,0,0,0,0,0,1,0,0,0
data/external/actions/human_action_recognition/test/004851_calling.jpg,Bingsu/Human_Action_Recognition,calling,1,0,0,0,0,0,0,0,0,0,0,0,0,0,0,0,1,0,0,0
data/external/actions/human_action_recognition/test/004852_calling.jpg,Bingsu/Human_Action_Recognition,calling,1,0,0,0,0,0,0,0,0,0,0,0,0,0,0,0,1,0,0,0
data/external/actions/human_action_recognition/test/004853_calling.jpg,Bingsu/Human_Action_Recognition,calling,1,0,0,0,0,0,0,0,0,0,0,0,0,0,0,0,1,0,0,0
data/external/actions/human_action_recognition/test/004854_calling.jpg,Bingsu/Human_Action_Recognition,calling,1,0,0,0,0,0,0,0,0,0,0,0,0,0,0,0,1,0,0,0
data/external/actions/human_action_recognition/test/004855_calling.jpg,Bingsu/Human_Action_Recognition,calling,1,0,0,0,0,0,0,0,0,0,0,0,0,0,0,0,1,0,0,0
data/external/actions/human_action_recognition/test/004856_calling.jpg,Bingsu/Human_Action_Recognition,calling,1,0,0,0,0,0,0,0,0,0,0,0,0,0,0,0,1,0,0,0
data/external/actions/human_action_recognition/test/004857_calling.jpg,Bingsu/Human_Action_Recognition,calling,1,0,0,0,0,0,0,0,0,0,0,0,0,0,0,0,1,0,0,0
data/external/actions/human_action_recognition/test/004858_calling.jpg,Bingsu/Human_Action_Recognition,calling,1,0,0,0,0,0,0,0,0,0,0,0,0,0,0,0,1,0,0,0
data/external/actions/human_action_recognition/test/004859_calling.jpg,Bingsu/Human_Action_Recognition,calling,1,0,0,0,0,0,0,0,0,0,0,0,0,0,0,0,1,0,0,0
data/external/actions/human_action_recognition/test/004860_calling.jpg,Bingsu/Human_Action_Recognition,calling,1,0,0,0,0,0,0,0,0,0,0,0,0,0,0,0,1,0,0,0
data/external/actions/human_action_recognition/test/004861_calling.jpg,Bingsu/Human_Action_Recognition,calling,1,0,0,0,0,0,0,0,0,0,0,0,0,0,0,0,1,0,0,0
data/external/actions/human_action_recognition/test/004862_calling.jpg,Bingsu/Human_Action_Recognition,calling,1,0,0,0,0,0,0,0,0,0,0,0,0,0,0,0,1,0,0,0
data/external/actions/human_action_recognition/test/004863_calling.jpg,Bingsu/Human_Action_Recognition,calling,1,0,0,0,0,0,0,0,0,0,0,0,0,0,0,0,1,0,0,0
data/external/actions/human_action_recognition/test/004864_calling.jpg,Bingsu/Human_Action_Recognition,calling,1,0,0,0,0,0,0,0,0,0,0,0,0,0,0,0,1,0,0,0
data/external/actions/human_action_recognition/test/004865_calling.jpg,Bingsu/Human_Action_Recognition,calling,1,0,0,0,0,0,0,0,0,0,0,0,0,0,0,0,1,0,0,0
data/external/actions/human_action_recognition/test/004866_calling.jpg,Bingsu/Human_Action_Recognition,calling,1,0,0,0,0,0,0,0,0,0,0,0,0,0,0,0,1,0,0,0
data/external/actions/human_action_recognition/test/004867_calling.jpg,Bingsu/Human_Action_Recognition,calling,1,0,0,0,0,0,0,0,0,0,0,0,0,0,0,0,1,0,0,0
data/external/actions/human_action_recognition/test/004868_calling.jpg,Bingsu/Human_Action_Recognition,calling,1,0,0,0,0,0,0,0,0,0,0,0,0,0,0,0,1,0,0,0
data/external/actions/human_action_recognition/test/004869_calling.jpg,Bingsu/Human_Action_Recognition,calling,1,0,0,0,0,0,0,0,0,0,0,0,0,0,0,0,1,0,0,0
data/external/actions/human_action_recognition/test/004870_calling.jpg,Bingsu/Human_Action_Recognition,calling,1,0,0,0,0,0,0,0,0,0,0,0,0,0,0,0,1,0,0,0
data/external/actions/human_action_recognition/test/004871_calling.jpg,Bingsu/Human_Action_Recognition,calling,1,0,0,0,0,0,0,0,0,0,0,0,0,0,0,0,1,0,0,0
data/external/actions/human_action_recognition/test/004872_calling.jpg,Bingsu/Human_Action_Recognition,calling,1,0,0,0,0,0,0,0,0,0,0,0,0,0,0,0,1,0,0,0
data/external/actions/human_action_recognition/test/004873_calling.jpg,Bingsu/Human_Action_Recognition,calling,1,0,0,0,0,0,0,0,0,0,0,0,0,0,0,0,1,0,0,0
data/external/actions/human_action_recognition/test/004874_calling.jpg,Bingsu/Human_Action_Recognition,calling,1,0,0,0,0,0,0,0,0,0,0,0,0,0,0,0,1,0,0,0
data/external/actions/human_action_recognition/test/004875_calling.jpg,Bingsu/Human_Action_Recognition,calling,1,0,0,0,0,0,0,0,0,0,0,0,0,0,0,0,1,0,0,0
data/external/actions/human_action_recognition/test/004876_calling.jpg,Bingsu/Human_Action_Recognition,calling,1,0,0,0,0,0,0,0,0,0,0,0,0,0,0,0,1,0,0,0
data/external/actions/human_action_recognition/test/004877_calling.jpg,Bingsu/Human_Action_Recognition,calling,1,0,0,0,0,0,0,0,0,0,0,0,0,0,0,0,1,0,0,0
data/external/actions/human_action_recognition/test/004878_calling.jpg,Bingsu/Human_Action_Recognition,calling,1,0,0,0,0,0,0,0,0,0,0,0,0,0,0,0,1,0,0,0
data/external/actions/human_action_recognition/test/004879_calling.jpg,Bingsu/Human_Action_Recognition,calling,1,0,0,0,0,0,0,0,0,0,0,0,0,0,0,0,1,0,0,0
data/external/actions/human_action_recognition/test/004880_calling.jpg,Bingsu/Human_Action_Recognition,calling,1,0,0,0,0,0,0,0,0,0,0,0,0,0,0,0,1,0,0,0
data/external/actions/human_action_recognition/test/004881_calling.jpg,Bingsu/Human_Action_Recognition,calling,1,0,0,0,0,0,0,0,0,0,0,0,0,0,0,0,1,0,0,0
data/external/actions/human_action_recognition/test/004882_calling.jpg,Bingsu/Human_Action_Recognition,calling,1,0,0,0,0,0,0,0,0,0,0,0,0,0,0,0,1,0,0,0
data/external/actions/human_action_recognition/test/004883_calling.jpg,Bingsu/Human_Action_Recognition,calling,1,0,0,0,0,0,0,0,0,0,0,0,0,0,0,0,1,0,0,0
data/external/actions/human_action_recognition/test/004884_calling.jpg,Bingsu/Human_Action_Recognition,calling,1,0,0,0,0,0,0,0,0,0,0,0,0,0,0,0,1,0,0,0
data/external/actions/human_action_recognition/test/004885_calling.jpg,Bingsu/Human_Action_Recognition,calling,1,0,0,0,0,0,0,0,0,0,0,0,0,0,0,0,1,0,0,0
data/external/actions/human_action_recognition/test/004886_calling.jpg,Bingsu/Human_Action_Recognition,calling,1,0,0,0,0,0,0,0,0,0,0,0,0,0,0,0,1,0,0,0
data/external/actions/human_action_recognition/test/004887_calling.jpg,Bingsu/Human_Action_Recognition,calling,1,0,0,0,0,0,0,0,0,0,0,0,0,0,0,0,1,0,0,0
data/external/actions/human_action_recognition/test/004888_calling.jpg,Bingsu/Human_Action_Recognition,calling,1,0,0,0,0,0,0,0,0,0,0,0,0,0,0,0,1,0,0,0
data/external/actions/human_action_recognition/test/004889_calling.jpg,Bingsu/Human_Action_Recognition,calling,1,0,0,0,0,0,0,0,0,0,0,0,0,0,0,0,1,0,0,0
data/external/actions/human_action_recognition/test/004890_calling.jpg,Bingsu/Human_Action_Recognition,calling,1,0,0,0,0,0,0,0,0,0,0,0,0,0,0,0,1,0,0,0
data/external/actions/human_action_recognition/test/004891_calling.jpg,Bingsu/Human_Action_Recognition,calling,1,0,0,0,0,0,0,0,0,0,0,0,0,0,0,0,1,0,0,0
data/external/actions/human_action_recognition/test/004892_calling.jpg,Bingsu/Human_Action_Recognition,calling,1,0,0,0,0,0,0,0,0,0,0,0,0,0,0,0,1,0,0,0
data/external/actions/human_action_recognition/test/004893_calling.jpg,Bingsu/Human_Action_Recognition,calling,1,0,0,0,0,0,0,0,0,0,0,0,0,0,0,0,1,0,0,0
data/external/actions/human_action_recognition/test/004894_calling.jpg,Bingsu/Human_Action_Recognition,calling,1,0,0,0,0,0,0,0,0,0,0,0,0,0,0,0,1,0,0,0
data/external/actions/human_action_recognition/test/004895_calling.jpg,Bingsu/Human_Action_Recognition,calling,1,0,0,0,0,0,0,0,0,0,0,0,0,0,0,0,1,0,0,0
data/external/actions/human_action_recognition/test/004896_calling.jpg,Bingsu/Human_Action_Recognition,calling,1,0,0,0,0,0,0,0,0,0,0,0,0,0,0,0,1,0,0,0
data/external/actions/human_action_recognition/test/004897_calling.jpg,Bingsu/Human_Action_Recognition,calling,1,0,0,0,0,0,0,0,0,0,0,0,0,0,0,0,1,0,0,0
data/external/actions/human_action_recognition/test/004898_calling.jpg,Bingsu/Human_Action_Recognition,calling,1,0,0,0,0,0,0,0,0,0,0,0,0,0,0,0,1,0,0,0
data/external/actions/human_action_recognition/test/004899_calling.jpg,Bingsu/Human_Action_Recognition,calling,1,0,0,0,0,0,0,0,0,0,0,0,0,0,0,0,1,0,0,0
data/external/actions/human_action_recognition/test/004900_calling.jpg,Bingsu/Human_Action_Recognition,calling,1,0,0,0,0,0,0,0,0,0,0,0,0,0,0,0,1,0,0,0
data/external/actions/human_action_recognition/test/004901_calling.jpg,Bingsu/Human_Action_Recognition,calling,1,0,0,0,0,0,0,0,0,0,0,0,0,0,0,0,1,0,0,0
data/external/actions/human_action_recognition/test/004902_calling.jpg,Bingsu/Human_Action_Recognition,calling,1,0,0,0,0,0,0,0,0,0,0,0,0,0,0,0,1,0,0,0
data/external/actions/human_action_recognition/test/004903_calling.jpg,Bingsu/Human_Action_Recognition,calling,1,0,0,0,0,0,0,0,0,0,0,0,0,0,0,0,1,0,0,0
data/external/actions/human_action_recognition/test/004904_calling.jpg,Bingsu/Human_Action_Recognition,calling,1,0,0,0,0,0,0,0,0,0,0,0,0,0,0,0,1,0,0,0
data/external/actions/human_action_recognition/test/004905_calling.jpg,Bingsu/Human_Action_Recognition,calling,1,0,0,0,0,0,0,0,0,0,0,0,0,0,0,0,1,0,0,0
data/external/actions/human_action_recognition/test/004906_calling.jpg,Bingsu/Human_Action_Recognition,calling,1,0,0,0,0,0,0,0,0,0,0,0,0,0,0,0,1,0,0,0
data/external/actions/human_action_recognition/test/004907_calling.jpg,Bingsu/Human_Action_Recognition,calling,1,0,0,0,0,0,0,0,0,0,0,0,0,0,0,0,1,0,0,0
data/external/actions/human_action_recognition/test/004908_calling.jpg,Bingsu/Human_Action_Recognition,calling,1,0,0,0,0,0,0,0,0,0,0,0,0,0,0,0,1,0,0,0
data/external/actions/human_action_recognition/test/004909_calling.jpg,Bingsu/Human_Action_Recognition,calling,1,0,0,0,0,0,0,0,0,0,0,0,0,0,0,0,1,0,0,0
data/external/actions/human_action_recognition/test/004910_calling.jpg,Bingsu/Human_Action_Recognition,calling,1,0,0,0,0,0,0,0,0,0,0,0,0,0,0,0,1,0,0,0
data/external/actions/human_action_recognition/test/004911_calling.jpg,Bingsu/Human_Action_Recognition,calling,1,0,0,0,0,0,0,0,0,0,0,0,0,0,0,0,1,0,0,0
data/external/actions/human_action_recognition/test/004912_calling.jpg,Bingsu/Human_Action_Recognition,calling,1,0,0,0,0,0,0,0,0,0,0,0,0,0,0,0,1,0,0,0
data/external/actions/human_action_recognition/test/004913_calling.jpg,Bingsu/Human_Action_Recognition,calling,1,0,0,0,0,0,0,0,0,0,0,0,0,0,0,0,1,0,0,0
data/external/actions/human_action_recognition/test/004914_calling.jpg,Bingsu/Human_Action_Recognition,calling,1,0,0,0,0,0,0,0,0,0,0,0,0,0,0,0,1,0,0,0
data/external/actions/human_action_recognition/test/004915_calling.jpg,Bingsu/Human_Action_Recognition,calling,1,0,0,0,0,0,0,0,0,0,0,0,0,0,0,0,1,0,0,0
data/external/actions/human_action_recognition/test/004916_calling.jpg,Bingsu/Human_Action_Recognition,calling,1,0,0,0,0,0,0,0,0,0,0,0,0,0,0,0,1,0,0,0
data/external/actions/human_action_recognition/test/004917_calling.jpg,Bingsu/Human_Action_Recognition,calling,1,0,0,0,0,0,0,0,0,0,0,0,0,0,0,0,1,0,0,0
data/external/actions/human_action_recognition/test/004918_calling.jpg,Bingsu/Human_Action_Recognition,calling,1,0,0,0,0,0,0,0,0,0,0,0,0,0,0,0,1,0,0,0
data/external/actions/human_action_recognition/test/004919_calling.jpg,Bingsu/Human_Action_Recognition,calling,1,0,0,0,0,0,0,0,0,0,0,0,0,0,0,0,1,0,0,0
data/external/actions/human_action_recognition/test/004920_calling.jpg,Bingsu/Human_Action_Recognition,calling,1,0,0,0,0,0,0,0,0,0,0,0,0,0,0,0,1,0,0,0
data/external/actions/human_action_recognition/test/004921_calling.jpg,Bingsu/Human_Action_Recognition,calling,1,0,0,0,0,0,0,0,0,0,0,0,0,0,0,0,1,0,0,0
data/external/actions/human_action_recognition/test/004922_calling.jpg,Bingsu/Human_Action_Recognition,calling,1,0,0,0,0,0,0,0,0,0,0,0,0,0,0,0,1,0,0,0
data/external/actions/human_action_recognition/test/004923_calling.jpg,Bingsu/Human_Action_Recognition,calling,1,0,0,0,0,0,0,0,0,0,0,0,0,0,0,0,1,0,0,0
data/external/actions/human_action_recognition/test/004924_calling.jpg,Bingsu/Human_Action_Recognition,calling,1,0,0,0,0,0,0,0,0,0,0,0,0,0,0,0,1,0,0,0
data/external/actions/human_action_recognition/test/004925_calling.jpg,Bingsu/Human_Action_Recognition,calling,1,0,0,0,0,0,0,0,0,0,0,0,0,0,0,0,1,0,0,0
data/external/actions/human_action_recognition/test/004926_calling.jpg,Bingsu/Human_Action_Recognition,calling,1,0,0,0,0,0,0,0,0,0,0,0,0,0,0,0,1,0,0,0
data/external/actions/human_action_recognition/test/004927_calling.jpg,Bingsu/Human_Action_Recognition,calling,1,0,0,0,0,0,0,0,0,0,0,0,0,0,0,0,1,0,0,0
data/external/actions/human_action_recognition/test/004928_calling.jpg,Bingsu/Human_Action_Recognition,calling,1,0,0,0,0,0,0,0,0,0,0,0,0,0,0,0,1,0,0,0
data/external/actions/human_action_recognition/test/004929_calling.jpg,Bingsu/Human_Action_Recognition,calling,1,0,0,0,0,0,0,0,0,0,0,0,0,0,0,0,1,0,0,0
data/external/actions/human_action_recognition/test/004930_calling.jpg,Bingsu/Human_Action_Recognition,calling,1,0,0,0,0,0,0,0,0,0,0,0,0,0,0,0,1,0,0,0
data/external/actions/human_action_recognition/test/004931_calling.jpg,Bingsu/Human_Action_Recognition,calling,1,0,0,0,0,0,0,0,0,0,0,0,0,0,0,0,1,0,0,0
data/external/actions/human_action_recognition/test/004932_calling.jpg,Bingsu/Human_Action_Recognition,calling,1,0,0,0,0,0,0,0,0,0,0,0,0,0,0,0,1,0,0,0
data/external/actions/human_action_recognition/test/004933_calling.jpg,Bingsu/Human_Action_Recognition,calling,1,0,0,0,0,0,0,0,0,0,0,0,0,0,0,0,1,0,0,0
data/external/actions/human_action_recognition/test/004934_calling.jpg,Bingsu/Human_Action_Recognition,calling,1,0,0,0,0,0,0,0,0,0,0,0,0,0,0,0,1,0,0,0
data/external/actions/human_action_recognition/test/004935_calling.jpg,Bingsu/Human_Action_Recognition,calling,1,0,0,0,0,0,0,0,0,0,0,0,0,0,0,0,1,0,0,0
data/external/actions/human_action_recognition/test/004936_calling.jpg,Bingsu/Human_Action_Recognition,calling,1,0,0,0,0,0,0,0,0,0,0,0,0,0,0,0,1,0,0,0
data/external/actions/human_action_recognition/test/004937_calling.jpg,Bingsu/Human_Action_Recognition,calling,1,0,0,0,0,0,0,0,0,0,0,0,0,0,0,0,1,0,0,0
data/external/actions/human_action_recognition/test/004938_calling.jpg,Bingsu/Human_Action_Recognition,calling,1,0,0,0,0,0,0,0,0,0,0,0,0,0,0,0,1,0,0,0
data/external/actions/human_action_recognition/test/004939_calling.jpg,Bingsu/Human_Action_Recognition,calling,1,0,0,0,0,0,0,0,0,0,0,0,0,0,0,0,1,0,0,0
data/external/actions/human_action_recognition/test/004940_calling.jpg,Bingsu/Human_Action_Recognition,calling,1,0,0,0,0,0,0,0,0,0,0,0,0,0,0,0,1,0,0,0
data/external/actions/human_action_recognition/test/004941_calling.jpg,Bingsu/Human_Action_Recognition,calling,1,0,0,0,0,0,0,0,0,0,0,0,0,0,0,0,1,0,0,0
data/external/actions/human_action_recognition/test/004942_calling.jpg,Bingsu/Human_Action_Recognition,calling,1,0,0,0,0,0,0,0,0,0,0,0,0,0,0,0,1,0,0,0
data/external/actions/human_action_recognition/test/004943_calling.jpg,Bingsu/Human_Action_Recognition,calling,1,0,0,0,0,0,0,0,0,0,0,0,0,0,0,0,1,0,0,0
data/external/actions/human_action_recognition/test/004944_calling.jpg,Bingsu/Human_Action_Recognition,calling,1,0,0,0,0,0,0,0,0,0,0,0,0,0,0,0,1,0,0,0
data/external/actions/human_action_recognition/test/004945_calling.jpg,Bingsu/Human_Action_Recognition,calling,1,0,0,0,0,0,0,0,0,0,0,0,0,0,0,0,1,0,0,0
data/external/actions/human_action_recognition/test/004946_calling.jpg,Bingsu/Human_Action_Recognition,calling,1,0,0,0,0,0,0,0,0,0,0,0,0,0,0,0,1,0,0,0
data/external/actions/human_action_recognition/test/004947_calling.jpg,Bingsu/Human_Action_Recognition,calling,1,0,0,0,0,0,0,0,0,0,0,0,0,0,0,0,1,0,0,0
data/external/actions/human_action_recognition/test/004948_calling.jpg,Bingsu/Human_Action_Recognition,calling,1,0,0,0,0,0,0,0,0,0,0,0,0,0,0,0,1,0,0,0
data/external/actions/human_action_recognition/test/004949_calling.jpg,Bingsu/Human_Action_Recognition,calling,1,0,0,0,0,0,0,0,0,0,0,0,0,0,0,0,1,0,0,0
data/external/actions/human_action_recognition/test/004950_calling.jpg,Bingsu/Human_Action_Recognition,calling,1,0,0,0,0,0,0,0,0,0,0,0,0,0,0,0,1,0,0,0
data/external/actions/human_action_recognition/test/004951_calling.jpg,Bingsu/Human_Action_Recognition,calling,1,0,0,0,0,0,0,0,0,0,0,0,0,0,0,0,1,0,0,0
data/external/actions/human_action_recognition/test/004952_calling.jpg,Bingsu/Human_Action_Recognition,calling,1,0,0,0,0,0,0,0,0,0,0,0,0,0,0,0,1,0,0,0
data/external/actions/human_action_recognition/test/004953_calling.jpg,Bingsu/Human_Action_Recognition,calling,1,0,0,0,0,0,0,0,0,0,0,0,0,0,0,0,1,0,0,0
data/external/actions/human_action_recognition/test/004954_calling.jpg,Bingsu/Human_Action_Recognition,calling,1,0,0,0,0,0,0,0,0,0,0,0,0,0,0,0,1,0,0,0
data/external/actions/human_action_recognition/test/004955_calling.jpg,Bingsu/Human_Action_Recognition,calling,1,0,0,0,0,0,0,0,0,0,0,0,0,0,0,0,1,0,0,0
data/external/actions/human_action_recognition/test/004956_calling.jpg,Bingsu/Human_Action_Recognition,calling,1,0,0,0,0,0,0,0,0,0,0,0,0,0,0,0,1,0,0,0
data/external/actions/human_action_recognition/test/004957_calling.jpg,Bingsu/Human_Action_Recognition,calling,1,0,0,0,0,0,0,0,0,0,0,0,0,0,0,0,1,0,0,0
data/external/actions/human_action_recognition/test/004958_calling.jpg,Bingsu/Human_Action_Recognition,calling,1,0,0,0,0,0,0,0,0,0,0,0,0,0,0,0,1,0,0,0
data/external/actions/human_action_recognition/test/004959_calling.jpg,Bingsu/Human_Action_Recognition,calling,1,0,0,0,0,0,0,0,0,0,0,0,0,0,0,0,1,0,0,0
data/external/actions/human_action_recognition/test/004960_calling.jpg,Bingsu/Human_Action_Recognition,calling,1,0,0,0,0,0,0,0,0,0,0,0,0,0,0,0,1,0,0,0
data/external/actions/human_action_recognition/test/004961_calling.jpg,Bingsu/Human_Action_Recognition,calling,1,0,0,0,0,0,0,0,0,0,0,0,0,0,0,0,1,0,0,0
data/external/actions/human_action_recognition/test/004962_calling.jpg,Bingsu/Human_Action_Recognition,calling,1,0,0,0,0,0,0,0,0,0,0,0,0,0,0,0,1,0,0,0
data/external/actions/human_action_recognition/test/004963_calling.jpg,Bingsu/Human_Action_Recognition,calling,1,0,0,0,0,0,0,0,0,0,0,0,0,0,0,0,1,0,0,0
data/external/actions/human_action_recognition/test/004964_calling.jpg,Bingsu/Human_Action_Recognition,calling,1,0,0,0,0,0,0,0,0,0,0,0,0,0,0,0,1,0,0,0
data/external/actions/human_action_recognition/test/004965_calling.jpg,Bingsu/Human_Action_Recognition,calling,1,0,0,0,0,0,0,0,0,0,0,0,0,0,0,0,1,0,0,0
data/external/actions/human_action_recognition/test/004966_calling.jpg,Bingsu/Human_Action_Recognition,calling,1,0,0,0,0,0,0,0,0,0,0,0,0,0,0,0,1,0,0,0
data/external/actions/human_action_recognition/test/004967_calling.jpg,Bingsu/Human_Action_Recognition,calling,1,0,0,0,0,0,0,0,0,0,0,0,0,0,0,0,1,0,0,0
data/external/actions/human_action_recognition/test/004968_calling.jpg,Bingsu/Human_Action_Recognition,calling,1,0,0,0,0,0,0,0,0,0,0,0,0,0,0,0,1,0,0,0
data/external/actions/human_action_recognition/test/004969_calling.jpg,Bingsu/Human_Action_Recognition,calling,1,0,0,0,0,0,0,0,0,0,0,0,0,0,0,0,1,0,0,0
data/external/actions/human_action_recognition/test/004970_calling.jpg,Bingsu/Human_Action_Recognition,calling,1,0,0,0,0,0,0,0,0,0,0,0,0,0,0,0,1,0,0,0
data/external/actions/human_action_recognition/test/004971_calling.jpg,Bingsu/Human_Action_Recognition,calling,1,0,0,0,0,0,0,0,0,0,0,0,0,0,0,0,1,0,0,0
data/external/actions/human_action_recognition/test/004972_calling.jpg,Bingsu/Human_Action_Recognition,calling,1,0,0,0,0,0,0,0,0,0,0,0,0,0,0,0,1,0,0,0
data/external/actions/human_action_recognition/test/004973_calling.jpg,Bingsu/Human_Action_Recognition,calling,1,0,0,0,0,0,0,0,0,0,0,0,0,0,0,0,1,0,0,0
data/external/actions/human_action_recognition/test/004974_calling.jpg,Bingsu/Human_Action_Recognition,calling,1,0,0,0,0,0,0,0,0,0,0,0,0,0,0,0,1,0,0,0
data/external/actions/human_action_recognition/test/004975_calling.jpg,Bingsu/Human_Action_Recognition,calling,1,0,0,0,0,0,0,0,0,0,0,0,0,0,0,0,1,0,0,0
data/external/actions/human_action_recognition/test/004976_calling.jpg,Bingsu/Human_Action_Recognition,calling,1,0,0,0,0,0,0,0,0,0,0,0,0,0,0,0,1,0,0,0
data/external/actions/human_action_recognition/test/004977_calling.jpg,Bingsu/Human_Action_Recognition,calling,1,0,0,0,0,0,0,0,0,0,0,0,0,0,0,0,1,0,0,0
data/external/actions/human_action_recognition/test/004978_calling.jpg,Bingsu/Human_Action_Recognition,calling,1,0,0,0,0,0,0,0,0,0,0,0,0,0,0,0,1,0,0,0
data/external/actions/human_action_recognition/test/004979_calling.jpg,Bingsu/Human_Action_Recognition,calling,1,0,0,0,0,0,0,0,0,0,0,0,0,0,0,0,1,0,0,0
data/external/actions/human_action_recognition/test/004980_calling.jpg,Bingsu/Human_Action_Recognition,calling,1,0,0,0,0,0,0,0,0,0,0,0,0,0,0,0,1,0,0,0
data/external/actions/human_action_recognition/test/004981_calling.jpg,Bingsu/Human_Action_Recognition,calling,1,0,0,0,0,0,0,0,0,0,0,0,0,0,0,0,1,0,0,0
data/external/actions/human_action_recognition/test/004982_calling.jpg,Bingsu/Human_Action_Recognition,calling,1,0,0,0,0,0,0,0,0,0,0,0,0,0,0,0,1,0,0,0
data/external/actions/human_action_recognition/test/004983_calling.jpg,Bingsu/Human_Action_Recognition,calling,1,0,0,0,0,0,0,0,0,0,0,0,0,0,0,0,1,0,0,0
data/external/actions/human_action_recognition/test/004984_calling.jpg,Bingsu/Human_Action_Recognition,calling,1,0,0,0,0,0,0,0,0,0,0,0,0,0,0,0,1,0,0,0
data/external/actions/human_action_recognition/test/004985_calling.jpg,Bingsu/Human_Action_Recognition,calling,1,0,0,0,0,0,0,0,0,0,0,0,0,0,0,0,1,0,0,0
data/external/actions/human_action_recognition/test/004986_calling.jpg,Bingsu/Human_Action_Recognition,calling,1,0,0,0,0,0,0,0,0,0,0,0,0,0,0,0,1,0,0,0
data/external/actions/human_action_recognition/test/004987_calling.jpg,Bingsu/Human_Action_Recognition,calling,1,0,0,0,0,0,0,0,0,0,0,0,0,0,0,0,1,0,0,0
data/external/actions/human_action_recognition/test/004988_calling.jpg,Bingsu/Human_Action_Recognition,calling,1,0,0,0,0,0,0,0,0,0,0,0,0,0,0,0,1,0,0,0
data/external/actions/human_action_recognition/test/004989_calling.jpg,Bingsu/Human_Action_Recognition,calling,1,0,0,0,0,0,0,0,0,0,0,0,0,0,0,0,1,0,0,0
data/external/actions/human_action_recognition/test/004990_calling.jpg,Bingsu/Human_Action_Recognition,calling,1,0,0,0,0,0,0,0,0,0,0,0,0,0,0,0,1,0,0,0
data/external/actions/human_action_recognition/test/004991_calling.jpg,Bingsu/Human_Action_Recognition,calling,1,0,0,0,0,0,0,0,0,0,0,0,0,0,0,0,1,0,0,0
data/external/actions/human_action_recognition/test/004992_calling.jpg,Bingsu/Human_Action_Recognition,calling,1,0,0,0,0,0,0,0,0,0,0,0,0,0,0,0,1,0,0,0
data/external/actions/human_action_recognition/test/004993_calling.jpg,Bingsu/Human_Action_Recognition,calling,1,0,0,0,0,0,0,0,0,0,0,0,0,0,0,0,1,0,0,0
data/external/actions/human_action_recognition/test/004994_calling.jpg,Bingsu/Human_Action_Recognition,calling,1,0,0,0,0,0,0,0,0,0,0,0,0,0,0,0,1,0,0,0
data/external/actions/human_action_recognition/test/004995_calling.jpg,Bingsu/Human_Action_Recognition,calling,1,0,0,0,0,0,0,0,0,0,0,0,0,0,0,0,1,0,0,0
data/external/actions/human_action_recognition/test/004996_calling.jpg,Bingsu/Human_Action_Recognition,calling,1,0,0,0,0,0,0,0,0,0,0,0,0,0,0,0,1,0,0,0
data/external/actions/human_action_recognition/test/004997_calling.jpg,Bingsu/Human_Action_Recognition,calling,1,0,0,0,0,0,0,0,0,0,0,0,0,0,0,0,1,0,0,0
data/external/actions/human_action_recognition/test/004998_calling.jpg,Bingsu/Human_Action_Recognition,calling,1,0,0,0,0,0,0,0,0,0,0,0,0,0,0,0,1,0,0,0
data/external/actions/human_action_recognition/test/004999_calling.jpg,Bingsu/Human_Action_Recognition,calling,1,0,0,0,0,0,0,0,0,0,0,0,0,0,0,0,1,0,0,0
data/external/actions/human_action_recognition/test/005000_calling.jpg,Bingsu/Human_Action_Recognition,calling,1,0,0,0,0,0,0,0,0,0,0,0,0,0,0,0,1,0,0,0
data/external/actions/human_action_recognition/test/005001_calling.jpg,Bingsu/Human_Action_Recognition,calling,1,0,0,0,0,0,0,0,0,0,0,0,0,0,0,0,1,0,0,0
data/external/actions/human_action_recognition/test/005002_calling.jpg,Bingsu/Human_Action_Recognition,calling,1,0,0,0,0,0,0,0,0,0,0,0,0,0,0,0,1,0,0,0
data/external/actions/human_action_recognition/test/005003_calling.jpg,Bingsu/Human_Action_Recognition,calling,1,0,0,0,0,0,0,0,0,0,0,0,0,0,0,0,1,0,0,0
data/external/actions/human_action_recognition/test/005004_calling.jpg,Bingsu/Human_Action_Recognition,calling,1,0,0,0,0,0,0,0,0,0,0,0,0,0,0,0,1,0,0,0
data/external/actions/human_action_recognition/test/005005_calling.jpg,Bingsu/Human_Action_Recognition,calling,1,0,0,0,0,0,0,0,0,0,0,0,0,0,0,0,1,0,0,0
data/external/actions/human_action_recognition/test/005006_calling.jpg,Bingsu/Human_Action_Recognition,calling,1,0,0,0,0,0,0,0,0,0,0,0,0,0,0,0,1,0,0,0
data/external/actions/human_action_recognition/test/005007_calling.jpg,Bingsu/Human_Action_Recognition,calling,1,0,0,0,0,0,0,0,0,0,0,0,0,0,0,0,1,0,0,0
data/external/actions/human_action_recognition/test/005008_calling.jpg,Bingsu/Human_Action_Recognition,calling,1,0,0,0,0,0,0,0,0,0,0,0,0,0,0,0,1,0,0,0
data/external/actions/human_action_recognition/test/005009_calling.jpg,Bingsu/Human_Action_Recognition,calling,1,0,0,0,0,0,0,0,0,0,0,0,0,0,0,0,1,0,0,0
data/external/actions/human_action_recognition/test/005010_calling.jpg,Bingsu/Human_Action_Recognition,calling,1,0,0,0,0,0,0,0,0,0,0,0,0,0,0,0,1,0,0,0
data/external/actions/human_action_recognition/test/005011_calling.jpg,Bingsu/Human_Action_Recognition,calling,1,0,0,0,0,0,0,0,0,0,0,0,0,0,0,0,1,0,0,0
data/external/actions/human_action_recognition/test/005012_calling.jpg,Bingsu/Human_Action_Recognition,calling,1,0,0,0,0,0,0,0,0,0,0,0,0,0,0,0,1,0,0,0
data/external/actions/human_action_recognition/test/005013_calling.jpg,Bingsu/Human_Action_Recognition,calling,1,0,0,0,0,0,0,0,0,0,0,0,0,0,0,0,1,0,0,0
data/external/actions/human_action_recognition/test/005014_calling.jpg,Bingsu/Human_Action_Recognition,calling,1,0,0,0,0,0,0,0,0,0,0,0,0,0,0,0,1,0,0,0
data/external/actions/human_action_recognition/test/005015_calling.jpg,Bingsu/Human_Action_Recognition,calling,1,0,0,0,0,0,0,0,0,0,0,0,0,0,0,0,1,0,0,0
data/external/actions/human_action_recognition/test/005016_calling.jpg,Bingsu/Human_Action_Recognition,calling,1,0,0,0,0,0,0,0,0,0,0,0,0,0,0,0,1,0,0,0
data/external/actions/human_action_recognition/test/005017_calling.jpg,Bingsu/Human_Action_Recognition,calling,1,0,0,0,0,0,0,0,0,0,0,0,0,0,0,0,1,0,0,0
data/external/actions/human_action_recognition/test/005018_calling.jpg,Bingsu/Human_Action_Recognition,calling,1,0,0,0,0,0,0,0,0,0,0,0,0,0,0,0,1,0,0,0
data/external/actions/human_action_recognition/test/005019_calling.jpg,Bingsu/Human_Action_Recognition,calling,1,0,0,0,0,0,0,0,0,0,0,0,0,0,0,0,1,0,0,0
data/external/actions/human_action_recognition/test/005020_calling.jpg,Bingsu/Human_Action_Recognition,calling,1,0,0,0,0,0,0,0,0,0,0,0,0,0,0,0,1,0,0,0
data/external/actions/human_action_recognition/test/005021_calling.jpg,Bingsu/Human_Action_Recognition,calling,1,0,0,0,0,0,0,0,0,0,0,0,0,0,0,0,1,0,0,0
data/external/actions/human_action_recognition/test/005022_calling.jpg,Bingsu/Human_Action_Recognition,calling,1,0,0,0,0,0,0,0,0,0,0,0,0,0,0,0,1,0,0,0
data/external/actions/human_action_recognition/test/005023_calling.jpg,Bingsu/Human_Action_Recognition,calling,1,0,0,0,0,0,0,0,0,0,0,0,0,0,0,0,1,0,0,0
data/external/actions/human_action_recognition/test/005024_calling.jpg,Bingsu/Human_Action_Recognition,calling,1,0,0,0,0,0,0,0,0,0,0,0,0,0,0,0,1,0,0,0
data/external/actions/human_action_recognition/test/005025_calling.jpg,Bingsu/Human_Action_Recognition,calling,1,0,0,0,0,0,0,0,0,0,0,0,0,0,0,0,1,0,0,0
data/external/actions/human_action_recognition/test/005026_calling.jpg,Bingsu/Human_Action_Recognition,calling,1,0,0,0,0,0,0,0,0,0,0,0,0,0,0,0,1,0,0,0
data/external/actions/human_action_recognition/test/005027_calling.jpg,Bingsu/Human_Action_Recognition,calling,1,0,0,0,0,0,0,0,0,0,0,0,0,0,0,0,1,0,0,0
data/external/actions/human_action_recognition/test/005028_calling.jpg,Bingsu/Human_Action_Recognition,calling,1,0,0,0,0,0,0,0,0,0,0,0,0,0,0,0,1,0,0,0
data/external/actions/human_action_recognition/test/005029_calling.jpg,Bingsu/Human_Action_Recognition,calling,1,0,0,0,0,0,0,0,0,0,0,0,0,0,0,0,1,0,0,0
data/external/actions/human_action_recognition/test/005030_calling.jpg,Bingsu/Human_Action_Recognition,calling,1,0,0,0,0,0,0,0,0,0,0,0,0,0,0,0,1,0,0,0
data/external/actions/human_action_recognition/test/005031_calling.jpg,Bingsu/Human_Action_Recognition,calling,1,0,0,0,0,0,0,0,0,0,0,0,0,0,0,0,1,0,0,0
data/external/actions/human_action_recognition/test/005032_calling.jpg,Bingsu/Human_Action_Recognition,calling,1,0,0,0,0,0,0,0,0,0,0,0,0,0,0,0,1,0,0,0
data/external/actions/human_action_recognition/test/005033_calling.jpg,Bingsu/Human_Action_Recognition,calling,1,0,0,0,0,0,0,0,0,0,0,0,0,0,0,0,1,0,0,0
data/external/actions/human_action_recognition/test/005034_calling.jpg,Bingsu/Human_Action_Recognition,calling,1,0,0,0,0,0,0,0,0,0,0,0,0,0,0,0,1,0,0,0
data/external/actions/human_action_recognition/test/005035_calling.jpg,Bingsu/Human_Action_Recognition,calling,1,0,0,0,0,0,0,0,0,0,0,0,0,0,0,0,1,0,0,0
data/external/actions/human_action_recognition/test/005036_calling.jpg,Bingsu/Human_Action_Recognition,calling,1,0,0,0,0,0,0,0,0,0,0,0,0,0,0,0,1,0,0,0
data/external/actions/human_action_recognition/test/005037_calling.jpg,Bingsu/Human_Action_Recognition,calling,1,0,0,0,0,0,0,0,0,0,0,0,0,0,0,0,1,0,0,0
data/external/actions/human_action_recognition/test/005038_calling.jpg,Bingsu/Human_Action_Recognition,calling,1,0,0,0,0,0,0,0,0,0,0,0,0,0,0,0,1,0,0,0
data/external/actions/human_action_recognition/test/005039_calling.jpg,Bingsu/Human_Action_Recognition,calling,1,0,0,0,0,0,0,0,0,0,0,0,0,0,0,0,1,0,0,0
data/external/actions/human_action_recognition/test/005040_calling.jpg,Bingsu/Human_Action_Recognition,calling,1,0,0,0,0,0,0,0,0,0,0,0,0,0,0,0,1,0,0,0
data/external/actions/human_action_recognition/test/005041_calling.jpg,Bingsu/Human_Action_Recognition,calling,1,0,0,0,0,0,0,0,0,0,0,0,0,0,0,0,1,0,0,0
data/external/actions/human_action_recognition/test/005042_calling.jpg,Bingsu/Human_Action_Recognition,calling,1,0,0,0,0,0,0,0,0,0,0,0,0,0,0,0,1,0,0,0
data/external/actions/human_action_recognition/test/005043_calling.jpg,Bingsu/Human_Action_Recognition,calling,1,0,0,0,0,0,0,0,0,0,0,0,0,0,0,0,1,0,0,0
data/external/actions/human_action_recognition/test/005044_calling.jpg,Bingsu/Human_Action_Recognition,calling,1,0,0,0,0,0,0,0,0,0,0,0,0,0,0,0,1,0,0,0
data/external/actions/human_action_recognition/test/005045_calling.jpg,Bingsu/Human_Action_Recognition,calling,1,0,0,0,0,0,0,0,0,0,0,0,0,0,0,0,1,0,0,0
data/external/actions/human_action_recognition/test/005046_calling.jpg,Bingsu/Human_Action_Recognition,calling,1,0,0,0,0,0,0,0,0,0,0,0,0,0,0,0,1,0,0,0
data/external/actions/human_action_recognition/test/005047_calling.jpg,Bingsu/Human_Action_Recognition,calling,1,0,0,0,0,0,0,0,0,0,0,0,0,0,0,0,1,0,0,0
data/external/actions/human_action_recognition/test/005048_calling.jpg,Bingsu/Human_Action_Recognition,calling,1,0,0,0,0,0,0,0,0,0,0,0,0,0,0,0,1,0,0,0
data/external/actions/human_action_recognition/test/005049_calling.jpg,Bingsu/Human_Action_Recognition,calling,1,0,0,0,0,0,0,0,0,0,0,0,0,0,0,0,1,0,0,0
data/external/actions/human_action_recognition/test/005050_calling.jpg,Bingsu/Human_Action_Recognition,calling,1,0,0,0,0,0,0,0,0,0,0,0,0,0,0,0,1,0,0,0
data/external/actions/human_action_recognition/test/005051_calling.jpg,Bingsu/Human_Action_Recognition,calling,1,0,0,0,0,0,0,0,0,0,0,0,0,0,0,0,1,0,0,0
data/external/actions/human_action_recognition/test/005052_calling.jpg,Bingsu/Human_Action_Recognition,calling,1,0,0,0,0,0,0,0,0,0,0,0,0,0,0,0,1,0,0,0
data/external/actions/human_action_recognition/test/005053_calling.jpg,Bingsu/Human_Action_Recognition,calling,1,0,0,0,0,0,0,0,0,0,0,0,0,0,0,0,1,0,0,0
data/external/actions/human_action_recognition/test/005054_calling.jpg,Bingsu/Human_Action_Recognition,calling,1,0,0,0,0,0,0,0,0,0,0,0,0,0,0,0,1,0,0,0
data/external/actions/human_action_recognition/test/005055_calling.jpg,Bingsu/Human_Action_Recognition,calling,1,0,0,0,0,0,0,0,0,0,0,0,0,0,0,0,1,0,0,0
data/external/actions/human_action_recognition/test/005056_calling.jpg,Bingsu/Human_Action_Recognition,calling,1,0,0,0,0,0,0,0,0,0,0,0,0,0,0,0,1,0,0,0
data/external/actions/human_action_recognition/test/005057_calling.jpg,Bingsu/Human_Action_Recognition,calling,1,0,0,0,0,0,0,0,0,0,0,0,0,0,0,0,1,0,0,0
data/external/actions/human_action_recognition/test/005058_calling.jpg,Bingsu/Human_Action_Recognition,calling,1,0,0,0,0,0,0,0,0,0,0,0,0,0,0,0,1,0,0,0
data/external/actions/human_action_recognition/test/005059_calling.jpg,Bingsu/Human_Action_Recognition,calling,1,0,0,0,0,0,0,0,0,0,0,0,0,0,0,0,1,0,0,0
data/external/actions/human_action_recognition/test/005060_calling.jpg,Bingsu/Human_Action_Recognition,calling,1,0,0,0,0,0,0,0,0,0,0,0,0,0,0,0,1,0,0,0
data/external/actions/human_action_recognition/test/005061_calling.jpg,Bingsu/Human_Action_Recognition,calling,1,0,0,0,0,0,0,0,0,0,0,0,0,0,0,0,1,0,0,0
data/external/actions/human_action_recognition/test/005062_calling.jpg,Bingsu/Human_Action_Recognition,calling,1,0,0,0,0,0,0,0,0,0,0,0,0,0,0,0,1,0,0,0
data/external/actions/human_action_recognition/test/005063_calling.jpg,Bingsu/Human_Action_Recognition,calling,1,0,0,0,0,0,0,0,0,0,0,0,0,0,0,0,1,0,0,0
data/external/actions/human_action_recognition/test/005064_calling.jpg,Bingsu/Human_Action_Recognition,calling,1,0,0,0,0,0,0,0,0,0,0,0,0,0,0,0,1,0,0,0
data/external/actions/human_action_recognition/test/005065_calling.jpg,Bingsu/Human_Action_Recognition,calling,1,0,0,0,0,0,0,0,0,0,0,0,0,0,0,0,1,0,0,0
data/external/actions/human_action_recognition/test/005066_calling.jpg,Bingsu/Human_Action_Recognition,calling,1,0,0,0,0,0,0,0,0,0,0,0,0,0,0,0,1,0,0,0
data/external/actions/human_action_recognition/test/005067_calling.jpg,Bingsu/Human_Action_Recognition,calling,1,0,0,0,0,0,0,0,0,0,0,0,0,0,0,0,1,0,0,0
data/external/actions/human_action_recognition/test/005068_calling.jpg,Bingsu/Human_Action_Recognition,calling,1,0,0,0,0,0,0,0,0,0,0,0,0,0,0,0,1,0,0,0
data/external/actions/human_action_recognition/test/005069_calling.jpg,Bingsu/Human_Action_Recognition,calling,1,0,0,0,0,0,0,0,0,0,0,0,0,0,0,0,1,0,0,0
data/external/actions/human_action_recognition/test/005070_calling.jpg,Bingsu/Human_Action_Recognition,calling,1,0,0,0,0,0,0,0,0,0,0,0,0,0,0,0,1,0,0,0
data/external/actions/human_action_recognition/test/005071_calling.jpg,Bingsu/Human_Action_Recognition,calling,1,0,0,0,0,0,0,0,0,0,0,0,0,0,0,0,1,0,0,0
data/external/actions/human_action_recognition/test/005072_calling.jpg,Bingsu/Human_Action_Recognition,calling,1,0,0,0,0,0,0,0,0,0,0,0,0,0,0,0,1,0,0,0
data/external/actions/human_action_recognition/test/005073_calling.jpg,Bingsu/Human_Action_Recognition,calling,1,0,0,0,0,0,0,0,0,0,0,0,0,0,0,0,1,0,0,0
data/external/actions/human_action_recognition/test/005074_calling.jpg,Bingsu/Human_Action_Recognition,calling,1,0,0,0,0,0,0,0,0,0,0,0,0,0,0,0,1,0,0,0
data/external/actions/human_action_recognition/test/005075_calling.jpg,Bingsu/Human_Action_Recognition,calling,1,0,0,0,0,0,0,0,0,0,0,0,0,0,0,0,1,0,0,0
data/external/actions/human_action_recognition/test/005076_calling.jpg,Bingsu/Human_Action_Recognition,calling,1,0,0,0,0,0,0,0,0,0,0,0,0,0,0,0,1,0,0,0
data/external/actions/human_action_recognition/test/005077_calling.jpg,Bingsu/Human_Action_Recognition,calling,1,0,0,0,0,0,0,0,0,0,0,0,0,0,0,0,1,0,0,0
data/external/actions/human_action_recognition/test/005078_calling.jpg,Bingsu/Human_Action_Recognition,calling,1,0,0,0,0,0,0,0,0,0,0,0,0,0,0,0,1,0,0,0
data/external/actions/human_action_recognition/test/005079_calling.jpg,Bingsu/Human_Action_Recognition,calling,1,0,0,0,0,0,0,0,0,0,0,0,0,0,0,0,1,0,0,0
data/external/actions/human_action_recognition/test/005080_calling.jpg,Bingsu/Human_Action_Recognition,calling,1,0,0,0,0,0,0,0,0,0,0,0,0,0,0,0,1,0,0,0
data/external/actions/human_action_recognition/test/005081_calling.jpg,Bingsu/Human_Action_Recognition,calling,1,0,0,0,0,0,0,0,0,0,0,0,0,0,0,0,1,0,0,0
data/external/actions/human_action_recognition/test/005082_calling.jpg,Bingsu/Human_Action_Recognition,calling,1,0,0,0,0,0,0,0,0,0,0,0,0,0,0,0,1,0,0,0
data/external/actions/human_action_recognition/test/005083_calling.jpg,Bingsu/Human_Action_Recognition,calling,1,0,0,0,0,0,0,0,0,0,0,0,0,0,0,0,1,0,0,0
data/external/actions/human_action_recognition/test/005084_calling.jpg,Bingsu/Human_Action_Recognition,calling,1,0,0,0,0,0,0,0,0,0,0,0,0,0,0,0,1,0,0,0
data/external/actions/human_action_recognition/test/005085_calling.jpg,Bingsu/Human_Action_Recognition,calling,1,0,0,0,0,0,0,0,0,0,0,0,0,0,0,0,1,0,0,0
data/external/actions/human_action_recognition/test/005086_calling.jpg,Bingsu/Human_Action_Recognition,calling,1,0,0,0,0,0,0,0,0,0,0,0,0,0,0,0,1,0,0,0
data/external/actions/human_action_recognition/test/005087_calling.jpg,Bingsu/Human_Action_Recognition,calling,1,0,0,0,0,0,0,0,0,0,0,0,0,0,0,0,1,0,0,0
data/external/actions/human_action_recognition/test/005088_calling.jpg,Bingsu/Human_Action_Recognition,calling,1,0,0,0,0,0,0,0,0,0,0,0,0,0,0,0,1,0,0,0
data/external/actions/human_action_recognition/test/005089_calling.jpg,Bingsu/Human_Action_Recognition,calling,1,0,0,0,0,0,0,0,0,0,0,0,0,0,0,0,1,0,0,0
data/external/actions/human_action_recognition/test/005090_calling.jpg,Bingsu/Human_Action_Recognition,calling,1,0,0,0,0,0,0,0,0,0,0,0,0,0,0,0,1,0,0,0
data/external/actions/human_action_recognition/test/005091_calling.jpg,Bingsu/Human_Action_Recognition,calling,1,0,0,0,0,0,0,0,0,0,0,0,0,0,0,0,1,0,0,0
data/external/actions/human_action_recognition/test/005092_calling.jpg,Bingsu/Human_Action_Recognition,calling,1,0,0,0,0,0,0,0,0,0,0,0,0,0,0,0,1,0,0,0
data/external/actions/human_action_recognition/test/005093_calling.jpg,Bingsu/Human_Action_Recognition,calling,1,0,0,0,0,0,0,0,0,0,0,0,0,0,0,0,1,0,0,0
data/external/actions/human_action_recognition/test/005094_calling.jpg,Bingsu/Human_Action_Recognition,calling,1,0,0,0,0,0,0,0,0,0,0,0,0,0,0,0,1,0,0,0
data/external/actions/human_action_recognition/test/005095_calling.jpg,Bingsu/Human_Action_Recognition,calling,1,0,0,0,0,0,0,0,0,0,0,0,0,0,0,0,1,0,0,0
data/external/actions/human_action_recognition/test/005096_calling.jpg,Bingsu/Human_Action_Recognition,calling,1,0,0,0,0,0,0,0,0,0,0,0,0,0,0,0,1,0,0,0
data/external/actions/human_action_recognition/test/005097_calling.jpg,Bingsu/Human_Action_Recognition,calling,1,0,0,0,0,0,0,0,0,0,0,0,0,0,0,0,1,0,0,0
data/external/actions/human_action_recognition/test/005098_calling.jpg,Bingsu/Human_Action_Recognition,calling,1,0,0,0,0,0,0,0,0,0,0,0,0,0,0,0,1,0,0,0
data/external/actions/human_action_recognition/test/005099_calling.jpg,Bingsu/Human_Action_Recognition,calling,1,0,0,0,0,0,0,0,0,0,0,0,0,0,0,0,1,0,0,0
data/external/actions/human_action_recognition/test/005100_calling.jpg,Bingsu/Human_Action_Recognition,calling,1,0,0,0,0,0,0,0,0,0,0,0,0,0,0,0,1,0,0,0
data/external/actions/human_action_recognition/test/005101_calling.jpg,Bingsu/Human_Action_Recognition,calling,1,0,0,0,0,0,0,0,0,0,0,0,0,0,0,0,1,0,0,0
data/external/actions/human_action_recognition/test/005102_calling.jpg,Bingsu/Human_Action_Recognition,calling,1,0,0,0,0,0,0,0,0,0,0,0,0,0,0,0,1,0,0,0
data/external/actions/human_action_recognition/test/005103_calling.jpg,Bingsu/Human_Action_Recognition,calling,1,0,0,0,0,0,0,0,0,0,0,0,0,0,0,0,1,0,0,0
data/external/actions/human_action_recognition/test/005104_calling.jpg,Bingsu/Human_Action_Recognition,calling,1,0,0,0,0,0,0,0,0,0,0,0,0,0,0,0,1,0,0,0
data/external/actions/human_action_recognition/test/005105_calling.jpg,Bingsu/Human_Action_Recognition,calling,1,0,0,0,0,0,0,0,0,0,0,0,0,0,0,0,1,0,0,0
data/external/actions/human_action_recognition/test/005106_calling.jpg,Bingsu/Human_Action_Recognition,calling,1,0,0,0,0,0,0,0,0,0,0,0,0,0,0,0,1,0,0,0
data/external/actions/human_action_recognition/test/005107_calling.jpg,Bingsu/Human_Action_Recognition,calling,1,0,0,0,0,0,0,0,0,0,0,0,0,0,0,0,1,0,0,0
data/external/actions/human_action_recognition/test/005108_calling.jpg,Bingsu/Human_Action_Recognition,calling,1,0,0,0,0,0,0,0,0,0,0,0,0,0,0,0,1,0,0,0
data/external/actions/human_action_recognition/test/005109_calling.jpg,Bingsu/Human_Action_Recognition,calling,1,0,0,0,0,0,0,0,0,0,0,0,0,0,0,0,1,0,0,0
data/external/actions/human_action_recognition/test/005110_calling.jpg,Bingsu/Human_Action_Recognition,calling,1,0,0,0,0,0,0,0,0,0,0,0,0,0,0,0,1,0,0,0
data/external/actions/human_action_recognition/test/005111_calling.jpg,Bingsu/Human_Action_Recognition,calling,1,0,0,0,0,0,0,0,0,0,0,0,0,0,0,0,1,0,0,0
data/external/actions/human_action_recognition/test/005112_calling.jpg,Bingsu/Human_Action_Recognition,calling,1,0,0,0,0,0,0,0,0,0,0,0,0,0,0,0,1,0,0,0
data/external/actions/human_action_recognition/test/005113_calling.jpg,Bingsu/Human_Action_Recognition,calling,1,0,0,0,0,0,0,0,0,0,0,0,0,0,0,0,1,0,0,0
data/external/actions/human_action_recognition/test/005114_calling.jpg,Bingsu/Human_Action_Recognition,calling,1,0,0,0,0,0,0,0,0,0,0,0,0,0,0,0,1,0,0,0
data/external/actions/human_action_recognition/test/005115_calling.jpg,Bingsu/Human_Action_Recognition,calling,1,0,0,0,0,0,0,0,0,0,0,0,0,0,0,0,1,0,0,0
data/external/actions/human_action_recognition/test/005116_calling.jpg,Bingsu/Human_Action_Recognition,calling,1,0,0,0,0,0,0,0,0,0,0,0,0,0,0,0,1,0,0,0
data/external/actions/human_action_recognition/test/005117_calling.jpg,Bingsu/Human_Action_Recognition,calling,1,0,0,0,0,0,0,0,0,0,0,0,0,0,0,0,1,0,0,0
data/external/actions/human_action_recognition/test/005118_calling.jpg,Bingsu/Human_Action_Recognition,calling,1,0,0,0,0,0,0,0,0,0,0,0,0,0,0,0,1,0,0,0
data/external/actions/human_action_recognition/test/005119_calling.jpg,Bingsu/Human_Action_Recognition,calling,1,0,0,0,0,0,0,0,0,0,0,0,0,0,0,0,1,0,0,0
data/external/actions/human_action_recognition/test/005120_calling.jpg,Bingsu/Human_Action_Recognition,calling,1,0,0,0,0,0,0,0,0,0,0,0,0,0,0,0,1,0,0,0
data/external/actions/human_action_recognition/test/005121_calling.jpg,Bingsu/Human_Action_Recognition,calling,1,0,0,0,0,0,0,0,0,0,0,0,0,0,0,0,1,0,0,0
data/external/actions/human_action_recognition/test/005122_calling.jpg,Bingsu/Human_Action_Recognition,calling,1,0,0,0,0,0,0,0,0,0,0,0,0,0,0,0,1,0,0,0
data/external/actions/human_action_recognition/test/005123_calling.jpg,Bingsu/Human_Action_Recognition,calling,1,0,0,0,0,0,0,0,0,0,0,0,0,0,0,0,1,0,0,0
data/external/actions/human_action_recognition/test/005124_calling.jpg,Bingsu/Human_Action_Recognition,calling,1,0,0,0,0,0,0,0,0,0,0,0,0,0,0,0,1,0,0,0
data/external/actions/human_action_recognition/test/005125_calling.jpg,Bingsu/Human_Action_Recognition,calling,1,0,0,0,0,0,0,0,0,0,0,0,0,0,0,0,1,0,0,0
data/external/actions/human_action_recognition/test/005126_calling.jpg,Bingsu/Human_Action_Recognition,calling,1,0,0,0,0,0,0,0,0,0,0,0,0,0,0,0,1,0,0,0
data/external/actions/human_action_recognition/test/005127_calling.jpg,Bingsu/Human_Action_Recognition,calling,1,0,0,0,0,0,0,0,0,0,0,0,0,0,0,0,1,0,0,0
data/external/actions/human_action_recognition/test/005128_calling.jpg,Bingsu/Human_Action_Recognition,calling,1,0,0,0,0,0,0,0,0,0,0,0,0,0,0,0,1,0,0,0
data/external/actions/human_action_recognition/test/005129_calling.jpg,Bingsu/Human_Action_Recognition,calling,1,0,0,0,0,0,0,0,0,0,0,0,0,0,0,0,1,0,0,0
data/external/actions/human_action_recognition/test/005130_calling.jpg,Bingsu/Human_Action_Recognition,calling,1,0,0,0,0,0,0,0,0,0,0,0,0,0,0,0,1,0,0,0
data/external/actions/human_action_recognition/test/005131_calling.jpg,Bingsu/Human_Action_Recognition,calling,1,0,0,0,0,0,0,0,0,0,0,0,0,0,0,0,1,0,0,0
data/external/actions/human_action_recognition/test/005132_calling.jpg,Bingsu/Human_Action_Recognition,calling,1,0,0,0,0,0,0,0,0,0,0,0,0,0,0,0,1,0,0,0
data/external/actions/human_action_recognition/test/005133_calling.jpg,Bingsu/Human_Action_Recognition,calling,1,0,0,0,0,0,0,0,0,0,0,0,0,0,0,0,1,0,0,0
data/external/actions/human_action_recognition/test/005134_calling.jpg,Bingsu/Human_Action_Recognition,calling,1,0,0,0,0,0,0,0,0,0,0,0,0,0,0,0,1,0,0,0
data/external/actions/human_action_recognition/test/005135_calling.jpg,Bingsu/Human_Action_Recognition,calling,1,0,0,0,0,0,0,0,0,0,0,0,0,0,0,0,1,0,0,0
data/external/actions/human_action_recognition/test/005136_calling.jpg,Bingsu/Human_Action_Recognition,calling,1,0,0,0,0,0,0,0,0,0,0,0,0,0,0,0,1,0,0,0
data/external/actions/human_action_recognition/test/005137_calling.jpg,Bingsu/Human_Action_Recognition,calling,1,0,0,0,0,0,0,0,0,0,0,0,0,0,0,0,1,0,0,0
data/external/actions/human_action_recognition/test/005138_calling.jpg,Bingsu/Human_Action_Recognition,calling,1,0,0,0,0,0,0,0,0,0,0,0,0,0,0,0,1,0,0,0
data/external/actions/human_action_recognition/test/005139_calling.jpg,Bingsu/Human_Action_Recognition,calling,1,0,0,0,0,0,0,0,0,0,0,0,0,0,0,0,1,0,0,0
data/external/actions/human_action_recognition/test/005140_calling.jpg,Bingsu/Human_Action_Recognition,calling,1,0,0,0,0,0,0,0,0,0,0,0,0,0,0,0,1,0,0,0
data/external/actions/human_action_recognition/test/005141_calling.jpg,Bingsu/Human_Action_Recognition,calling,1,0,0,0,0,0,0,0,0,0,0,0,0,0,0,0,1,0,0,0
data/external/actions/human_action_recognition/test/005142_calling.jpg,Bingsu/Human_Action_Recognition,calling,1,0,0,0,0,0,0,0,0,0,0,0,0,0,0,0,1,0,0,0
data/external/actions/human_action_recognition/test/005143_calling.jpg,Bingsu/Human_Action_Recognition,calling,1,0,0,0,0,0,0,0,0,0,0,0,0,0,0,0,1,0,0,0
data/external/actions/human_action_recognition/test/005144_calling.jpg,Bingsu/Human_Action_Recognition,calling,1,0,0,0,0,0,0,0,0,0,0,0,0,0,0,0,1,0,0,0
data/external/actions/human_action_recognition/test/005145_calling.jpg,Bingsu/Human_Action_Recognition,calling,1,0,0,0,0,0,0,0,0,0,0,0,0,0,0,0,1,0,0,0
data/external/actions/human_action_recognition/test/005146_calling.jpg,Bingsu/Human_Action_Recognition,calling,1,0,0,0,0,0,0,0,0,0,0,0,0,0,0,0,1,0,0,0
data/external/actions/human_action_recognition/test/005147_calling.jpg,Bingsu/Human_Action_Recognition,calling,1,0,0,0,0,0,0,0,0,0,0,0,0,0,0,0,1,0,0,0
data/external/actions/human_action_recognition/test/005148_calling.jpg,Bingsu/Human_Action_Recognition,calling,1,0,0,0,0,0,0,0,0,0,0,0,0,0,0,0,1,0,0,0
data/external/actions/human_action_recognition/test/005149_calling.jpg,Bingsu/Human_Action_Recognition,calling,1,0,0,0,0,0,0,0,0,0,0,0,0,0,0,0,1,0,0,0
data/external/actions/human_action_recognition/test/005150_calling.jpg,Bingsu/Human_Action_Recognition,calling,1,0,0,0,0,0,0,0,0,0,0,0,0,0,0,0,1,0,0,0
data/external/actions/human_action_recognition/test/005151_calling.jpg,Bingsu/Human_Action_Recognition,calling,1,0,0,0,0,0,0,0,0,0,0,0,0,0,0,0,1,0,0,0
data/external/actions/human_action_recognition/test/005152_calling.jpg,Bingsu/Human_Action_Recognition,calling,1,0,0,0,0,0,0,0,0,0,0,0,0,0,0,0,1,0,0,0
data/external/actions/human_action_recognition/test/005153_calling.jpg,Bingsu/Human_Action_Recognition,calling,1,0,0,0,0,0,0,0,0,0,0,0,0,0,0,0,1,0,0,0
data/external/actions/human_action_recognition/test/005154_calling.jpg,Bingsu/Human_Action_Recognition,calling,1,0,0,0,0,0,0,0,0,0,0,0,0,0,0,0,1,0,0,0
data/external/actions/human_action_recognition/test/005155_calling.jpg,Bingsu/Human_Action_Recognition,calling,1,0,0,0,0,0,0,0,0,0,0,0,0,0,0,0,1,0,0,0
data/external/actions/human_action_recognition/test/005156_calling.jpg,Bingsu/Human_Action_Recognition,calling,1,0,0,0,0,0,0,0,0,0,0,0,0,0,0,0,1,0,0,0
data/external/actions/human_action_recognition/test/005157_calling.jpg,Bingsu/Human_Action_Recognition,calling,1,0,0,0,0,0,0,0,0,0,0,0,0,0,0,0,1,0,0,0
data/external/actions/human_action_recognition/test/005158_calling.jpg,Bingsu/Human_Action_Recognition,calling,1,0,0,0,0,0,0,0,0,0,0,0,0,0,0,0,1,0,0,0
data/external/actions/human_action_recognition/test/005159_calling.jpg,Bingsu/Human_Action_Recognition,calling,1,0,0,0,0,0,0,0,0,0,0,0,0,0,0,0,1,0,0,0
data/external/actions/human_action_recognition/test/005160_calling.jpg,Bingsu/Human_Action_Recognition,calling,1,0,0,0,0,0,0,0,0,0,0,0,0,0,0,0,1,0,0,0
data/external/actions/human_action_recognition/test/005161_calling.jpg,Bingsu/Human_Action_Recognition,calling,1,0,0,0,0,0,0,0,0,0,0,0,0,0,0,0,1,0,0,0
data/external/actions/human_action_recognition/test/005162_calling.jpg,Bingsu/Human_Action_Recognition,calling,1,0,0,0,0,0,0,0,0,0,0,0,0,0,0,0,1,0,0,0
data/external/actions/human_action_recognition/test/005163_calling.jpg,Bingsu/Human_Action_Recognition,calling,1,0,0,0,0,0,0,0,0,0,0,0,0,0,0,0,1,0,0,0
data/external/actions/human_action_recognition/test/005164_calling.jpg,Bingsu/Human_Action_Recognition,calling,1,0,0,0,0,0,0,0,0,0,0,0,0,0,0,0,1,0,0,0
data/external/actions/human_action_recognition/test/005165_calling.jpg,Bingsu/Human_Action_Recognition,calling,1,0,0,0,0,0,0,0,0,0,0,0,0,0,0,0,1,0,0,0
data/external/actions/human_action_recognition/test/005166_calling.jpg,Bingsu/Human_Action_Recognition,calling,1,0,0,0,0,0,0,0,0,0,0,0,0,0,0,0,1,0,0,0
data/external/actions/human_action_recognition/test/005167_calling.jpg,Bingsu/Human_Action_Recognition,calling,1,0,0,0,0,0,0,0,0,0,0,0,0,0,0,0,1,0,0,0
data/external/actions/human_action_recognition/test/005168_calling.jpg,Bingsu/Human_Action_Recognition,calling,1,0,0,0,0,0,0,0,0,0,0,0,0,0,0,0,1,0,0,0
data/external/actions/human_action_recognition/test/005169_calling.jpg,Bingsu/Human_Action_Recognition,calling,1,0,0,0,0,0,0,0,0,0,0,0,0,0,0,0,1,0,0,0
data/external/actions/human_action_recognition/test/005170_calling.jpg,Bingsu/Human_Action_Recognition,calling,1,0,0,0,0,0,0,0,0,0,0,0,0,0,0,0,1,0,0,0
data/external/actions/human_action_recognition/test/005171_calling.jpg,Bingsu/Human_Action_Recognition,calling,1,0,0,0,0,0,0,0,0,0,0,0,0,0,0,0,1,0,0,0
data/external/actions/human_action_recognition/test/005172_calling.jpg,Bingsu/Human_Action_Recognition,calling,1,0,0,0,0,0,0,0,0,0,0,0,0,0,0,0,1,0,0,0
data/external/actions/human_action_recognition/test/005173_calling.jpg,Bingsu/Human_Action_Recognition,calling,1,0,0,0,0,0,0,0,0,0,0,0,0,0,0,0,1,0,0,0
data/external/actions/human_action_recognition/test/005174_calling.jpg,Bingsu/Human_Action_Recognition,calling,1,0,0,0,0,0,0,0,0,0,0,0,0,0,0,0,1,0,0,0
data/external/actions/human_action_recognition/test/005175_calling.jpg,Bingsu/Human_Action_Recognition,calling,1,0,0,0,0,0,0,0,0,0,0,0,0,0,0,0,1,0,0,0
data/external/actions/human_action_recognition/test/005176_calling.jpg,Bingsu/Human_Action_Recognition,calling,1,0,0,0,0,0,0,0,0,0,0,0,0,0,0,0,1,0,0,0
data/external/actions/human_action_recognition/test/005177_calling.jpg,Bingsu/Human_Action_Recognition,calling,1,0,0,0,0,0,0,0,0,0,0,0,0,0,0,0,1,0,0,0
data/external/actions/human_action_recognition/test/005178_calling.jpg,Bingsu/Human_Action_Recognition,calling,1,0,0,0,0,0,0,0,0,0,0,0,0,0,0,0,1,0,0,0
data/external/actions/human_action_recognition/test/005179_calling.jpg,Bingsu/Human_Action_Recognition,calling,1,0,0,0,0,0,0,0,0,0,0,0,0,0,0,0,1,0,0,0
data/external/actions/human_action_recognition/test/005180_calling.jpg,Bingsu/Human_Action_Recognition,calling,1,0,0,0,0,0,0,0,0,0,0,0,0,0,0,0,1,0,0,0
data/external/actions/human_action_recognition/test/005181_calling.jpg,Bingsu/Human_Action_Recognition,calling,1,0,0,0,0,0,0,0,0,0,0,0,0,0,0,0,1,0,0,0
data/external/actions/human_action_recognition/test/005182_calling.jpg,Bingsu/Human_Action_Recognition,calling,1,0,0,0,0,0,0,0,0,0,0,0,0,0,0,0,1,0,0,0
data/external/actions/human_action_recognition/test/005183_calling.jpg,Bingsu/Human_Action_Recognition,calling,1,0,0,0,0,0,0,0,0,0,0,0,0,0,0,0,1,0,0,0
data/external/actions/human_action_recognition/test/005184_calling.jpg,Bingsu/Human_Action_Recognition,calling,1,0,0,0,0,0,0,0,0,0,0,0,0,0,0,0,1,0,0,0
data/external/actions/human_action_recognition/test/005185_calling.jpg,Bingsu/Human_Action_Recognition,calling,1,0,0,0,0,0,0,0,0,0,0,0,0,0,0,0,1,0,0,0
data/external/actions/human_action_recognition/test/005186_calling.jpg,Bingsu/Human_Action_Recognition,calling,1,0,0,0,0,0,0,0,0,0,0,0,0,0,0,0,1,0,0,0
data/external/actions/human_action_recognition/test/005187_calling.jpg,Bingsu/Human_Action_Recognition,calling,1,0,0,0,0,0,0,0,0,0,0,0,0,0,0,0,1,0,0,0
data/external/actions/human_action_recognition/test/005188_calling.jpg,Bingsu/Human_Action_Recognition,calling,1,0,0,0,0,0,0,0,0,0,0,0,0,0,0,0,1,0,0,0
data/external/actions/human_action_recognition/test/005189_calling.jpg,Bingsu/Human_Action_Recognition,calling,1,0,0,0,0,0,0,0,0,0,0,0,0,0,0,0,1,0,0,0
data/external/actions/human_action_recognition/test/005190_calling.jpg,Bingsu/Human_Action_Recognition,calling,1,0,0,0,0,0,0,0,0,0,0,0,0,0,0,0,1,0,0,0
data/external/actions/human_action_recognition/test/005191_calling.jpg,Bingsu/Human_Action_Recognition,calling,1,0,0,0,0,0,0,0,0,0,0,0,0,0,0,0,1,0,0,0
data/external/actions/human_action_recognition/test/005192_calling.jpg,Bingsu/Human_Action_Recognition,calling,1,0,0,0,0,0,0,0,0,0,0,0,0,0,0,0,1,0,0,0
data/external/actions/human_action_recognition/test/005193_calling.jpg,Bingsu/Human_Action_Recognition,calling,1,0,0,0,0,0,0,0,0,0,0,0,0,0,0,0,1,0,0,0
data/external/actions/human_action_recognition/test/005194_calling.jpg,Bingsu/Human_Action_Recognition,calling,1,0,0,0,0,0,0,0,0,0,0,0,0,0,0,0,1,0,0,0
data/external/actions/human_action_recognition/test/005195_calling.jpg,Bingsu/Human_Action_Recognition,calling,1,0,0,0,0,0,0,0,0,0,0,0,0,0,0,0,1,0,0,0
data/external/actions/human_action_recognition/test/005196_calling.jpg,Bingsu/Human_Action_Recognition,calling,1,0,0,0,0,0,0,0,0,0,0,0,0,0,0,0,1,0,0,0
data/external/actions/human_action_recognition/test/005197_calling.jpg,Bingsu/Human_Action_Recognition,calling,1,0,0,0,0,0,0,0,0,0,0,0,0,0,0,0,1,0,0,0
data/external/actions/human_action_recognition/test/005198_calling.jpg,Bingsu/Human_Action_Recognition,calling,1,0,0,0,0,0,0,0,0,0,0,0,0,0,0,0,1,0,0,0
data/external/actions/human_action_recognition/test/005199_calling.jpg,Bingsu/Human_Action_Recognition,calling,1,0,0,0,0,0,0,0,0,0,0,0,0,0,0,0,1,0,0,0
data/external/actions/human_action_recognition/test/005200_calling.jpg,Bingsu/Human_Action_Recognition,calling,1,0,0,0,0,0,0,0,0,0,0,0,0,0,0,0,1,0,0,0
data/external/actions/human_action_recognition/test/005201_calling.jpg,Bingsu/Human_Action_Recognition,calling,1,0,0,0,0,0,0,0,0,0,0,0,0,0,0,0,1,0,0,0
data/external/actions/human_action_recognition/test/005202_calling.jpg,Bingsu/Human_Action_Recognition,calling,1,0,0,0,0,0,0,0,0,0,0,0,0,0,0,0,1,0,0,0
data/external/actions/human_action_recognition/test/005203_calling.jpg,Bingsu/Human_Action_Recognition,calling,1,0,0,0,0,0,0,0,0,0,0,0,0,0,0,0,1,0,0,0
data/external/actions/human_action_recognition/test/005204_calling.jpg,Bingsu/Human_Action_Recognition,calling,1,0,0,0,0,0,0,0,0,0,0,0,0,0,0,0,1,0,0,0
data/external/actions/human_action_recognition/test/005205_calling.jpg,Bingsu/Human_Action_Recognition,calling,1,0,0,0,0,0,0,0,0,0,0,0,0,0,0,0,1,0,0,0
data/external/actions/human_action_recognition/test/005206_calling.jpg,Bingsu/Human_Action_Recognition,calling,1,0,0,0,0,0,0,0,0,0,0,0,0,0,0,0,1,0,0,0
data/external/actions/human_action_recognition/test/005207_calling.jpg,Bingsu/Human_Action_Recognition,calling,1,0,0,0,0,0,0,0,0,0,0,0,0,0,0,0,1,0,0,0
data/external/actions/human_action_recognition/test/005208_calling.jpg,Bingsu/Human_Action_Recognition,calling,1,0,0,0,0,0,0,0,0,0,0,0,0,0,0,0,1,0,0,0
data/external/actions/human_action_recognition/test/005209_calling.jpg,Bingsu/Human_Action_Recognition,calling,1,0,0,0,0,0,0,0,0,0,0,0,0,0,0,0,1,0,0,0
data/external/actions/human_action_recognition/test/005210_calling.jpg,Bingsu/Human_Action_Recognition,calling,1,0,0,0,0,0,0,0,0,0,0,0,0,0,0,0,1,0,0,0
data/external/actions/human_action_recognition/test/005211_calling.jpg,Bingsu/Human_Action_Recognition,calling,1,0,0,0,0,0,0,0,0,0,0,0,0,0,0,0,1,0,0,0
data/external/actions/human_action_recognition/test/005212_calling.jpg,Bingsu/Human_Action_Recognition,calling,1,0,0,0,0,0,0,0,0,0,0,0,0,0,0,0,1,0,0,0
data/external/actions/human_action_recognition/test/005213_calling.jpg,Bingsu/Human_Action_Recognition,calling,1,0,0,0,0,0,0,0,0,0,0,0,0,0,0,0,1,0,0,0
data/external/actions/human_action_recognition/test/005214_calling.jpg,Bingsu/Human_Action_Recognition,calling,1,0,0,0,0,0,0,0,0,0,0,0,0,0,0,0,1,0,0,0
data/external/actions/human_action_recognition/test/005215_calling.jpg,Bingsu/Human_Action_Recognition,calling,1,0,0,0,0,0,0,0,0,0,0,0,0,0,0,0,1,0,0,0
data/external/actions/human_action_recognition/test/005216_calling.jpg,Bingsu/Human_Action_Recognition,calling,1,0,0,0,0,0,0,0,0,0,0,0,0,0,0,0,1,0,0,0
data/external/actions/human_action_recognition/test/005217_calling.jpg,Bingsu/Human_Action_Recognition,calling,1,0,0,0,0,0,0,0,0,0,0,0,0,0,0,0,1,0,0,0
data/external/actions/human_action_recognition/test/005218_calling.jpg,Bingsu/Human_Action_Recognition,calling,1,0,0,0,0,0,0,0,0,0,0,0,0,0,0,0,1,0,0,0
data/external/actions/human_action_recognition/test/005219_calling.jpg,Bingsu/Human_Action_Recognition,calling,1,0,0,0,0,0,0,0,0,0,0,0,0,0,0,0,1,0,0,0
data/external/actions/human_action_recognition/test/005220_calling.jpg,Bingsu/Human_Action_Recognition,calling,1,0,0,0,0,0,0,0,0,0,0,0,0,0,0,0,1,0,0,0
data/external/actions/human_action_recognition/test/005221_calling.jpg,Bingsu/Human_Action_Recognition,calling,1,0,0,0,0,0,0,0,0,0,0,0,0,0,0,0,1,0,0,0
data/external/actions/human_action_recognition/test/005222_calling.jpg,Bingsu/Human_Action_Recognition,calling,1,0,0,0,0,0,0,0,0,0,0,0,0,0,0,0,1,0,0,0
data/external/actions/human_action_recognition/test/005223_calling.jpg,Bingsu/Human_Action_Recognition,calling,1,0,0,0,0,0,0,0,0,0,0,0,0,0,0,0,1,0,0,0
data/external/actions/human_action_recognition/test/005224_calling.jpg,Bingsu/Human_Action_Recognition,calling,1,0,0,0,0,0,0,0,0,0,0,0,0,0,0,0,1,0,0,0
data/external/actions/human_action_recognition/test/005225_calling.jpg,Bingsu/Human_Action_Recognition,calling,1,0,0,0,0,0,0,0,0,0,0,0,0,0,0,0,1,0,0,0
data/external/actions/human_action_recognition/test/005226_calling.jpg,Bingsu/Human_Action_Recognition,calling,1,0,0,0,0,0,0,0,0,0,0,0,0,0,0,0,1,0,0,0
data/external/actions/human_action_recognition/test/005227_calling.jpg,Bingsu/Human_Action_Recognition,calling,1,0,0,0,0,0,0,0,0,0,0,0,0,0,0,0,1,0,0,0
data/external/actions/human_action_recognition/test/005228_calling.jpg,Bingsu/Human_Action_Recognition,calling,1,0,0,0,0,0,0,0,0,0,0,0,0,0,0,0,1,0,0,0
data/external/actions/human_action_recognition/test/005229_calling.jpg,Bingsu/Human_Action_Recognition,calling,1,0,0,0,0,0,0,0,0,0,0,0,0,0,0,0,1,0,0,0
data/external/actions/human_action_recognition/test/005230_calling.jpg,Bingsu/Human_Action_Recognition,calling,1,0,0,0,0,0,0,0,0,0,0,0,0,0,0,0,1,0,0,0
data/external/actions/human_action_recognition/test/005231_calling.jpg,Bingsu/Human_Action_Recognition,calling,1,0,0,0,0,0,0,0,0,0,0,0,0,0,0,0,1,0,0,0
data/external/actions/human_action_recognition/test/005232_calling.jpg,Bingsu/Human_Action_Recognition,calling,1,0,0,0,0,0,0,0,0,0,0,0,0,0,0,0,1,0,0,0
data/external/actions/human_action_recognition/test/005233_calling.jpg,Bingsu/Human_Action_Recognition,calling,1,0,0,0,0,0,0,0,0,0,0,0,0,0,0,0,1,0,0,0
data/external/actions/human_action_recognition/test/005234_calling.jpg,Bingsu/Human_Action_Recognition,calling,1,0,0,0,0,0,0,0,0,0,0,0,0,0,0,0,1,0,0,0
data/external/actions/human_action_recognition/test/005235_calling.jpg,Bingsu/Human_Action_Recognition,calling,1,0,0,0,0,0,0,0,0,0,0,0,0,0,0,0,1,0,0,0
data/external/actions/human_action_recognition/test/005236_calling.jpg,Bingsu/Human_Action_Recognition,calling,1,0,0,0,0,0,0,0,0,0,0,0,0,0,0,0,1,0,0,0
data/external/actions/human_action_recognition/test/005237_calling.jpg,Bingsu/Human_Action_Recognition,calling,1,0,0,0,0,0,0,0,0,0,0,0,0,0,0,0,1,0,0,0
data/external/actions/human_action_recognition/test/005238_calling.jpg,Bingsu/Human_Action_Recognition,calling,1,0,0,0,0,0,0,0,0,0,0,0,0,0,0,0,1,0,0,0
data/external/actions/human_action_recognition/test/005239_calling.jpg,Bingsu/Human_Action_Recognition,calling,1,0,0,0,0,0,0,0,0,0,0,0,0,0,0,0,1,0,0,0
data/external/actions/human_action_recognition/test/005240_calling.jpg,Bingsu/Human_Action_Recognition,calling,1,0,0,0,0,0,0,0,0,0,0,0,0,0,0,0,1,0,0,0
data/external/actions/human_action_recognition/test/005241_calling.jpg,Bingsu/Human_Action_Recognition,calling,1,0,0,0,0,0,0,0,0,0,0,0,0,0,0,0,1,0,0,0
data/external/actions/human_action_recognition/test/005242_calling.jpg,Bingsu/Human_Action_Recognition,calling,1,0,0,0,0,0,0,0,0,0,0,0,0,0,0,0,1,0,0,0
data/external/actions/human_action_recognition/test/005243_calling.jpg,Bingsu/Human_Action_Recognition,calling,1,0,0,0,0,0,0,0,0,0,0,0,0,0,0,0,1,0,0,0
data/external/actions/human_action_recognition/test/005244_calling.jpg,Bingsu/Human_Action_Recognition,calling,1,0,0,0,0,0,0,0,0,0,0,0,0,0,0,0,1,0,0,0
data/external/actions/human_action_recognition/test/005245_calling.jpg,Bingsu/Human_Action_Recognition,calling,1,0,0,0,0,0,0,0,0,0,0,0,0,0,0,0,1,0,0,0
data/external/actions/human_action_recognition/test/005246_calling.jpg,Bingsu/Human_Action_Recognition,calling,1,0,0,0,0,0,0,0,0,0,0,0,0,0,0,0,1,0,0,0
data/external/actions/human_action_recognition/test/005247_calling.jpg,Bingsu/Human_Action_Recognition,calling,1,0,0,0,0,0,0,0,0,0,0,0,0,0,0,0,1,0,0,0
data/external/actions/human_action_recognition/test/005248_calling.jpg,Bingsu/Human_Action_Recognition,calling,1,0,0,0,0,0,0,0,0,0,0,0,0,0,0,0,1,0,0,0
data/external/actions/human_action_recognition/test/005249_calling.jpg,Bingsu/Human_Action_Recognition,calling,1,0,0,0,0,0,0,0,0,0,0,0,0,0,0,0,1,0,0,0
data/external/actions/human_action_recognition/test/005250_calling.jpg,Bingsu/Human_Action_Recognition,calling,1,0,0,0,0,0,0,0,0,0,0,0,0,0,0,0,1,0,0,0
data/external/actions/human_action_recognition/test/005251_calling.jpg,Bingsu/Human_Action_Recognition,calling,1,0,0,0,0,0,0,0,0,0,0,0,0,0,0,0,1,0,0,0
data/external/actions/human_action_recognition/test/005252_calling.jpg,Bingsu/Human_Action_Recognition,calling,1,0,0,0,0,0,0,0,0,0,0,0,0,0,0,0,1,0,0,0
data/external/actions/human_action_recognition/test/005253_calling.jpg,Bingsu/Human_Action_Recognition,calling,1,0,0,0,0,0,0,0,0,0,0,0,0,0,0,0,1,0,0,0
data/external/actions/human_action_recognition/test/005254_calling.jpg,Bingsu/Human_Action_Recognition,calling,1,0,0,0,0,0,0,0,0,0,0,0,0,0,0,0,1,0,0,0
data/external/actions/human_action_recognition/test/005255_calling.jpg,Bingsu/Human_Action_Recognition,calling,1,0,0,0,0,0,0,0,0,0,0,0,0,0,0,0,1,0,0,0
data/external/actions/human_action_recognition/test/005256_calling.jpg,Bingsu/Human_Action_Recognition,calling,1,0,0,0,0,0,0,0,0,0,0,0,0,0,0,0,1,0,0,0
data/external/actions/human_action_recognition/test/005257_calling.jpg,Bingsu/Human_Action_Recognition,calling,1,0,0,0,0,0,0,0,0,0,0,0,0,0,0,0,1,0,0,0
data/external/actions/human_action_recognition/test/005258_calling.jpg,Bingsu/Human_Action_Recognition,calling,1,0,0,0,0,0,0,0,0,0,0,0,0,0,0,0,1,0,0,0
data/external/actions/human_action_recognition/test/005259_calling.jpg,Bingsu/Human_Action_Recognition,calling,1,0,0,0,0,0,0,0,0,0,0,0,0,0,0,0,1,0,0,0
data/external/actions/human_action_recognition/test/005260_calling.jpg,Bingsu/Human_Action_Recognition,calling,1,0,0,0,0,0,0,0,0,0,0,0,0,0,0,0,1,0,0,0
data/external/actions/human_action_recognition/test/005261_calling.jpg,Bingsu/Human_Action_Recognition,calling,1,0,0,0,0,0,0,0,0,0,0,0,0,0,0,0,1,0,0,0
data/external/actions/human_action_recognition/test/005262_calling.jpg,Bingsu/Human_Action_Recognition,calling,1,0,0,0,0,0,0,0,0,0,0,0,0,0,0,0,1,0,0,0
data/external/actions/human_action_recognition/test/005263_calling.jpg,Bingsu/Human_Action_Recognition,calling,1,0,0,0,0,0,0,0,0,0,0,0,0,0,0,0,1,0,0,0
data/external/actions/human_action_recognition/test/005264_calling.jpg,Bingsu/Human_Action_Recognition,calling,1,0,0,0,0,0,0,0,0,0,0,0,0,0,0,0,1,0,0,0
data/external/actions/human_action_recognition/test/005265_calling.jpg,Bingsu/Human_Action_Recognition,calling,1,0,0,0,0,0,0,0,0,0,0,0,0,0,0,0,1,0,0,0
data/external/actions/human_action_recognition/test/005266_calling.jpg,Bingsu/Human_Action_Recognition,calling,1,0,0,0,0,0,0,0,0,0,0,0,0,0,0,0,1,0,0,0
data/external/actions/human_action_recognition/test/005267_calling.jpg,Bingsu/Human_Action_Recognition,calling,1,0,0,0,0,0,0,0,0,0,0,0,0,0,0,0,1,0,0,0
data/external/actions/human_action_recognition/test/005268_calling.jpg,Bingsu/Human_Action_Recognition,calling,1,0,0,0,0,0,0,0,0,0,0,0,0,0,0,0,1,0,0,0
data/external/actions/human_action_recognition/test/005269_calling.jpg,Bingsu/Human_Action_Recognition,calling,1,0,0,0,0,0,0,0,0,0,0,0,0,0,0,0,1,0,0,0
data/external/actions/human_action_recognition/test/005270_calling.jpg,Bingsu/Human_Action_Recognition,calling,1,0,0,0,0,0,0,0,0,0,0,0,0,0,0,0,1,0,0,0
data/external/actions/human_action_recognition/test/005271_calling.jpg,Bingsu/Human_Action_Recognition,calling,1,0,0,0,0,0,0,0,0,0,0,0,0,0,0,0,1,0,0,0
data/external/actions/human_action_recognition/test/005272_calling.jpg,Bingsu/Human_Action_Recognition,calling,1,0,0,0,0,0,0,0,0,0,0,0,0,0,0,0,1,0,0,0
data/external/actions/human_action_recognition/test/005273_calling.jpg,Bingsu/Human_Action_Recognition,calling,1,0,0,0,0,0,0,0,0,0,0,0,0,0,0,0,1,0,0,0
data/external/actions/human_action_recognition/test/005274_calling.jpg,Bingsu/Human_Action_Recognition,calling,1,0,0,0,0,0,0,0,0,0,0,0,0,0,0,0,1,0,0,0
data/external/actions/human_action_recognition/test/005275_calling.jpg,Bingsu/Human_Action_Recognition,calling,1,0,0,0,0,0,0,0,0,0,0,0,0,0,0,0,1,0,0,0
data/external/actions/human_action_recognition/test/005276_calling.jpg,Bingsu/Human_Action_Recognition,calling,1,0,0,0,0,0,0,0,0,0,0,0,0,0,0,0,1,0,0,0
data/external/actions/human_action_recognition/test/005277_calling.jpg,Bingsu/Human_Action_Recognition,calling,1,0,0,0,0,0,0,0,0,0,0,0,0,0,0,0,1,0,0,0
data/external/actions/human_action_recognition/test/005278_calling.jpg,Bingsu/Human_Action_Recognition,calling,1,0,0,0,0,0,0,0,0,0,0,0,0,0,0,0,1,0,0,0
data/external/actions/human_action_recognition/test/005279_calling.jpg,Bingsu/Human_Action_Recognition,calling,1,0,0,0,0,0,0,0,0,0,0,0,0,0,0,0,1,0,0,0
data/external/actions/human_action_recognition/test/005280_calling.jpg,Bingsu/Human_Action_Recognition,calling,1,0,0,0,0,0,0,0,0,0,0,0,0,0,0,0,1,0,0,0
data/external/actions/human_action_recognition/test/005281_calling.jpg,Bingsu/Human_Action_Recognition,calling,1,0,0,0,0,0,0,0,0,0,0,0,0,0,0,0,1,0,0,0
data/external/actions/human_action_recognition/test/005282_calling.jpg,Bingsu/Human_Action_Recognition,calling,1,0,0,0,0,0,0,0,0,0,0,0,0,0,0,0,1,0,0,0
data/external/actions/human_action_recognition/test/005283_calling.jpg,Bingsu/Human_Action_Recognition,calling,1,0,0,0,0,0,0,0,0,0,0,0,0,0,0,0,1,0,0,0
data/external/actions/human_action_recognition/test/005284_calling.jpg,Bingsu/Human_Action_Recognition,calling,1,0,0,0,0,0,0,0,0,0,0,0,0,0,0,0,1,0,0,0
data/external/actions/human_action_recognition/test/005285_calling.jpg,Bingsu/Human_Action_Recognition,calling,1,0,0,0,0,0,0,0,0,0,0,0,0,0,0,0,1,0,0,0
data/external/actions/human_action_recognition/test/005286_calling.jpg,Bingsu/Human_Action_Recognition,calling,1,0,0,0,0,0,0,0,0,0,0,0,0,0,0,0,1,0,0,0
data/external/actions/human_action_recognition/test/005287_calling.jpg,Bingsu/Human_Action_Recognition,calling,1,0,0,0,0,0,0,0,0,0,0,0,0,0,0,0,1,0,0,0
data/external/actions/human_action_recognition/test/005288_calling.jpg,Bingsu/Human_Action_Recognition,calling,1,0,0,0,0,0,0,0,0,0,0,0,0,0,0,0,1,0,0,0
data/external/actions/human_action_recognition/test/005289_calling.jpg,Bingsu/Human_Action_Recognition,calling,1,0,0,0,0,0,0,0,0,0,0,0,0,0,0,0,1,0,0,0
data/external/actions/human_action_recognition/test/005290_calling.jpg,Bingsu/Human_Action_Recognition,calling,1,0,0,0,0,0,0,0,0,0,0,0,0,0,0,0,1,0,0,0
data/external/actions/human_action_recognition/test/005291_calling.jpg,Bingsu/Human_Action_Recognition,calling,1,0,0,0,0,0,0,0,0,0,0,0,0,0,0,0,1,0,0,0
data/external/actions/human_action_recognition/test/005292_calling.jpg,Bingsu/Human_Action_Recognition,calling,1,0,0,0,0,0,0,0,0,0,0,0,0,0,0,0,1,0,0,0
data/external/actions/human_action_recognition/test/005293_calling.jpg,Bingsu/Human_Action_Recognition,calling,1,0,0,0,0,0,0,0,0,0,0,0,0,0,0,0,1,0,0,0
data/external/actions/human_action_recognition/test/005294_calling.jpg,Bingsu/Human_Action_Recognition,calling,1,0,0,0,0,0,0,0,0,0,0,0,0,0,0,0,1,0,0,0
data/external/actions/human_action_recognition/test/005295_calling.jpg,Bingsu/Human_Action_Recognition,calling,1,0,0,0,0,0,0,0,0,0,0,0,0,0,0,0,1,0,0,0
data/external/actions/human_action_recognition/test/005296_calling.jpg,Bingsu/Human_Action_Recognition,calling,1,0,0,0,0,0,0,0,0,0,0,0,0,0,0,0,1,0,0,0
data/external/actions/human_action_recognition/test/005297_calling.jpg,Bingsu/Human_Action_Recognition,calling,1,0,0,0,0,0,0,0,0,0,0,0,0,0,0,0,1,0,0,0
data/external/actions/human_action_recognition/test/005298_calling.jpg,Bingsu/Human_Action_Recognition,calling,1,0,0,0,0,0,0,0,0,0,0,0,0,0,0,0,1,0,0,0
data/external/actions/human_action_recognition/test/005299_calling.jpg,Bingsu/Human_Action_Recognition,calling,1,0,0,0,0,0,0,0,0,0,0,0,0,0,0,0,1,0,0,0
data/external/actions/human_action_recognition/test/005300_calling.jpg,Bingsu/Human_Action_Recognition,calling,1,0,0,0,0,0,0,0,0,0,0,0,0,0,0,0,1,0,0,0
data/external/actions/human_action_recognition/test/005301_calling.jpg,Bingsu/Human_Action_Recognition,calling,1,0,0,0,0,0,0,0,0,0,0,0,0,0,0,0,1,0,0,0
data/external/actions/human_action_recognition/test/005302_calling.jpg,Bingsu/Human_Action_Recognition,calling,1,0,0,0,0,0,0,0,0,0,0,0,0,0,0,0,1,0,0,0
data/external/actions/human_action_recognition/test/005303_calling.jpg,Bingsu/Human_Action_Recognition,calling,1,0,0,0,0,0,0,0,0,0,0,0,0,0,0,0,1,0,0,0
data/external/actions/human_action_recognition/test/005304_calling.jpg,Bingsu/Human_Action_Recognition,calling,1,0,0,0,0,0,0,0,0,0,0,0,0,0,0,0,1,0,0,0
data/external/actions/human_action_recognition/test/005305_calling.jpg,Bingsu/Human_Action_Recognition,calling,1,0,0,0,0,0,0,0,0,0,0,0,0,0,0,0,1,0,0,0
data/external/actions/human_action_recognition/test/005306_calling.jpg,Bingsu/Human_Action_Recognition,calling,1,0,0,0,0,0,0,0,0,0,0,0,0,0,0,0,1,0,0,0
data/external/actions/human_action_recognition/test/005307_calling.jpg,Bingsu/Human_Action_Recognition,calling,1,0,0,0,0,0,0,0,0,0,0,0,0,0,0,0,1,0,0,0
data/external/actions/human_action_recognition/test/005308_calling.jpg,Bingsu/Human_Action_Recognition,calling,1,0,0,0,0,0,0,0,0,0,0,0,0,0,0,0,1,0,0,0
data/external/actions/human_action_recognition/test/005309_calling.jpg,Bingsu/Human_Action_Recognition,calling,1,0,0,0,0,0,0,0,0,0,0,0,0,0,0,0,1,0,0,0
data/external/actions/human_action_recognition/test/005310_calling.jpg,Bingsu/Human_Action_Recognition,calling,1,0,0,0,0,0,0,0,0,0,0,0,0,0,0,0,1,0,0,0
data/external/actions/human_action_recognition/test/005311_calling.jpg,Bingsu/Human_Action_Recognition,calling,1,0,0,0,0,0,0,0,0,0,0,0,0,0,0,0,1,0,0,0
data/external/actions/human_action_recognition/test/005312_calling.jpg,Bingsu/Human_Action_Recognition,calling,1,0,0,0,0,0,0,0,0,0,0,0,0,0,0,0,1,0,0,0
data/external/actions/human_action_recognition/test/005313_calling.jpg,Bingsu/Human_Action_Recognition,calling,1,0,0,0,0,0,0,0,0,0,0,0,0,0,0,0,1,0,0,0
data/external/actions/human_action_recognition/test/005314_calling.jpg,Bingsu/Human_Action_Recognition,calling,1,0,0,0,0,0,0,0,0,0,0,0,0,0,0,0,1,0,0,0
data/external/actions/human_action_recognition/test/005315_calling.jpg,Bingsu/Human_Action_Recognition,calling,1,0,0,0,0,0,0,0,0,0,0,0,0,0,0,0,1,0,0,0
data/external/actions/human_action_recognition/test/005316_calling.jpg,Bingsu/Human_Action_Recognition,calling,1,0,0,0,0,0,0,0,0,0,0,0,0,0,0,0,1,0,0,0
data/external/actions/human_action_recognition/test/005317_calling.jpg,Bingsu/Human_Action_Recognition,calling,1,0,0,0,0,0,0,0,0,0,0,0,0,0,0,0,1,0,0,0
data/external/actions/human_action_recognition/test/005318_calling.jpg,Bingsu/Human_Action_Recognition,calling,1,0,0,0,0,0,0,0,0,0,0,0,0,0,0,0,1,0,0,0
data/external/actions/human_action_recognition/test/005319_calling.jpg,Bingsu/Human_Action_Recognition,calling,1,0,0,0,0,0,0,0,0,0,0,0,0,0,0,0,1,0,0,0
data/external/actions/human_action_recognition/test/005320_calling.jpg,Bingsu/Human_Action_Recognition,calling,1,0,0,0,0,0,0,0,0,0,0,0,0,0,0,0,1,0,0,0
data/external/actions/human_action_recognition/test/005321_calling.jpg,Bingsu/Human_Action_Recognition,calling,1,0,0,0,0,0,0,0,0,0,0,0,0,0,0,0,1,0,0,0
data/external/actions/human_action_recognition/test/005322_calling.jpg,Bingsu/Human_Action_Recognition,calling,1,0,0,0,0,0,0,0,0,0,0,0,0,0,0,0,1,0,0,0
data/external/actions/human_action_recognition/test/005323_calling.jpg,Bingsu/Human_Action_Recognition,calling,1,0,0,0,0,0,0,0,0,0,0,0,0,0,0,0,1,0,0,0
data/external/actions/human_action_recognition/test/005324_calling.jpg,Bingsu/Human_Action_Recognition,calling,1,0,0,0,0,0,0,0,0,0,0,0,0,0,0,0,1,0,0,0
data/external/actions/human_action_recognition/test/005325_calling.jpg,Bingsu/Human_Action_Recognition,calling,1,0,0,0,0,0,0,0,0,0,0,0,0,0,0,0,1,0,0,0
data/external/actions/human_action_recognition/test/005326_calling.jpg,Bingsu/Human_Action_Recognition,calling,1,0,0,0,0,0,0,0,0,0,0,0,0,0,0,0,1,0,0,0
data/external/actions/human_action_recognition/test/005327_calling.jpg,Bingsu/Human_Action_Recognition,calling,1,0,0,0,0,0,0,0,0,0,0,0,0,0,0,0,1,0,0,0
data/external/actions/human_action_recognition/test/005328_calling.jpg,Bingsu/Human_Action_Recognition,calling,1,0,0,0,0,0,0,0,0,0,0,0,0,0,0,0,1,0,0,0
data/external/actions/human_action_recognition/test/005329_calling.jpg,Bingsu/Human_Action_Recognition,calling,1,0,0,0,0,0,0,0,0,0,0,0,0,0,0,0,1,0,0,0
data/external/actions/human_action_recognition/test/005330_calling.jpg,Bingsu/Human_Action_Recognition,calling,1,0,0,0,0,0,0,0,0,0,0,0,0,0,0,0,1,0,0,0
data/external/actions/human_action_recognition/test/005331_calling.jpg,Bingsu/Human_Action_Recognition,calling,1,0,0,0,0,0,0,0,0,0,0,0,0,0,0,0,1,0,0,0
data/external/actions/human_action_recognition/test/005332_calling.jpg,Bingsu/Human_Action_Recognition,calling,1,0,0,0,0,0,0,0,0,0,0,0,0,0,0,0,1,0,0,0
data/external/actions/human_action_recognition/test/005333_calling.jpg,Bingsu/Human_Action_Recognition,calling,1,0,0,0,0,0,0,0,0,0,0,0,0,0,0,0,1,0,0,0
data/external/actions/human_action_recognition/test/005334_calling.jpg,Bingsu/Human_Action_Recognition,calling,1,0,0,0,0,0,0,0,0,0,0,0,0,0,0,0,1,0,0,0
data/external/actions/human_action_recognition/test/005335_calling.jpg,Bingsu/Human_Action_Recognition,calling,1,0,0,0,0,0,0,0,0,0,0,0,0,0,0,0,1,0,0,0
data/external/actions/human_action_recognition/test/005336_calling.jpg,Bingsu/Human_Action_Recognition,calling,1,0,0,0,0,0,0,0,0,0,0,0,0,0,0,0,1,0,0,0
data/external/actions/human_action_recognition/test/005337_calling.jpg,Bingsu/Human_Action_Recognition,calling,1,0,0,0,0,0,0,0,0,0,0,0,0,0,0,0,1,0,0,0
data/external/actions/human_action_recognition/test/005338_calling.jpg,Bingsu/Human_Action_Recognition,calling,1,0,0,0,0,0,0,0,0,0,0,0,0,0,0,0,1,0,0,0
data/external/actions/human_action_recognition/test/005339_calling.jpg,Bingsu/Human_Action_Recognition,calling,1,0,0,0,0,0,0,0,0,0,0,0,0,0,0,0,1,0,0,0
data/external/actions/human_action_recognition/test/005340_calling.jpg,Bingsu/Human_Action_Recognition,calling,1,0,0,0,0,0,0,0,0,0,0,0,0,0,0,0,1,0,0,0
data/external/actions/human_action_recognition/test/005341_calling.jpg,Bingsu/Human_Action_Recognition,calling,1,0,0,0,0,0,0,0,0,0,0,0,0,0,0,0,1,0,0,0
data/external/actions/human_action_recognition/test/005342_calling.jpg,Bingsu/Human_Action_Recognition,calling,1,0,0,0,0,0,0,0,0,0,0,0,0,0,0,0,1,0,0,0
data/external/actions/human_action_recognition/test/005343_calling.jpg,Bingsu/Human_Action_Recognition,calling,1,0,0,0,0,0,0,0,0,0,0,0,0,0,0,0,1,0,0,0
data/external/actions/human_action_recognition/test/005344_calling.jpg,Bingsu/Human_Action_Recognition,calling,1,0,0,0,0,0,0,0,0,0,0,0,0,0,0,0,1,0,0,0
data/external/actions/human_action_recognition/test/005345_calling.jpg,Bingsu/Human_Action_Recognition,calling,1,0,0,0,0,0,0,0,0,0,0,0,0,0,0,0,1,0,0,0
data/external/actions/human_action_recognition/test/005346_calling.jpg,Bingsu/Human_Action_Recognition,calling,1,0,0,0,0,0,0,0,0,0,0,0,0,0,0,0,1,0,0,0
data/external/actions/human_action_recognition/test/005347_calling.jpg,Bingsu/Human_Action_Recognition,calling,1,0,0,0,0,0,0,0,0,0,0,0,0,0,0,0,1,0,0,0
data/external/actions/human_action_recognition/test/005348_calling.jpg,Bingsu/Human_Action_Recognition,calling,1,0,0,0,0,0,0,0,0,0,0,0,0,0,0,0,1,0,0,0
data/external/actions/human_action_recognition/test/005349_calling.jpg,Bingsu/Human_Action_Recognition,calling,1,0,0,0,0,0,0,0,0,0,0,0,0,0,0,0,1,0,0,0
data/external/actions/human_action_recognition/test/005350_calling.jpg,Bingsu/Human_Action_Recognition,calling,1,0,0,0,0,0,0,0,0,0,0,0,0,0,0,0,1,0,0,0
data/external/actions/human_action_recognition/test/005351_calling.jpg,Bingsu/Human_Action_Recognition,calling,1,0,0,0,0,0,0,0,0,0,0,0,0,0,0,0,1,0,0,0
data/external/actions/human_action_recognition/test/005352_calling.jpg,Bingsu/Human_Action_Recognition,calling,1,0,0,0,0,0,0,0,0,0,0,0,0,0,0,0,1,0,0,0
data/external/actions/human_action_recognition/test/005353_calling.jpg,Bingsu/Human_Action_Recognition,calling,1,0,0,0,0,0,0,0,0,0,0,0,0,0,0,0,1,0,0,0
data/external/actions/human_action_recognition/test/005354_calling.jpg,Bingsu/Human_Action_Recognition,calling,1,0,0,0,0,0,0,0,0,0,0,0,0,0,0,0,1,0,0,0
data/external/actions/human_action_recognition/test/005355_calling.jpg,Bingsu/Human_Action_Recognition,calling,1,0,0,0,0,0,0,0,0,0,0,0,0,0,0,0,1,0,0,0
data/external/actions/human_action_recognition/test/005356_calling.jpg,Bingsu/Human_Action_Recognition,calling,1,0,0,0,0,0,0,0,0,0,0,0,0,0,0,0,1,0,0,0
data/external/actions/human_action_recognition/test/005357_calling.jpg,Bingsu/Human_Action_Recognition,calling,1,0,0,0,0,0,0,0,0,0,0,0,0,0,0,0,1,0,0,0
data/external/actions/human_action_recognition/test/005358_calling.jpg,Bingsu/Human_Action_Recognition,calling,1,0,0,0,0,0,0,0,0,0,0,0,0,0,0,0,1,0,0,0
data/external/actions/human_action_recognition/test/005359_calling.jpg,Bingsu/Human_Action_Recognition,calling,1,0,0,0,0,0,0,0,0,0,0,0,0,0,0,0,1,0,0,0
data/external/actions/human_action_recognition/test/005360_calling.jpg,Bingsu/Human_Action_Recognition,calling,1,0,0,0,0,0,0,0,0,0,0,0,0,0,0,0,1,0,0,0
data/external/actions/human_action_recognition/test/005361_calling.jpg,Bingsu/Human_Action_Recognition,calling,1,0,0,0,0,0,0,0,0,0,0,0,0,0,0,0,1,0,0,0
data/external/actions/human_action_recognition/test/005362_calling.jpg,Bingsu/Human_Action_Recognition,calling,1,0,0,0,0,0,0,0,0,0,0,0,0,0,0,0,1,0,0,0
data/external/actions/human_action_recognition/test/005363_calling.jpg,Bingsu/Human_Action_Recognition,calling,1,0,0,0,0,0,0,0,0,0,0,0,0,0,0,0,1,0,0,0
data/external/actions/human_action_recognition/test/005364_calling.jpg,Bingsu/Human_Action_Recognition,calling,1,0,0,0,0,0,0,0,0,0,0,0,0,0,0,0,1,0,0,0
data/external/actions/human_action_recognition/test/005365_calling.jpg,Bingsu/Human_Action_Recognition,calling,1,0,0,0,0,0,0,0,0,0,0,0,0,0,0,0,1,0,0,0
data/external/actions/human_action_recognition/test/005366_calling.jpg,Bingsu/Human_Action_Recognition,calling,1,0,0,0,0,0,0,0,0,0,0,0,0,0,0,0,1,0,0,0
data/external/actions/human_action_recognition/test/005367_calling.jpg,Bingsu/Human_Action_Recognition,calling,1,0,0,0,0,0,0,0,0,0,0,0,0,0,0,0,1,0,0,0
data/external/actions/human_action_recognition/test/005368_calling.jpg,Bingsu/Human_Action_Recognition,calling,1,0,0,0,0,0,0,0,0,0,0,0,0,0,0,0,1,0,0,0
data/external/actions/human_action_recognition/test/005369_calling.jpg,Bingsu/Human_Action_Recognition,calling,1,0,0,0,0,0,0,0,0,0,0,0,0,0,0,0,1,0,0,0
data/external/actions/human_action_recognition/test/005370_calling.jpg,Bingsu/Human_Action_Recognition,calling,1,0,0,0,0,0,0,0,0,0,0,0,0,0,0,0,1,0,0,0
data/external/actions/human_action_recognition/test/005371_calling.jpg,Bingsu/Human_Action_Recognition,calling,1,0,0,0,0,0,0,0,0,0,0,0,0,0,0,0,1,0,0,0
data/external/actions/human_action_recognition/test/005372_calling.jpg,Bingsu/Human_Action_Recognition,calling,1,0,0,0,0,0,0,0,0,0,0,0,0,0,0,0,1,0,0,0
data/external/actions/human_action_recognition/test/005373_calling.jpg,Bingsu/Human_Action_Recognition,calling,1,0,0,0,0,0,0,0,0,0,0,0,0,0,0,0,1,0,0,0
data/external/actions/human_action_recognition/test/005374_calling.jpg,Bingsu/Human_Action_Recognition,calling,1,0,0,0,0,0,0,0,0,0,0,0,0,0,0,0,1,0,0,0
data/external/actions/human_action_recognition/test/005375_calling.jpg,Bingsu/Human_Action_Recognition,calling,1,0,0,0,0,0,0,0,0,0,0,0,0,0,0,0,1,0,0,0
data/external/actions/human_action_recognition/test/005376_calling.jpg,Bingsu/Human_Action_Recognition,calling,1,0,0,0,0,0,0,0,0,0,0,0,0,0,0,0,1,0,0,0
data/external/actions/human_action_recognition/test/005377_calling.jpg,Bingsu/Human_Action_Recognition,calling,1,0,0,0,0,0,0,0,0,0,0,0,0,0,0,0,1,0,0,0
data/external/actions/human_action_recognition/test/005378_calling.jpg,Bingsu/Human_Action_Recognition,calling,1,0,0,0,0,0,0,0,0,0,0,0,0,0,0,0,1,0,0,0
data/external/actions/human_action_recognition/test/005379_calling.jpg,Bingsu/Human_Action_Recognition,calling,1,0,0,0,0,0,0,0,0,0,0,0,0,0,0,0,1,0,0,0
data/external/actions/human_action_recognition/test/005380_calling.jpg,Bingsu/Human_Action_Recognition,calling,1,0,0,0,0,0,0,0,0,0,0,0,0,0,0,0,1,0,0,0
data/external/actions/human_action_recognition/test/005381_calling.jpg,Bingsu/Human_Action_Recognition,calling,1,0,0,0,0,0,0,0,0,0,0,0,0,0,0,0,1,0,0,0
data/external/actions/human_action_recognition/test/005382_calling.jpg,Bingsu/Human_Action_Recognition,calling,1,0,0,0,0,0,0,0,0,0,0,0,0,0,0,0,1,0,0,0
data/external/actions/human_action_recognition/test/005383_calling.jpg,Bingsu/Human_Action_Recognition,calling,1,0,0,0,0,0,0,0,0,0,0,0,0,0,0,0,1,0,0,0
data/external/actions/human_action_recognition/test/005384_calling.jpg,Bingsu/Human_Action_Recognition,calling,1,0,0,0,0,0,0,0,0,0,0,0,0,0,0,0,1,0,0,0
data/external/actions/human_action_recognition/test/005385_calling.jpg,Bingsu/Human_Action_Recognition,calling,1,0,0,0,0,0,0,0,0,0,0,0,0,0,0,0,1,0,0,0
data/external/actions/human_action_recognition/test/005386_calling.jpg,Bingsu/Human_Action_Recognition,calling,1,0,0,0,0,0,0,0,0,0,0,0,0,0,0,0,1,0,0,0
data/external/actions/human_action_recognition/test/005387_calling.jpg,Bingsu/Human_Action_Recognition,calling,1,0,0,0,0,0,0,0,0,0,0,0,0,0,0,0,1,0,0,0
data/external/actions/human_action_recognition/test/005388_calling.jpg,Bingsu/Human_Action_Recognition,calling,1,0,0,0,0,0,0,0,0,0,0,0,0,0,0,0,1,0,0,0
data/external/actions/human_action_recognition/test/005389_calling.jpg,Bingsu/Human_Action_Recognition,calling,1,0,0,0,0,0,0,0,0,0,0,0,0,0,0,0,1,0,0,0
data/external/actions/human_action_recognition/test/005390_calling.jpg,Bingsu/Human_Action_Recognition,calling,1,0,0,0,0,0,0,0,0,0,0,0,0,0,0,0,1,0,0,0
data/external/actions/human_action_recognition/test/005391_calling.jpg,Bingsu/Human_Action_Recognition,calling,1,0,0,0,0,0,0,0,0,0,0,0,0,0,0,0,1,0,0,0
data/external/actions/human_action_recognition/test/005392_calling.jpg,Bingsu/Human_Action_Recognition,calling,1,0,0,0,0,0,0,0,0,0,0,0,0,0,0,0,1,0,0,0
data/external/actions/human_action_recognition/test/005393_calling.jpg,Bingsu/Human_Action_Recognition,calling,1,0,0,0,0,0,0,0,0,0,0,0,0,0,0,0,1,0,0,0
data/external/actions/human_action_recognition/test/005394_calling.jpg,Bingsu/Human_Action_Recognition,calling,1,0,0,0,0,0,0,0,0,0,0,0,0,0,0,0,1,0,0,0
data/external/actions/human_action_recognition/test/005395_calling.jpg,Bingsu/Human_Action_Recognition,calling,1,0,0,0,0,0,0,0,0,0,0,0,0,0,0,0,1,0,0,0
data/external/actions/human_action_recognition/test/005396_calling.jpg,Bingsu/Human_Action_Recognition,calling,1,0,0,0,0,0,0,0,0,0,0,0,0,0,0,0,1,0,0,0
data/external/actions/human_action_recognition/test/005397_calling.jpg,Bingsu/Human_Action_Recognition,calling,1,0,0,0,0,0,0,0,0,0,0,0,0,0,0,0,1,0,0,0
data/external/actions/human_action_recognition/test/005398_calling.jpg,Bingsu/Human_Action_Recognition,calling,1,0,0,0,0,0,0,0,0,0,0,0,0,0,0,0,1,0,0,0
data/external/actions/human_action_recognition/test/005399_calling.jpg,Bingsu/Human_Action_Recognition,calling,1,0,0,0,0,0,0,0,0,0,0,0,0,0,0,0,1,0,0,0
data/external/actions/stanford40/drinking/drinking_001.jpg,folder_actions,,0,0,0,0,0,0,0,0,0,0,0,0,0,0,1,0,0,0,0,0
data/external/actions/stanford40/drinking/drinking_002.jpg,folder_actions,,0,0,0,0,0,0,0,0,0,0,0,0,0,0,1,0,0,0,0,0
data/external/actions/stanford40/drinking/drinking_003.jpg,folder_actions,,0,0,0,0,0,0,0,0,0,0,0,0,0,0,1,0,0,0,0,0
data/external/actions/stanford40/drinking/drinking_004.jpg,folder_actions,,0,0,0,0,0,0,0,0,0,0,0,0,0,0,1,0,0,0,0,0
data/external/actions/stanford40/drinking/drinking_005.jpg,folder_actions,,0,0,0,0,0,0,0,0,0,0,0,0,0,0,1,0,0,0,0,0
data/external/actions/stanford40/drinking/drinking_006.jpg,folder_actions,,0,0,0,0,0,0,0,0,0,0,0,0,0,0,1,0,0,0,0,0
data/external/actions/stanford40/drinking/drinking_007.jpg,folder_actions,,0,0,0,0,0,0,0,0,0,0,0,0,0,0,1,0,0,0,0,0
data/external/actions/stanford40/drinking/drinking_008.jpg,folder_actions,,0,0,0,0,0,0,0,0,0,0,0,0,0,0,1,0,0,0,0,0
data/external/actions/stanford40/drinking/drinking_009.jpg,folder_actions,,0,0,0,0,0,0,0,0,0,0,0,0,0,0,1,0,0,0,0,0
data/external/actions/stanford40/drinking/drinking_010.jpg,folder_actions,,0,0,0,0,0,0,0,0,0,0,0,0,0,0,1,0,0,0,0,0
data/external/actions/stanford40/drinking/drinking_011.jpg,folder_actions,,0,0,0,0,0,0,0,0,0,0,0,0,0,0,1,0,0,0,0,0
data/external/actions/stanford40/drinking/drinking_012.jpg,folder_actions,,0,0,0,0,0,0,0,0,0,0,0,0,0,0,1,0,0,0,0,0
data/external/actions/stanford40/drinking/drinking_013.jpg,folder_actions,,0,0,0,0,0,0,0,0,0,0,0,0,0,0,1,0,0,0,0,0
data/external/actions/stanford40/drinking/drinking_014.jpg,folder_actions,,0,0,0,0,0,0,0,0,0,0,0,0,0,0,1,0,0,0,0,0
data/external/actions/stanford40/drinking/drinking_015.jpg,folder_actions,,0,0,0,0,0,0,0,0,0,0,0,0,0,0,1,0,0,0,0,0
data/external/actions/stanford40/drinking/drinking_016.jpg,folder_actions,,0,0,0,0,0,0,0,0,0,0,0,0,0,0,1,0,0,0,0,0
data/external/actions/stanford40/drinking/drinking_017.jpg,folder_actions,,0,0,0,0,0,0,0,0,0,0,0,0,0,0,1,0,0,0,0,0
data/external/actions/stanford40/drinking/drinking_018.jpg,folder_actions,,0,0,0,0,0,0,0,0,0,0,0,0,0,0,1,0,0,0,0,0
data/external/actions/stanford40/drinking/drinking_019.jpg,folder_actions,,0,0,0,0,0,0,0,0,0,0,0,0,0,0,1,0,0,0,0,0
data/external/actions/stanford40/drinking/drinking_020.jpg,folder_actions,,0,0,0,0,0,0,0,0,0,0,0,0,0,0,1,0,0,0,0,0
data/external/actions/stanford40/drinking/drinking_021.jpg,folder_actions,,0,0,0,0,0,0,0,0,0,0,0,0,0,0,1,0,0,0,0,0
data/external/actions/stanford40/drinking/drinking_022.jpg,folder_actions,,0,0,0,0,0,0,0,0,0,0,0,0,0,0,1,0,0,0,0,0
data/external/actions/stanford40/drinking/drinking_023.jpg,folder_actions,,0,0,0,0,0,0,0,0,0,0,0,0,0,0,1,0,0,0,0,0
data/external/actions/stanford40/drinking/drinking_024.jpg,folder_actions,,0,0,0,0,0,0,0,0,0,0,0,0,0,0,1,0,0,0,0,0
data/external/actions/stanford40/drinking/drinking_025.jpg,folder_actions,,0,0,0,0,0,0,0,0,0,0,0,0,0,0,1,0,0,0,0,0
data/external/actions/stanford40/drinking/drinking_026.jpg,folder_actions,,0,0,0,0,0,0,0,0,0,0,0,0,0,0,1,0,0,0,0,0
data/external/actions/stanford40/drinking/drinking_027.jpg,folder_actions,,0,0,0,0,0,0,0,0,0,0,0,0,0,0,1,0,0,0,0,0
data/external/actions/stanford40/drinking/drinking_028.jpg,folder_actions,,0,0,0,0,0,0,0,0,0,0,0,0,0,0,1,0,0,0,0,0
data/external/actions/stanford40/drinking/drinking_029.jpg,folder_actions,,0,0,0,0,0,0,0,0,0,0,0,0,0,0,1,0,0,0,0,0
data/external/actions/stanford40/drinking/drinking_030.jpg,folder_actions,,0,0,0,0,0,0,0,0,0,0,0,0,0,0,1,0,0,0,0,0
data/external/actions/stanford40/drinking/drinking_031.jpg,folder_actions,,0,0,0,0,0,0,0,0,0,0,0,0,0,0,1,0,0,0,0,0
data/external/actions/stanford40/drinking/drinking_032.jpg,folder_actions,,0,0,0,0,0,0,0,0,0,0,0,0,0,0,1,0,0,0,0,0
data/external/actions/stanford40/drinking/drinking_033.jpg,folder_actions,,0,0,0,0,0,0,0,0,0,0,0,0,0,0,1,0,0,0,0,0
data/external/actions/stanford40/drinking/drinking_034.jpg,folder_actions,,0,0,0,0,0,0,0,0,0,0,0,0,0,0,1,0,0,0,0,0
data/external/actions/stanford40/drinking/drinking_035.jpg,folder_actions,,0,0,0,0,0,0,0,0,0,0,0,0,0,0,1,0,0,0,0,0
data/external/actions/stanford40/drinking/drinking_036.jpg,folder_actions,,0,0,0,0,0,0,0,0,0,0,0,0,0,0,1,0,0,0,0,0
data/external/actions/stanford40/drinking/drinking_037.jpg,folder_actions,,0,0,0,0,0,0,0,0,0,0,0,0,0,0,1,0,0,0,0,0
data/external/actions/stanford40/drinking/drinking_038.jpg,folder_actions,,0,0,0,0,0,0,0,0,0,0,0,0,0,0,1,0,0,0,0,0
data/external/actions/stanford40/drinking/drinking_039.jpg,folder_actions,,0,0,0,0,0,0,0,0,0,0,0,0,0,0,1,0,0,0,0,0
data/external/actions/stanford40/drinking/drinking_040.jpg,folder_actions,,0,0,0,0,0,0,0,0,0,0,0,0,0,0,1,0,0,0,0,0
data/external/actions/stanford40/drinking/drinking_041.jpg,folder_actions,,0,0,0,0,0,0,0,0,0,0,0,0,0,0,1,0,0,0,0,0
data/external/actions/stanford40/drinking/drinking_042.jpg,folder_actions,,0,0,0,0,0,0,0,0,0,0,0,0,0,0,1,0,0,0,0,0
data/external/actions/stanford40/drinking/drinking_043.jpg,folder_actions,,0,0,0,0,0,0,0,0,0,0,0,0,0,0,1,0,0,0,0,0
data/external/actions/stanford40/drinking/drinking_044.jpg,folder_actions,,0,0,0,0,0,0,0,0,0,0,0,0,0,0,1,0,0,0,0,0
data/external/actions/stanford40/drinking/drinking_045.jpg,folder_actions,,0,0,0,0,0,0,0,0,0,0,0,0,0,0,1,0,0,0,0,0
data/external/actions/stanford40/drinking/drinking_046.jpg,folder_actions,,0,0,0,0,0,0,0,0,0,0,0,0,0,0,1,0,0,0,0,0
data/external/actions/stanford40/drinking/drinking_047.jpg,folder_actions,,0,0,0,0,0,0,0,0,0,0,0,0,0,0,1,0,0,0,0,0
data/external/actions/stanford40/drinking/drinking_048.jpg,folder_actions,,0,0,0,0,0,0,0,0,0,0,0,0,0,0,1,0,0,0,0,0
data/external/actions/stanford40/drinking/drinking_049.jpg,folder_actions,,0,0,0,0,0,0,0,0,0,0,0,0,0,0,1,0,0,0,0,0
data/external/actions/stanford40/drinking/drinking_050.jpg,folder_actions,,0,0,0,0,0,0,0,0,0,0,0,0,0,0,1,0,0,0,0,0
data/external/actions/stanford40/drinking/drinking_051.jpg,folder_actions,,0,0,0,0,0,0,0,0,0,0,0,0,0,0,1,0,0,0,0,0
data/external/actions/stanford40/drinking/drinking_052.jpg,folder_actions,,0,0,0,0,0,0,0,0,0,0,0,0,0,0,1,0,0,0,0,0
data/external/actions/stanford40/drinking/drinking_053.jpg,folder_actions,,0,0,0,0,0,0,0,0,0,0,0,0,0,0,1,0,0,0,0,0
data/external/actions/stanford40/drinking/drinking_054.jpg,folder_actions,,0,0,0,0,0,0,0,0,0,0,0,0,0,0,1,0,0,0,0,0
data/external/actions/stanford40/drinking/drinking_055.jpg,folder_actions,,0,0,0,0,0,0,0,0,0,0,0,0,0,0,1,0,0,0,0,0
data/external/actions/stanford40/drinking/drinking_056.jpg,folder_actions,,0,0,0,0,0,0,0,0,0,0,0,0,0,0,1,0,0,0,0,0
data/external/actions/stanford40/drinking/drinking_057.jpg,folder_actions,,0,0,0,0,0,0,0,0,0,0,0,0,0,0,1,0,0,0,0,0
data/external/actions/stanford40/drinking/drinking_058.jpg,folder_actions,,0,0,0,0,0,0,0,0,0,0,0,0,0,0,1,0,0,0,0,0
data/external/actions/stanford40/drinking/drinking_059.jpg,folder_actions,,0,0,0,0,0,0,0,0,0,0,0,0,0,0,1,0,0,0,0,0
data/external/actions/stanford40/drinking/drinking_060.jpg,folder_actions,,0,0,0,0,0,0,0,0,0,0,0,0,0,0,1,0,0,0,0,0
data/external/actions/stanford40/drinking/drinking_061.jpg,folder_actions,,0,0,0,0,0,0,0,0,0,0,0,0,0,0,1,0,0,0,0,0
data/external/actions/stanford40/drinking/drinking_062.jpg,folder_actions,,0,0,0,0,0,0,0,0,0,0,0,0,0,0,1,0,0,0,0,0
data/external/actions/stanford40/drinking/drinking_063.jpg,folder_actions,,0,0,0,0,0,0,0,0,0,0,0,0,0,0,1,0,0,0,0,0
data/external/actions/stanford40/drinking/drinking_064.jpg,folder_actions,,0,0,0,0,0,0,0,0,0,0,0,0,0,0,1,0,0,0,0,0
data/external/actions/stanford40/drinking/drinking_065.jpg,folder_actions,,0,0,0,0,0,0,0,0,0,0,0,0,0,0,1,0,0,0,0,0
data/external/actions/stanford40/drinking/drinking_066.jpg,folder_actions,,0,0,0,0,0,0,0,0,0,0,0,0,0,0,1,0,0,0,0,0
data/external/actions/stanford40/drinking/drinking_067.jpg,folder_actions,,0,0,0,0,0,0,0,0,0,0,0,0,0,0,1,0,0,0,0,0
data/external/actions/stanford40/drinking/drinking_068.jpg,folder_actions,,0,0,0,0,0,0,0,0,0,0,0,0,0,0,1,0,0,0,0,0
data/external/actions/stanford40/drinking/drinking_069.jpg,folder_actions,,0,0,0,0,0,0,0,0,0,0,0,0,0,0,1,0,0,0,0,0
data/external/actions/stanford40/drinking/drinking_070.jpg,folder_actions,,0,0,0,0,0,0,0,0,0,0,0,0,0,0,1,0,0,0,0,0
data/external/actions/stanford40/drinking/drinking_071.jpg,folder_actions,,0,0,0,0,0,0,0,0,0,0,0,0,0,0,1,0,0,0,0,0
data/external/actions/stanford40/drinking/drinking_072.jpg,folder_actions,,0,0,0,0,0,0,0,0,0,0,0,0,0,0,1,0,0,0,0,0
data/external/actions/stanford40/drinking/drinking_073.jpg,folder_actions,,0,0,0,0,0,0,0,0,0,0,0,0,0,0,1,0,0,0,0,0
data/external/actions/stanford40/drinking/drinking_074.jpg,folder_actions,,0,0,0,0,0,0,0,0,0,0,0,0,0,0,1,0,0,0,0,0
data/external/actions/stanford40/drinking/drinking_075.jpg,folder_actions,,0,0,0,0,0,0,0,0,0,0,0,0,0,0,1,0,0,0,0,0
data/external/actions/stanford40/drinking/drinking_076.jpg,folder_actions,,0,0,0,0,0,0,0,0,0,0,0,0,0,0,1,0,0,0,0,0
data/external/actions/stanford40/drinking/drinking_077.jpg,folder_actions,,0,0,0,0,0,0,0,0,0,0,0,0,0,0,1,0,0,0,0,0
data/external/actions/stanford40/drinking/drinking_078.jpg,folder_actions,,0,0,0,0,0,0,0,0,0,0,0,0,0,0,1,0,0,0,0,0
data/external/actions/stanford40/drinking/drinking_079.jpg,folder_actions,,0,0,0,0,0,0,0,0,0,0,0,0,0,0,1,0,0,0,0,0
data/external/actions/stanford40/drinking/drinking_080.jpg,folder_actions,,0,0,0,0,0,0,0,0,0,0,0,0,0,0,1,0,0,0,0,0
data/external/actions/stanford40/drinking/drinking_081.jpg,folder_actions,,0,0,0,0,0,0,0,0,0,0,0,0,0,0,1,0,0,0,0,0
data/external/actions/stanford40/drinking/drinking_082.jpg,folder_actions,,0,0,0,0,0,0,0,0,0,0,0,0,0,0,1,0,0,0,0,0
data/external/actions/stanford40/drinking/drinking_083.jpg,folder_actions,,0,0,0,0,0,0,0,0,0,0,0,0,0,0,1,0,0,0,0,0
data/external/actions/stanford40/drinking/drinking_084.jpg,folder_actions,,0,0,0,0,0,0,0,0,0,0,0,0,0,0,1,0,0,0,0,0
data/external/actions/stanford40/drinking/drinking_085.jpg,folder_actions,,0,0,0,0,0,0,0,0,0,0,0,0,0,0,1,0,0,0,0,0
data/external/actions/stanford40/drinking/drinking_086.jpg,folder_actions,,0,0,0,0,0,0,0,0,0,0,0,0,0,0,1,0,0,0,0,0
data/external/actions/stanford40/drinking/drinking_087.jpg,folder_actions,,0,0,0,0,0,0,0,0,0,0,0,0,0,0,1,0,0,0,0,0
data/external/actions/stanford40/drinking/drinking_088.jpg,folder_actions,,0,0,0,0,0,0,0,0,0,0,0,0,0,0,1,0,0,0,0,0
data/external/actions/stanford40/drinking/drinking_089.jpg,folder_actions,,0,0,0,0,0,0,0,0,0,0,0,0,0,0,1,0,0,0,0,0
data/external/actions/stanford40/drinking/drinking_090.jpg,folder_actions,,0,0,0,0,0,0,0,0,0,0,0,0,0,0,1,0,0,0,0,0
data/external/actions/stanford40/drinking/drinking_091.jpg,folder_actions,,0,0,0,0,0,0,0,0,0,0,0,0,0,0,1,0,0,0,0,0
data/external/actions/stanford40/drinking/drinking_092.jpg,folder_actions,,0,0,0,0,0,0,0,0,0,0,0,0,0,0,1,0,0,0,0,0
data/external/actions/stanford40/drinking/drinking_093.jpg,folder_actions,,0,0,0,0,0,0,0,0,0,0,0,0,0,0,1,0,0,0,0,0
data/external/actions/stanford40/drinking/drinking_094.jpg,folder_actions,,0,0,0,0,0,0,0,0,0,0,0,0,0,0,1,0,0,0,0,0
data/external/actions/stanford40/drinking/drinking_095.jpg,folder_actions,,0,0,0,0,0,0,0,0,0,0,0,0,0,0,1,0,0,0,0,0
data/external/actions/stanford40/drinking/drinking_096.jpg,folder_actions,,0,0,0,0,0,0,0,0,0,0,0,0,0,0,1,0,0,0,0,0
data/external/actions/stanford40/drinking/drinking_097.jpg,folder_actions,,0,0,0,0,0,0,0,0,0,0,0,0,0,0,1,0,0,0,0,0
data/external/actions/stanford40/drinking/drinking_098.jpg,folder_actions,,0,0,0,0,0,0,0,0,0,0,0,0,0,0,1,0,0,0,0,0
data/external/actions/stanford40/drinking/drinking_099.jpg,folder_actions,,0,0,0,0,0,0,0,0,0,0,0,0,0,0,1,0,0,0,0,0
data/external/actions/stanford40/drinking/drinking_100.jpg,folder_actions,,0,0,0,0,0,0,0,0,0,0,0,0,0,0,1,0,0,0,0,0
data/external/actions/stanford40/drinking/drinking_101.jpg,folder_actions,,0,0,0,0,0,0,0,0,0,0,0,0,0,0,1,0,0,0,0,0
data/external/actions/stanford40/drinking/drinking_102.jpg,folder_actions,,0,0,0,0,0,0,0,0,0,0,0,0,0,0,1,0,0,0,0,0
data/external/actions/stanford40/drinking/drinking_103.jpg,folder_actions,,0,0,0,0,0,0,0,0,0,0,0,0,0,0,1,0,0,0,0,0
data/external/actions/stanford40/drinking/drinking_104.jpg,folder_actions,,0,0,0,0,0,0,0,0,0,0,0,0,0,0,1,0,0,0,0,0
data/external/actions/stanford40/drinking/drinking_105.jpg,folder_actions,,0,0,0,0,0,0,0,0,0,0,0,0,0,0,1,0,0,0,0,0
data/external/actions/stanford40/drinking/drinking_106.jpg,folder_actions,,0,0,0,0,0,0,0,0,0,0,0,0,0,0,1,0,0,0,0,0
data/external/actions/stanford40/drinking/drinking_107.jpg,folder_actions,,0,0,0,0,0,0,0,0,0,0,0,0,0,0,1,0,0,0,0,0
data/external/actions/stanford40/drinking/drinking_108.jpg,folder_actions,,0,0,0,0,0,0,0,0,0,0,0,0,0,0,1,0,0,0,0,0
data/external/actions/stanford40/drinking/drinking_109.jpg,folder_actions,,0,0,0,0,0,0,0,0,0,0,0,0,0,0,1,0,0,0,0,0
data/external/actions/stanford40/drinking/drinking_110.jpg,folder_actions,,0,0,0,0,0,0,0,0,0,0,0,0,0,0,1,0,0,0,0,0
data/external/actions/stanford40/drinking/drinking_111.jpg,folder_actions,,0,0,0,0,0,0,0,0,0,0,0,0,0,0,1,0,0,0,0,0
data/external/actions/stanford40/drinking/drinking_112.jpg,folder_actions,,0,0,0,0,0,0,0,0,0,0,0,0,0,0,1,0,0,0,0,0
data/external/actions/stanford40/drinking/drinking_113.jpg,folder_actions,,0,0,0,0,0,0,0,0,0,0,0,0,0,0,1,0,0,0,0,0
data/external/actions/stanford40/drinking/drinking_114.jpg,folder_actions,,0,0,0,0,0,0,0,0,0,0,0,0,0,0,1,0,0,0,0,0
data/external/actions/stanford40/drinking/drinking_115.jpg,folder_actions,,0,0,0,0,0,0,0,0,0,0,0,0,0,0,1,0,0,0,0,0
data/external/actions/stanford40/drinking/drinking_116.jpg,folder_actions,,0,0,0,0,0,0,0,0,0,0,0,0,0,0,1,0,0,0,0,0
data/external/actions/stanford40/drinking/drinking_117.jpg,folder_actions,,0,0,0,0,0,0,0,0,0,0,0,0,0,0,1,0,0,0,0,0
data/external/actions/stanford40/drinking/drinking_118.jpg,folder_actions,,0,0,0,0,0,0,0,0,0,0,0,0,0,0,1,0,0,0,0,0
data/external/actions/stanford40/drinking/drinking_119.jpg,folder_actions,,0,0,0,0,0,0,0,0,0,0,0,0,0,0,1,0,0,0,0,0
data/external/actions/stanford40/drinking/drinking_120.jpg,folder_actions,,0,0,0,0,0,0,0,0,0,0,0,0,0,0,1,0,0,0,0,0
data/external/actions/stanford40/drinking/drinking_121.jpg,folder_actions,,0,0,0,0,0,0,0,0,0,0,0,0,0,0,1,0,0,0,0,0
data/external/actions/stanford40/drinking/drinking_122.jpg,folder_actions,,0,0,0,0,0,0,0,0,0,0,0,0,0,0,1,0,0,0,0,0
data/external/actions/stanford40/drinking/drinking_123.jpg,folder_actions,,0,0,0,0,0,0,0,0,0,0,0,0,0,0,1,0,0,0,0,0
data/external/actions/stanford40/drinking/drinking_124.jpg,folder_actions,,0,0,0,0,0,0,0,0,0,0,0,0,0,0,1,0,0,0,0,0
data/external/actions/stanford40/drinking/drinking_125.jpg,folder_actions,,0,0,0,0,0,0,0,0,0,0,0,0,0,0,1,0,0,0,0,0
data/external/actions/stanford40/drinking/drinking_126.jpg,folder_actions,,0,0,0,0,0,0,0,0,0,0,0,0,0,0,1,0,0,0,0,0
data/external/actions/stanford40/drinking/drinking_127.jpg,folder_actions,,0,0,0,0,0,0,0,0,0,0,0,0,0,0,1,0,0,0,0,0
data/external/actions/stanford40/drinking/drinking_128.jpg,folder_actions,,0,0,0,0,0,0,0,0,0,0,0,0,0,0,1,0,0,0,0,0
data/external/actions/stanford40/drinking/drinking_129.jpg,folder_actions,,0,0,0,0,0,0,0,0,0,0,0,0,0,0,1,0,0,0,0,0
data/external/actions/stanford40/drinking/drinking_130.jpg,folder_actions,,0,0,0,0,0,0,0,0,0,0,0,0,0,0,1,0,0,0,0,0
data/external/actions/stanford40/drinking/drinking_131.jpg,folder_actions,,0,0,0,0,0,0,0,0,0,0,0,0,0,0,1,0,0,0,0,0
data/external/actions/stanford40/drinking/drinking_132.jpg,folder_actions,,0,0,0,0,0,0,0,0,0,0,0,0,0,0,1,0,0,0,0,0
data/external/actions/stanford40/drinking/drinking_133.jpg,folder_actions,,0,0,0,0,0,0,0,0,0,0,0,0,0,0,1,0,0,0,0,0
data/external/actions/stanford40/drinking/drinking_134.jpg,folder_actions,,0,0,0,0,0,0,0,0,0,0,0,0,0,0,1,0,0,0,0,0
data/external/actions/stanford40/drinking/drinking_135.jpg,folder_actions,,0,0,0,0,0,0,0,0,0,0,0,0,0,0,1,0,0,0,0,0
data/external/actions/stanford40/drinking/drinking_136.jpg,folder_actions,,0,0,0,0,0,0,0,0,0,0,0,0,0,0,1,0,0,0,0,0
data/external/actions/stanford40/drinking/drinking_137.jpg,folder_actions,,0,0,0,0,0,0,0,0,0,0,0,0,0,0,1,0,0,0,0,0
data/external/actions/stanford40/drinking/drinking_138.jpg,folder_actions,,0,0,0,0,0,0,0,0,0,0,0,0,0,0,1,0,0,0,0,0
data/external/actions/stanford40/drinking/drinking_139.jpg,folder_actions,,0,0,0,0,0,0,0,0,0,0,0,0,0,0,1,0,0,0,0,0
data/external/actions/stanford40/drinking/drinking_140.jpg,folder_actions,,0,0,0,0,0,0,0,0,0,0,0,0,0,0,1,0,0,0,0,0
data/external/actions/stanford40/drinking/drinking_141.jpg,folder_actions,,0,0,0,0,0,0,0,0,0,0,0,0,0,0,1,0,0,0,0,0
data/external/actions/stanford40/drinking/drinking_142.jpg,folder_actions,,0,0,0,0,0,0,0,0,0,0,0,0,0,0,1,0,0,0,0,0
data/external/actions/stanford40/drinking/drinking_143.jpg,folder_actions,,0,0,0,0,0,0,0,0,0,0,0,0,0,0,1,0,0,0,0,0
data/external/actions/stanford40/drinking/drinking_144.jpg,folder_actions,,0,0,0,0,0,0,0,0,0,0,0,0,0,0,1,0,0,0,0,0
data/external/actions/stanford40/drinking/drinking_145.jpg,folder_actions,,0,0,0,0,0,0,0,0,0,0,0,0,0,0,1,0,0,0,0,0
data/external/actions/stanford40/drinking/drinking_146.jpg,folder_actions,,0,0,0,0,0,0,0,0,0,0,0,0,0,0,1,0,0,0,0,0
data/external/actions/stanford40/drinking/drinking_147.jpg,folder_actions,,0,0,0,0,0,0,0,0,0,0,0,0,0,0,1,0,0,0,0,0
data/external/actions/stanford40/drinking/drinking_148.jpg,folder_actions,,0,0,0,0,0,0,0,0,0,0,0,0,0,0,1,0,0,0,0,0
data/external/actions/stanford40/drinking/drinking_149.jpg,folder_actions,,0,0,0,0,0,0,0,0,0,0,0,0,0,0,1,0,0,0,0,0
data/external/actions/stanford40/drinking/drinking_150.jpg,folder_actions,,0,0,0,0,0,0,0,0,0,0,0,0,0,0,1,0,0,0,0,0
data/external/actions/stanford40/drinking/drinking_151.jpg,folder_actions,,0,0,0,0,0,0,0,0,0,0,0,0,0,0,1,0,0,0,0,0
data/external/actions/stanford40/drinking/drinking_152.jpg,folder_actions,,0,0,0,0,0,0,0,0,0,0,0,0,0,0,1,0,0,0,0,0
data/external/actions/stanford40/drinking/drinking_153.jpg,folder_actions,,0,0,0,0,0,0,0,0,0,0,0,0,0,0,1,0,0,0,0,0
data/external/actions/stanford40/drinking/drinking_154.jpg,folder_actions,,0,0,0,0,0,0,0,0,0,0,0,0,0,0,1,0,0,0,0,0
data/external/actions/stanford40/drinking/drinking_155.jpg,folder_actions,,0,0,0,0,0,0,0,0,0,0,0,0,0,0,1,0,0,0,0,0
data/external/actions/stanford40/drinking/drinking_156.jpg,folder_actions,,0,0,0,0,0,0,0,0,0,0,0,0,0,0,1,0,0,0,0,0
data/external/actions/stanford40/drinking/drinking_157.jpg,folder_actions,,0,0,0,0,0,0,0,0,0,0,0,0,0,0,1,0,0,0,0,0
data/external/actions/stanford40/drinking/drinking_158.jpg,folder_actions,,0,0,0,0,0,0,0,0,0,0,0,0,0,0,1,0,0,0,0,0
data/external/actions/stanford40/drinking/drinking_159.jpg,folder_actions,,0,0,0,0,0,0,0,0,0,0,0,0,0,0,1,0,0,0,0,0
data/external/actions/stanford40/drinking/drinking_160.jpg,folder_actions,,0,0,0,0,0,0,0,0,0,0,0,0,0,0,1,0,0,0,0,0
data/external/actions/stanford40/drinking/drinking_161.jpg,folder_actions,,0,0,0,0,0,0,0,0,0,0,0,0,0,0,1,0,0,0,0,0
data/external/actions/stanford40/drinking/drinking_162.jpg,folder_actions,,0,0,0,0,0,0,0,0,0,0,0,0,0,0,1,0,0,0,0,0
data/external/actions/stanford40/drinking/drinking_163.jpg,folder_actions,,0,0,0,0,0,0,0,0,0,0,0,0,0,0,1,0,0,0,0,0
data/external/actions/stanford40/drinking/drinking_164.jpg,folder_actions,,0,0,0,0,0,0,0,0,0,0,0,0,0,0,1,0,0,0,0,0
data/external/actions/stanford40/drinking/drinking_165.jpg,folder_actions,,0,0,0,0,0,0,0,0,0,0,0,0,0,0,1,0,0,0,0,0
data/external/actions/stanford40/drinking/drinking_166.jpg,folder_actions,,0,0,0,0,0,0,0,0,0,0,0,0,0,0,1,0,0,0,0,0
data/external/actions/stanford40/drinking/drinking_167.jpg,folder_actions,,0,0,0,0,0,0,0,0,0,0,0,0,0,0,1,0,0,0,0,0
data/external/actions/stanford40/drinking/drinking_168.jpg,folder_actions,,0,0,0,0,0,0,0,0,0,0,0,0,0,0,1,0,0,0,0,0
data/external/actions/stanford40/drinking/drinking_169.jpg,folder_actions,,0,0,0,0,0,0,0,0,0,0,0,0,0,0,1,0,0,0,0,0
data/external/actions/stanford40/drinking/drinking_170.jpg,folder_actions,,0,0,0,0,0,0,0,0,0,0,0,0,0,0,1,0,0,0,0,0
data/external/actions/stanford40/drinking/drinking_171.jpg,folder_actions,,0,0,0,0,0,0,0,0,0,0,0,0,0,0,1,0,0,0,0,0
data/external/actions/stanford40/drinking/drinking_172.jpg,folder_actions,,0,0,0,0,0,0,0,0,0,0,0,0,0,0,1,0,0,0,0,0
data/external/actions/stanford40/drinking/drinking_173.jpg,folder_actions,,0,0,0,0,0,0,0,0,0,0,0,0,0,0,1,0,0,0,0,0
data/external/actions/stanford40/drinking/drinking_174.jpg,folder_actions,,0,0,0,0,0,0,0,0,0,0,0,0,0,0,1,0,0,0,0,0
data/external/actions/stanford40/drinking/drinking_175.jpg,folder_actions,,0,0,0,0,0,0,0,0,0,0,0,0,0,0,1,0,0,0,0,0
data/external/actions/stanford40/drinking/drinking_176.jpg,folder_actions,,0,0,0,0,0,0,0,0,0,0,0,0,0,0,1,0,0,0,0,0
data/external/actions/stanford40/drinking/drinking_177.jpg,folder_actions,,0,0,0,0,0,0,0,0,0,0,0,0,0,0,1,0,0,0,0,0
data/external/actions/stanford40/drinking/drinking_178.jpg,folder_actions,,0,0,0,0,0,0,0,0,0,0,0,0,0,0,1,0,0,0,0,0
data/external/actions/stanford40/drinking/drinking_179.jpg,folder_actions,,0,0,0,0,0,0,0,0,0,0,0,0,0,0,1,0,0,0,0,0
data/external/actions/stanford40/drinking/drinking_180.jpg,folder_actions,,0,0,0,0,0,0,0,0,0,0,0,0,0,0,1,0,0,0,0,0
data/external/actions/stanford40/drinking/drinking_181.jpg,folder_actions,,0,0,0,0,0,0,0,0,0,0,0,0,0,0,1,0,0,0,0,0
data/external/actions/stanford40/drinking/drinking_182.jpg,folder_actions,,0,0,0,0,0,0,0,0,0,0,0,0,0,0,1,0,0,0,0,0
data/external/actions/stanford40/drinking/drinking_183.jpg,folder_actions,,0,0,0,0,0,0,0,0,0,0,0,0,0,0,1,0,0,0,0,0
data/external/actions/stanford40/drinking/drinking_184.jpg,folder_actions,,0,0,0,0,0,0,0,0,0,0,0,0,0,0,1,0,0,0,0,0
data/external/actions/stanford40/drinking/drinking_185.jpg,folder_actions,,0,0,0,0,0,0,0,0,0,0,0,0,0,0,1,0,0,0,0,0
data/external/actions/stanford40/drinking/drinking_186.jpg,folder_actions,,0,0,0,0,0,0,0,0,0,0,0,0,0,0,1,0,0,0,0,0
data/external/actions/stanford40/drinking/drinking_187.jpg,folder_actions,,0,0,0,0,0,0,0,0,0,0,0,0,0,0,1,0,0,0,0,0
data/external/actions/stanford40/drinking/drinking_188.jpg,folder_actions,,0,0,0,0,0,0,0,0,0,0,0,0,0,0,1,0,0,0,0,0
data/external/actions/stanford40/drinking/drinking_189.jpg,folder_actions,,0,0,0,0,0,0,0,0,0,0,0,0,0,0,1,0,0,0,0,0
data/external/actions/stanford40/drinking/drinking_190.jpg,folder_actions,,0,0,0,0,0,0,0,0,0,0,0,0,0,0,1,0,0,0,0,0
data/external/actions/stanford40/drinking/drinking_191.jpg,folder_actions,,0,0,0,0,0,0,0,0,0,0,0,0,0,0,1,0,0,0,0,0
data/external/actions/stanford40/drinking/drinking_192.jpg,folder_actions,,0,0,0,0,0,0,0,0,0,0,0,0,0,0,1,0,0,0,0,0
data/external/actions/stanford40/drinking/drinking_193.jpg,folder_actions,,0,0,0,0,0,0,0,0,0,0,0,0,0,0,1,0,0,0,0,0
data/external/actions/stanford40/drinking/drinking_194.jpg,folder_actions,,0,0,0,0,0,0,0,0,0,0,0,0,0,0,1,0,0,0,0,0
data/external/actions/stanford40/drinking/drinking_195.jpg,folder_actions,,0,0,0,0,0,0,0,0,0,0,0,0,0,0,1,0,0,0,0,0
data/external/actions/stanford40/drinking/drinking_196.jpg,folder_actions,,0,0,0,0,0,0,0,0,0,0,0,0,0,0,1,0,0,0,0,0
data/external/actions/stanford40/drinking/drinking_197.jpg,folder_actions,,0,0,0,0,0,0,0,0,0,0,0,0,0,0,1,0,0,0,0,0
data/external/actions/stanford40/drinking/drinking_198.jpg,folder_actions,,0,0,0,0,0,0,0,0,0,0,0,0,0,0,1,0,0,0,0,0
data/external/actions/stanford40/drinking/drinking_199.jpg,folder_actions,,0,0,0,0,0,0,0,0,0,0,0,0,0,0,1,0,0,0,0,0
data/external/actions/stanford40/drinking/drinking_200.jpg,folder_actions,,0,0,0,0,0,0,0,0,0,0,0,0,0,0,1,0,0,0,0,0
data/external/actions/stanford40/drinking/drinking_201.jpg,folder_actions,,0,0,0,0,0,0,0,0,0,0,0,0,0,0,1,0,0,0,0,0
data/external/actions/stanford40/drinking/drinking_202.jpg,folder_actions,,0,0,0,0,0,0,0,0,0,0,0,0,0,0,1,0,0,0,0,0
data/external/actions/stanford40/drinking/drinking_203.jpg,folder_actions,,0,0,0,0,0,0,0,0,0,0,0,0,0,0,1,0,0,0,0,0
data/external/actions/stanford40/drinking/drinking_204.jpg,folder_actions,,0,0,0,0,0,0,0,0,0,0,0,0,0,0,1,0,0,0,0,0
data/external/actions/stanford40/drinking/drinking_205.jpg,folder_actions,,0,0,0,0,0,0,0,0,0,0,0,0,0,0,1,0,0,0,0,0
data/external/actions/stanford40/drinking/drinking_206.jpg,folder_actions,,0,0,0,0,0,0,0,0,0,0,0,0,0,0,1,0,0,0,0,0
data/external/actions/stanford40/drinking/drinking_207.jpg,folder_actions,,0,0,0,0,0,0,0,0,0,0,0,0,0,0,1,0,0,0,0,0
data/external/actions/stanford40/drinking/drinking_208.jpg,folder_actions,,0,0,0,0,0,0,0,0,0,0,0,0,0,0,1,0,0,0,0,0
data/external/actions/stanford40/drinking/drinking_209.jpg,folder_actions,,0,0,0,0,0,0,0,0,0,0,0,0,0,0,1,0,0,0,0,0
data/external/actions/stanford40/drinking/drinking_210.jpg,folder_actions,,0,0,0,0,0,0,0,0,0,0,0,0,0,0,1,0,0,0,0,0
data/external/actions/stanford40/drinking/drinking_211.jpg,folder_actions,,0,0,0,0,0,0,0,0,0,0,0,0,0,0,1,0,0,0,0,0
data/external/actions/stanford40/drinking/drinking_212.jpg,folder_actions,,0,0,0,0,0,0,0,0,0,0,0,0,0,0,1,0,0,0,0,0
data/external/actions/stanford40/drinking/drinking_213.jpg,folder_actions,,0,0,0,0,0,0,0,0,0,0,0,0,0,0,1,0,0,0,0,0
data/external/actions/stanford40/drinking/drinking_214.jpg,folder_actions,,0,0,0,0,0,0,0,0,0,0,0,0,0,0,1,0,0,0,0,0
data/external/actions/stanford40/drinking/drinking_215.jpg,folder_actions,,0,0,0,0,0,0,0,0,0,0,0,0,0,0,1,0,0,0,0,0
data/external/actions/stanford40/drinking/drinking_216.jpg,folder_actions,,0,0,0,0,0,0,0,0,0,0,0,0,0,0,1,0,0,0,0,0
data/external/actions/stanford40/drinking/drinking_217.jpg,folder_actions,,0,0,0,0,0,0,0,0,0,0,0,0,0,0,1,0,0,0,0,0
data/external/actions/stanford40/drinking/drinking_218.jpg,folder_actions,,0,0,0,0,0,0,0,0,0,0,0,0,0,0,1,0,0,0,0,0
data/external/actions/stanford40/drinking/drinking_219.jpg,folder_actions,,0,0,0,0,0,0,0,0,0,0,0,0,0,0,1,0,0,0,0,0
data/external/actions/stanford40/drinking/drinking_220.jpg,folder_actions,,0,0,0,0,0,0,0,0,0,0,0,0,0,0,1,0,0,0,0,0
data/external/actions/stanford40/drinking/drinking_221.jpg,folder_actions,,0,0,0,0,0,0,0,0,0,0,0,0,0,0,1,0,0,0,0,0
data/external/actions/stanford40/drinking/drinking_222.jpg,folder_actions,,0,0,0,0,0,0,0,0,0,0,0,0,0,0,1,0,0,0,0,0
data/external/actions/stanford40/drinking/drinking_223.jpg,folder_actions,,0,0,0,0,0,0,0,0,0,0,0,0,0,0,1,0,0,0,0,0
data/external/actions/stanford40/drinking/drinking_224.jpg,folder_actions,,0,0,0,0,0,0,0,0,0,0,0,0,0,0,1,0,0,0,0,0
data/external/actions/stanford40/drinking/drinking_225.jpg,folder_actions,,0,0,0,0,0,0,0,0,0,0,0,0,0,0,1,0,0,0,0,0
data/external/actions/stanford40/drinking/drinking_226.jpg,folder_actions,,0,0,0,0,0,0,0,0,0,0,0,0,0,0,1,0,0,0,0,0
data/external/actions/stanford40/drinking/drinking_227.jpg,folder_actions,,0,0,0,0,0,0,0,0,0,0,0,0,0,0,1,0,0,0,0,0
data/external/actions/stanford40/drinking/drinking_228.jpg,folder_actions,,0,0,0,0,0,0,0,0,0,0,0,0,0,0,1,0,0,0,0,0
data/external/actions/stanford40/drinking/drinking_229.jpg,folder_actions,,0,0,0,0,0,0,0,0,0,0,0,0,0,0,1,0,0,0,0,0
data/external/actions/stanford40/drinking/drinking_230.jpg,folder_actions,,0,0,0,0,0,0,0,0,0,0,0,0,0,0,1,0,0,0,0,0
data/external/actions/stanford40/drinking/drinking_231.jpg,folder_actions,,0,0,0,0,0,0,0,0,0,0,0,0,0,0,1,0,0,0,0,0
data/external/actions/stanford40/drinking/drinking_232.jpg,folder_actions,,0,0,0,0,0,0,0,0,0,0,0,0,0,0,1,0,0,0,0,0
data/external/actions/stanford40/drinking/drinking_233.jpg,folder_actions,,0,0,0,0,0,0,0,0,0,0,0,0,0,0,1,0,0,0,0,0
data/external/actions/stanford40/drinking/drinking_234.jpg,folder_actions,,0,0,0,0,0,0,0,0,0,0,0,0,0,0,1,0,0,0,0,0
data/external/actions/stanford40/drinking/drinking_235.jpg,folder_actions,,0,0,0,0,0,0,0,0,0,0,0,0,0,0,1,0,0,0,0,0
data/external/actions/stanford40/drinking/drinking_236.jpg,folder_actions,,0,0,0,0,0,0,0,0,0,0,0,0,0,0,1,0,0,0,0,0
data/external/actions/stanford40/drinking/drinking_237.jpg,folder_actions,,0,0,0,0,0,0,0,0,0,0,0,0,0,0,1,0,0,0,0,0
data/external/actions/stanford40/drinking/drinking_238.jpg,folder_actions,,0,0,0,0,0,0,0,0,0,0,0,0,0,0,1,0,0,0,0,0
data/external/actions/stanford40/drinking/drinking_239.jpg,folder_actions,,0,0,0,0,0,0,0,0,0,0,0,0,0,0,1,0,0,0,0,0
data/external/actions/stanford40/drinking/drinking_240.jpg,folder_actions,,0,0,0,0,0,0,0,0,0,0,0,0,0,0,1,0,0,0,0,0
data/external/actions/stanford40/drinking/drinking_241.jpg,folder_actions,,0,0,0,0,0,0,0,0,0,0,0,0,0,0,1,0,0,0,0,0
data/external/actions/stanford40/drinking/drinking_242.jpg,folder_actions,,0,0,0,0,0,0,0,0,0,0,0,0,0,0,1,0,0,0,0,0
data/external/actions/stanford40/drinking/drinking_243.jpg,folder_actions,,0,0,0,0,0,0,0,0,0,0,0,0,0,0,1,0,0,0,0,0
data/external/actions/stanford40/drinking/drinking_244.jpg,folder_actions,,0,0,0,0,0,0,0,0,0,0,0,0,0,0,1,0,0,0,0,0
data/external/actions/stanford40/drinking/drinking_245.jpg,folder_actions,,0,0,0,0,0,0,0,0,0,0,0,0,0,0,1,0,0,0,0,0
data/external/actions/stanford40/drinking/drinking_246.jpg,folder_actions,,0,0,0,0,0,0,0,0,0,0,0,0,0,0,1,0,0,0,0,0
data/external/actions/stanford40/drinking/drinking_247.jpg,folder_actions,,0,0,0,0,0,0,0,0,0,0,0,0,0,0,1,0,0,0,0,0
data/external/actions/stanford40/drinking/drinking_248.jpg,folder_actions,,0,0,0,0,0,0,0,0,0,0,0,0,0,0,1,0,0,0,0,0
data/external/actions/stanford40/drinking/drinking_249.jpg,folder_actions,,0,0,0,0,0,0,0,0,0,0,0,0,0,0,1,0,0,0,0,0
data/external/actions/stanford40/drinking/drinking_250.jpg,folder_actions,,0,0,0,0,0,0,0,0,0,0,0,0,0,0,1,0,0,0,0,0
data/external/actions/stanford40/drinking/drinking_251.jpg,folder_actions,,0,0,0,0,0,0,0,0,0,0,0,0,0,0,1,0,0,0,0,0
data/external/actions/stanford40/drinking/drinking_252.jpg,folder_actions,,0,0,0,0,0,0,0,0,0,0,0,0,0,0,1,0,0,0,0,0
data/external/actions/stanford40/drinking/drinking_253.jpg,folder_actions,,0,0,0,0,0,0,0,0,0,0,0,0,0,0,1,0,0,0,0,0
data/external/actions/stanford40/drinking/drinking_254.jpg,folder_actions,,0,0,0,0,0,0,0,0,0,0,0,0,0,0,1,0,0,0,0,0
data/external/actions/stanford40/drinking/drinking_255.jpg,folder_actions,,0,0,0,0,0,0,0,0,0,0,0,0,0,0,1,0,0,0,0,0
data/external/actions/stanford40/drinking/drinking_256.jpg,folder_actions,,0,0,0,0,0,0,0,0,0,0,0,0,0,0,1,0,0,0,0,0
data/external/actions/stanford40/jumping/jumping_001.jpg,folder_actions,,0,0,0,0,0,0,0,1,0,0,0,0,0,0,0,0,0,0,0,0
data/external/actions/stanford40/jumping/jumping_002.jpg,folder_actions,,0,0,0,0,0,0,0,1,0,0,0,0,0,0,0,0,0,0,0,0
data/external/actions/stanford40/jumping/jumping_003.jpg,folder_actions,,0,0,0,0,0,0,0,1,0,0,0,0,0,0,0,0,0,0,0,0
data/external/actions/stanford40/jumping/jumping_004.jpg,folder_actions,,0,0,0,0,0,0,0,1,0,0,0,0,0,0,0,0,0,0,0,0
data/external/actions/stanford40/jumping/jumping_005.jpg,folder_actions,,0,0,0,0,0,0,0,1,0,0,0,0,0,0,0,0,0,0,0,0
data/external/actions/stanford40/jumping/jumping_006.jpg,folder_actions,,0,0,0,0,0,0,0,1,0,0,0,0,0,0,0,0,0,0,0,0
data/external/actions/stanford40/jumping/jumping_007.jpg,folder_actions,,0,0,0,0,0,0,0,1,0,0,0,0,0,0,0,0,0,0,0,0
data/external/actions/stanford40/jumping/jumping_008.jpg,folder_actions,,0,0,0,0,0,0,0,1,0,0,0,0,0,0,0,0,0,0,0,0
data/external/actions/stanford40/jumping/jumping_009.jpg,folder_actions,,0,0,0,0,0,0,0,1,0,0,0,0,0,0,0,0,0,0,0,0
data/external/actions/stanford40/jumping/jumping_010.jpg,folder_actions,,0,0,0,0,0,0,0,1,0,0,0,0,0,0,0,0,0,0,0,0
data/external/actions/stanford40/jumping/jumping_011.jpg,folder_actions,,0,0,0,0,0,0,0,1,0,0,0,0,0,0,0,0,0,0,0,0
data/external/actions/stanford40/jumping/jumping_012.jpg,folder_actions,,0,0,0,0,0,0,0,1,0,0,0,0,0,0,0,0,0,0,0,0
data/external/actions/stanford40/jumping/jumping_013.jpg,folder_actions,,0,0,0,0,0,0,0,1,0,0,0,0,0,0,0,0,0,0,0,0
data/external/actions/stanford40/jumping/jumping_014.jpg,folder_actions,,0,0,0,0,0,0,0,1,0,0,0,0,0,0,0,0,0,0,0,0
data/external/actions/stanford40/jumping/jumping_015.jpg,folder_actions,,0,0,0,0,0,0,0,1,0,0,0,0,0,0,0,0,0,0,0,0
data/external/actions/stanford40/jumping/jumping_016.jpg,folder_actions,,0,0,0,0,0,0,0,1,0,0,0,0,0,0,0,0,0,0,0,0
data/external/actions/stanford40/jumping/jumping_017.jpg,folder_actions,,0,0,0,0,0,0,0,1,0,0,0,0,0,0,0,0,0,0,0,0
data/external/actions/stanford40/jumping/jumping_018.jpg,folder_actions,,0,0,0,0,0,0,0,1,0,0,0,0,0,0,0,0,0,0,0,0
data/external/actions/stanford40/jumping/jumping_019.jpg,folder_actions,,0,0,0,0,0,0,0,1,0,0,0,0,0,0,0,0,0,0,0,0
data/external/actions/stanford40/jumping/jumping_020.jpg,folder_actions,,0,0,0,0,0,0,0,1,0,0,0,0,0,0,0,0,0,0,0,0
data/external/actions/stanford40/jumping/jumping_021.jpg,folder_actions,,0,0,0,0,0,0,0,1,0,0,0,0,0,0,0,0,0,0,0,0
data/external/actions/stanford40/jumping/jumping_022.jpg,folder_actions,,0,0,0,0,0,0,0,1,0,0,0,0,0,0,0,0,0,0,0,0
data/external/actions/stanford40/jumping/jumping_023.jpg,folder_actions,,0,0,0,0,0,0,0,1,0,0,0,0,0,0,0,0,0,0,0,0
data/external/actions/stanford40/jumping/jumping_024.jpg,folder_actions,,0,0,0,0,0,0,0,1,0,0,0,0,0,0,0,0,0,0,0,0
data/external/actions/stanford40/jumping/jumping_025.jpg,folder_actions,,0,0,0,0,0,0,0,1,0,0,0,0,0,0,0,0,0,0,0,0
data/external/actions/stanford40/jumping/jumping_026.jpg,folder_actions,,0,0,0,0,0,0,0,1,0,0,0,0,0,0,0,0,0,0,0,0
data/external/actions/stanford40/jumping/jumping_027.jpg,folder_actions,,0,0,0,0,0,0,0,1,0,0,0,0,0,0,0,0,0,0,0,0
data/external/actions/stanford40/jumping/jumping_028.jpg,folder_actions,,0,0,0,0,0,0,0,1,0,0,0,0,0,0,0,0,0,0,0,0
data/external/actions/stanford40/jumping/jumping_029.jpg,folder_actions,,0,0,0,0,0,0,0,1,0,0,0,0,0,0,0,0,0,0,0,0
data/external/actions/stanford40/jumping/jumping_030.jpg,folder_actions,,0,0,0,0,0,0,0,1,0,0,0,0,0,0,0,0,0,0,0,0
data/external/actions/stanford40/jumping/jumping_031.jpg,folder_actions,,0,0,0,0,0,0,0,1,0,0,0,0,0,0,0,0,0,0,0,0
data/external/actions/stanford40/jumping/jumping_032.jpg,folder_actions,,0,0,0,0,0,0,0,1,0,0,0,0,0,0,0,0,0,0,0,0
data/external/actions/stanford40/jumping/jumping_033.jpg,folder_actions,,0,0,0,0,0,0,0,1,0,0,0,0,0,0,0,0,0,0,0,0
data/external/actions/stanford40/jumping/jumping_034.jpg,folder_actions,,0,0,0,0,0,0,0,1,0,0,0,0,0,0,0,0,0,0,0,0
data/external/actions/stanford40/jumping/jumping_035.jpg,folder_actions,,0,0,0,0,0,0,0,1,0,0,0,0,0,0,0,0,0,0,0,0
data/external/actions/stanford40/jumping/jumping_036.jpg,folder_actions,,0,0,0,0,0,0,0,1,0,0,0,0,0,0,0,0,0,0,0,0
data/external/actions/stanford40/jumping/jumping_037.jpg,folder_actions,,0,0,0,0,0,0,0,1,0,0,0,0,0,0,0,0,0,0,0,0
data/external/actions/stanford40/jumping/jumping_038.jpg,folder_actions,,0,0,0,0,0,0,0,1,0,0,0,0,0,0,0,0,0,0,0,0
data/external/actions/stanford40/jumping/jumping_039.jpg,folder_actions,,0,0,0,0,0,0,0,1,0,0,0,0,0,0,0,0,0,0,0,0
data/external/actions/stanford40/jumping/jumping_040.jpg,folder_actions,,0,0,0,0,0,0,0,1,0,0,0,0,0,0,0,0,0,0,0,0
data/external/actions/stanford40/jumping/jumping_041.jpg,folder_actions,,0,0,0,0,0,0,0,1,0,0,0,0,0,0,0,0,0,0,0,0
data/external/actions/stanford40/jumping/jumping_042.jpg,folder_actions,,0,0,0,0,0,0,0,1,0,0,0,0,0,0,0,0,0,0,0,0
data/external/actions/stanford40/jumping/jumping_043.jpg,folder_actions,,0,0,0,0,0,0,0,1,0,0,0,0,0,0,0,0,0,0,0,0
data/external/actions/stanford40/jumping/jumping_044.jpg,folder_actions,,0,0,0,0,0,0,0,1,0,0,0,0,0,0,0,0,0,0,0,0
data/external/actions/stanford40/jumping/jumping_045.jpg,folder_actions,,0,0,0,0,0,0,0,1,0,0,0,0,0,0,0,0,0,0,0,0
data/external/actions/stanford40/jumping/jumping_046.jpg,folder_actions,,0,0,0,0,0,0,0,1,0,0,0,0,0,0,0,0,0,0,0,0
data/external/actions/stanford40/jumping/jumping_047.jpg,folder_actions,,0,0,0,0,0,0,0,1,0,0,0,0,0,0,0,0,0,0,0,0
data/external/actions/stanford40/jumping/jumping_048.jpg,folder_actions,,0,0,0,0,0,0,0,1,0,0,0,0,0,0,0,0,0,0,0,0
data/external/actions/stanford40/jumping/jumping_049.jpg,folder_actions,,0,0,0,0,0,0,0,1,0,0,0,0,0,0,0,0,0,0,0,0
data/external/actions/stanford40/jumping/jumping_050.jpg,folder_actions,,0,0,0,0,0,0,0,1,0,0,0,0,0,0,0,0,0,0,0,0
data/external/actions/stanford40/jumping/jumping_051.jpg,folder_actions,,0,0,0,0,0,0,0,1,0,0,0,0,0,0,0,0,0,0,0,0
data/external/actions/stanford40/jumping/jumping_052.jpg,folder_actions,,0,0,0,0,0,0,0,1,0,0,0,0,0,0,0,0,0,0,0,0
data/external/actions/stanford40/jumping/jumping_053.jpg,folder_actions,,0,0,0,0,0,0,0,1,0,0,0,0,0,0,0,0,0,0,0,0
data/external/actions/stanford40/jumping/jumping_054.jpg,folder_actions,,0,0,0,0,0,0,0,1,0,0,0,0,0,0,0,0,0,0,0,0
data/external/actions/stanford40/jumping/jumping_055.jpg,folder_actions,,0,0,0,0,0,0,0,1,0,0,0,0,0,0,0,0,0,0,0,0
data/external/actions/stanford40/jumping/jumping_056.jpg,folder_actions,,0,0,0,0,0,0,0,1,0,0,0,0,0,0,0,0,0,0,0,0
data/external/actions/stanford40/jumping/jumping_057.jpg,folder_actions,,0,0,0,0,0,0,0,1,0,0,0,0,0,0,0,0,0,0,0,0
data/external/actions/stanford40/jumping/jumping_058.jpg,folder_actions,,0,0,0,0,0,0,0,1,0,0,0,0,0,0,0,0,0,0,0,0
data/external/actions/stanford40/jumping/jumping_059.jpg,folder_actions,,0,0,0,0,0,0,0,1,0,0,0,0,0,0,0,0,0,0,0,0
data/external/actions/stanford40/jumping/jumping_060.jpg,folder_actions,,0,0,0,0,0,0,0,1,0,0,0,0,0,0,0,0,0,0,0,0
data/external/actions/stanford40/jumping/jumping_061.jpg,folder_actions,,0,0,0,0,0,0,0,1,0,0,0,0,0,0,0,0,0,0,0,0
data/external/actions/stanford40/jumping/jumping_062.jpg,folder_actions,,0,0,0,0,0,0,0,1,0,0,0,0,0,0,0,0,0,0,0,0
data/external/actions/stanford40/jumping/jumping_063.jpg,folder_actions,,0,0,0,0,0,0,0,1,0,0,0,0,0,0,0,0,0,0,0,0
data/external/actions/stanford40/jumping/jumping_064.jpg,folder_actions,,0,0,0,0,0,0,0,1,0,0,0,0,0,0,0,0,0,0,0,0
data/external/actions/stanford40/jumping/jumping_065.jpg,folder_actions,,0,0,0,0,0,0,0,1,0,0,0,0,0,0,0,0,0,0,0,0
data/external/actions/stanford40/jumping/jumping_066.jpg,folder_actions,,0,0,0,0,0,0,0,1,0,0,0,0,0,0,0,0,0,0,0,0
data/external/actions/stanford40/jumping/jumping_067.jpg,folder_actions,,0,0,0,0,0,0,0,1,0,0,0,0,0,0,0,0,0,0,0,0
data/external/actions/stanford40/jumping/jumping_068.jpg,folder_actions,,0,0,0,0,0,0,0,1,0,0,0,0,0,0,0,0,0,0,0,0
data/external/actions/stanford40/jumping/jumping_069.jpg,folder_actions,,0,0,0,0,0,0,0,1,0,0,0,0,0,0,0,0,0,0,0,0
data/external/actions/stanford40/jumping/jumping_070.jpg,folder_actions,,0,0,0,0,0,0,0,1,0,0,0,0,0,0,0,0,0,0,0,0
data/external/actions/stanford40/jumping/jumping_071.jpg,folder_actions,,0,0,0,0,0,0,0,1,0,0,0,0,0,0,0,0,0,0,0,0
data/external/actions/stanford40/jumping/jumping_072.jpg,folder_actions,,0,0,0,0,0,0,0,1,0,0,0,0,0,0,0,0,0,0,0,0
data/external/actions/stanford40/jumping/jumping_073.jpg,folder_actions,,0,0,0,0,0,0,0,1,0,0,0,0,0,0,0,0,0,0,0,0
data/external/actions/stanford40/jumping/jumping_074.jpg,folder_actions,,0,0,0,0,0,0,0,1,0,0,0,0,0,0,0,0,0,0,0,0
data/external/actions/stanford40/jumping/jumping_075.jpg,folder_actions,,0,0,0,0,0,0,0,1,0,0,0,0,0,0,0,0,0,0,0,0
data/external/actions/stanford40/jumping/jumping_076.jpg,folder_actions,,0,0,0,0,0,0,0,1,0,0,0,0,0,0,0,0,0,0,0,0
data/external/actions/stanford40/jumping/jumping_077.jpg,folder_actions,,0,0,0,0,0,0,0,1,0,0,0,0,0,0,0,0,0,0,0,0
data/external/actions/stanford40/jumping/jumping_078.jpg,folder_actions,,0,0,0,0,0,0,0,1,0,0,0,0,0,0,0,0,0,0,0,0
data/external/actions/stanford40/jumping/jumping_079.jpg,folder_actions,,0,0,0,0,0,0,0,1,0,0,0,0,0,0,0,0,0,0,0,0
data/external/actions/stanford40/jumping/jumping_080.jpg,folder_actions,,0,0,0,0,0,0,0,1,0,0,0,0,0,0,0,0,0,0,0,0
data/external/actions/stanford40/jumping/jumping_081.jpg,folder_actions,,0,0,0,0,0,0,0,1,0,0,0,0,0,0,0,0,0,0,0,0
data/external/actions/stanford40/jumping/jumping_082.jpg,folder_actions,,0,0,0,0,0,0,0,1,0,0,0,0,0,0,0,0,0,0,0,0
data/external/actions/stanford40/jumping/jumping_083.jpg,folder_actions,,0,0,0,0,0,0,0,1,0,0,0,0,0,0,0,0,0,0,0,0
data/external/actions/stanford40/jumping/jumping_084.jpg,folder_actions,,0,0,0,0,0,0,0,1,0,0,0,0,0,0,0,0,0,0,0,0
data/external/actions/stanford40/jumping/jumping_085.jpg,folder_actions,,0,0,0,0,0,0,0,1,0,0,0,0,0,0,0,0,0,0,0,0
data/external/actions/stanford40/jumping/jumping_086.jpg,folder_actions,,0,0,0,0,0,0,0,1,0,0,0,0,0,0,0,0,0,0,0,0
data/external/actions/stanford40/jumping/jumping_087.jpg,folder_actions,,0,0,0,0,0,0,0,1,0,0,0,0,0,0,0,0,0,0,0,0
data/external/actions/stanford40/jumping/jumping_088.jpg,folder_actions,,0,0,0,0,0,0,0,1,0,0,0,0,0,0,0,0,0,0,0,0
data/external/actions/stanford40/jumping/jumping_089.jpg,folder_actions,,0,0,0,0,0,0,0,1,0,0,0,0,0,0,0,0,0,0,0,0
data/external/actions/stanford40/jumping/jumping_090.jpg,folder_actions,,0,0,0,0,0,0,0,1,0,0,0,0,0,0,0,0,0,0,0,0
data/external/actions/stanford40/jumping/jumping_091.jpg,folder_actions,,0,0,0,0,0,0,0,1,0,0,0,0,0,0,0,0,0,0,0,0
data/external/actions/stanford40/jumping/jumping_092.jpg,folder_actions,,0,0,0,0,0,0,0,1,0,0,0,0,0,0,0,0,0,0,0,0
data/external/actions/stanford40/jumping/jumping_093.jpg,folder_actions,,0,0,0,0,0,0,0,1,0,0,0,0,0,0,0,0,0,0,0,0
data/external/actions/stanford40/jumping/jumping_094.jpg,folder_actions,,0,0,0,0,0,0,0,1,0,0,0,0,0,0,0,0,0,0,0,0
data/external/actions/stanford40/jumping/jumping_095.jpg,folder_actions,,0,0,0,0,0,0,0,1,0,0,0,0,0,0,0,0,0,0,0,0
data/external/actions/stanford40/jumping/jumping_096.jpg,folder_actions,,0,0,0,0,0,0,0,1,0,0,0,0,0,0,0,0,0,0,0,0
data/external/actions/stanford40/jumping/jumping_097.jpg,folder_actions,,0,0,0,0,0,0,0,1,0,0,0,0,0,0,0,0,0,0,0,0
data/external/actions/stanford40/jumping/jumping_098.jpg,folder_actions,,0,0,0,0,0,0,0,1,0,0,0,0,0,0,0,0,0,0,0,0
data/external/actions/stanford40/jumping/jumping_099.jpg,folder_actions,,0,0,0,0,0,0,0,1,0,0,0,0,0,0,0,0,0,0,0,0
data/external/actions/stanford40/jumping/jumping_100.jpg,folder_actions,,0,0,0,0,0,0,0,1,0,0,0,0,0,0,0,0,0,0,0,0
data/external/actions/stanford40/jumping/jumping_101.jpg,folder_actions,,0,0,0,0,0,0,0,1,0,0,0,0,0,0,0,0,0,0,0,0
data/external/actions/stanford40/jumping/jumping_102.jpg,folder_actions,,0,0,0,0,0,0,0,1,0,0,0,0,0,0,0,0,0,0,0,0
data/external/actions/stanford40/jumping/jumping_103.jpg,folder_actions,,0,0,0,0,0,0,0,1,0,0,0,0,0,0,0,0,0,0,0,0
data/external/actions/stanford40/jumping/jumping_104.jpg,folder_actions,,0,0,0,0,0,0,0,1,0,0,0,0,0,0,0,0,0,0,0,0
data/external/actions/stanford40/jumping/jumping_105.jpg,folder_actions,,0,0,0,0,0,0,0,1,0,0,0,0,0,0,0,0,0,0,0,0
data/external/actions/stanford40/jumping/jumping_106.jpg,folder_actions,,0,0,0,0,0,0,0,1,0,0,0,0,0,0,0,0,0,0,0,0
data/external/actions/stanford40/jumping/jumping_107.jpg,folder_actions,,0,0,0,0,0,0,0,1,0,0,0,0,0,0,0,0,0,0,0,0
data/external/actions/stanford40/jumping/jumping_108.jpg,folder_actions,,0,0,0,0,0,0,0,1,0,0,0,0,0,0,0,0,0,0,0,0
data/external/actions/stanford40/jumping/jumping_109.jpg,folder_actions,,0,0,0,0,0,0,0,1,0,0,0,0,0,0,0,0,0,0,0,0
data/external/actions/stanford40/jumping/jumping_110.jpg,folder_actions,,0,0,0,0,0,0,0,1,0,0,0,0,0,0,0,0,0,0,0,0
data/external/actions/stanford40/jumping/jumping_111.jpg,folder_actions,,0,0,0,0,0,0,0,1,0,0,0,0,0,0,0,0,0,0,0,0
data/external/actions/stanford40/jumping/jumping_112.jpg,folder_actions,,0,0,0,0,0,0,0,1,0,0,0,0,0,0,0,0,0,0,0,0
data/external/actions/stanford40/jumping/jumping_113.jpg,folder_actions,,0,0,0,0,0,0,0,1,0,0,0,0,0,0,0,0,0,0,0,0
data/external/actions/stanford40/jumping/jumping_114.jpg,folder_actions,,0,0,0,0,0,0,0,1,0,0,0,0,0,0,0,0,0,0,0,0
data/external/actions/stanford40/jumping/jumping_115.jpg,folder_actions,,0,0,0,0,0,0,0,1,0,0,0,0,0,0,0,0,0,0,0,0
data/external/actions/stanford40/jumping/jumping_116.jpg,folder_actions,,0,0,0,0,0,0,0,1,0,0,0,0,0,0,0,0,0,0,0,0
data/external/actions/stanford40/jumping/jumping_117.jpg,folder_actions,,0,0,0,0,0,0,0,1,0,0,0,0,0,0,0,0,0,0,0,0
data/external/actions/stanford40/jumping/jumping_118.jpg,folder_actions,,0,0,0,0,0,0,0,1,0,0,0,0,0,0,0,0,0,0,0,0
data/external/actions/stanford40/jumping/jumping_119.jpg,folder_actions,,0,0,0,0,0,0,0,1,0,0,0,0,0,0,0,0,0,0,0,0
data/external/actions/stanford40/jumping/jumping_120.jpg,folder_actions,,0,0,0,0,0,0,0,1,0,0,0,0,0,0,0,0,0,0,0,0
data/external/actions/stanford40/jumping/jumping_121.jpg,folder_actions,,0,0,0,0,0,0,0,1,0,0,0,0,0,0,0,0,0,0,0,0
data/external/actions/stanford40/jumping/jumping_122.jpg,folder_actions,,0,0,0,0,0,0,0,1,0,0,0,0,0,0,0,0,0,0,0,0
data/external/actions/stanford40/jumping/jumping_123.jpg,folder_actions,,0,0,0,0,0,0,0,1,0,0,0,0,0,0,0,0,0,0,0,0
data/external/actions/stanford40/jumping/jumping_124.jpg,folder_actions,,0,0,0,0,0,0,0,1,0,0,0,0,0,0,0,0,0,0,0,0
data/external/actions/stanford40/jumping/jumping_125.jpg,folder_actions,,0,0,0,0,0,0,0,1,0,0,0,0,0,0,0,0,0,0,0,0
data/external/actions/stanford40/jumping/jumping_126.jpg,folder_actions,,0,0,0,0,0,0,0,1,0,0,0,0,0,0,0,0,0,0,0,0
data/external/actions/stanford40/jumping/jumping_127.jpg,folder_actions,,0,0,0,0,0,0,0,1,0,0,0,0,0,0,0,0,0,0,0,0
data/external/actions/stanford40/jumping/jumping_128.jpg,folder_actions,,0,0,0,0,0,0,0,1,0,0,0,0,0,0,0,0,0,0,0,0
data/external/actions/stanford40/jumping/jumping_129.jpg,folder_actions,,0,0,0,0,0,0,0,1,0,0,0,0,0,0,0,0,0,0,0,0
data/external/actions/stanford40/jumping/jumping_130.jpg,folder_actions,,0,0,0,0,0,0,0,1,0,0,0,0,0,0,0,0,0,0,0,0
data/external/actions/stanford40/jumping/jumping_131.jpg,folder_actions,,0,0,0,0,0,0,0,1,0,0,0,0,0,0,0,0,0,0,0,0
data/external/actions/stanford40/jumping/jumping_132.jpg,folder_actions,,0,0,0,0,0,0,0,1,0,0,0,0,0,0,0,0,0,0,0,0
data/external/actions/stanford40/jumping/jumping_133.jpg,folder_actions,,0,0,0,0,0,0,0,1,0,0,0,0,0,0,0,0,0,0,0,0
data/external/actions/stanford40/jumping/jumping_134.jpg,folder_actions,,0,0,0,0,0,0,0,1,0,0,0,0,0,0,0,0,0,0,0,0
data/external/actions/stanford40/jumping/jumping_135.jpg,folder_actions,,0,0,0,0,0,0,0,1,0,0,0,0,0,0,0,0,0,0,0,0
data/external/actions/stanford40/jumping/jumping_136.jpg,folder_actions,,0,0,0,0,0,0,0,1,0,0,0,0,0,0,0,0,0,0,0,0
data/external/actions/stanford40/jumping/jumping_137.jpg,folder_actions,,0,0,0,0,0,0,0,1,0,0,0,0,0,0,0,0,0,0,0,0
data/external/actions/stanford40/jumping/jumping_138.jpg,folder_actions,,0,0,0,0,0,0,0,1,0,0,0,0,0,0,0,0,0,0,0,0
data/external/actions/stanford40/jumping/jumping_139.jpg,folder_actions,,0,0,0,0,0,0,0,1,0,0,0,0,0,0,0,0,0,0,0,0
data/external/actions/stanford40/jumping/jumping_140.jpg,folder_actions,,0,0,0,0,0,0,0,1,0,0,0,0,0,0,0,0,0,0,0,0
data/external/actions/stanford40/jumping/jumping_141.jpg,folder_actions,,0,0,0,0,0,0,0,1,0,0,0,0,0,0,0,0,0,0,0,0
data/external/actions/stanford40/jumping/jumping_142.jpg,folder_actions,,0,0,0,0,0,0,0,1,0,0,0,0,0,0,0,0,0,0,0,0
data/external/actions/stanford40/jumping/jumping_143.jpg,folder_actions,,0,0,0,0,0,0,0,1,0,0,0,0,0,0,0,0,0,0,0,0
data/external/actions/stanford40/jumping/jumping_144.jpg,folder_actions,,0,0,0,0,0,0,0,1,0,0,0,0,0,0,0,0,0,0,0,0
data/external/actions/stanford40/jumping/jumping_145.jpg,folder_actions,,0,0,0,0,0,0,0,1,0,0,0,0,0,0,0,0,0,0,0,0
data/external/actions/stanford40/jumping/jumping_146.jpg,folder_actions,,0,0,0,0,0,0,0,1,0,0,0,0,0,0,0,0,0,0,0,0
data/external/actions/stanford40/jumping/jumping_147.jpg,folder_actions,,0,0,0,0,0,0,0,1,0,0,0,0,0,0,0,0,0,0,0,0
data/external/actions/stanford40/jumping/jumping_148.jpg,folder_actions,,0,0,0,0,0,0,0,1,0,0,0,0,0,0,0,0,0,0,0,0
data/external/actions/stanford40/jumping/jumping_149.jpg,folder_actions,,0,0,0,0,0,0,0,1,0,0,0,0,0,0,0,0,0,0,0,0
data/external/actions/stanford40/jumping/jumping_150.jpg,folder_actions,,0,0,0,0,0,0,0,1,0,0,0,0,0,0,0,0,0,0,0,0
data/external/actions/stanford40/jumping/jumping_151.jpg,folder_actions,,0,0,0,0,0,0,0,1,0,0,0,0,0,0,0,0,0,0,0,0
data/external/actions/stanford40/jumping/jumping_152.jpg,folder_actions,,0,0,0,0,0,0,0,1,0,0,0,0,0,0,0,0,0,0,0,0
data/external/actions/stanford40/jumping/jumping_153.jpg,folder_actions,,0,0,0,0,0,0,0,1,0,0,0,0,0,0,0,0,0,0,0,0
data/external/actions/stanford40/jumping/jumping_154.jpg,folder_actions,,0,0,0,0,0,0,0,1,0,0,0,0,0,0,0,0,0,0,0,0
data/external/actions/stanford40/jumping/jumping_155.jpg,folder_actions,,0,0,0,0,0,0,0,1,0,0,0,0,0,0,0,0,0,0,0,0
data/external/actions/stanford40/jumping/jumping_156.jpg,folder_actions,,0,0,0,0,0,0,0,1,0,0,0,0,0,0,0,0,0,0,0,0
data/external/actions/stanford40/jumping/jumping_157.jpg,folder_actions,,0,0,0,0,0,0,0,1,0,0,0,0,0,0,0,0,0,0,0,0
data/external/actions/stanford40/jumping/jumping_158.jpg,folder_actions,,0,0,0,0,0,0,0,1,0,0,0,0,0,0,0,0,0,0,0,0
data/external/actions/stanford40/jumping/jumping_159.jpg,folder_actions,,0,0,0,0,0,0,0,1,0,0,0,0,0,0,0,0,0,0,0,0
data/external/actions/stanford40/jumping/jumping_160.jpg,folder_actions,,0,0,0,0,0,0,0,1,0,0,0,0,0,0,0,0,0,0,0,0
data/external/actions/stanford40/jumping/jumping_161.jpg,folder_actions,,0,0,0,0,0,0,0,1,0,0,0,0,0,0,0,0,0,0,0,0
data/external/actions/stanford40/jumping/jumping_162.jpg,folder_actions,,0,0,0,0,0,0,0,1,0,0,0,0,0,0,0,0,0,0,0,0
data/external/actions/stanford40/jumping/jumping_163.jpg,folder_actions,,0,0,0,0,0,0,0,1,0,0,0,0,0,0,0,0,0,0,0,0
data/external/actions/stanford40/jumping/jumping_164.jpg,folder_actions,,0,0,0,0,0,0,0,1,0,0,0,0,0,0,0,0,0,0,0,0
data/external/actions/stanford40/jumping/jumping_165.jpg,folder_actions,,0,0,0,0,0,0,0,1,0,0,0,0,0,0,0,0,0,0,0,0
data/external/actions/stanford40/jumping/jumping_166.jpg,folder_actions,,0,0,0,0,0,0,0,1,0,0,0,0,0,0,0,0,0,0,0,0
data/external/actions/stanford40/jumping/jumping_167.jpg,folder_actions,,0,0,0,0,0,0,0,1,0,0,0,0,0,0,0,0,0,0,0,0
data/external/actions/stanford40/jumping/jumping_168.jpg,folder_actions,,0,0,0,0,0,0,0,1,0,0,0,0,0,0,0,0,0,0,0,0
data/external/actions/stanford40/jumping/jumping_169.jpg,folder_actions,,0,0,0,0,0,0,0,1,0,0,0,0,0,0,0,0,0,0,0,0
data/external/actions/stanford40/jumping/jumping_170.jpg,folder_actions,,0,0,0,0,0,0,0,1,0,0,0,0,0,0,0,0,0,0,0,0
data/external/actions/stanford40/jumping/jumping_171.jpg,folder_actions,,0,0,0,0,0,0,0,1,0,0,0,0,0,0,0,0,0,0,0,0
data/external/actions/stanford40/jumping/jumping_172.jpg,folder_actions,,0,0,0,0,0,0,0,1,0,0,0,0,0,0,0,0,0,0,0,0
data/external/actions/stanford40/jumping/jumping_173.jpg,folder_actions,,0,0,0,0,0,0,0,1,0,0,0,0,0,0,0,0,0,0,0,0
data/external/actions/stanford40/jumping/jumping_174.jpg,folder_actions,,0,0,0,0,0,0,0,1,0,0,0,0,0,0,0,0,0,0,0,0
data/external/actions/stanford40/jumping/jumping_175.jpg,folder_actions,,0,0,0,0,0,0,0,1,0,0,0,0,0,0,0,0,0,0,0,0
data/external/actions/stanford40/jumping/jumping_176.jpg,folder_actions,,0,0,0,0,0,0,0,1,0,0,0,0,0,0,0,0,0,0,0,0
data/external/actions/stanford40/jumping/jumping_177.jpg,folder_actions,,0,0,0,0,0,0,0,1,0,0,0,0,0,0,0,0,0,0,0,0
data/external/actions/stanford40/jumping/jumping_178.jpg,folder_actions,,0,0,0,0,0,0,0,1,0,0,0,0,0,0,0,0,0,0,0,0
data/external/actions/stanford40/jumping/jumping_179.jpg,folder_actions,,0,0,0,0,0,0,0,1,0,0,0,0,0,0,0,0,0,0,0,0
data/external/actions/stanford40/jumping/jumping_180.jpg,folder_actions,,0,0,0,0,0,0,0,1,0,0,0,0,0,0,0,0,0,0,0,0
data/external/actions/stanford40/jumping/jumping_181.jpg,folder_actions,,0,0,0,0,0,0,0,1,0,0,0,0,0,0,0,0,0,0,0,0
data/external/actions/stanford40/jumping/jumping_182.jpg,folder_actions,,0,0,0,0,0,0,0,1,0,0,0,0,0,0,0,0,0,0,0,0
data/external/actions/stanford40/jumping/jumping_183.jpg,folder_actions,,0,0,0,0,0,0,0,1,0,0,0,0,0,0,0,0,0,0,0,0
data/external/actions/stanford40/jumping/jumping_184.jpg,folder_actions,,0,0,0,0,0,0,0,1,0,0,0,0,0,0,0,0,0,0,0,0
data/external/actions/stanford40/jumping/jumping_185.jpg,folder_actions,,0,0,0,0,0,0,0,1,0,0,0,0,0,0,0,0,0,0,0,0
data/external/actions/stanford40/jumping/jumping_186.jpg,folder_actions,,0,0,0,0,0,0,0,1,0,0,0,0,0,0,0,0,0,0,0,0
data/external/actions/stanford40/jumping/jumping_187.jpg,folder_actions,,0,0,0,0,0,0,0,1,0,0,0,0,0,0,0,0,0,0,0,0
data/external/actions/stanford40/jumping/jumping_188.jpg,folder_actions,,0,0,0,0,0,0,0,1,0,0,0,0,0,0,0,0,0,0,0,0
data/external/actions/stanford40/jumping/jumping_189.jpg,folder_actions,,0,0,0,0,0,0,0,1,0,0,0,0,0,0,0,0,0,0,0,0
data/external/actions/stanford40/jumping/jumping_190.jpg,folder_actions,,0,0,0,0,0,0,0,1,0,0,0,0,0,0,0,0,0,0,0,0
data/external/actions/stanford40/jumping/jumping_191.jpg,folder_actions,,0,0,0,0,0,0,0,1,0,0,0,0,0,0,0,0,0,0,0,0
data/external/actions/stanford40/jumping/jumping_192.jpg,folder_actions,,0,0,0,0,0,0,0,1,0,0,0,0,0,0,0,0,0,0,0,0
data/external/actions/stanford40/jumping/jumping_193.jpg,folder_actions,,0,0,0,0,0,0,0,1,0,0,0,0,0,0,0,0,0,0,0,0
data/external/actions/stanford40/jumping/jumping_194.jpg,folder_actions,,0,0,0,0,0,0,0,1,0,0,0,0,0,0,0,0,0,0,0,0
data/external/actions/stanford40/jumping/jumping_195.jpg,folder_actions,,0,0,0,0,0,0,0,1,0,0,0,0,0,0,0,0,0,0,0,0
data/external/actions/stanford40/jumping/jumping_196.jpg,folder_actions,,0,0,0,0,0,0,0,1,0,0,0,0,0,0,0,0,0,0,0,0
data/external/actions/stanford40/jumping/jumping_197.jpg,folder_actions,,0,0,0,0,0,0,0,1,0,0,0,0,0,0,0,0,0,0,0,0
data/external/actions/stanford40/jumping/jumping_198.jpg,folder_actions,,0,0,0,0,0,0,0,1,0,0,0,0,0,0,0,0,0,0,0,0
data/external/actions/stanford40/jumping/jumping_199.jpg,folder_actions,,0,0,0,0,0,0,0,1,0,0,0,0,0,0,0,0,0,0,0,0
data/external/actions/stanford40/jumping/jumping_200.jpg,folder_actions,,0,0,0,0,0,0,0,1,0,0,0,0,0,0,0,0,0,0,0,0
data/external/actions/stanford40/jumping/jumping_201.jpg,folder_actions,,0,0,0,0,0,0,0,1,0,0,0,0,0,0,0,0,0,0,0,0
data/external/actions/stanford40/jumping/jumping_202.jpg,folder_actions,,0,0,0,0,0,0,0,1,0,0,0,0,0,0,0,0,0,0,0,0
data/external/actions/stanford40/jumping/jumping_203.jpg,folder_actions,,0,0,0,0,0,0,0,1,0,0,0,0,0,0,0,0,0,0,0,0
data/external/actions/stanford40/jumping/jumping_204.jpg,folder_actions,,0,0,0,0,0,0,0,1,0,0,0,0,0,0,0,0,0,0,0,0
data/external/actions/stanford40/jumping/jumping_205.jpg,folder_actions,,0,0,0,0,0,0,0,1,0,0,0,0,0,0,0,0,0,0,0,0
data/external/actions/stanford40/jumping/jumping_206.jpg,folder_actions,,0,0,0,0,0,0,0,1,0,0,0,0,0,0,0,0,0,0,0,0
data/external/actions/stanford40/jumping/jumping_207.jpg,folder_actions,,0,0,0,0,0,0,0,1,0,0,0,0,0,0,0,0,0,0,0,0
data/external/actions/stanford40/jumping/jumping_208.jpg,folder_actions,,0,0,0,0,0,0,0,1,0,0,0,0,0,0,0,0,0,0,0,0
data/external/actions/stanford40/jumping/jumping_209.jpg,folder_actions,,0,0,0,0,0,0,0,1,0,0,0,0,0,0,0,0,0,0,0,0
data/external/actions/stanford40/jumping/jumping_210.jpg,folder_actions,,0,0,0,0,0,0,0,1,0,0,0,0,0,0,0,0,0,0,0,0
data/external/actions/stanford40/jumping/jumping_211.jpg,folder_actions,,0,0,0,0,0,0,0,1,0,0,0,0,0,0,0,0,0,0,0,0
data/external/actions/stanford40/jumping/jumping_212.jpg,folder_actions,,0,0,0,0,0,0,0,1,0,0,0,0,0,0,0,0,0,0,0,0
data/external/actions/stanford40/jumping/jumping_213.jpg,folder_actions,,0,0,0,0,0,0,0,1,0,0,0,0,0,0,0,0,0,0,0,0
data/external/actions/stanford40/jumping/jumping_214.jpg,folder_actions,,0,0,0,0,0,0,0,1,0,0,0,0,0,0,0,0,0,0,0,0
data/external/actions/stanford40/jumping/jumping_215.jpg,folder_actions,,0,0,0,0,0,0,0,1,0,0,0,0,0,0,0,0,0,0,0,0
data/external/actions/stanford40/jumping/jumping_216.jpg,folder_actions,,0,0,0,0,0,0,0,1,0,0,0,0,0,0,0,0,0,0,0,0
data/external/actions/stanford40/jumping/jumping_217.jpg,folder_actions,,0,0,0,0,0,0,0,1,0,0,0,0,0,0,0,0,0,0,0,0
data/external/actions/stanford40/jumping/jumping_218.jpg,folder_actions,,0,0,0,0,0,0,0,1,0,0,0,0,0,0,0,0,0,0,0,0
data/external/actions/stanford40/jumping/jumping_219.jpg,folder_actions,,0,0,0,0,0,0,0,1,0,0,0,0,0,0,0,0,0,0,0,0
data/external/actions/stanford40/jumping/jumping_220.jpg,folder_actions,,0,0,0,0,0,0,0,1,0,0,0,0,0,0,0,0,0,0,0,0
data/external/actions/stanford40/jumping/jumping_221.jpg,folder_actions,,0,0,0,0,0,0,0,1,0,0,0,0,0,0,0,0,0,0,0,0
data/external/actions/stanford40/jumping/jumping_222.jpg,folder_actions,,0,0,0,0,0,0,0,1,0,0,0,0,0,0,0,0,0,0,0,0
data/external/actions/stanford40/jumping/jumping_223.jpg,folder_actions,,0,0,0,0,0,0,0,1,0,0,0,0,0,0,0,0,0,0,0,0
data/external/actions/stanford40/jumping/jumping_224.jpg,folder_actions,,0,0,0,0,0,0,0,1,0,0,0,0,0,0,0,0,0,0,0,0
data/external/actions/stanford40/jumping/jumping_225.jpg,folder_actions,,0,0,0,0,0,0,0,1,0,0,0,0,0,0,0,0,0,0,0,0
data/external/actions/stanford40/jumping/jumping_226.jpg,folder_actions,,0,0,0,0,0,0,0,1,0,0,0,0,0,0,0,0,0,0,0,0
data/external/actions/stanford40/jumping/jumping_227.jpg,folder_actions,,0,0,0,0,0,0,0,1,0,0,0,0,0,0,0,0,0,0,0,0
data/external/actions/stanford40/jumping/jumping_228.jpg,folder_actions,,0,0,0,0,0,0,0,1,0,0,0,0,0,0,0,0,0,0,0,0
data/external/actions/stanford40/jumping/jumping_229.jpg,folder_actions,,0,0,0,0,0,0,0,1,0,0,0,0,0,0,0,0,0,0,0,0
data/external/actions/stanford40/jumping/jumping_230.jpg,folder_actions,,0,0,0,0,0,0,0,1,0,0,0,0,0,0,0,0,0,0,0,0
data/external/actions/stanford40/jumping/jumping_231.jpg,folder_actions,,0,0,0,0,0,0,0,1,0,0,0,0,0,0,0,0,0,0,0,0
data/external/actions/stanford40/jumping/jumping_232.jpg,folder_actions,,0,0,0,0,0,0,0,1,0,0,0,0,0,0,0,0,0,0,0,0
data/external/actions/stanford40/jumping/jumping_233.jpg,folder_actions,,0,0,0,0,0,0,0,1,0,0,0,0,0,0,0,0,0,0,0,0
data/external/actions/stanford40/jumping/jumping_234.jpg,folder_actions,,0,0,0,0,0,0,0,1,0,0,0,0,0,0,0,0,0,0,0,0
data/external/actions/stanford40/jumping/jumping_235.jpg,folder_actions,,0,0,0,0,0,0,0,1,0,0,0,0,0,0,0,0,0,0,0,0
data/external/actions/stanford40/jumping/jumping_236.jpg,folder_actions,,0,0,0,0,0,0,0,1,0,0,0,0,0,0,0,0,0,0,0,0
data/external/actions/stanford40/jumping/jumping_237.jpg,folder_actions,,0,0,0,0,0,0,0,1,0,0,0,0,0,0,0,0,0,0,0,0
data/external/actions/stanford40/jumping/jumping_238.jpg,folder_actions,,0,0,0,0,0,0,0,1,0,0,0,0,0,0,0,0,0,0,0,0
data/external/actions/stanford40/jumping/jumping_239.jpg,folder_actions,,0,0,0,0,0,0,0,1,0,0,0,0,0,0,0,0,0,0,0,0
data/external/actions/stanford40/jumping/jumping_240.jpg,folder_actions,,0,0,0,0,0,0,0,1,0,0,0,0,0,0,0,0,0,0,0,0
data/external/actions/stanford40/jumping/jumping_241.jpg,folder_actions,,0,0,0,0,0,0,0,1,0,0,0,0,0,0,0,0,0,0,0,0
data/external/actions/stanford40/jumping/jumping_242.jpg,folder_actions,,0,0,0,0,0,0,0,1,0,0,0,0,0,0,0,0,0,0,0,0
data/external/actions/stanford40/jumping/jumping_243.jpg,folder_actions,,0,0,0,0,0,0,0,1,0,0,0,0,0,0,0,0,0,0,0,0
data/external/actions/stanford40/jumping/jumping_244.jpg,folder_actions,,0,0,0,0,0,0,0,1,0,0,0,0,0,0,0,0,0,0,0,0
data/external/actions/stanford40/jumping/jumping_245.jpg,folder_actions,,0,0,0,0,0,0,0,1,0,0,0,0,0,0,0,0,0,0,0,0
data/external/actions/stanford40/jumping/jumping_246.jpg,folder_actions,,0,0,0,0,0,0,0,1,0,0,0,0,0,0,0,0,0,0,0,0
data/external/actions/stanford40/jumping/jumping_247.jpg,folder_actions,,0,0,0,0,0,0,0,1,0,0,0,0,0,0,0,0,0,0,0,0
data/external/actions/stanford40/jumping/jumping_248.jpg,folder_actions,,0,0,0,0,0,0,0,1,0,0,0,0,0,0,0,0,0,0,0,0
data/external/actions/stanford40/jumping/jumping_249.jpg,folder_actions,,0,0,0,0,0,0,0,1,0,0,0,0,0,0,0,0,0,0,0,0
data/external/actions/stanford40/jumping/jumping_250.jpg,folder_actions,,0,0,0,0,0,0,0,1,0,0,0,0,0,0,0,0,0,0,0,0
data/external/actions/stanford40/jumping/jumping_251.jpg,folder_actions,,0,0,0,0,0,0,0,1,0,0,0,0,0,0,0,0,0,0,0,0
data/external/actions/stanford40/jumping/jumping_252.jpg,folder_actions,,0,0,0,0,0,0,0,1,0,0,0,0,0,0,0,0,0,0,0,0
data/external/actions/stanford40/jumping/jumping_253.jpg,folder_actions,,0,0,0,0,0,0,0,1,0,0,0,0,0,0,0,0,0,0,0,0
data/external/actions/stanford40/jumping/jumping_254.jpg,folder_actions,,0,0,0,0,0,0,0,1,0,0,0,0,0,0,0,0,0,0,0,0
data/external/actions/stanford40/jumping/jumping_255.jpg,folder_actions,,0,0,0,0,0,0,0,1,0,0,0,0,0,0,0,0,0,0,0,0
data/external/actions/stanford40/jumping/jumping_256.jpg,folder_actions,,0,0,0,0,0,0,0,1,0,0,0,0,0,0,0,0,0,0,0,0
data/external/actions/stanford40/jumping/jumping_257.jpg,folder_actions,,0,0,0,0,0,0,0,1,0,0,0,0,0,0,0,0,0,0,0,0
data/external/actions/stanford40/jumping/jumping_258.jpg,folder_actions,,0,0,0,0,0,0,0,1,0,0,0,0,0,0,0,0,0,0,0,0
data/external/actions/stanford40/jumping/jumping_259.jpg,folder_actions,,0,0,0,0,0,0,0,1,0,0,0,0,0,0,0,0,0,0,0,0
data/external/actions/stanford40/jumping/jumping_260.jpg,folder_actions,,0,0,0,0,0,0,0,1,0,0,0,0,0,0,0,0,0,0,0,0
data/external/actions/stanford40/jumping/jumping_261.jpg,folder_actions,,0,0,0,0,0,0,0,1,0,0,0,0,0,0,0,0,0,0,0,0
data/external/actions/stanford40/jumping/jumping_262.jpg,folder_actions,,0,0,0,0,0,0,0,1,0,0,0,0,0,0,0,0,0,0,0,0
data/external/actions/stanford40/jumping/jumping_263.jpg,folder_actions,,0,0,0,0,0,0,0,1,0,0,0,0,0,0,0,0,0,0,0,0
data/external/actions/stanford40/jumping/jumping_264.jpg,folder_actions,,0,0,0,0,0,0,0,1,0,0,0,0,0,0,0,0,0,0,0,0
data/external/actions/stanford40/jumping/jumping_265.jpg,folder_actions,,0,0,0,0,0,0,0,1,0,0,0,0,0,0,0,0,0,0,0,0
data/external/actions/stanford40/jumping/jumping_266.jpg,folder_actions,,0,0,0,0,0,0,0,1,0,0,0,0,0,0,0,0,0,0,0,0
data/external/actions/stanford40/jumping/jumping_267.jpg,folder_actions,,0,0,0,0,0,0,0,1,0,0,0,0,0,0,0,0,0,0,0,0
data/external/actions/stanford40/jumping/jumping_268.jpg,folder_actions,,0,0,0,0,0,0,0,1,0,0,0,0,0,0,0,0,0,0,0,0
data/external/actions/stanford40/jumping/jumping_269.jpg,folder_actions,,0,0,0,0,0,0,0,1,0,0,0,0,0,0,0,0,0,0,0,0
data/external/actions/stanford40/jumping/jumping_270.jpg,folder_actions,,0,0,0,0,0,0,0,1,0,0,0,0,0,0,0,0,0,0,0,0
data/external/actions/stanford40/jumping/jumping_271.jpg,folder_actions,,0,0,0,0,0,0,0,1,0,0,0,0,0,0,0,0,0,0,0,0
data/external/actions/stanford40/jumping/jumping_272.jpg,folder_actions,,0,0,0,0,0,0,0,1,0,0,0,0,0,0,0,0,0,0,0,0
data/external/actions/stanford40/jumping/jumping_273.jpg,folder_actions,,0,0,0,0,0,0,0,1,0,0,0,0,0,0,0,0,0,0,0,0
data/external/actions/stanford40/jumping/jumping_274.jpg,folder_actions,,0,0,0,0,0,0,0,1,0,0,0,0,0,0,0,0,0,0,0,0
data/external/actions/stanford40/jumping/jumping_275.jpg,folder_actions,,0,0,0,0,0,0,0,1,0,0,0,0,0,0,0,0,0,0,0,0
data/external/actions/stanford40/jumping/jumping_276.jpg,folder_actions,,0,0,0,0,0,0,0,1,0,0,0,0,0,0,0,0,0,0,0,0
data/external/actions/stanford40/jumping/jumping_277.jpg,folder_actions,,0,0,0,0,0,0,0,1,0,0,0,0,0,0,0,0,0,0,0,0
data/external/actions/stanford40/jumping/jumping_278.jpg,folder_actions,,0,0,0,0,0,0,0,1,0,0,0,0,0,0,0,0,0,0,0,0
data/external/actions/stanford40/jumping/jumping_279.jpg,folder_actions,,0,0,0,0,0,0,0,1,0,0,0,0,0,0,0,0,0,0,0,0
data/external/actions/stanford40/jumping/jumping_280.jpg,folder_actions,,0,0,0,0,0,0,0,1,0,0,0,0,0,0,0,0,0,0,0,0
data/external/actions/stanford40/jumping/jumping_281.jpg,folder_actions,,0,0,0,0,0,0,0,1,0,0,0,0,0,0,0,0,0,0,0,0
data/external/actions/stanford40/jumping/jumping_282.jpg,folder_actions,,0,0,0,0,0,0,0,1,0,0,0,0,0,0,0,0,0,0,0,0
data/external/actions/stanford40/jumping/jumping_283.jpg,folder_actions,,0,0,0,0,0,0,0,1,0,0,0,0,0,0,0,0,0,0,0,0
data/external/actions/stanford40/jumping/jumping_284.jpg,folder_actions,,0,0,0,0,0,0,0,1,0,0,0,0,0,0,0,0,0,0,0,0
data/external/actions/stanford40/jumping/jumping_285.jpg,folder_actions,,0,0,0,0,0,0,0,1,0,0,0,0,0,0,0,0,0,0,0,0
data/external/actions/stanford40/jumping/jumping_286.jpg,folder_actions,,0,0,0,0,0,0,0,1,0,0,0,0,0,0,0,0,0,0,0,0
data/external/actions/stanford40/jumping/jumping_287.jpg,folder_actions,,0,0,0,0,0,0,0,1,0,0,0,0,0,0,0,0,0,0,0,0
data/external/actions/stanford40/jumping/jumping_288.jpg,folder_actions,,0,0,0,0,0,0,0,1,0,0,0,0,0,0,0,0,0,0,0,0
data/external/actions/stanford40/jumping/jumping_289.jpg,folder_actions,,0,0,0,0,0,0,0,1,0,0,0,0,0,0,0,0,0,0,0,0
data/external/actions/stanford40/jumping/jumping_290.jpg,folder_actions,,0,0,0,0,0,0,0,1,0,0,0,0,0,0,0,0,0,0,0,0
data/external/actions/stanford40/jumping/jumping_291.jpg,folder_actions,,0,0,0,0,0,0,0,1,0,0,0,0,0,0,0,0,0,0,0,0
data/external/actions/stanford40/jumping/jumping_292.jpg,folder_actions,,0,0,0,0,0,0,0,1,0,0,0,0,0,0,0,0,0,0,0,0
data/external/actions/stanford40/jumping/jumping_293.jpg,folder_actions,,0,0,0,0,0,0,0,1,0,0,0,0,0,0,0,0,0,0,0,0
data/external/actions/stanford40/jumping/jumping_294.jpg,folder_actions,,0,0,0,0,0,0,0,1,0,0,0,0,0,0,0,0,0,0,0,0
data/external/actions/stanford40/jumping/jumping_295.jpg,folder_actions,,0,0,0,0,0,0,0,1,0,0,0,0,0,0,0,0,0,0,0,0
data/external/actions/stanford40/running/running_001.jpg,folder_actions,,0,0,0,0,0,0,1,0,0,0,0,0,0,0,0,0,0,0,0,0
data/external/actions/stanford40/running/running_002.jpg,folder_actions,,0,0,0,0,0,0,1,0,0,0,0,0,0,0,0,0,0,0,0,0
data/external/actions/stanford40/running/running_003.jpg,folder_actions,,0,0,0,0,0,0,1,0,0,0,0,0,0,0,0,0,0,0,0,0
data/external/actions/stanford40/running/running_004.jpg,folder_actions,,0,0,0,0,0,0,1,0,0,0,0,0,0,0,0,0,0,0,0,0
data/external/actions/stanford40/running/running_005.jpg,folder_actions,,0,0,0,0,0,0,1,0,0,0,0,0,0,0,0,0,0,0,0,0
data/external/actions/stanford40/running/running_006.jpg,folder_actions,,0,0,0,0,0,0,1,0,0,0,0,0,0,0,0,0,0,0,0,0
data/external/actions/stanford40/running/running_007.jpg,folder_actions,,0,0,0,0,0,0,1,0,0,0,0,0,0,0,0,0,0,0,0,0
data/external/actions/stanford40/running/running_008.jpg,folder_actions,,0,0,0,0,0,0,1,0,0,0,0,0,0,0,0,0,0,0,0,0
data/external/actions/stanford40/running/running_009.jpg,folder_actions,,0,0,0,0,0,0,1,0,0,0,0,0,0,0,0,0,0,0,0,0
data/external/actions/stanford40/running/running_010.jpg,folder_actions,,0,0,0,0,0,0,1,0,0,0,0,0,0,0,0,0,0,0,0,0
data/external/actions/stanford40/running/running_011.jpg,folder_actions,,0,0,0,0,0,0,1,0,0,0,0,0,0,0,0,0,0,0,0,0
data/external/actions/stanford40/running/running_012.jpg,folder_actions,,0,0,0,0,0,0,1,0,0,0,0,0,0,0,0,0,0,0,0,0
data/external/actions/stanford40/running/running_013.jpg,folder_actions,,0,0,0,0,0,0,1,0,0,0,0,0,0,0,0,0,0,0,0,0
data/external/actions/stanford40/running/running_014.jpg,folder_actions,,0,0,0,0,0,0,1,0,0,0,0,0,0,0,0,0,0,0,0,0
data/external/actions/stanford40/running/running_015.jpg,folder_actions,,0,0,0,0,0,0,1,0,0,0,0,0,0,0,0,0,0,0,0,0
data/external/actions/stanford40/running/running_016.jpg,folder_actions,,0,0,0,0,0,0,1,0,0,0,0,0,0,0,0,0,0,0,0,0
data/external/actions/stanford40/running/running_017.jpg,folder_actions,,0,0,0,0,0,0,1,0,0,0,0,0,0,0,0,0,0,0,0,0
data/external/actions/stanford40/running/running_018.jpg,folder_actions,,0,0,0,0,0,0,1,0,0,0,0,0,0,0,0,0,0,0,0,0
data/external/actions/stanford40/running/running_019.jpg,folder_actions,,0,0,0,0,0,0,1,0,0,0,0,0,0,0,0,0,0,0,0,0
data/external/actions/stanford40/running/running_020.jpg,folder_actions,,0,0,0,0,0,0,1,0,0,0,0,0,0,0,0,0,0,0,0,0
data/external/actions/stanford40/running/running_021.jpg,folder_actions,,0,0,0,0,0,0,1,0,0,0,0,0,0,0,0,0,0,0,0,0
data/external/actions/stanford40/running/running_022.jpg,folder_actions,,0,0,0,0,0,0,1,0,0,0,0,0,0,0,0,0,0,0,0,0
data/external/actions/stanford40/running/running_023.jpg,folder_actions,,0,0,0,0,0,0,1,0,0,0,0,0,0,0,0,0,0,0,0,0
data/external/actions/stanford40/running/running_024.jpg,folder_actions,,0,0,0,0,0,0,1,0,0,0,0,0,0,0,0,0,0,0,0,0
data/external/actions/stanford40/running/running_025.jpg,folder_actions,,0,0,0,0,0,0,1,0,0,0,0,0,0,0,0,0,0,0,0,0
data/external/actions/stanford40/running/running_026.jpg,folder_actions,,0,0,0,0,0,0,1,0,0,0,0,0,0,0,0,0,0,0,0,0
data/external/actions/stanford40/running/running_027.jpg,folder_actions,,0,0,0,0,0,0,1,0,0,0,0,0,0,0,0,0,0,0,0,0
data/external/actions/stanford40/running/running_028.jpg,folder_actions,,0,0,0,0,0,0,1,0,0,0,0,0,0,0,0,0,0,0,0,0
data/external/actions/stanford40/running/running_029.jpg,folder_actions,,0,0,0,0,0,0,1,0,0,0,0,0,0,0,0,0,0,0,0,0
data/external/actions/stanford40/running/running_030.jpg,folder_actions,,0,0,0,0,0,0,1,0,0,0,0,0,0,0,0,0,0,0,0,0
data/external/actions/stanford40/running/running_031.jpg,folder_actions,,0,0,0,0,0,0,1,0,0,0,0,0,0,0,0,0,0,0,0,0
data/external/actions/stanford40/running/running_032.jpg,folder_actions,,0,0,0,0,0,0,1,0,0,0,0,0,0,0,0,0,0,0,0,0
data/external/actions/stanford40/running/running_033.jpg,folder_actions,,0,0,0,0,0,0,1,0,0,0,0,0,0,0,0,0,0,0,0,0
data/external/actions/stanford40/running/running_034.jpg,folder_actions,,0,0,0,0,0,0,1,0,0,0,0,0,0,0,0,0,0,0,0,0
data/external/actions/stanford40/running/running_035.jpg,folder_actions,,0,0,0,0,0,0,1,0,0,0,0,0,0,0,0,0,0,0,0,0
data/external/actions/stanford40/running/running_036.jpg,folder_actions,,0,0,0,0,0,0,1,0,0,0,0,0,0,0,0,0,0,0,0,0
data/external/actions/stanford40/running/running_037.jpg,folder_actions,,0,0,0,0,0,0,1,0,0,0,0,0,0,0,0,0,0,0,0,0
data/external/actions/stanford40/running/running_038.jpg,folder_actions,,0,0,0,0,0,0,1,0,0,0,0,0,0,0,0,0,0,0,0,0
data/external/actions/stanford40/running/running_039.jpg,folder_actions,,0,0,0,0,0,0,1,0,0,0,0,0,0,0,0,0,0,0,0,0
data/external/actions/stanford40/running/running_040.jpg,folder_actions,,0,0,0,0,0,0,1,0,0,0,0,0,0,0,0,0,0,0,0,0
data/external/actions/stanford40/running/running_041.jpg,folder_actions,,0,0,0,0,0,0,1,0,0,0,0,0,0,0,0,0,0,0,0,0
data/external/actions/stanford40/running/running_042.jpg,folder_actions,,0,0,0,0,0,0,1,0,0,0,0,0,0,0,0,0,0,0,0,0
data/external/actions/stanford40/running/running_043.jpg,folder_actions,,0,0,0,0,0,0,1,0,0,0,0,0,0,0,0,0,0,0,0,0
data/external/actions/stanford40/running/running_044.jpg,folder_actions,,0,0,0,0,0,0,1,0,0,0,0,0,0,0,0,0,0,0,0,0
data/external/actions/stanford40/running/running_045.jpg,folder_actions,,0,0,0,0,0,0,1,0,0,0,0,0,0,0,0,0,0,0,0,0
data/external/actions/stanford40/running/running_046.jpg,folder_actions,,0,0,0,0,0,0,1,0,0,0,0,0,0,0,0,0,0,0,0,0
data/external/actions/stanford40/running/running_047.jpg,folder_actions,,0,0,0,0,0,0,1,0,0,0,0,0,0,0,0,0,0,0,0,0
data/external/actions/stanford40/running/running_048.jpg,folder_actions,,0,0,0,0,0,0,1,0,0,0,0,0,0,0,0,0,0,0,0,0
data/external/actions/stanford40/running/running_049.jpg,folder_actions,,0,0,0,0,0,0,1,0,0,0,0,0,0,0,0,0,0,0,0,0
data/external/actions/stanford40/running/running_050.jpg,folder_actions,,0,0,0,0,0,0,1,0,0,0,0,0,0,0,0,0,0,0,0,0
data/external/actions/stanford40/running/running_051.jpg,folder_actions,,0,0,0,0,0,0,1,0,0,0,0,0,0,0,0,0,0,0,0,0
data/external/actions/stanford40/running/running_052.jpg,folder_actions,,0,0,0,0,0,0,1,0,0,0,0,0,0,0,0,0,0,0,0,0
data/external/actions/stanford40/running/running_053.jpg,folder_actions,,0,0,0,0,0,0,1,0,0,0,0,0,0,0,0,0,0,0,0,0
data/external/actions/stanford40/running/running_054.jpg,folder_actions,,0,0,0,0,0,0,1,0,0,0,0,0,0,0,0,0,0,0,0,0
data/external/actions/stanford40/running/running_055.jpg,folder_actions,,0,0,0,0,0,0,1,0,0,0,0,0,0,0,0,0,0,0,0,0
data/external/actions/stanford40/running/running_056.jpg,folder_actions,,0,0,0,0,0,0,1,0,0,0,0,0,0,0,0,0,0,0,0,0
data/external/actions/stanford40/running/running_057.jpg,folder_actions,,0,0,0,0,0,0,1,0,0,0,0,0,0,0,0,0,0,0,0,0
data/external/actions/stanford40/running/running_058.jpg,folder_actions,,0,0,0,0,0,0,1,0,0,0,0,0,0,0,0,0,0,0,0,0
data/external/actions/stanford40/running/running_059.jpg,folder_actions,,0,0,0,0,0,0,1,0,0,0,0,0,0,0,0,0,0,0,0,0
data/external/actions/stanford40/running/running_060.jpg,folder_actions,,0,0,0,0,0,0,1,0,0,0,0,0,0,0,0,0,0,0,0,0
data/external/actions/stanford40/running/running_061.jpg,folder_actions,,0,0,0,0,0,0,1,0,0,0,0,0,0,0,0,0,0,0,0,0
data/external/actions/stanford40/running/running_062.jpg,folder_actions,,0,0,0,0,0,0,1,0,0,0,0,0,0,0,0,0,0,0,0,0
data/external/actions/stanford40/running/running_063.jpg,folder_actions,,0,0,0,0,0,0,1,0,0,0,0,0,0,0,0,0,0,0,0,0
data/external/actions/stanford40/running/running_064.jpg,folder_actions,,0,0,0,0,0,0,1,0,0,0,0,0,0,0,0,0,0,0,0,0
data/external/actions/stanford40/running/running_065.jpg,folder_actions,,0,0,0,0,0,0,1,0,0,0,0,0,0,0,0,0,0,0,0,0
data/external/actions/stanford40/running/running_066.jpg,folder_actions,,0,0,0,0,0,0,1,0,0,0,0,0,0,0,0,0,0,0,0,0
data/external/actions/stanford40/running/running_067.jpg,folder_actions,,0,0,0,0,0,0,1,0,0,0,0,0,0,0,0,0,0,0,0,0
data/external/actions/stanford40/running/running_068.jpg,folder_actions,,0,0,0,0,0,0,1,0,0,0,0,0,0,0,0,0,0,0,0,0
data/external/actions/stanford40/running/running_069.jpg,folder_actions,,0,0,0,0,0,0,1,0,0,0,0,0,0,0,0,0,0,0,0,0
data/external/actions/stanford40/running/running_070.jpg,folder_actions,,0,0,0,0,0,0,1,0,0,0,0,0,0,0,0,0,0,0,0,0
data/external/actions/stanford40/running/running_071.jpg,folder_actions,,0,0,0,0,0,0,1,0,0,0,0,0,0,0,0,0,0,0,0,0
data/external/actions/stanford40/running/running_072.jpg,folder_actions,,0,0,0,0,0,0,1,0,0,0,0,0,0,0,0,0,0,0,0,0
data/external/actions/stanford40/running/running_073.jpg,folder_actions,,0,0,0,0,0,0,1,0,0,0,0,0,0,0,0,0,0,0,0,0
data/external/actions/stanford40/running/running_074.jpg,folder_actions,,0,0,0,0,0,0,1,0,0,0,0,0,0,0,0,0,0,0,0,0
data/external/actions/stanford40/running/running_075.jpg,folder_actions,,0,0,0,0,0,0,1,0,0,0,0,0,0,0,0,0,0,0,0,0
data/external/actions/stanford40/running/running_076.jpg,folder_actions,,0,0,0,0,0,0,1,0,0,0,0,0,0,0,0,0,0,0,0,0
data/external/actions/stanford40/running/running_077.jpg,folder_actions,,0,0,0,0,0,0,1,0,0,0,0,0,0,0,0,0,0,0,0,0
data/external/actions/stanford40/running/running_078.jpg,folder_actions,,0,0,0,0,0,0,1,0,0,0,0,0,0,0,0,0,0,0,0,0
data/external/actions/stanford40/running/running_079.jpg,folder_actions,,0,0,0,0,0,0,1,0,0,0,0,0,0,0,0,0,0,0,0,0
data/external/actions/stanford40/running/running_080.jpg,folder_actions,,0,0,0,0,0,0,1,0,0,0,0,0,0,0,0,0,0,0,0,0
data/external/actions/stanford40/running/running_081.jpg,folder_actions,,0,0,0,0,0,0,1,0,0,0,0,0,0,0,0,0,0,0,0,0
data/external/actions/stanford40/running/running_082.jpg,folder_actions,,0,0,0,0,0,0,1,0,0,0,0,0,0,0,0,0,0,0,0,0
data/external/actions/stanford40/running/running_083.jpg,folder_actions,,0,0,0,0,0,0,1,0,0,0,0,0,0,0,0,0,0,0,0,0
data/external/actions/stanford40/running/running_084.jpg,folder_actions,,0,0,0,0,0,0,1,0,0,0,0,0,0,0,0,0,0,0,0,0
data/external/actions/stanford40/running/running_085.jpg,folder_actions,,0,0,0,0,0,0,1,0,0,0,0,0,0,0,0,0,0,0,0,0
data/external/actions/stanford40/running/running_086.jpg,folder_actions,,0,0,0,0,0,0,1,0,0,0,0,0,0,0,0,0,0,0,0,0
data/external/actions/stanford40/running/running_087.jpg,folder_actions,,0,0,0,0,0,0,1,0,0,0,0,0,0,0,0,0,0,0,0,0
data/external/actions/stanford40/running/running_088.jpg,folder_actions,,0,0,0,0,0,0,1,0,0,0,0,0,0,0,0,0,0,0,0,0
data/external/actions/stanford40/running/running_089.jpg,folder_actions,,0,0,0,0,0,0,1,0,0,0,0,0,0,0,0,0,0,0,0,0
data/external/actions/stanford40/running/running_090.jpg,folder_actions,,0,0,0,0,0,0,1,0,0,0,0,0,0,0,0,0,0,0,0,0
data/external/actions/stanford40/running/running_091.jpg,folder_actions,,0,0,0,0,0,0,1,0,0,0,0,0,0,0,0,0,0,0,0,0
data/external/actions/stanford40/running/running_092.jpg,folder_actions,,0,0,0,0,0,0,1,0,0,0,0,0,0,0,0,0,0,0,0,0
data/external/actions/stanford40/running/running_093.jpg,folder_actions,,0,0,0,0,0,0,1,0,0,0,0,0,0,0,0,0,0,0,0,0
data/external/actions/stanford40/running/running_094.jpg,folder_actions,,0,0,0,0,0,0,1,0,0,0,0,0,0,0,0,0,0,0,0,0
data/external/actions/stanford40/running/running_095.jpg,folder_actions,,0,0,0,0,0,0,1,0,0,0,0,0,0,0,0,0,0,0,0,0
data/external/actions/stanford40/running/running_096.jpg,folder_actions,,0,0,0,0,0,0,1,0,0,0,0,0,0,0,0,0,0,0,0,0
data/external/actions/stanford40/running/running_097.jpg,folder_actions,,0,0,0,0,0,0,1,0,0,0,0,0,0,0,0,0,0,0,0,0
data/external/actions/stanford40/running/running_098.jpg,folder_actions,,0,0,0,0,0,0,1,0,0,0,0,0,0,0,0,0,0,0,0,0
data/external/actions/stanford40/running/running_099.jpg,folder_actions,,0,0,0,0,0,0,1,0,0,0,0,0,0,0,0,0,0,0,0,0
data/external/actions/stanford40/running/running_100.jpg,folder_actions,,0,0,0,0,0,0,1,0,0,0,0,0,0,0,0,0,0,0,0,0
data/external/actions/stanford40/running/running_101.jpg,folder_actions,,0,0,0,0,0,0,1,0,0,0,0,0,0,0,0,0,0,0,0,0
data/external/actions/stanford40/running/running_102.jpg,folder_actions,,0,0,0,0,0,0,1,0,0,0,0,0,0,0,0,0,0,0,0,0
data/external/actions/stanford40/running/running_103.jpg,folder_actions,,0,0,0,0,0,0,1,0,0,0,0,0,0,0,0,0,0,0,0,0
data/external/actions/stanford40/running/running_104.jpg,folder_actions,,0,0,0,0,0,0,1,0,0,0,0,0,0,0,0,0,0,0,0,0
data/external/actions/stanford40/running/running_105.jpg,folder_actions,,0,0,0,0,0,0,1,0,0,0,0,0,0,0,0,0,0,0,0,0
data/external/actions/stanford40/running/running_106.jpg,folder_actions,,0,0,0,0,0,0,1,0,0,0,0,0,0,0,0,0,0,0,0,0
data/external/actions/stanford40/running/running_107.jpg,folder_actions,,0,0,0,0,0,0,1,0,0,0,0,0,0,0,0,0,0,0,0,0
data/external/actions/stanford40/running/running_108.jpg,folder_actions,,0,0,0,0,0,0,1,0,0,0,0,0,0,0,0,0,0,0,0,0
data/external/actions/stanford40/running/running_109.jpg,folder_actions,,0,0,0,0,0,0,1,0,0,0,0,0,0,0,0,0,0,0,0,0
data/external/actions/stanford40/running/running_110.jpg,folder_actions,,0,0,0,0,0,0,1,0,0,0,0,0,0,0,0,0,0,0,0,0
data/external/actions/stanford40/running/running_111.jpg,folder_actions,,0,0,0,0,0,0,1,0,0,0,0,0,0,0,0,0,0,0,0,0
data/external/actions/stanford40/running/running_112.jpg,folder_actions,,0,0,0,0,0,0,1,0,0,0,0,0,0,0,0,0,0,0,0,0
data/external/actions/stanford40/running/running_113.jpg,folder_actions,,0,0,0,0,0,0,1,0,0,0,0,0,0,0,0,0,0,0,0,0
data/external/actions/stanford40/running/running_114.jpg,folder_actions,,0,0,0,0,0,0,1,0,0,0,0,0,0,0,0,0,0,0,0,0
data/external/actions/stanford40/running/running_115.jpg,folder_actions,,0,0,0,0,0,0,1,0,0,0,0,0,0,0,0,0,0,0,0,0
data/external/actions/stanford40/running/running_116.jpg,folder_actions,,0,0,0,0,0,0,1,0,0,0,0,0,0,0,0,0,0,0,0,0
data/external/actions/stanford40/running/running_117.jpg,folder_actions,,0,0,0,0,0,0,1,0,0,0,0,0,0,0,0,0,0,0,0,0
data/external/actions/stanford40/running/running_118.jpg,folder_actions,,0,0,0,0,0,0,1,0,0,0,0,0,0,0,0,0,0,0,0,0
data/external/actions/stanford40/running/running_119.jpg,folder_actions,,0,0,0,0,0,0,1,0,0,0,0,0,0,0,0,0,0,0,0,0
data/external/actions/stanford40/running/running_120.jpg,folder_actions,,0,0,0,0,0,0,1,0,0,0,0,0,0,0,0,0,0,0,0,0
data/external/actions/stanford40/running/running_121.jpg,folder_actions,,0,0,0,0,0,0,1,0,0,0,0,0,0,0,0,0,0,0,0,0
data/external/actions/stanford40/running/running_122.jpg,folder_actions,,0,0,0,0,0,0,1,0,0,0,0,0,0,0,0,0,0,0,0,0
data/external/actions/stanford40/running/running_123.jpg,folder_actions,,0,0,0,0,0,0,1,0,0,0,0,0,0,0,0,0,0,0,0,0
data/external/actions/stanford40/running/running_124.jpg,folder_actions,,0,0,0,0,0,0,1,0,0,0,0,0,0,0,0,0,0,0,0,0
data/external/actions/stanford40/running/running_125.jpg,folder_actions,,0,0,0,0,0,0,1,0,0,0,0,0,0,0,0,0,0,0,0,0
data/external/actions/stanford40/running/running_126.jpg,folder_actions,,0,0,0,0,0,0,1,0,0,0,0,0,0,0,0,0,0,0,0,0
data/external/actions/stanford40/running/running_127.jpg,folder_actions,,0,0,0,0,0,0,1,0,0,0,0,0,0,0,0,0,0,0,0,0
data/external/actions/stanford40/running/running_128.jpg,folder_actions,,0,0,0,0,0,0,1,0,0,0,0,0,0,0,0,0,0,0,0,0
data/external/actions/stanford40/running/running_129.jpg,folder_actions,,0,0,0,0,0,0,1,0,0,0,0,0,0,0,0,0,0,0,0,0
data/external/actions/stanford40/running/running_130.jpg,folder_actions,,0,0,0,0,0,0,1,0,0,0,0,0,0,0,0,0,0,0,0,0
data/external/actions/stanford40/running/running_131.jpg,folder_actions,,0,0,0,0,0,0,1,0,0,0,0,0,0,0,0,0,0,0,0,0
data/external/actions/stanford40/running/running_132.jpg,folder_actions,,0,0,0,0,0,0,1,0,0,0,0,0,0,0,0,0,0,0,0,0
data/external/actions/stanford40/running/running_133.jpg,folder_actions,,0,0,0,0,0,0,1,0,0,0,0,0,0,0,0,0,0,0,0,0
data/external/actions/stanford40/running/running_134.jpg,folder_actions,,0,0,0,0,0,0,1,0,0,0,0,0,0,0,0,0,0,0,0,0
data/external/actions/stanford40/running/running_135.jpg,folder_actions,,0,0,0,0,0,0,1,0,0,0,0,0,0,0,0,0,0,0,0,0
data/external/actions/stanford40/running/running_136.jpg,folder_actions,,0,0,0,0,0,0,1,0,0,0,0,0,0,0,0,0,0,0,0,0
data/external/actions/stanford40/running/running_137.jpg,folder_actions,,0,0,0,0,0,0,1,0,0,0,0,0,0,0,0,0,0,0,0,0
data/external/actions/stanford40/running/running_138.jpg,folder_actions,,0,0,0,0,0,0,1,0,0,0,0,0,0,0,0,0,0,0,0,0
data/external/actions/stanford40/running/running_139.jpg,folder_actions,,0,0,0,0,0,0,1,0,0,0,0,0,0,0,0,0,0,0,0,0
data/external/actions/stanford40/running/running_140.jpg,folder_actions,,0,0,0,0,0,0,1,0,0,0,0,0,0,0,0,0,0,0,0,0
data/external/actions/stanford40/running/running_141.jpg,folder_actions,,0,0,0,0,0,0,1,0,0,0,0,0,0,0,0,0,0,0,0,0
data/external/actions/stanford40/running/running_142.jpg,folder_actions,,0,0,0,0,0,0,1,0,0,0,0,0,0,0,0,0,0,0,0,0
data/external/actions/stanford40/running/running_143.jpg,folder_actions,,0,0,0,0,0,0,1,0,0,0,0,0,0,0,0,0,0,0,0,0
data/external/actions/stanford40/running/running_144.jpg,folder_actions,,0,0,0,0,0,0,1,0,0,0,0,0,0,0,0,0,0,0,0,0
data/external/actions/stanford40/running/running_145.jpg,folder_actions,,0,0,0,0,0,0,1,0,0,0,0,0,0,0,0,0,0,0,0,0
data/external/actions/stanford40/running/running_146.jpg,folder_actions,,0,0,0,0,0,0,1,0,0,0,0,0,0,0,0,0,0,0,0,0
data/external/actions/stanford40/running/running_147.jpg,folder_actions,,0,0,0,0,0,0,1,0,0,0,0,0,0,0,0,0,0,0,0,0
data/external/actions/stanford40/running/running_148.jpg,folder_actions,,0,0,0,0,0,0,1,0,0,0,0,0,0,0,0,0,0,0,0,0
data/external/actions/stanford40/running/running_149.jpg,folder_actions,,0,0,0,0,0,0,1,0,0,0,0,0,0,0,0,0,0,0,0,0
data/external/actions/stanford40/running/running_150.jpg,folder_actions,,0,0,0,0,0,0,1,0,0,0,0,0,0,0,0,0,0,0,0,0
data/external/actions/stanford40/running/running_151.jpg,folder_actions,,0,0,0,0,0,0,1,0,0,0,0,0,0,0,0,0,0,0,0,0
data/external/actions/stanford40/running/running_152.jpg,folder_actions,,0,0,0,0,0,0,1,0,0,0,0,0,0,0,0,0,0,0,0,0
data/external/actions/stanford40/running/running_153.jpg,folder_actions,,0,0,0,0,0,0,1,0,0,0,0,0,0,0,0,0,0,0,0,0
data/external/actions/stanford40/running/running_154.jpg,folder_actions,,0,0,0,0,0,0,1,0,0,0,0,0,0,0,0,0,0,0,0,0
data/external/actions/stanford40/running/running_155.jpg,folder_actions,,0,0,0,0,0,0,1,0,0,0,0,0,0,0,0,0,0,0,0,0
data/external/actions/stanford40/running/running_156.jpg,folder_actions,,0,0,0,0,0,0,1,0,0,0,0,0,0,0,0,0,0,0,0,0
data/external/actions/stanford40/running/running_157.jpg,folder_actions,,0,0,0,0,0,0,1,0,0,0,0,0,0,0,0,0,0,0,0,0
data/external/actions/stanford40/running/running_158.jpg,folder_actions,,0,0,0,0,0,0,1,0,0,0,0,0,0,0,0,0,0,0,0,0
data/external/actions/stanford40/running/running_159.jpg,folder_actions,,0,0,0,0,0,0,1,0,0,0,0,0,0,0,0,0,0,0,0,0
data/external/actions/stanford40/running/running_160.jpg,folder_actions,,0,0,0,0,0,0,1,0,0,0,0,0,0,0,0,0,0,0,0,0
data/external/actions/stanford40/running/running_161.jpg,folder_actions,,0,0,0,0,0,0,1,0,0,0,0,0,0,0,0,0,0,0,0,0
data/external/actions/stanford40/running/running_162.jpg,folder_actions,,0,0,0,0,0,0,1,0,0,0,0,0,0,0,0,0,0,0,0,0
data/external/actions/stanford40/running/running_163.jpg,folder_actions,,0,0,0,0,0,0,1,0,0,0,0,0,0,0,0,0,0,0,0,0
data/external/actions/stanford40/running/running_164.jpg,folder_actions,,0,0,0,0,0,0,1,0,0,0,0,0,0,0,0,0,0,0,0,0
data/external/actions/stanford40/running/running_165.jpg,folder_actions,,0,0,0,0,0,0,1,0,0,0,0,0,0,0,0,0,0,0,0,0
data/external/actions/stanford40/running/running_166.jpg,folder_actions,,0,0,0,0,0,0,1,0,0,0,0,0,0,0,0,0,0,0,0,0
data/external/actions/stanford40/running/running_167.jpg,folder_actions,,0,0,0,0,0,0,1,0,0,0,0,0,0,0,0,0,0,0,0,0
data/external/actions/stanford40/running/running_168.jpg,folder_actions,,0,0,0,0,0,0,1,0,0,0,0,0,0,0,0,0,0,0,0,0
data/external/actions/stanford40/running/running_169.jpg,folder_actions,,0,0,0,0,0,0,1,0,0,0,0,0,0,0,0,0,0,0,0,0
data/external/actions/stanford40/running/running_170.jpg,folder_actions,,0,0,0,0,0,0,1,0,0,0,0,0,0,0,0,0,0,0,0,0
data/external/actions/stanford40/running/running_171.jpg,folder_actions,,0,0,0,0,0,0,1,0,0,0,0,0,0,0,0,0,0,0,0,0
data/external/actions/stanford40/running/running_172.jpg,folder_actions,,0,0,0,0,0,0,1,0,0,0,0,0,0,0,0,0,0,0,0,0
data/external/actions/stanford40/running/running_173.jpg,folder_actions,,0,0,0,0,0,0,1,0,0,0,0,0,0,0,0,0,0,0,0,0
data/external/actions/stanford40/running/running_174.jpg,folder_actions,,0,0,0,0,0,0,1,0,0,0,0,0,0,0,0,0,0,0,0,0
data/external/actions/stanford40/running/running_175.jpg,folder_actions,,0,0,0,0,0,0,1,0,0,0,0,0,0,0,0,0,0,0,0,0
data/external/actions/stanford40/running/running_176.jpg,folder_actions,,0,0,0,0,0,0,1,0,0,0,0,0,0,0,0,0,0,0,0,0
data/external/actions/stanford40/running/running_177.jpg,folder_actions,,0,0,0,0,0,0,1,0,0,0,0,0,0,0,0,0,0,0,0,0
data/external/actions/stanford40/running/running_178.jpg,folder_actions,,0,0,0,0,0,0,1,0,0,0,0,0,0,0,0,0,0,0,0,0
data/external/actions/stanford40/running/running_179.jpg,folder_actions,,0,0,0,0,0,0,1,0,0,0,0,0,0,0,0,0,0,0,0,0
data/external/actions/stanford40/running/running_180.jpg,folder_actions,,0,0,0,0,0,0,1,0,0,0,0,0,0,0,0,0,0,0,0,0
data/external/actions/stanford40/running/running_181.jpg,folder_actions,,0,0,0,0,0,0,1,0,0,0,0,0,0,0,0,0,0,0,0,0
data/external/actions/stanford40/running/running_182.jpg,folder_actions,,0,0,0,0,0,0,1,0,0,0,0,0,0,0,0,0,0,0,0,0
data/external/actions/stanford40/running/running_183.jpg,folder_actions,,0,0,0,0,0,0,1,0,0,0,0,0,0,0,0,0,0,0,0,0
data/external/actions/stanford40/running/running_184.jpg,folder_actions,,0,0,0,0,0,0,1,0,0,0,0,0,0,0,0,0,0,0,0,0
data/external/actions/stanford40/running/running_185.jpg,folder_actions,,0,0,0,0,0,0,1,0,0,0,0,0,0,0,0,0,0,0,0,0
data/external/actions/stanford40/running/running_186.jpg,folder_actions,,0,0,0,0,0,0,1,0,0,0,0,0,0,0,0,0,0,0,0,0
data/external/actions/stanford40/running/running_187.jpg,folder_actions,,0,0,0,0,0,0,1,0,0,0,0,0,0,0,0,0,0,0,0,0
data/external/actions/stanford40/running/running_188.jpg,folder_actions,,0,0,0,0,0,0,1,0,0,0,0,0,0,0,0,0,0,0,0,0
data/external/actions/stanford40/running/running_189.jpg,folder_actions,,0,0,0,0,0,0,1,0,0,0,0,0,0,0,0,0,0,0,0,0
data/external/actions/stanford40/running/running_190.jpg,folder_actions,,0,0,0,0,0,0,1,0,0,0,0,0,0,0,0,0,0,0,0,0
data/external/actions/stanford40/running/running_191.jpg,folder_actions,,0,0,0,0,0,0,1,0,0,0,0,0,0,0,0,0,0,0,0,0
data/external/actions/stanford40/running/running_192.jpg,folder_actions,,0,0,0,0,0,0,1,0,0,0,0,0,0,0,0,0,0,0,0,0
data/external/actions/stanford40/running/running_193.jpg,folder_actions,,0,0,0,0,0,0,1,0,0,0,0,0,0,0,0,0,0,0,0,0
data/external/actions/stanford40/running/running_194.jpg,folder_actions,,0,0,0,0,0,0,1,0,0,0,0,0,0,0,0,0,0,0,0,0
data/external/actions/stanford40/running/running_195.jpg,folder_actions,,0,0,0,0,0,0,1,0,0,0,0,0,0,0,0,0,0,0,0,0
data/external/actions/stanford40/running/running_196.jpg,folder_actions,,0,0,0,0,0,0,1,0,0,0,0,0,0,0,0,0,0,0,0,0
data/external/actions/stanford40/running/running_197.jpg,folder_actions,,0,0,0,0,0,0,1,0,0,0,0,0,0,0,0,0,0,0,0,0
data/external/actions/stanford40/running/running_198.jpg,folder_actions,,0,0,0,0,0,0,1,0,0,0,0,0,0,0,0,0,0,0,0,0
data/external/actions/stanford40/running/running_199.jpg,folder_actions,,0,0,0,0,0,0,1,0,0,0,0,0,0,0,0,0,0,0,0,0
data/external/actions/stanford40/running/running_200.jpg,folder_actions,,0,0,0,0,0,0,1,0,0,0,0,0,0,0,0,0,0,0,0,0
data/external/actions/stanford40/running/running_201.jpg,folder_actions,,0,0,0,0,0,0,1,0,0,0,0,0,0,0,0,0,0,0,0,0
data/external/actions/stanford40/running/running_202.jpg,folder_actions,,0,0,0,0,0,0,1,0,0,0,0,0,0,0,0,0,0,0,0,0
data/external/actions/stanford40/running/running_203.jpg,folder_actions,,0,0,0,0,0,0,1,0,0,0,0,0,0,0,0,0,0,0,0,0
data/external/actions/stanford40/running/running_204.jpg,folder_actions,,0,0,0,0,0,0,1,0,0,0,0,0,0,0,0,0,0,0,0,0
data/external/actions/stanford40/running/running_205.jpg,folder_actions,,0,0,0,0,0,0,1,0,0,0,0,0,0,0,0,0,0,0,0,0
data/external/actions/stanford40/running/running_206.jpg,folder_actions,,0,0,0,0,0,0,1,0,0,0,0,0,0,0,0,0,0,0,0,0
data/external/actions/stanford40/running/running_207.jpg,folder_actions,,0,0,0,0,0,0,1,0,0,0,0,0,0,0,0,0,0,0,0,0
data/external/actions/stanford40/running/running_208.jpg,folder_actions,,0,0,0,0,0,0,1,0,0,0,0,0,0,0,0,0,0,0,0,0
data/external/actions/stanford40/running/running_209.jpg,folder_actions,,0,0,0,0,0,0,1,0,0,0,0,0,0,0,0,0,0,0,0,0
data/external/actions/stanford40/running/running_210.jpg,folder_actions,,0,0,0,0,0,0,1,0,0,0,0,0,0,0,0,0,0,0,0,0
data/external/actions/stanford40/running/running_211.jpg,folder_actions,,0,0,0,0,0,0,1,0,0,0,0,0,0,0,0,0,0,0,0,0
data/external/actions/stanford40/running/running_212.jpg,folder_actions,,0,0,0,0,0,0,1,0,0,0,0,0,0,0,0,0,0,0,0,0
data/external/actions/stanford40/running/running_213.jpg,folder_actions,,0,0,0,0,0,0,1,0,0,0,0,0,0,0,0,0,0,0,0,0
data/external/actions/stanford40/running/running_214.jpg,folder_actions,,0,0,0,0,0,0,1,0,0,0,0,0,0,0,0,0,0,0,0,0
data/external/actions/stanford40/running/running_215.jpg,folder_actions,,0,0,0,0,0,0,1,0,0,0,0,0,0,0,0,0,0,0,0,0
data/external/actions/stanford40/running/running_216.jpg,folder_actions,,0,0,0,0,0,0,1,0,0,0,0,0,0,0,0,0,0,0,0,0
data/external/actions/stanford40/running/running_217.jpg,folder_actions,,0,0,0,0,0,0,1,0,0,0,0,0,0,0,0,0,0,0,0,0
data/external/actions/stanford40/running/running_218.jpg,folder_actions,,0,0,0,0,0,0,1,0,0,0,0,0,0,0,0,0,0,0,0,0
data/external/actions/stanford40/running/running_219.jpg,folder_actions,,0,0,0,0,0,0,1,0,0,0,0,0,0,0,0,0,0,0,0,0
data/external/actions/stanford40/running/running_220.jpg,folder_actions,,0,0,0,0,0,0,1,0,0,0,0,0,0,0,0,0,0,0,0,0
data/external/actions/stanford40/running/running_221.jpg,folder_actions,,0,0,0,0,0,0,1,0,0,0,0,0,0,0,0,0,0,0,0,0
data/external/actions/stanford40/running/running_222.jpg,folder_actions,,0,0,0,0,0,0,1,0,0,0,0,0,0,0,0,0,0,0,0,0
data/external/actions/stanford40/running/running_223.jpg,folder_actions,,0,0,0,0,0,0,1,0,0,0,0,0,0,0,0,0,0,0,0,0
data/external/actions/stanford40/running/running_224.jpg,folder_actions,,0,0,0,0,0,0,1,0,0,0,0,0,0,0,0,0,0,0,0,0
data/external/actions/stanford40/running/running_225.jpg,folder_actions,,0,0,0,0,0,0,1,0,0,0,0,0,0,0,0,0,0,0,0,0
data/external/actions/stanford40/running/running_226.jpg,folder_actions,,0,0,0,0,0,0,1,0,0,0,0,0,0,0,0,0,0,0,0,0
data/external/actions/stanford40/running/running_227.jpg,folder_actions,,0,0,0,0,0,0,1,0,0,0,0,0,0,0,0,0,0,0,0,0
data/external/actions/stanford40/running/running_228.jpg,folder_actions,,0,0,0,0,0,0,1,0,0,0,0,0,0,0,0,0,0,0,0,0
data/external/actions/stanford40/running/running_229.jpg,folder_actions,,0,0,0,0,0,0,1,0,0,0,0,0,0,0,0,0,0,0,0,0
data/external/actions/stanford40/running/running_230.jpg,folder_actions,,0,0,0,0,0,0,1,0,0,0,0,0,0,0,0,0,0,0,0,0
data/external/actions/stanford40/running/running_231.jpg,folder_actions,,0,0,0,0,0,0,1,0,0,0,0,0,0,0,0,0,0,0,0,0
data/external/actions/stanford40/running/running_232.jpg,folder_actions,,0,0,0,0,0,0,1,0,0,0,0,0,0,0,0,0,0,0,0,0
data/external/actions/stanford40/running/running_233.jpg,folder_actions,,0,0,0,0,0,0,1,0,0,0,0,0,0,0,0,0,0,0,0,0
data/external/actions/stanford40/running/running_234.jpg,folder_actions,,0,0,0,0,0,0,1,0,0,0,0,0,0,0,0,0,0,0,0,0
data/external/actions/stanford40/running/running_235.jpg,folder_actions,,0,0,0,0,0,0,1,0,0,0,0,0,0,0,0,0,0,0,0,0
data/external/actions/stanford40/running/running_236.jpg,folder_actions,,0,0,0,0,0,0,1,0,0,0,0,0,0,0,0,0,0,0,0,0
data/external/actions/stanford40/running/running_237.jpg,folder_actions,,0,0,0,0,0,0,1,0,0,0,0,0,0,0,0,0,0,0,0,0
data/external/actions/stanford40/running/running_238.jpg,folder_actions,,0,0,0,0,0,0,1,0,0,0,0,0,0,0,0,0,0,0,0,0
data/external/actions/stanford40/running/running_239.jpg,folder_actions,,0,0,0,0,0,0,1,0,0,0,0,0,0,0,0,0,0,0,0,0
data/external/actions/stanford40/running/running_240.jpg,folder_actions,,0,0,0,0,0,0,1,0,0,0,0,0,0,0,0,0,0,0,0,0
data/external/actions/stanford40/running/running_241.jpg,folder_actions,,0,0,0,0,0,0,1,0,0,0,0,0,0,0,0,0,0,0,0,0
data/external/actions/stanford40/running/running_242.jpg,folder_actions,,0,0,0,0,0,0,1,0,0,0,0,0,0,0,0,0,0,0,0,0
data/external/actions/stanford40/running/running_243.jpg,folder_actions,,0,0,0,0,0,0,1,0,0,0,0,0,0,0,0,0,0,0,0,0
data/external/actions/stanford40/running/running_244.jpg,folder_actions,,0,0,0,0,0,0,1,0,0,0,0,0,0,0,0,0,0,0,0,0
data/external/actions/stanford40/running/running_245.jpg,folder_actions,,0,0,0,0,0,0,1,0,0,0,0,0,0,0,0,0,0,0,0,0
data/external/actions/stanford40/running/running_246.jpg,folder_actions,,0,0,0,0,0,0,1,0,0,0,0,0,0,0,0,0,0,0,0,0
data/external/actions/stanford40/running/running_247.jpg,folder_actions,,0,0,0,0,0,0,1,0,0,0,0,0,0,0,0,0,0,0,0,0
data/external/actions/stanford40/running/running_248.jpg,folder_actions,,0,0,0,0,0,0,1,0,0,0,0,0,0,0,0,0,0,0,0,0
data/external/actions/stanford40/running/running_249.jpg,folder_actions,,0,0,0,0,0,0,1,0,0,0,0,0,0,0,0,0,0,0,0,0
data/external/actions/stanford40/running/running_250.jpg,folder_actions,,0,0,0,0,0,0,1,0,0,0,0,0,0,0,0,0,0,0,0,0
data/external/actions/stanford40/running/running_251.jpg,folder_actions,,0,0,0,0,0,0,1,0,0,0,0,0,0,0,0,0,0,0,0,0
